bike_activity_uid,bike_activity_sample_uid,bike_activity_measurement,bike_activity_measurement_timestamp,bike_activity_measurement_lon,bike_activity_measurement_lat,bike_activity_measurement_speed,bike_activity_measurement_accelerometer_x,bike_activity_measurement_accelerometer_y,bike_activity_measurement_accelerometer_z,bike_activity_phone_position,bike_activity_bike_type,bike_activity_flagged_lab_conditions,bike_activity_surface_type,bike_activity_smoothness_type
28ec7340-d6fa-4d45-aae2-0235aeabfe1e,836872d1-7a99-4c33-a3a5-8bafdeb3b52b,51448882-903c-47af-98cd-a7dd1cf4606a,1632843378823,13.4017119,52.4724092,6.949437,1.3426208,0.7624986,-1.2730055,on bike mount,cyclo cross,True,paving stones,intermediate
28ec7340-d6fa-4d45-aae2-0235aeabfe1e,836872d1-7a99-4c33-a3a5-8bafdeb3b52b,2fc09f6c-36e1-4d9a-a237-8d5fff4322c8,1632843378873,13.4017119,52.4724092,6.949437,-1.2430726,2.7419152,-2.0431752,on bike mount,cyclo cross,True,paving stones,intermediate
28ec7340-d6fa-4d45-aae2-0235aeabfe1e,836872d1-7a99-4c33-a3a5-8bafdeb3b52b,9cc4082f-164f-4781-886b-b47768c7d0ba,1632843378924,13.4017119,52.4724092,6.949437,1.4097637,-0.2759781,7.4489784,on bike mount,cyclo cross,True,paving stones,intermediate
28ec7340-d6fa-4d45-aae2-0235aeabfe1e,836872d1-7a99-4c33-a3a5-8bafdeb3b52b,2575d167-0985-4f19-b884-bf9736eaa0fd,1632843378989,13.4017119,52.4724092,6.949437,-0.6856099,-1.9970453,0.46334648,on bike mount,cyclo cross,True,paving stones,intermediate
28ec7340-d6fa-4d45-aae2-0235aeabfe1e,836872d1-7a99-4c33-a3a5-8bafdeb3b52b,03508357-52da-4087-888e-92ffb9b45008,1632843379040,13.4017119,52.4724092,6.949437,-1.8373234,3.333661,-4.6267447,on bike mount,cyclo cross,True,paving stones,intermediate
28ec7340-d6fa-4d45-aae2-0235aeabfe1e,836872d1-7a99-4c33-a3a5-8bafdeb3b52b,ac82755c-4499-4c0a-90d0-77a56da87d24,1632843379091,13.4017119,52.4724092,6.949437,1.0532501,-8.713201,1.3857393,on bike mount,cyclo cross,True,paving stones,intermediate
28ec7340-d6fa-4d45-aae2-0235aeabfe1e,836872d1-7a99-4c33-a3a5-8bafdeb3b52b,277a2a50-6aac-4db6-8074-52acec04d232,1632843379141,13.4017119,52.4724092,6.949437,-1.245789,1.4452503,-2.3395967,on bike mount,cyclo cross,True,paving stones,intermediate
28ec7340-d6fa-4d45-aae2-0235aeabfe1e,836872d1-7a99-4c33-a3a5-8bafdeb3b52b,261eb204-87f7-4c5d-ad0d-18481e5eaa74,1632843379191,13.4017119,52.4724092,6.949437,0.21977961,7.400467,0.8177881,on bike mount,cyclo cross,True,paving stones,intermediate
28ec7340-d6fa-4d45-aae2-0235aeabfe1e,836872d1-7a99-4c33-a3a5-8bafdeb3b52b,cfdaffb1-4913-4ae1-b0cb-c503abaf7571,1632843379257,13.4018146,52.4724125,6.9201207,2.3113084,-1.0811893,-2.2984133,on bike mount,cyclo cross,True,paving stones,intermediate
28ec7340-d6fa-4d45-aae2-0235aeabfe1e,836872d1-7a99-4c33-a3a5-8bafdeb3b52b,3d4802e5-2e54-43be-8f66-be3dc84cea8a,1632843379307,13.4018146,52.4724125,6.9201207,3.4582303,-15.593989,13.157684,on bike mount,cyclo cross,True,paving stones,intermediate
28ec7340-d6fa-4d45-aae2-0235aeabfe1e,836872d1-7a99-4c33-a3a5-8bafdeb3b52b,465a8718-e8b2-4abd-a482-0db02dc0017a,1632843379357,13.4018146,52.4724125,6.9201207,2.3646383,-6.9880977,15.702892,on bike mount,cyclo cross,True,paving stones,intermediate
28ec7340-d6fa-4d45-aae2-0235aeabfe1e,836872d1-7a99-4c33-a3a5-8bafdeb3b52b,72cd8f01-ea86-45ee-a744-e448ceede428,1632843379408,13.4018146,52.4724125,6.9201207,0.3083207,8.684975,-13.1378,on bike mount,cyclo cross,True,paving stones,intermediate
28ec7340-d6fa-4d45-aae2-0235aeabfe1e,836872d1-7a99-4c33-a3a5-8bafdeb3b52b,756cbeef-3adf-4f96-8efd-03ed8b93befc,1632843379475,13.4018146,52.4724125,6.9201207,-6.2793508,-26.195005,-6.567974,on bike mount,cyclo cross,True,paving stones,intermediate
28ec7340-d6fa-4d45-aae2-0235aeabfe1e,836872d1-7a99-4c33-a3a5-8bafdeb3b52b,1f1187f4-304a-4ceb-a265-f49c2bfcf37a,1632843379526,13.4018146,52.4724125,6.9201207,-2.1786327,3.579965,-0.86986256,on bike mount,cyclo cross,True,paving stones,intermediate
28ec7340-d6fa-4d45-aae2-0235aeabfe1e,836872d1-7a99-4c33-a3a5-8bafdeb3b52b,4b8ec88f-63f8-4ab5-9b39-099288ad2947,1632843379576,13.4018146,52.4724125,6.9201207,-0.65001845,-0.16288161,0.44213295,on bike mount,cyclo cross,True,paving stones,intermediate
28ec7340-d6fa-4d45-aae2-0235aeabfe1e,836872d1-7a99-4c33-a3a5-8bafdeb3b52b,3fbacbdb-5ee2-4650-a620-d7cb832972aa,1632843379641,13.4018146,52.4724125,6.9201207,0.22588506,-7.7437425,0.9957657,on bike mount,cyclo cross,True,paving stones,intermediate
28ec7340-d6fa-4d45-aae2-0235aeabfe1e,836872d1-7a99-4c33-a3a5-8bafdeb3b52b,0c516722-dffc-40d9-ab3e-0e0fe340f67e,1632843379692,13.4018146,52.4724125,6.9201207,-1.1781199,11.401133,-0.7141919,on bike mount,cyclo cross,True,paving stones,intermediate
28ec7340-d6fa-4d45-aae2-0235aeabfe1e,836872d1-7a99-4c33-a3a5-8bafdeb3b52b,12307519-89b2-4c9e-9a90-34e4d409c2fe,1632843379760,13.4018146,52.4724125,6.9201207,5.9352503,-1.1504239,4.45255,on bike mount,cyclo cross,True,paving stones,intermediate
28ec7340-d6fa-4d45-aae2-0235aeabfe1e,836872d1-7a99-4c33-a3a5-8bafdeb3b52b,9d69bac2-a968-4028-b95c-150bf79407b1,1632843379825,13.4018146,52.4724125,6.9201207,-0.22887287,-0.64152837,-0.8223171,on bike mount,cyclo cross,True,paving stones,intermediate
28ec7340-d6fa-4d45-aae2-0235aeabfe1e,836872d1-7a99-4c33-a3a5-8bafdeb3b52b,648565f2-54db-4b7e-9b4f-d2e64dd01d8a,1632843379875,13.4018146,52.4724125,6.9201207,-0.7782103,0.8721273,3.360937,on bike mount,cyclo cross,True,paving stones,intermediate
28ec7340-d6fa-4d45-aae2-0235aeabfe1e,836872d1-7a99-4c33-a3a5-8bafdeb3b52b,8c0f0775-be62-40f2-9eac-f190e473f0ca,1632843379925,13.4018146,52.4724125,6.9201207,0.57817084,1.5664587,1.1394329,on bike mount,cyclo cross,True,paving stones,intermediate
28ec7340-d6fa-4d45-aae2-0235aeabfe1e,836872d1-7a99-4c33-a3a5-8bafdeb3b52b,e1c99090-d54e-4918-9942-b9c2db095d32,1632843379976,13.4018146,52.4724125,6.9201207,-0.70465297,7.4095125,-7.7708077,on bike mount,cyclo cross,True,paving stones,intermediate
28ec7340-d6fa-4d45-aae2-0235aeabfe1e,836872d1-7a99-4c33-a3a5-8bafdeb3b52b,bc4e99da-ae78-4a18-bdfc-87a75009d6a9,1632843380041,13.4018146,52.4724125,6.9201207,-0.5844195,-9.653555,2.0182467,on bike mount,cyclo cross,True,paving stones,intermediate
28ec7340-d6fa-4d45-aae2-0235aeabfe1e,836872d1-7a99-4c33-a3a5-8bafdeb3b52b,52a3dde6-fda1-4c0c-b3cf-882b8b86d577,1632843380091,13.4018146,52.4724125,6.9201207,-2.1303043,-0.40522146,6.283619,on bike mount,cyclo cross,True,paving stones,intermediate
28ec7340-d6fa-4d45-aae2-0235aeabfe1e,836872d1-7a99-4c33-a3a5-8bafdeb3b52b,8eec2d10-9989-49e9-ae93-567936985114,1632843380142,13.4018146,52.4724125,6.9201207,-0.75432324,-0.22441626,-4.2406206,on bike mount,cyclo cross,True,paving stones,intermediate
28ec7340-d6fa-4d45-aae2-0235aeabfe1e,836872d1-7a99-4c33-a3a5-8bafdeb3b52b,762d3058-d104-44b0-b2d4-e77afa241204,1632843380192,13.4018146,52.4724125,6.9201207,-1.4324224,-5.213455,10.461996,on bike mount,cyclo cross,True,paving stones,intermediate
28ec7340-d6fa-4d45-aae2-0235aeabfe1e,836872d1-7a99-4c33-a3a5-8bafdeb3b52b,7d150f61-d953-4eab-8a6b-d71061673f73,1632843380247,13.4019158,52.4724151,6.777206,4.1220503,7.961123,2.6886663,on bike mount,cyclo cross,True,paving stones,intermediate
28ec7340-d6fa-4d45-aae2-0235aeabfe1e,836872d1-7a99-4c33-a3a5-8bafdeb3b52b,702d39ee-1bb4-4315-9bbe-ad55acfb6ea3,1632843380308,13.4019158,52.4724151,6.777206,0.056343526,-2.8371766,3.7578611,on bike mount,cyclo cross,True,paving stones,intermediate
28ec7340-d6fa-4d45-aae2-0235aeabfe1e,836872d1-7a99-4c33-a3a5-8bafdeb3b52b,d7b3841a-cb07-493a-9d48-c14bcb75c55d,1632843380358,13.4019158,52.4724151,6.777206,1.2124949,-1.2495136,-1.9028678,on bike mount,cyclo cross,True,paving stones,intermediate
28ec7340-d6fa-4d45-aae2-0235aeabfe1e,836872d1-7a99-4c33-a3a5-8bafdeb3b52b,47a07e40-749c-4a74-8d51-ba9af013820e,1632843380408,13.4019158,52.4724151,6.777206,-0.71602947,8.063552,-0.7388592,on bike mount,cyclo cross,True,paving stones,intermediate
28ec7340-d6fa-4d45-aae2-0235aeabfe1e,836872d1-7a99-4c33-a3a5-8bafdeb3b52b,08b7b718-8c2d-4ac9-9eaf-7da93ea796be,1632843380459,13.4019158,52.4724151,6.777206,-1.7583289,6.8032093,-6.8983507,on bike mount,cyclo cross,True,paving stones,intermediate
28ec7340-d6fa-4d45-aae2-0235aeabfe1e,836872d1-7a99-4c33-a3a5-8bafdeb3b52b,285c0832-43ca-40d1-b42c-a9b18115edae,1632843380511,13.4019158,52.4724151,6.777206,-0.72120357,-10.243623,13.358221,on bike mount,cyclo cross,True,paving stones,intermediate
28ec7340-d6fa-4d45-aae2-0235aeabfe1e,836872d1-7a99-4c33-a3a5-8bafdeb3b52b,d9580713-dcc1-40db-ae65-585910162f85,1632843380577,13.4019158,52.4724151,6.777206,-1.0645745,-3.3342404,-2.3789296,on bike mount,cyclo cross,True,paving stones,intermediate
28ec7340-d6fa-4d45-aae2-0235aeabfe1e,836872d1-7a99-4c33-a3a5-8bafdeb3b52b,1633fc59-dce6-4482-9c50-401cba346425,1632843380627,13.4019158,52.4724151,6.777206,0.03647241,-6.0008097,-0.008793831,on bike mount,cyclo cross,True,paving stones,intermediate
28ec7340-d6fa-4d45-aae2-0235aeabfe1e,836872d1-7a99-4c33-a3a5-8bafdeb3b52b,c15753ea-a44d-4691-be60-66ba368ecb51,1632843380678,13.4019158,52.4724151,6.777206,4.40105,-4.717046,4.020994,on bike mount,cyclo cross,True,paving stones,intermediate
28ec7340-d6fa-4d45-aae2-0235aeabfe1e,836872d1-7a99-4c33-a3a5-8bafdeb3b52b,041b5b7a-6d34-4846-a5bb-d7b3d846fbd9,1632843380728,13.4019158,52.4724151,6.777206,-1.094032,8.362328,-0.12586403,on bike mount,cyclo cross,True,paving stones,intermediate
28ec7340-d6fa-4d45-aae2-0235aeabfe1e,836872d1-7a99-4c33-a3a5-8bafdeb3b52b,aec455b1-d454-4b0f-a5bb-1ba631b988ed,1632843380778,13.4019158,52.4724151,6.777206,-1.393203,-1.9176736,5.669237,on bike mount,cyclo cross,True,paving stones,intermediate
28ec7340-d6fa-4d45-aae2-0235aeabfe1e,836872d1-7a99-4c33-a3a5-8bafdeb3b52b,6b379cc1-5eb0-470b-972f-d09ed565fac1,1632843380844,13.4019158,52.4724151,6.777206,1.2999794,3.1115122,-4.3578506,on bike mount,cyclo cross,True,paving stones,intermediate
28ec7340-d6fa-4d45-aae2-0235aeabfe1e,836872d1-7a99-4c33-a3a5-8bafdeb3b52b,fab87cfd-b1eb-4625-9047-4aaf5dde53b3,1632843380911,13.4019158,52.4724151,6.777206,1.2133907,-6.6149855,2.9025784,on bike mount,cyclo cross,True,paving stones,intermediate
28ec7340-d6fa-4d45-aae2-0235aeabfe1e,836872d1-7a99-4c33-a3a5-8bafdeb3b52b,b576e34c-3507-4e66-b5d5-a1afa02d4fcf,1632843380961,13.4019158,52.4724151,6.777206,-2.824119,4.8515887,0.65852547,on bike mount,cyclo cross,True,paving stones,intermediate
28ec7340-d6fa-4d45-aae2-0235aeabfe1e,836872d1-7a99-4c33-a3a5-8bafdeb3b52b,83781f3d-1388-47c8-9161-b211cbf18c98,1632843381011,13.4019158,52.4724151,6.777206,-1.9176002,-5.880327,-1.3403335,on bike mount,cyclo cross,True,paving stones,intermediate
28ec7340-d6fa-4d45-aae2-0235aeabfe1e,836872d1-7a99-4c33-a3a5-8bafdeb3b52b,ad6778ba-476a-4f13-8f55-0d6e001c8354,1632843381077,13.4019158,52.4724151,6.777206,3.2474725,-3.5641518,-7.526243,on bike mount,cyclo cross,True,paving stones,intermediate
28ec7340-d6fa-4d45-aae2-0235aeabfe1e,836872d1-7a99-4c33-a3a5-8bafdeb3b52b,0fdefe9a-89dc-4f7a-bfe3-c066f744b9df,1632843381127,13.4019158,52.4724151,6.777206,-2.1843128,6.084386,-0.11776924,on bike mount,cyclo cross,True,paving stones,intermediate
28ec7340-d6fa-4d45-aae2-0235aeabfe1e,836872d1-7a99-4c33-a3a5-8bafdeb3b52b,03b81707-d0e4-445f-be21-965efe5f723a,1632843381178,13.4019158,52.4724151,6.777206,1.5480754,-3.9343472,-14.3850355,on bike mount,cyclo cross,True,paving stones,intermediate
28ec7340-d6fa-4d45-aae2-0235aeabfe1e,836872d1-7a99-4c33-a3a5-8bafdeb3b52b,4d9c3f02-c77b-487e-8c64-951270d0b41c,1632843381229,13.4019158,52.4724151,6.777206,6.8776383,3.8110685,3.4471502,on bike mount,cyclo cross,True,paving stones,intermediate
28ec7340-d6fa-4d45-aae2-0235aeabfe1e,836872d1-7a99-4c33-a3a5-8bafdeb3b52b,5eafb8a3-a02d-4793-bf28-e3fc49a569ca,1632843381294,13.4020123,52.4724189,6.779834,-0.73085076,-6.5787005,2.7049007,on bike mount,cyclo cross,True,paving stones,intermediate
28ec7340-d6fa-4d45-aae2-0235aeabfe1e,836872d1-7a99-4c33-a3a5-8bafdeb3b52b,847aebf2-7bf4-44b9-aa8b-54a6670f4ca8,1632843381344,13.4020123,52.4724189,6.779834,1.3689363,3.5144506,0.19914055,on bike mount,cyclo cross,True,paving stones,intermediate
28ec7340-d6fa-4d45-aae2-0235aeabfe1e,836872d1-7a99-4c33-a3a5-8bafdeb3b52b,4071255d-bc1e-48c7-b6e7-8c1bf0915455,1632843381395,13.4020123,52.4724189,6.779834,0.17564969,6.542084,-1.7661014,on bike mount,cyclo cross,True,paving stones,intermediate
28ec7340-d6fa-4d45-aae2-0235aeabfe1e,836872d1-7a99-4c33-a3a5-8bafdeb3b52b,692888c4-1164-4810-9b3a-5e29d975527e,1632843381445,13.4020123,52.4724189,6.779834,-0.19163656,-0.7378397,-2.9471326,on bike mount,cyclo cross,True,paving stones,intermediate
28ec7340-d6fa-4d45-aae2-0235aeabfe1e,836872d1-7a99-4c33-a3a5-8bafdeb3b52b,23ec2ebc-1eba-4455-8507-7a2adee1d761,1632843381495,13.4020123,52.4724189,6.779834,1.0708706,-3.5658193,3.46214,on bike mount,cyclo cross,True,paving stones,intermediate
28ec7340-d6fa-4d45-aae2-0235aeabfe1e,836872d1-7a99-4c33-a3a5-8bafdeb3b52b,0951780c-ffcd-46e3-9d49-8489c77b18d7,1632843381546,13.4020123,52.4724189,6.779834,-0.46226254,-0.27987838,-3.697196,on bike mount,cyclo cross,True,paving stones,intermediate
28ec7340-d6fa-4d45-aae2-0235aeabfe1e,836872d1-7a99-4c33-a3a5-8bafdeb3b52b,f218ecd8-9c6a-40d2-b470-db936cf65e48,1632843381595,13.4020123,52.4724189,6.779834,-1.5285343,8.665608,0.7329998,on bike mount,cyclo cross,True,paving stones,intermediate
28ec7340-d6fa-4d45-aae2-0235aeabfe1e,836872d1-7a99-4c33-a3a5-8bafdeb3b52b,5408c156-5c09-41db-9c18-04dd80fd83ab,1632843381645,13.4020123,52.4724189,6.779834,3.2400036,-7.096174,6.3660116,on bike mount,cyclo cross,True,paving stones,intermediate
28ec7340-d6fa-4d45-aae2-0235aeabfe1e,836872d1-7a99-4c33-a3a5-8bafdeb3b52b,d84780c2-39c0-4213-94a9-890ff39d3d55,1632843381711,13.4020123,52.4724189,6.779834,1.8148115,4.403736,-7.7926903,on bike mount,cyclo cross,True,paving stones,intermediate
28ec7340-d6fa-4d45-aae2-0235aeabfe1e,836872d1-7a99-4c33-a3a5-8bafdeb3b52b,146cb790-5a0b-4c59-8cde-eaadaba9d1b6,1632843381761,13.4020123,52.4724189,6.779834,-3.350618,7.959379,0.021917343,on bike mount,cyclo cross,True,paving stones,intermediate
28ec7340-d6fa-4d45-aae2-0235aeabfe1e,836872d1-7a99-4c33-a3a5-8bafdeb3b52b,79ffed65-4fbb-4880-a671-b4c156b99ab3,1632843381811,13.4020123,52.4724189,6.779834,-0.9968813,-1.2153691,3.0772219,on bike mount,cyclo cross,True,paving stones,intermediate
28ec7340-d6fa-4d45-aae2-0235aeabfe1e,836872d1-7a99-4c33-a3a5-8bafdeb3b52b,f45404fb-cc3c-49f1-a97b-2fe78db53a49,1632843381862,13.4020123,52.4724189,6.779834,-1.3688259,-5.79691,2.5222054,on bike mount,cyclo cross,True,paving stones,intermediate
28ec7340-d6fa-4d45-aae2-0235aeabfe1e,836872d1-7a99-4c33-a3a5-8bafdeb3b52b,3fcc333d-d54a-4ba3-be9d-cea967250ec9,1632843381912,13.4020123,52.4724189,6.779834,-2.2487273,7.3902283,-3.3259993,on bike mount,cyclo cross,True,paving stones,intermediate
28ec7340-d6fa-4d45-aae2-0235aeabfe1e,836872d1-7a99-4c33-a3a5-8bafdeb3b52b,c6522bae-63a9-41e7-bc93-3d24ba428480,1632843381979,13.4020123,52.4724189,6.779834,0.88801676,-7.259643,-0.26651764,on bike mount,cyclo cross,True,paving stones,intermediate
28ec7340-d6fa-4d45-aae2-0235aeabfe1e,836872d1-7a99-4c33-a3a5-8bafdeb3b52b,a71d4575-1e42-4131-b196-5d148333f641,1632843382029,13.4020123,52.4724189,6.779834,1.754024,4.5375547,1.4283485,on bike mount,cyclo cross,True,paving stones,intermediate
28ec7340-d6fa-4d45-aae2-0235aeabfe1e,836872d1-7a99-4c33-a3a5-8bafdeb3b52b,8c425134-519a-4d78-b72b-37cc7b8ad5a5,1632843382098,13.4020123,52.4724189,6.779834,-0.18138921,5.4190803,-2.4798698,on bike mount,cyclo cross,True,paving stones,intermediate
28ec7340-d6fa-4d45-aae2-0235aeabfe1e,836872d1-7a99-4c33-a3a5-8bafdeb3b52b,7f31bb5c-4553-48cb-8456-33dcde23cfd1,1632843382163,13.4020123,52.4724189,6.779834,-0.39984918,-6.61746,-3.3392248,on bike mount,cyclo cross,True,paving stones,intermediate
28ec7340-d6fa-4d45-aae2-0235aeabfe1e,836872d1-7a99-4c33-a3a5-8bafdeb3b52b,9a90578a-3a05-4299-b282-5c4671955edb,1632843382214,13.4020123,52.4724189,6.779834,0.03794077,1.1376824,1.1672106,on bike mount,cyclo cross,True,paving stones,intermediate
28ec7340-d6fa-4d45-aae2-0235aeabfe1e,836872d1-7a99-4c33-a3a5-8bafdeb3b52b,057609b9-3320-4fec-bbe3-9547569c5e67,1632843382279,13.4021108,52.4724209,6.7600336,2.147642,-0.22142935,9.605295,on bike mount,cyclo cross,True,paving stones,intermediate
28ec7340-d6fa-4d45-aae2-0235aeabfe1e,836872d1-7a99-4c33-a3a5-8bafdeb3b52b,55bd9393-dab9-4e62-9e78-c41a226160d9,1632843382329,13.4021108,52.4724209,6.7600336,1.0272813,-6.56219,2.114894,on bike mount,cyclo cross,True,paving stones,intermediate
28ec7340-d6fa-4d45-aae2-0235aeabfe1e,836872d1-7a99-4c33-a3a5-8bafdeb3b52b,ab842b5a-a796-4713-875d-90e608d62036,1632843382379,13.4021108,52.4724209,6.7600336,-1.3826041,4.6441154,-6.23166,on bike mount,cyclo cross,True,paving stones,intermediate
28ec7340-d6fa-4d45-aae2-0235aeabfe1e,836872d1-7a99-4c33-a3a5-8bafdeb3b52b,122fd1d3-28b3-4e09-8c6f-7415256184b9,1632843382430,13.4021108,52.4724209,6.7600336,0.022136003,-1.8867211,0.14309502,on bike mount,cyclo cross,True,paving stones,intermediate
28ec7340-d6fa-4d45-aae2-0235aeabfe1e,836872d1-7a99-4c33-a3a5-8bafdeb3b52b,d8d2adce-888d-4171-ac54-0a25da0ff676,1632843382480,13.4021108,52.4724209,6.7600336,1.5983139,3.5993478,0.31473637,on bike mount,cyclo cross,True,paving stones,intermediate
28ec7340-d6fa-4d45-aae2-0235aeabfe1e,836872d1-7a99-4c33-a3a5-8bafdeb3b52b,e428b0ef-94a9-4674-9f0f-1fab49ec05a2,1632843382546,13.4021108,52.4724209,6.7600336,3.281354,10.566646,-0.19113064,on bike mount,cyclo cross,True,paving stones,intermediate
28ec7340-d6fa-4d45-aae2-0235aeabfe1e,836872d1-7a99-4c33-a3a5-8bafdeb3b52b,a29fe3de-5e0a-4f2b-87bd-669d45906b68,1632843382597,13.4021108,52.4724209,6.7600336,-2.6781917,-2.5284162,-4.477658,on bike mount,cyclo cross,True,paving stones,intermediate
28ec7340-d6fa-4d45-aae2-0235aeabfe1e,836872d1-7a99-4c33-a3a5-8bafdeb3b52b,3d9fcc1c-84c8-4bea-aaf3-4791f6e55c18,1632843382646,13.4021108,52.4724209,6.7600336,1.566812,2.4619875,-2.0480542,on bike mount,cyclo cross,True,paving stones,intermediate
28ec7340-d6fa-4d45-aae2-0235aeabfe1e,836872d1-7a99-4c33-a3a5-8bafdeb3b52b,99c1dca6-4c9e-45cb-b539-60ff71f93e17,1632843382696,13.4021108,52.4724209,6.7600336,0.741155,2.619384,0.5240021,on bike mount,cyclo cross,True,paving stones,intermediate
28ec7340-d6fa-4d45-aae2-0235aeabfe1e,836872d1-7a99-4c33-a3a5-8bafdeb3b52b,a9625869-7354-482e-b181-f9b5021f5862,1632843382746,13.4021108,52.4724209,6.7600336,-0.9321724,4.8032627,-4.585961,on bike mount,cyclo cross,True,paving stones,intermediate
28ec7340-d6fa-4d45-aae2-0235aeabfe1e,836872d1-7a99-4c33-a3a5-8bafdeb3b52b,4a2bbc7f-ce75-40e4-a129-ec3ec30a56c7,1632843382798,13.4021108,52.4724209,6.7600336,0.62973374,-2.6994066,4.6531677,on bike mount,cyclo cross,True,paving stones,intermediate
28ec7340-d6fa-4d45-aae2-0235aeabfe1e,836872d1-7a99-4c33-a3a5-8bafdeb3b52b,3ceaaa0b-80a2-4079-8bc6-c74cc03a457c,1632843382848,13.4021108,52.4724209,6.7600336,1.3684227,-4.2171173,-2.2160072,on bike mount,cyclo cross,True,paving stones,intermediate
28ec7340-d6fa-4d45-aae2-0235aeabfe1e,836872d1-7a99-4c33-a3a5-8bafdeb3b52b,1440bf1b-80b8-45a2-b660-72da4b9698ce,1632843382913,13.4021108,52.4724209,6.7600336,1.1945643,-3.7226732,-0.99777174,on bike mount,cyclo cross,True,paving stones,intermediate
28ec7340-d6fa-4d45-aae2-0235aeabfe1e,836872d1-7a99-4c33-a3a5-8bafdeb3b52b,7c3704a0-7af8-4aec-8cee-107bc6f8bc41,1632843382963,13.4021108,52.4724209,6.7600336,-0.29904348,-0.7448313,3.826686,on bike mount,cyclo cross,True,paving stones,intermediate
28ec7340-d6fa-4d45-aae2-0235aeabfe1e,836872d1-7a99-4c33-a3a5-8bafdeb3b52b,3a509266-6785-486e-ad58-cbce75093380,1632843383013,13.4021108,52.4724209,6.7600336,1.3460798,-1.2290071,-4.384032,on bike mount,cyclo cross,True,paving stones,intermediate
28ec7340-d6fa-4d45-aae2-0235aeabfe1e,836872d1-7a99-4c33-a3a5-8bafdeb3b52b,57daf24a-5f8b-409a-a400-459f7993d3c3,1632843383064,13.4021108,52.4724209,6.7600336,-1.4237127,2.4426012,3.072319,on bike mount,cyclo cross,True,paving stones,intermediate
28ec7340-d6fa-4d45-aae2-0235aeabfe1e,836872d1-7a99-4c33-a3a5-8bafdeb3b52b,3e76efd6-8924-4885-8515-ababa565a354,1632843383113,13.4021108,52.4724209,6.7600336,1.453985,-1.9687054,1.4827642,on bike mount,cyclo cross,True,paving stones,intermediate
28ec7340-d6fa-4d45-aae2-0235aeabfe1e,836872d1-7a99-4c33-a3a5-8bafdeb3b52b,00608c27-031a-4959-bdd6-90c585eb4d7a,1632843383165,13.4021108,52.4724209,6.7600336,-0.58821917,-5.503187,3.9012613,on bike mount,cyclo cross,True,paving stones,intermediate
28ec7340-d6fa-4d45-aae2-0235aeabfe1e,836872d1-7a99-4c33-a3a5-8bafdeb3b52b,40c1c272-0627-4673-a653-50bf7b904c7e,1632843383216,13.4021108,52.4724209,6.7600336,-1.4522967,5.4185886,1.2666073,on bike mount,cyclo cross,True,paving stones,intermediate
28ec7340-d6fa-4d45-aae2-0235aeabfe1e,836872d1-7a99-4c33-a3a5-8bafdeb3b52b,27af4718-8e23-41dc-9e45-630b607ec4d5,1632843383280,13.4022091,52.4724201,6.7699594,2.7667532,1.4503636,-1.4296827,on bike mount,cyclo cross,True,paving stones,intermediate
28ec7340-d6fa-4d45-aae2-0235aeabfe1e,836872d1-7a99-4c33-a3a5-8bafdeb3b52b,e9e67ef9-dfd0-4db6-a38c-7fb9566910cc,1632843383330,13.4022091,52.4724201,6.7699594,-5.2728753,4.6731515,-0.16530228,on bike mount,cyclo cross,True,paving stones,intermediate
28ec7340-d6fa-4d45-aae2-0235aeabfe1e,836872d1-7a99-4c33-a3a5-8bafdeb3b52b,9cdc41c5-6959-49ec-a5e9-d794b4583daf,1632843383380,13.4022091,52.4724201,6.7699594,-1.2114173,-3.8372307,8.248215,on bike mount,cyclo cross,True,paving stones,intermediate
28ec7340-d6fa-4d45-aae2-0235aeabfe1e,836872d1-7a99-4c33-a3a5-8bafdeb3b52b,24d83f4c-84b0-4448-8348-5a58fd4ae7c0,1632843383430,13.4022091,52.4724201,6.7699594,-1.8378798,-1.67014,-4.907032,on bike mount,cyclo cross,True,paving stones,intermediate
28ec7340-d6fa-4d45-aae2-0235aeabfe1e,836872d1-7a99-4c33-a3a5-8bafdeb3b52b,f31533fc-cc84-468e-9a85-b3bbfa0118ab,1632843383481,13.4022091,52.4724201,6.7699594,-0.14676473,-1.6570156,0.32662153,on bike mount,cyclo cross,True,paving stones,intermediate
28ec7340-d6fa-4d45-aae2-0235aeabfe1e,836872d1-7a99-4c33-a3a5-8bafdeb3b52b,47c0aa34-6f6e-4f17-9260-1f1a06ba7329,1632843383531,13.4022091,52.4724201,6.7699594,-0.86535335,-8.069643,-4.475875,on bike mount,cyclo cross,True,paving stones,intermediate
28ec7340-d6fa-4d45-aae2-0235aeabfe1e,836872d1-7a99-4c33-a3a5-8bafdeb3b52b,98809a13-44b3-4486-8b9f-b53043c0b4fa,1632843383581,13.4022091,52.4724201,6.7699594,-2.285345,11.061932,-10.024522,on bike mount,cyclo cross,True,paving stones,intermediate
28ec7340-d6fa-4d45-aae2-0235aeabfe1e,836872d1-7a99-4c33-a3a5-8bafdeb3b52b,7d8598c0-6932-41bf-a156-6738d712d35b,1632843383633,13.4022091,52.4724201,6.7699594,0.73344326,-7.5729814,2.2321596,on bike mount,cyclo cross,True,paving stones,intermediate
28ec7340-d6fa-4d45-aae2-0235aeabfe1e,836872d1-7a99-4c33-a3a5-8bafdeb3b52b,e0727f02-ad20-4831-a000-5c78106b2e5b,1632843383682,13.4022091,52.4724201,6.7699594,-0.011811495,-5.4002943,8.747837,on bike mount,cyclo cross,True,paving stones,intermediate
28ec7340-d6fa-4d45-aae2-0235aeabfe1e,836872d1-7a99-4c33-a3a5-8bafdeb3b52b,60ee1a24-b58b-4cac-8019-0737c746a6df,1632843383732,13.4022091,52.4724201,6.7699594,-0.40055665,3.5130014,5.87453,on bike mount,cyclo cross,True,paving stones,intermediate
28ec7340-d6fa-4d45-aae2-0235aeabfe1e,836872d1-7a99-4c33-a3a5-8bafdeb3b52b,fc199b44-a4b6-4a45-829f-a501f2e0db85,1632843383782,13.4022091,52.4724201,6.7699594,-0.06912002,6.717477,-3.8770742,on bike mount,cyclo cross,True,paving stones,intermediate
28ec7340-d6fa-4d45-aae2-0235aeabfe1e,836872d1-7a99-4c33-a3a5-8bafdeb3b52b,32210df0-a7c1-4ee3-b429-f86dc6f2230b,1632843383832,13.4022091,52.4724201,6.7699594,0.38145244,0.9751835,2.1787567,on bike mount,cyclo cross,True,paving stones,intermediate
28ec7340-d6fa-4d45-aae2-0235aeabfe1e,836872d1-7a99-4c33-a3a5-8bafdeb3b52b,43293755-ccb7-48b0-aeb3-8f85e453b834,1632843383883,13.4022091,52.4724201,6.7699594,0.6918603,-3.877669,-0.30159092,on bike mount,cyclo cross,True,paving stones,intermediate
28ec7340-d6fa-4d45-aae2-0235aeabfe1e,836872d1-7a99-4c33-a3a5-8bafdeb3b52b,ce0c34e7-448c-416b-a940-25855d4e9bf0,1632843383948,13.4022091,52.4724201,6.7699594,1.0001026,2.1683085,-3.3576026,on bike mount,cyclo cross,True,paving stones,intermediate
28ec7340-d6fa-4d45-aae2-0235aeabfe1e,836872d1-7a99-4c33-a3a5-8bafdeb3b52b,749025bc-b507-4729-86ed-655c8b87ec9e,1632843384000,13.4022091,52.4724201,6.7699594,0.8613141,5.027805,3.3132524,on bike mount,cyclo cross,True,paving stones,intermediate
28ec7340-d6fa-4d45-aae2-0235aeabfe1e,836872d1-7a99-4c33-a3a5-8bafdeb3b52b,ec284bae-0b08-4eca-9510-5957c35b448e,1632843384050,13.4022091,52.4724201,6.7699594,-0.37207457,-8.7293625,2.9721413,on bike mount,cyclo cross,True,paving stones,intermediate
28ec7340-d6fa-4d45-aae2-0235aeabfe1e,836872d1-7a99-4c33-a3a5-8bafdeb3b52b,b265b668-015f-4fa2-a754-b461df20f079,1632843384100,13.4022091,52.4724201,6.7699594,1.7323023,2.62401,-4.062286,on bike mount,cyclo cross,True,paving stones,intermediate
28ec7340-d6fa-4d45-aae2-0235aeabfe1e,836872d1-7a99-4c33-a3a5-8bafdeb3b52b,91b7a5a8-488d-479f-8abb-ec4068424156,1632843384150,13.4022091,52.4724201,6.7699594,-0.11115378,-2.1729121,2.358674,on bike mount,cyclo cross,True,paving stones,intermediate
28ec7340-d6fa-4d45-aae2-0235aeabfe1e,836872d1-7a99-4c33-a3a5-8bafdeb3b52b,211668b5-4cb0-44cb-ac52-4dfc6d382ff9,1632843384200,13.4022091,52.4724201,6.7699594,-0.6885408,-1.3975537,3.6752949,on bike mount,cyclo cross,True,paving stones,intermediate
28ec7340-d6fa-4d45-aae2-0235aeabfe1e,836872d1-7a99-4c33-a3a5-8bafdeb3b52b,7ec9739b-a5c2-4756-a1af-ebd21da4b7ce,1632843384259,13.4023052,52.4724198,6.789547,1.6083523,-2.5557437,-1.097239,on bike mount,cyclo cross,True,paving stones,intermediate
28ec7340-d6fa-4d45-aae2-0235aeabfe1e,836872d1-7a99-4c33-a3a5-8bafdeb3b52b,b4c0f94b-661f-43ca-ab35-5ed138e111c6,1632843384317,13.4023052,52.4724198,6.789547,0.2567288,2.671403,1.5848703,on bike mount,cyclo cross,True,paving stones,intermediate
28ec7340-d6fa-4d45-aae2-0235aeabfe1e,836872d1-7a99-4c33-a3a5-8bafdeb3b52b,e13a18a0-991b-4af0-a370-b89e6c01f4a5,1632843384367,13.4023052,52.4724198,6.789547,-1.5841633,-6.955683,6.861027,on bike mount,cyclo cross,True,paving stones,intermediate
28ec7340-d6fa-4d45-aae2-0235aeabfe1e,836872d1-7a99-4c33-a3a5-8bafdeb3b52b,55af580c-5210-4ddb-86b6-3adb0541b92d,1632843384417,13.4023052,52.4724198,6.789547,1.1483269,-7.2757506,21.860498,on bike mount,cyclo cross,True,paving stones,intermediate
28ec7340-d6fa-4d45-aae2-0235aeabfe1e,836872d1-7a99-4c33-a3a5-8bafdeb3b52b,fe7155f0-6de0-4b45-bf27-9db3888fc6e0,1632843384467,13.4023052,52.4724198,6.789547,-1.5485395,-0.19455385,-10.700462,on bike mount,cyclo cross,True,paving stones,intermediate
28ec7340-d6fa-4d45-aae2-0235aeabfe1e,836872d1-7a99-4c33-a3a5-8bafdeb3b52b,0bcfb03d-d2bb-4f4d-92d9-6ed4088b6e98,1632843384518,13.4023052,52.4724198,6.789547,-3.8288794,10.332214,-0.1552496,on bike mount,cyclo cross,True,paving stones,intermediate
28ec7340-d6fa-4d45-aae2-0235aeabfe1e,836872d1-7a99-4c33-a3a5-8bafdeb3b52b,42bad3ad-2907-4a91-b1c6-57a50065ac6a,1632843384567,13.4023052,52.4724198,6.789547,-0.6597944,3.04775,4.53815,on bike mount,cyclo cross,True,paving stones,intermediate
28ec7340-d6fa-4d45-aae2-0235aeabfe1e,836872d1-7a99-4c33-a3a5-8bafdeb3b52b,d10770a7-ddbe-4810-bfba-38671fa25a61,1632843384633,13.4023052,52.4724198,6.789547,-2.0842667,-4.650102,2.4317226,on bike mount,cyclo cross,True,paving stones,intermediate
28ec7340-d6fa-4d45-aae2-0235aeabfe1e,836872d1-7a99-4c33-a3a5-8bafdeb3b52b,2ac726f8-ab98-4273-861a-101a7c5f592e,1632843384683,13.4023052,52.4724198,6.789547,0.6146039,7.6081204,0.035023212,on bike mount,cyclo cross,True,paving stones,intermediate
28ec7340-d6fa-4d45-aae2-0235aeabfe1e,836872d1-7a99-4c33-a3a5-8bafdeb3b52b,226b5809-f85c-49e0-93af-d5b56e93d1a4,1632843384733,13.4023052,52.4724198,6.789547,1.3167803,-3.958252,0.59149647,on bike mount,cyclo cross,True,paving stones,intermediate
28ec7340-d6fa-4d45-aae2-0235aeabfe1e,836872d1-7a99-4c33-a3a5-8bafdeb3b52b,1f453a20-5745-46ee-82ec-3000f6ce3742,1632843384783,13.4023052,52.4724198,6.789547,0.082359135,-0.07167792,-4.687143,on bike mount,cyclo cross,True,paving stones,intermediate
28ec7340-d6fa-4d45-aae2-0235aeabfe1e,836872d1-7a99-4c33-a3a5-8bafdeb3b52b,adaafa82-cab2-4521-b09f-62376f1b77a6,1632843384834,13.4023052,52.4724198,6.789547,-2.0195909,-1.0293388,4.5221605,on bike mount,cyclo cross,True,paving stones,intermediate
28ec7340-d6fa-4d45-aae2-0235aeabfe1e,836872d1-7a99-4c33-a3a5-8bafdeb3b52b,58018a9c-05de-49ae-ad5f-74d3a1c0e884,1632843384885,13.4023052,52.4724198,6.789547,0.64655197,-19.936192,3.1690655,on bike mount,cyclo cross,True,paving stones,intermediate
28ec7340-d6fa-4d45-aae2-0235aeabfe1e,836872d1-7a99-4c33-a3a5-8bafdeb3b52b,7b26deba-0afc-4d7c-8e89-572c994d380d,1632843384950,13.4023052,52.4724198,6.789547,0.3984688,6.289747,-4.8300195,on bike mount,cyclo cross,True,paving stones,intermediate
28ec7340-d6fa-4d45-aae2-0235aeabfe1e,836872d1-7a99-4c33-a3a5-8bafdeb3b52b,64be4463-7ce2-4a47-af84-b1747bf754c9,1632843385001,13.4023052,52.4724198,6.789547,-0.9555826,1.929769,1.3252897,on bike mount,cyclo cross,True,paving stones,intermediate
28ec7340-d6fa-4d45-aae2-0235aeabfe1e,836872d1-7a99-4c33-a3a5-8bafdeb3b52b,941cab2a-0cf6-46ad-8e4e-a45b5afab4b1,1632843385052,13.4023052,52.4724198,6.789547,1.2282958,-1.4775237,-4.480328,on bike mount,cyclo cross,True,paving stones,intermediate
28ec7340-d6fa-4d45-aae2-0235aeabfe1e,836872d1-7a99-4c33-a3a5-8bafdeb3b52b,aa695c00-9fc7-4ad9-9d11-e9dcb579d0d8,1632843385117,13.4023052,52.4724198,6.789547,1.222039,5.7751064,-1.4806128,on bike mount,cyclo cross,True,paving stones,intermediate
28ec7340-d6fa-4d45-aae2-0235aeabfe1e,836872d1-7a99-4c33-a3a5-8bafdeb3b52b,554e8f77-ab94-4082-b621-11f2db523bc4,1632843385167,13.4023052,52.4724198,6.789547,1.4405267,-2.7333953,5.522418,on bike mount,cyclo cross,True,paving stones,intermediate
28ec7340-d6fa-4d45-aae2-0235aeabfe1e,836872d1-7a99-4c33-a3a5-8bafdeb3b52b,b63b6430-f768-440a-a5ef-e9a185805cb9,1632843385227,13.4023052,52.4724198,6.789547,0.98568857,3.2638817,0.09875584,on bike mount,cyclo cross,True,paving stones,intermediate
28ec7340-d6fa-4d45-aae2-0235aeabfe1e,836872d1-7a99-4c33-a3a5-8bafdeb3b52b,ad58c1c0-070b-41e3-9186-ad26f2d3bed7,1632843385284,13.4024039,52.4724224,6.760232,-1.9031076,0.49118876,-1.0467706,on bike mount,cyclo cross,True,paving stones,intermediate
28ec7340-d6fa-4d45-aae2-0235aeabfe1e,836872d1-7a99-4c33-a3a5-8bafdeb3b52b,147bea37-d1ad-474b-be9b-58c04215c1e6,1632843385334,13.4024039,52.4724224,6.760232,1.2321962,4.069455,-0.60666275,on bike mount,cyclo cross,True,paving stones,intermediate
28ec7340-d6fa-4d45-aae2-0235aeabfe1e,836872d1-7a99-4c33-a3a5-8bafdeb3b52b,b300e2f2-ea75-4324-ba0b-23b93ed0941e,1632843385385,13.4024039,52.4724224,6.760232,2.327066,-7.5476713,-0.19993114,on bike mount,cyclo cross,True,paving stones,intermediate
28ec7340-d6fa-4d45-aae2-0235aeabfe1e,836872d1-7a99-4c33-a3a5-8bafdeb3b52b,44fe72fe-482a-4b38-ad0e-aefff9b626bf,1632843385435,13.4024039,52.4724224,6.760232,0.60876286,0.70207,5.6395035,on bike mount,cyclo cross,True,paving stones,intermediate
28ec7340-d6fa-4d45-aae2-0235aeabfe1e,836872d1-7a99-4c33-a3a5-8bafdeb3b52b,39140ec7-4287-4f0f-8f8d-a878c137c449,1632843385485,13.4024039,52.4724224,6.760232,-3.281728,-1.8680799,7.545286,on bike mount,cyclo cross,True,paving stones,intermediate
28ec7340-d6fa-4d45-aae2-0235aeabfe1e,836872d1-7a99-4c33-a3a5-8bafdeb3b52b,d1b066b7-424d-49ec-a2c6-c74ebf2135c3,1632843385535,13.4024039,52.4724224,6.760232,-0.86870116,6.9735165,-8.6845255,on bike mount,cyclo cross,True,paving stones,intermediate
28ec7340-d6fa-4d45-aae2-0235aeabfe1e,836872d1-7a99-4c33-a3a5-8bafdeb3b52b,1f8e991a-a22d-4951-9f50-2fd389811957,1632843385587,13.4024039,52.4724224,6.760232,2.1011195,-0.40975714,3.0132914,on bike mount,cyclo cross,True,paving stones,intermediate
28ec7340-d6fa-4d45-aae2-0235aeabfe1e,836872d1-7a99-4c33-a3a5-8bafdeb3b52b,5fbd15c4-3d2b-4e27-a199-27afa1f76617,1632843385652,13.4024039,52.4724224,6.760232,0.75147545,-3.6134434,4.1877136,on bike mount,cyclo cross,True,paving stones,intermediate
28ec7340-d6fa-4d45-aae2-0235aeabfe1e,836872d1-7a99-4c33-a3a5-8bafdeb3b52b,8ab0428e-9390-40a4-b106-1575662c4978,1632843385718,13.4024039,52.4724224,6.760232,5.345894,-6.6117125,-7.8471203,on bike mount,cyclo cross,True,paving stones,intermediate
28ec7340-d6fa-4d45-aae2-0235aeabfe1e,836872d1-7a99-4c33-a3a5-8bafdeb3b52b,349d5d07-35c3-499d-89bb-76cc59e99240,1632843385769,13.4024039,52.4724224,6.760232,0.42447287,0.997705,-0.8872967,on bike mount,cyclo cross,True,paving stones,intermediate
28ec7340-d6fa-4d45-aae2-0235aeabfe1e,836872d1-7a99-4c33-a3a5-8bafdeb3b52b,9b914a97-789d-4863-a48b-ca2329d2f45c,1632843385820,13.4024039,52.4724224,6.760232,-1.2439876,-4.214267,3.9251423,on bike mount,cyclo cross,True,paving stones,intermediate
28ec7340-d6fa-4d45-aae2-0235aeabfe1e,836872d1-7a99-4c33-a3a5-8bafdeb3b52b,2a214620-7fc6-4a10-984c-cd4971eb14f1,1632843385871,13.4024039,52.4724224,6.760232,-0.35889357,-5.811676,5.0619783,on bike mount,cyclo cross,True,paving stones,intermediate
28ec7340-d6fa-4d45-aae2-0235aeabfe1e,836872d1-7a99-4c33-a3a5-8bafdeb3b52b,570271eb-7e40-4730-a202-7eea89a97d1a,1632843385937,13.4024039,52.4724224,6.760232,-0.7920351,6.7762194,-0.7507906,on bike mount,cyclo cross,True,paving stones,intermediate
28ec7340-d6fa-4d45-aae2-0235aeabfe1e,836872d1-7a99-4c33-a3a5-8bafdeb3b52b,08450668-53a2-4b64-8cb5-dee26b659b45,1632843386002,13.4024039,52.4724224,6.760232,-3.7755008,-7.0274982,10.071693,on bike mount,cyclo cross,True,paving stones,intermediate
28ec7340-d6fa-4d45-aae2-0235aeabfe1e,836872d1-7a99-4c33-a3a5-8bafdeb3b52b,a0b262b1-0161-454e-bcfd-0cf6c5466870,1632843386052,13.4024039,52.4724224,6.760232,-0.42864648,2.0165548,-3.0763068,on bike mount,cyclo cross,True,paving stones,intermediate
28ec7340-d6fa-4d45-aae2-0235aeabfe1e,836872d1-7a99-4c33-a3a5-8bafdeb3b52b,58b5c723-0b6d-4f09-b34d-a78567f004af,1632843386103,13.4024039,52.4724224,6.760232,1.1016259,4.7552567,0.28361225,on bike mount,cyclo cross,True,paving stones,intermediate
28ec7340-d6fa-4d45-aae2-0235aeabfe1e,836872d1-7a99-4c33-a3a5-8bafdeb3b52b,ce9f98a8-a910-47e3-8484-60a1e7ef83ad,1632843386154,13.4024039,52.4724224,6.760232,-0.22205637,-2.6056654,-0.20314789,on bike mount,cyclo cross,True,paving stones,intermediate
28ec7340-d6fa-4d45-aae2-0235aeabfe1e,836872d1-7a99-4c33-a3a5-8bafdeb3b52b,6d736e54-dea8-43d8-9dc3-fe5abd219345,1632843386204,13.4024039,52.4724224,6.760232,-5.196494,-8.674974,2.7420206,on bike mount,cyclo cross,True,paving stones,intermediate
28ec7340-d6fa-4d45-aae2-0235aeabfe1e,836872d1-7a99-4c33-a3a5-8bafdeb3b52b,7122063e-bd1f-4fd6-8131-852eb0b709c8,1632843386255,13.4025021,52.4724249,6.690473,0.07018989,-6.2138104,1.5589275,on bike mount,cyclo cross,True,paving stones,intermediate
28ec7340-d6fa-4d45-aae2-0235aeabfe1e,836872d1-7a99-4c33-a3a5-8bafdeb3b52b,eacdcd38-5b30-46f0-a69e-75b24108b3a1,1632843386321,13.4025021,52.4724249,6.690473,0.5217298,-7.4085813,6.985113,on bike mount,cyclo cross,True,paving stones,intermediate
28ec7340-d6fa-4d45-aae2-0235aeabfe1e,836872d1-7a99-4c33-a3a5-8bafdeb3b52b,4b174db1-7fdb-4704-9a47-6af3658a295d,1632843386371,13.4025021,52.4724249,6.690473,-1.3494872,-0.08076334,-6.458351,on bike mount,cyclo cross,True,paving stones,intermediate
28ec7340-d6fa-4d45-aae2-0235aeabfe1e,836872d1-7a99-4c33-a3a5-8bafdeb3b52b,a3ec7e15-5c96-403b-897e-afa95b513d59,1632843386420,13.4025021,52.4724249,6.690473,-2.9228392,-9.426442,5.162114,on bike mount,cyclo cross,True,paving stones,intermediate
28ec7340-d6fa-4d45-aae2-0235aeabfe1e,836872d1-7a99-4c33-a3a5-8bafdeb3b52b,179308a5-36bb-4d49-a20c-e035b3c249df,1632843386471,13.4025021,52.4724249,6.690473,0.5184077,-0.18932295,-4.0807877,on bike mount,cyclo cross,True,paving stones,intermediate
28ec7340-d6fa-4d45-aae2-0235aeabfe1e,836872d1-7a99-4c33-a3a5-8bafdeb3b52b,524d546b-4110-4d12-afa7-09e4b5fcab4a,1632843386522,13.4025021,52.4724249,6.690473,-1.7352402,-7.1723185,3.857808,on bike mount,cyclo cross,True,paving stones,intermediate
28ec7340-d6fa-4d45-aae2-0235aeabfe1e,836872d1-7a99-4c33-a3a5-8bafdeb3b52b,6462ca38-7db3-40b7-8a18-5d709d090f85,1632843386587,13.4025021,52.4724249,6.690473,-0.27844405,-5.7522,4.3304377,on bike mount,cyclo cross,True,paving stones,intermediate
28ec7340-d6fa-4d45-aae2-0235aeabfe1e,836872d1-7a99-4c33-a3a5-8bafdeb3b52b,a3da6d6a-137c-4edb-9eb9-2ca3ef39d8b9,1632843386637,13.4025021,52.4724249,6.690473,0.6896755,-6.799895,2.628131,on bike mount,cyclo cross,True,paving stones,intermediate
28ec7340-d6fa-4d45-aae2-0235aeabfe1e,836872d1-7a99-4c33-a3a5-8bafdeb3b52b,7348b4e1-7208-4f6f-8bc2-b5e5123cdbdf,1632843386687,13.4025021,52.4724249,6.690473,-1.1594912,4.375579,-0.36852217,on bike mount,cyclo cross,True,paving stones,intermediate
28ec7340-d6fa-4d45-aae2-0235aeabfe1e,836872d1-7a99-4c33-a3a5-8bafdeb3b52b,62dc2d7f-9c4c-4b5f-8290-2786e127b91e,1632843386738,13.4025021,52.4724249,6.690473,-0.35637867,0.47492743,1.5233974,on bike mount,cyclo cross,True,paving stones,intermediate
28ec7340-d6fa-4d45-aae2-0235aeabfe1e,836872d1-7a99-4c33-a3a5-8bafdeb3b52b,6329353d-2fc2-45c4-b870-a4e30d8b24ef,1632843386789,13.4025021,52.4724249,6.690473,1.1393847,-4.441182,-5.876771,on bike mount,cyclo cross,True,paving stones,intermediate
28ec7340-d6fa-4d45-aae2-0235aeabfe1e,836872d1-7a99-4c33-a3a5-8bafdeb3b52b,592eee0e-6d48-4038-816a-9d7b1507bfa7,1632843386855,13.4025021,52.4724249,6.690473,-1.7215502,-1.8468263,0.59488964,on bike mount,cyclo cross,True,paving stones,intermediate
28ec7340-d6fa-4d45-aae2-0235aeabfe1e,836872d1-7a99-4c33-a3a5-8bafdeb3b52b,3edd53cd-435f-45ca-a4bb-f197c2a12207,1632843386906,13.4025021,52.4724249,6.690473,-0.78292894,1.554707,0.37544155,on bike mount,cyclo cross,True,paving stones,intermediate
28ec7340-d6fa-4d45-aae2-0235aeabfe1e,836872d1-7a99-4c33-a3a5-8bafdeb3b52b,095e62e5-ed78-42ec-b501-55358942cac7,1632843386956,13.4025021,52.4724249,6.690473,-0.9691417,2.2698593,-1.3784242,on bike mount,cyclo cross,True,paving stones,intermediate
28ec7340-d6fa-4d45-aae2-0235aeabfe1e,836872d1-7a99-4c33-a3a5-8bafdeb3b52b,369fad3b-ecb3-400f-af92-e8bab15e3345,1632843387006,13.4025021,52.4724249,6.690473,0.37171334,-3.251606,-7.318567,on bike mount,cyclo cross,True,paving stones,intermediate
28ec7340-d6fa-4d45-aae2-0235aeabfe1e,836872d1-7a99-4c33-a3a5-8bafdeb3b52b,0e48272d-f773-44b0-9cd0-00d12267b379,1632843387056,13.4025021,52.4724249,6.690473,1.6138397,-1.5122976,4.4017572,on bike mount,cyclo cross,True,paving stones,intermediate
28ec7340-d6fa-4d45-aae2-0235aeabfe1e,836872d1-7a99-4c33-a3a5-8bafdeb3b52b,3627e644-3432-4d51-bfdc-8192e706651f,1632843387106,13.4025021,52.4724249,6.690473,-0.97899514,-4.4700356,1.6209326,on bike mount,cyclo cross,True,paving stones,intermediate
28ec7340-d6fa-4d45-aae2-0235aeabfe1e,836872d1-7a99-4c33-a3a5-8bafdeb3b52b,3f88b078-4fd0-4f0d-b72e-2ebaf6b49215,1632843387172,13.4025021,52.4724249,6.690473,1.2394998,0.129138,-4.566084,on bike mount,cyclo cross,True,paving stones,intermediate
28ec7340-d6fa-4d45-aae2-0235aeabfe1e,836872d1-7a99-4c33-a3a5-8bafdeb3b52b,c9face58-afa4-46ea-9f90-23f5c81e2688,1632843387224,13.4025021,52.4724249,6.690473,0.40134102,-0.2789595,9.119607,on bike mount,cyclo cross,True,paving stones,intermediate
28ec7340-d6fa-4d45-aae2-0235aeabfe1e,836872d1-7a99-4c33-a3a5-8bafdeb3b52b,03be509c-02bc-4fe7-b1d2-aba524ce5a63,1632843387288,13.4026024,52.4724295,6.600232,-2.75354,7.5357466,2.657156,on bike mount,cyclo cross,True,paving stones,intermediate
28ec7340-d6fa-4d45-aae2-0235aeabfe1e,836872d1-7a99-4c33-a3a5-8bafdeb3b52b,0e3cf81f-aae6-4f3e-95cc-0f37e498fdca,1632843387339,13.4026024,52.4724295,6.600232,1.8553334,-6.417922,1.6800241,on bike mount,cyclo cross,True,paving stones,intermediate
28ec7340-d6fa-4d45-aae2-0235aeabfe1e,836872d1-7a99-4c33-a3a5-8bafdeb3b52b,f721d069-5531-4e12-9ca0-82dbaac55144,1632843387389,13.4026024,52.4724295,6.600232,1.2529392,-0.019476414,-0.96151066,on bike mount,cyclo cross,True,paving stones,intermediate
28ec7340-d6fa-4d45-aae2-0235aeabfe1e,836872d1-7a99-4c33-a3a5-8bafdeb3b52b,79d843b4-8437-42c0-a909-52d884c1e0e6,1632843387439,13.4026024,52.4724295,6.600232,-1.392651,-4.109606,-2.2802129,on bike mount,cyclo cross,True,paving stones,intermediate
28ec7340-d6fa-4d45-aae2-0235aeabfe1e,836872d1-7a99-4c33-a3a5-8bafdeb3b52b,71e54516-537a-4e77-af3e-e8fa20d0b3db,1632843387489,13.4026024,52.4724295,6.600232,1.4691929,-6.7916355,-3.9116263,on bike mount,cyclo cross,True,paving stones,intermediate
28ec7340-d6fa-4d45-aae2-0235aeabfe1e,836872d1-7a99-4c33-a3a5-8bafdeb3b52b,8af3bf2b-95e7-496d-81e7-b320d1402387,1632843387539,13.4026024,52.4724295,6.600232,-1.9790124,1.7044048,0.33589554,on bike mount,cyclo cross,True,paving stones,intermediate
28ec7340-d6fa-4d45-aae2-0235aeabfe1e,836872d1-7a99-4c33-a3a5-8bafdeb3b52b,25fefede-eb28-4742-86f3-5ee205b90bb8,1632843387591,13.4026024,52.4724295,6.600232,0.35018694,-3.9099724,0.41910362,on bike mount,cyclo cross,True,paving stones,intermediate
28ec7340-d6fa-4d45-aae2-0235aeabfe1e,836872d1-7a99-4c33-a3a5-8bafdeb3b52b,eab95542-e010-4192-8c0e-3e859048c6a4,1632843387656,13.4026024,52.4724295,6.600232,0.6885531,-1.9829377,-7.6852546,on bike mount,cyclo cross,True,paving stones,intermediate
28ec7340-d6fa-4d45-aae2-0235aeabfe1e,836872d1-7a99-4c33-a3a5-8bafdeb3b52b,f33c7f74-3532-4821-9c98-4d536123643a,1632843387707,13.4026024,52.4724295,6.600232,-1.6415985,6.562407,0.1425476,on bike mount,cyclo cross,True,paving stones,intermediate
28ec7340-d6fa-4d45-aae2-0235aeabfe1e,836872d1-7a99-4c33-a3a5-8bafdeb3b52b,9170da71-6ff6-45e7-93e3-2e2a7e461999,1632843387757,13.4026024,52.4724295,6.600232,0.31458935,0.759707,9.85841,on bike mount,cyclo cross,True,paving stones,intermediate
28ec7340-d6fa-4d45-aae2-0235aeabfe1e,836872d1-7a99-4c33-a3a5-8bafdeb3b52b,1e9b78d5-932d-4b1d-b429-2635a4efe510,1632843387806,13.4026024,52.4724295,6.600232,-1.3023736,-5.8958163,5.702568,on bike mount,cyclo cross,True,paving stones,intermediate
28ec7340-d6fa-4d45-aae2-0235aeabfe1e,836872d1-7a99-4c33-a3a5-8bafdeb3b52b,196c50fc-dc47-41f1-a308-5f5eeda53f1f,1632843387857,13.4026024,52.4724295,6.600232,-0.5172393,6.614888,-2.4226017,on bike mount,cyclo cross,True,paving stones,intermediate
28ec7340-d6fa-4d45-aae2-0235aeabfe1e,836872d1-7a99-4c33-a3a5-8bafdeb3b52b,6fd3b791-a81b-4d02-b600-936163f19e27,1632843387908,13.4026024,52.4724295,6.600232,-1.1076462,-2.3330762,-5.125744,on bike mount,cyclo cross,True,paving stones,intermediate
28ec7340-d6fa-4d45-aae2-0235aeabfe1e,836872d1-7a99-4c33-a3a5-8bafdeb3b52b,102fc14d-9f72-4632-bc5c-190a23b14504,1632843387958,13.4026024,52.4724295,6.600232,5.528426,-12.81412,6.108493,on bike mount,cyclo cross,True,paving stones,intermediate
28ec7340-d6fa-4d45-aae2-0235aeabfe1e,836872d1-7a99-4c33-a3a5-8bafdeb3b52b,69ff1399-3053-40e0-83f1-eba5e49099d1,1632843388009,13.4026024,52.4724295,6.600232,-0.48047906,1.686512,1.2601061,on bike mount,cyclo cross,True,paving stones,intermediate
28ec7340-d6fa-4d45-aae2-0235aeabfe1e,836872d1-7a99-4c33-a3a5-8bafdeb3b52b,3839e351-01a8-4789-b52b-a7eedeef178c,1632843388059,13.4026024,52.4724295,6.600232,-0.92663765,0.8080702,-3.1776628,on bike mount,cyclo cross,True,paving stones,intermediate
28ec7340-d6fa-4d45-aae2-0235aeabfe1e,836872d1-7a99-4c33-a3a5-8bafdeb3b52b,b7940912-2438-41bf-90b3-c70a08c34fb2,1632843388124,13.4026024,52.4724295,6.600232,0.13642812,-3.5147808,4.266801,on bike mount,cyclo cross,True,paving stones,intermediate
28ec7340-d6fa-4d45-aae2-0235aeabfe1e,836872d1-7a99-4c33-a3a5-8bafdeb3b52b,c571beb5-9c5c-40ef-9160-7cb0c2f3d47b,1632843388174,13.4026024,52.4724295,6.600232,1.5969625,3.129612,-1.1152596,on bike mount,cyclo cross,True,paving stones,intermediate
28ec7340-d6fa-4d45-aae2-0235aeabfe1e,836872d1-7a99-4c33-a3a5-8bafdeb3b52b,1e9fef16-f15a-4efd-9d51-c11f4c52a21f,1632843388225,13.4026024,52.4724295,6.600232,-1.9243903,-1.2042232,2.131462,on bike mount,cyclo cross,True,paving stones,intermediate
28ec7340-d6fa-4d45-aae2-0235aeabfe1e,836872d1-7a99-4c33-a3a5-8bafdeb3b52b,cfccc8d7-b604-41c6-9fcc-be0e0eb54d41,1632843388289,13.4026991,52.4724354,6.599831,-3.4497602,4.8959804,4.092635,on bike mount,cyclo cross,True,paving stones,intermediate
28ec7340-d6fa-4d45-aae2-0235aeabfe1e,836872d1-7a99-4c33-a3a5-8bafdeb3b52b,0b6485a3-ce91-41d6-b2f3-c433ccdb7781,1632843388341,13.4026991,52.4724354,6.599831,0.8419514,-0.89670944,-2.1201448,on bike mount,cyclo cross,True,paving stones,intermediate
28ec7340-d6fa-4d45-aae2-0235aeabfe1e,836872d1-7a99-4c33-a3a5-8bafdeb3b52b,41a8b228-19b2-43d7-9ac3-f8bd70c4c663,1632843388391,13.4026991,52.4724354,6.599831,-0.5268067,3.1922,7.5792656,on bike mount,cyclo cross,True,paving stones,intermediate
28ec7340-d6fa-4d45-aae2-0235aeabfe1e,836872d1-7a99-4c33-a3a5-8bafdeb3b52b,d5a53166-6b24-4119-94ae-be9219724650,1632843388441,13.4026991,52.4724354,6.599831,0.45137763,3.5331514,1.0462055,on bike mount,cyclo cross,True,paving stones,intermediate
28ec7340-d6fa-4d45-aae2-0235aeabfe1e,836872d1-7a99-4c33-a3a5-8bafdeb3b52b,824ccfc1-bf32-4374-a764-239ad43b46f8,1632843388506,13.4026991,52.4724354,6.599831,2.6816819,0.17871797,4.460618,on bike mount,cyclo cross,True,paving stones,intermediate
28ec7340-d6fa-4d45-aae2-0235aeabfe1e,836872d1-7a99-4c33-a3a5-8bafdeb3b52b,47e87e69-010c-4520-99c2-affd04e7c950,1632843388558,13.4026991,52.4724354,6.599831,0.25052863,0.515033,2.5039692,on bike mount,cyclo cross,True,paving stones,intermediate
28ec7340-d6fa-4d45-aae2-0235aeabfe1e,836872d1-7a99-4c33-a3a5-8bafdeb3b52b,271a3cec-d62b-45b0-a603-a02423c6d470,1632843388609,13.4026991,52.4724354,6.599831,-7.6186857,-0.76956964,2.167941,on bike mount,cyclo cross,True,paving stones,intermediate
28ec7340-d6fa-4d45-aae2-0235aeabfe1e,836872d1-7a99-4c33-a3a5-8bafdeb3b52b,4a70d110-fca2-4fa7-9bcd-6e5f604df895,1632843388675,13.4026991,52.4724354,6.599831,0.9625392,-1.9012831,3.3292856,on bike mount,cyclo cross,True,paving stones,intermediate
28ec7340-d6fa-4d45-aae2-0235aeabfe1e,836872d1-7a99-4c33-a3a5-8bafdeb3b52b,b410ce4a-31e6-43fc-a024-b9c350dc10b3,1632843388726,13.4026991,52.4724354,6.599831,0.45913002,0.089859486,1.7995558,on bike mount,cyclo cross,True,paving stones,intermediate
28ec7340-d6fa-4d45-aae2-0235aeabfe1e,836872d1-7a99-4c33-a3a5-8bafdeb3b52b,35a4a745-d7d3-409f-ac5a-37bb4d514afd,1632843388792,13.4026991,52.4724354,6.599831,-2.0360715,4.260666,0.78224087,on bike mount,cyclo cross,True,paving stones,intermediate
28ec7340-d6fa-4d45-aae2-0235aeabfe1e,836872d1-7a99-4c33-a3a5-8bafdeb3b52b,13f4f7d1-6757-4014-98f2-422df3768f45,1632843388842,13.4026991,52.4724354,6.599831,0.21864134,-4.447111,1.2560539,on bike mount,cyclo cross,True,paving stones,intermediate
28ec7340-d6fa-4d45-aae2-0235aeabfe1e,836872d1-7a99-4c33-a3a5-8bafdeb3b52b,6f823a6e-728c-4bc1-b1a8-0959b469704b,1632843388893,13.4026991,52.4724354,6.599831,-3.2325177,0.90483403,8.16699,on bike mount,cyclo cross,True,paving stones,intermediate
28ec7340-d6fa-4d45-aae2-0235aeabfe1e,836872d1-7a99-4c33-a3a5-8bafdeb3b52b,b93b20a5-03ce-4985-864c-702330e98a51,1632843388943,13.4026991,52.4724354,6.599831,0.69482684,0.27250242,2.2617664,on bike mount,cyclo cross,True,paving stones,intermediate
28ec7340-d6fa-4d45-aae2-0235aeabfe1e,836872d1-7a99-4c33-a3a5-8bafdeb3b52b,5efdaae1-6dc3-4c52-a8a7-d688fb9f157f,1632843388993,13.4026991,52.4724354,6.599831,0.17191508,2.2013307,1.664463,on bike mount,cyclo cross,True,paving stones,intermediate
28ec7340-d6fa-4d45-aae2-0235aeabfe1e,836872d1-7a99-4c33-a3a5-8bafdeb3b52b,bb4ea91b-894c-4a6d-9fd9-3c9bbff677cc,1632843389043,13.4026991,52.4724354,6.599831,-0.7069624,-0.21319437,5.0048676,on bike mount,cyclo cross,True,paving stones,intermediate
28ec7340-d6fa-4d45-aae2-0235aeabfe1e,836872d1-7a99-4c33-a3a5-8bafdeb3b52b,d545eda7-a3ba-4664-bebe-a5c1df8eec74,1632843389093,13.4026991,52.4724354,6.599831,-0.26076323,-3.0479054,-0.76520824,on bike mount,cyclo cross,True,paving stones,intermediate
28ec7340-d6fa-4d45-aae2-0235aeabfe1e,836872d1-7a99-4c33-a3a5-8bafdeb3b52b,32347cd7-2a7f-4644-afea-c55aba020a4d,1632843389143,13.4026991,52.4724354,6.599831,-0.3457474,4.948205,-9.9813595,on bike mount,cyclo cross,True,paving stones,intermediate
28ec7340-d6fa-4d45-aae2-0235aeabfe1e,836872d1-7a99-4c33-a3a5-8bafdeb3b52b,7007fa2e-bee9-4991-88d0-fd46abe856e8,1632843389210,13.4026991,52.4724354,6.599831,1.3103833,5.724746,-4.40355,on bike mount,cyclo cross,True,paving stones,intermediate
28ec7340-d6fa-4d45-aae2-0235aeabfe1e,836872d1-7a99-4c33-a3a5-8bafdeb3b52b,2c6948c4-71dc-403e-8b22-9f40ab41d451,1632843389265,13.4027952,52.4724396,6.540807,-0.46560478,-4.797964,1.172862,on bike mount,cyclo cross,True,paving stones,intermediate
28ec7340-d6fa-4d45-aae2-0235aeabfe1e,836872d1-7a99-4c33-a3a5-8bafdeb3b52b,d554a152-a94f-48da-9905-d4bdc814b884,1632843389326,13.4027952,52.4724396,6.540807,1.1258891,0.08314848,4.5629215,on bike mount,cyclo cross,True,paving stones,intermediate
28ec7340-d6fa-4d45-aae2-0235aeabfe1e,836872d1-7a99-4c33-a3a5-8bafdeb3b52b,15302394-454d-463e-a3c4-3344f76480a1,1632843389376,13.4027952,52.4724396,6.540807,0.26130807,1.1645291,0.007873535,on bike mount,cyclo cross,True,paving stones,intermediate
28ec7340-d6fa-4d45-aae2-0235aeabfe1e,836872d1-7a99-4c33-a3a5-8bafdeb3b52b,71ccf8f0-24ef-4d98-8a31-dbef95634875,1632843389443,13.4027952,52.4724396,6.540807,-0.17780283,-6.756335,3.1099215,on bike mount,cyclo cross,True,paving stones,intermediate
28ec7340-d6fa-4d45-aae2-0235aeabfe1e,836872d1-7a99-4c33-a3a5-8bafdeb3b52b,9b86b026-529a-4e90-8292-128002e318e5,1632843389493,13.4027952,52.4724396,6.540807,2.9307103,2.2760074,-1.3543525,on bike mount,cyclo cross,True,paving stones,intermediate
28ec7340-d6fa-4d45-aae2-0235aeabfe1e,836872d1-7a99-4c33-a3a5-8bafdeb3b52b,52ed78d0-38f2-4871-af11-51aae45c4947,1632843389544,13.4027952,52.4724396,6.540807,1.7692974,1.5458283,2.5004797,on bike mount,cyclo cross,True,paving stones,intermediate
28ec7340-d6fa-4d45-aae2-0235aeabfe1e,836872d1-7a99-4c33-a3a5-8bafdeb3b52b,f4942219-f6c9-4c73-a170-99a0bd0e7ca2,1632843389611,13.4027952,52.4724396,6.540807,0.33619443,-1.5853302,6.4318466,on bike mount,cyclo cross,True,paving stones,intermediate
28ec7340-d6fa-4d45-aae2-0235aeabfe1e,836872d1-7a99-4c33-a3a5-8bafdeb3b52b,ba6daa0a-ff47-42e1-bf54-9dbdcbe2e994,1632843389677,13.4027952,52.4724396,6.540807,0.3685369,1.5039854,-1.4911141,on bike mount,cyclo cross,True,paving stones,intermediate
28ec7340-d6fa-4d45-aae2-0235aeabfe1e,836872d1-7a99-4c33-a3a5-8bafdeb3b52b,7b5a5d10-826c-4e01-98bd-3c838cd425a1,1632843389728,13.4027952,52.4724396,6.540807,-0.503924,1.2235341,-5.615382,on bike mount,cyclo cross,True,paving stones,intermediate
28ec7340-d6fa-4d45-aae2-0235aeabfe1e,836872d1-7a99-4c33-a3a5-8bafdeb3b52b,06565e08-9a99-482d-835c-e4f26ff00ab4,1632843389778,13.4027952,52.4724396,6.540807,-0.99563193,0.72510767,-0.42184258,on bike mount,cyclo cross,True,paving stones,intermediate
28ec7340-d6fa-4d45-aae2-0235aeabfe1e,836872d1-7a99-4c33-a3a5-8bafdeb3b52b,e600e759-2a72-49b3-b5cc-02c47289e325,1632843389844,13.4027952,52.4724396,6.540807,-2.3357394,-3.1158288,2.7116566,on bike mount,cyclo cross,True,paving stones,intermediate
28ec7340-d6fa-4d45-aae2-0235aeabfe1e,836872d1-7a99-4c33-a3a5-8bafdeb3b52b,54652eb5-9cdd-4037-994a-6e4abcb793c5,1632843389894,13.4027952,52.4724396,6.540807,-0.47255918,4.1242657,-4.647586,on bike mount,cyclo cross,True,paving stones,intermediate
28ec7340-d6fa-4d45-aae2-0235aeabfe1e,836872d1-7a99-4c33-a3a5-8bafdeb3b52b,afed64ee-2eff-4253-8f07-85cf6add807b,1632843389944,13.4027952,52.4724396,6.540807,-1.8017979,1.5478263,-2.3749118,on bike mount,cyclo cross,True,paving stones,intermediate
28ec7340-d6fa-4d45-aae2-0235aeabfe1e,836872d1-7a99-4c33-a3a5-8bafdeb3b52b,3bdbb9c5-89ed-4097-bb0e-6e6b52982cb1,1632843389995,13.4027952,52.4724396,6.540807,-0.878564,-2.9239137,3.0357094,on bike mount,cyclo cross,True,paving stones,intermediate
28ec7340-d6fa-4d45-aae2-0235aeabfe1e,836872d1-7a99-4c33-a3a5-8bafdeb3b52b,17f0e483-2f90-4895-8717-7e95cd213bf1,1632843390046,13.4027952,52.4724396,6.540807,1.6465106,-1.8030382,0.10641384,on bike mount,cyclo cross,True,paving stones,intermediate
28ec7340-d6fa-4d45-aae2-0235aeabfe1e,836872d1-7a99-4c33-a3a5-8bafdeb3b52b,3c79058c-0b61-45e8-8b1c-a94d32e2097a,1632843390111,13.4027952,52.4724396,6.540807,-1.2195129,-0.6635146,-4.1184063,on bike mount,cyclo cross,True,paving stones,intermediate
28ec7340-d6fa-4d45-aae2-0235aeabfe1e,836872d1-7a99-4c33-a3a5-8bafdeb3b52b,30defd44-f1ef-418c-a039-00abf2ba0289,1632843390161,13.4027952,52.4724396,6.540807,3.2470918,4.5214334,-5.06468,on bike mount,cyclo cross,True,paving stones,intermediate
28ec7340-d6fa-4d45-aae2-0235aeabfe1e,836872d1-7a99-4c33-a3a5-8bafdeb3b52b,38f6f154-4c7e-4ea9-ae3d-6709db25599f,1632843390227,13.4027952,52.4724396,6.540807,-3.959509,-4.6195765,2.4210062,on bike mount,cyclo cross,True,paving stones,intermediate
28ec7340-d6fa-4d45-aae2-0235aeabfe1e,836872d1-7a99-4c33-a3a5-8bafdeb3b52b,9e1c995c-23db-4b67-8778-0ecaa666cc3c,1632843390278,13.4028907,52.4724412,6.4901714,1.4233623,-8.244843,4.6331415,on bike mount,cyclo cross,True,paving stones,intermediate
28ec7340-d6fa-4d45-aae2-0235aeabfe1e,836872d1-7a99-4c33-a3a5-8bafdeb3b52b,547b1166-6a77-487b-9d04-0b3ebbf2f8c0,1632843390343,13.4028907,52.4724412,6.4901714,0.7963257,-1.153705,-3.8346276,on bike mount,cyclo cross,True,paving stones,intermediate
28ec7340-d6fa-4d45-aae2-0235aeabfe1e,836872d1-7a99-4c33-a3a5-8bafdeb3b52b,b8e7f791-bfa5-4e36-ac64-90628593f7f8,1632843390393,13.4028907,52.4724412,6.4901714,-0.78024757,4.06905,-4.202261,on bike mount,cyclo cross,True,paving stones,intermediate
28ec7340-d6fa-4d45-aae2-0235aeabfe1e,836872d1-7a99-4c33-a3a5-8bafdeb3b52b,65bedca5-4d31-4270-be3b-6c2432576dc6,1632843390444,13.4028907,52.4724412,6.4901714,0.84555984,-7.7234597,4.826375,on bike mount,cyclo cross,True,paving stones,intermediate
28ec7340-d6fa-4d45-aae2-0235aeabfe1e,836872d1-7a99-4c33-a3a5-8bafdeb3b52b,6ad3442d-1ff8-49df-8fc0-802630575d91,1632843390494,13.4028907,52.4724412,6.4901714,1.0747305,2.837357,4.517786,on bike mount,cyclo cross,True,paving stones,intermediate
28ec7340-d6fa-4d45-aae2-0235aeabfe1e,836872d1-7a99-4c33-a3a5-8bafdeb3b52b,e73a9a9f-af26-4278-8338-8e7c6cffd10b,1632843390544,13.4028907,52.4724412,6.4901714,-0.10801049,1.7234259,-8.097449,on bike mount,cyclo cross,True,paving stones,intermediate
28ec7340-d6fa-4d45-aae2-0235aeabfe1e,836872d1-7a99-4c33-a3a5-8bafdeb3b52b,15fb06fe-9ae0-4c05-9619-6a6291444b58,1632843390595,13.4028907,52.4724412,6.4901714,0.24217823,-0.5170095,1.4819231,on bike mount,cyclo cross,True,paving stones,intermediate
28ec7340-d6fa-4d45-aae2-0235aeabfe1e,836872d1-7a99-4c33-a3a5-8bafdeb3b52b,2428059b-53e6-4816-ae0c-b614df534e6c,1632843390646,13.4028907,52.4724412,6.4901714,1.0318526,-2.0028026,-2.968605,on bike mount,cyclo cross,True,paving stones,intermediate
28ec7340-d6fa-4d45-aae2-0235aeabfe1e,836872d1-7a99-4c33-a3a5-8bafdeb3b52b,1d779908-b6c6-49f4-becd-1628af75e018,1632843390696,13.4028907,52.4724412,6.4901714,-0.58069664,-4.065311,-4.086055,on bike mount,cyclo cross,True,paving stones,intermediate
28ec7340-d6fa-4d45-aae2-0235aeabfe1e,836872d1-7a99-4c33-a3a5-8bafdeb3b52b,73c45d71-3f1e-43a3-bb03-21e686bdb9dd,1632843390761,13.4028907,52.4724412,6.4901714,-0.037620068,-2.2968438,1.216052,on bike mount,cyclo cross,True,paving stones,intermediate
28ec7340-d6fa-4d45-aae2-0235aeabfe1e,836872d1-7a99-4c33-a3a5-8bafdeb3b52b,98f48662-0cc6-4759-9984-010536c5f925,1632843390811,13.4028907,52.4724412,6.4901714,1.7204862,-4.6059833,1.7456884,on bike mount,cyclo cross,True,paving stones,intermediate
28ec7340-d6fa-4d45-aae2-0235aeabfe1e,836872d1-7a99-4c33-a3a5-8bafdeb3b52b,9cb0a8d3-2c47-47a4-8532-284c66f68734,1632843390861,13.4028907,52.4724412,6.4901714,-0.29833844,3.102684,-1.8072982,on bike mount,cyclo cross,True,paving stones,intermediate
28ec7340-d6fa-4d45-aae2-0235aeabfe1e,836872d1-7a99-4c33-a3a5-8bafdeb3b52b,e1ea1e30-7b59-43bf-b6b1-1c226088d98e,1632843390913,13.4028907,52.4724412,6.4901714,-2.3769586,6.954374,2.0188923,on bike mount,cyclo cross,True,paving stones,intermediate
28ec7340-d6fa-4d45-aae2-0235aeabfe1e,836872d1-7a99-4c33-a3a5-8bafdeb3b52b,4a4d0908-54be-4429-891d-914876f159f1,1632843390962,13.4028907,52.4724412,6.4901714,0.41776812,-0.03661108,3.8748207,on bike mount,cyclo cross,True,paving stones,intermediate
28ec7340-d6fa-4d45-aae2-0235aeabfe1e,836872d1-7a99-4c33-a3a5-8bafdeb3b52b,a63f924c-e1ad-40c9-96d2-42803ee8c92e,1632843391013,13.4028907,52.4724412,6.4901714,-0.0054739267,-1.685266,-6.1100507,on bike mount,cyclo cross,True,paving stones,intermediate
28ec7340-d6fa-4d45-aae2-0235aeabfe1e,836872d1-7a99-4c33-a3a5-8bafdeb3b52b,5db65c0d-f10d-49c0-b599-12f3e234ae60,1632843391063,13.4028907,52.4724412,6.4901714,0.36075318,3.937914,2.2018785,on bike mount,cyclo cross,True,paving stones,intermediate
28ec7340-d6fa-4d45-aae2-0235aeabfe1e,836872d1-7a99-4c33-a3a5-8bafdeb3b52b,59589507-9826-490d-a3f4-ac46558314f6,1632843391113,13.4028907,52.4724412,6.4901714,-1.637708,9.978075,-0.7015753,on bike mount,cyclo cross,True,paving stones,intermediate
28ec7340-d6fa-4d45-aae2-0235aeabfe1e,836872d1-7a99-4c33-a3a5-8bafdeb3b52b,15134353-8bcf-417b-889b-07fb486f7892,1632843391163,13.4028907,52.4724412,6.4901714,-5.2240443,-25.040327,-9.765564,on bike mount,cyclo cross,True,paving stones,intermediate
28ec7340-d6fa-4d45-aae2-0235aeabfe1e,836872d1-7a99-4c33-a3a5-8bafdeb3b52b,ef4e49c3-31e8-465c-9e19-a087fc16ad13,1632843391213,13.4028907,52.4724412,6.4901714,-2.2311614,5.317646,-0.26605272,on bike mount,cyclo cross,True,paving stones,intermediate
28ec7340-d6fa-4d45-aae2-0235aeabfe1e,836872d1-7a99-4c33-a3a5-8bafdeb3b52b,5a3d9925-67b6-4a82-ac93-914460bcf32e,1632843391263,13.4029878,52.4724439,6.627447,-3.272853,-4.7294407,-13.770647,on bike mount,cyclo cross,True,paving stones,intermediate
28ec7340-d6fa-4d45-aae2-0235aeabfe1e,836872d1-7a99-4c33-a3a5-8bafdeb3b52b,55645929-874c-4be3-b6aa-39c7a2998aa9,1632843391328,13.4029878,52.4724439,6.627447,-9.287111,-3.8135827,-9.324644,on bike mount,cyclo cross,True,paving stones,intermediate
28ec7340-d6fa-4d45-aae2-0235aeabfe1e,836872d1-7a99-4c33-a3a5-8bafdeb3b52b,32791ea1-0158-43ba-90e7-78e53e28e518,1632843391381,13.4029878,52.4724439,6.627447,2.3465877,4.434026,2.5747738,on bike mount,cyclo cross,True,paving stones,intermediate
28ec7340-d6fa-4d45-aae2-0235aeabfe1e,836872d1-7a99-4c33-a3a5-8bafdeb3b52b,8a4b0f32-e751-479c-b015-7aaa62443497,1632843391430,13.4029878,52.4724439,6.627447,0.50799054,-5.277623,2.0548372,on bike mount,cyclo cross,True,paving stones,intermediate
28ec7340-d6fa-4d45-aae2-0235aeabfe1e,836872d1-7a99-4c33-a3a5-8bafdeb3b52b,d9cb88e1-e178-48eb-85c6-439c3cd17604,1632843391482,13.4029878,52.4724439,6.627447,0.89217687,5.8276834,-1.6922426,on bike mount,cyclo cross,True,paving stones,intermediate
28ec7340-d6fa-4d45-aae2-0235aeabfe1e,836872d1-7a99-4c33-a3a5-8bafdeb3b52b,a819aa8c-ae24-45de-960c-bd5b24251b4f,1632843391546,13.4029878,52.4724439,6.627447,-2.8695364,2.4129457,1.1817303,on bike mount,cyclo cross,True,paving stones,intermediate
28ec7340-d6fa-4d45-aae2-0235aeabfe1e,836872d1-7a99-4c33-a3a5-8bafdeb3b52b,31495c20-7bfe-4496-83ce-86c6f0a3bf6d,1632843391597,13.4029878,52.4724439,6.627447,-0.31976774,0.72385144,-4.981657,on bike mount,cyclo cross,True,paving stones,intermediate
28ec7340-d6fa-4d45-aae2-0235aeabfe1e,836872d1-7a99-4c33-a3a5-8bafdeb3b52b,962cc6d7-9c51-4047-b22e-3718486a9bd9,1632843391647,13.4029878,52.4724439,6.627447,1.158837,2.9507432,-1.6423006,on bike mount,cyclo cross,True,paving stones,intermediate
28ec7340-d6fa-4d45-aae2-0235aeabfe1e,836872d1-7a99-4c33-a3a5-8bafdeb3b52b,1c1f9ed4-7ceb-4d07-9997-7c532cbdc5b7,1632843391698,13.4029878,52.4724439,6.627447,-1.8759438,-2.8006516,11.657618,on bike mount,cyclo cross,True,paving stones,intermediate
28ec7340-d6fa-4d45-aae2-0235aeabfe1e,836872d1-7a99-4c33-a3a5-8bafdeb3b52b,9cc75753-53dd-41ec-b5c0-21b0304fb9f5,1632843391763,13.4029878,52.4724439,6.627447,1.732037,-1.3400317,7.896064,on bike mount,cyclo cross,True,paving stones,intermediate
28ec7340-d6fa-4d45-aae2-0235aeabfe1e,836872d1-7a99-4c33-a3a5-8bafdeb3b52b,ea4283c3-9d0d-4d5a-890a-3acc0fd0a1ff,1632843391813,13.4029878,52.4724439,6.627447,-2.144206,-7.306947,-7.569772,on bike mount,cyclo cross,True,paving stones,intermediate
28ec7340-d6fa-4d45-aae2-0235aeabfe1e,836872d1-7a99-4c33-a3a5-8bafdeb3b52b,86fda6a7-1cf3-411f-816a-ce0b6367187e,1632843391863,13.4029878,52.4724439,6.627447,-0.5612605,3.2783132,5.721115,on bike mount,cyclo cross,True,paving stones,intermediate
28ec7340-d6fa-4d45-aae2-0235aeabfe1e,836872d1-7a99-4c33-a3a5-8bafdeb3b52b,12e73798-37f5-4779-8267-b933bda6aaf2,1632843391913,13.4029878,52.4724439,6.627447,0.28202778,-3.300641,-4.8463726,on bike mount,cyclo cross,True,paving stones,intermediate
28ec7340-d6fa-4d45-aae2-0235aeabfe1e,836872d1-7a99-4c33-a3a5-8bafdeb3b52b,c53bc43c-268d-4042-9fca-175804cbc0e4,1632843391963,13.4029878,52.4724439,6.627447,-3.1728811,7.2499638,-6.353863,on bike mount,cyclo cross,True,paving stones,intermediate
28ec7340-d6fa-4d45-aae2-0235aeabfe1e,836872d1-7a99-4c33-a3a5-8bafdeb3b52b,c5a3f5ed-c6f7-4140-be5c-27b2b92761f4,1632843392014,13.4029878,52.4724439,6.627447,-0.8476255,3.546379,8.595345,on bike mount,cyclo cross,True,paving stones,intermediate
28ec7340-d6fa-4d45-aae2-0235aeabfe1e,836872d1-7a99-4c33-a3a5-8bafdeb3b52b,e1bbebb5-4248-4ef7-a30c-feb6eae240e0,1632843392065,13.4029878,52.4724439,6.627447,-0.027104735,-5.3369503,-1.6166735,on bike mount,cyclo cross,True,paving stones,intermediate
28ec7340-d6fa-4d45-aae2-0235aeabfe1e,836872d1-7a99-4c33-a3a5-8bafdeb3b52b,b82ec20e-24ce-4342-9fde-adb75e8aca74,1632843392130,13.4029878,52.4724439,6.627447,-0.9817957,3.8294592,-4.5804443,on bike mount,cyclo cross,True,paving stones,intermediate
28ec7340-d6fa-4d45-aae2-0235aeabfe1e,836872d1-7a99-4c33-a3a5-8bafdeb3b52b,adec80ed-965b-4489-9814-fbfce4e1b86e,1632843392181,13.4029878,52.4724439,6.627447,1.3588437,-1.5426853,3.5720072,on bike mount,cyclo cross,True,paving stones,intermediate
28ec7340-d6fa-4d45-aae2-0235aeabfe1e,836872d1-7a99-4c33-a3a5-8bafdeb3b52b,96ed0c0d-8352-41a1-a762-614a937abd08,1632843392237,13.4030855,52.4724492,6.6896544,-0.37498832,4.174262,0.48808956,on bike mount,cyclo cross,True,paving stones,intermediate
28ec7340-d6fa-4d45-aae2-0235aeabfe1e,88cef801-6356-4e32-9e2c-b1f306586cf1,a71da24d-86fc-4577-af4d-8a8feb4aab43,1632843390344,13.4028907,52.4724412,6.4901714,0.7963257,-1.153705,-3.8346276,on bike mount,cyclo cross,True,paving stones,intermediate
28ec7340-d6fa-4d45-aae2-0235aeabfe1e,88cef801-6356-4e32-9e2c-b1f306586cf1,756efe4d-7926-421a-bfa1-68e09295d1d5,1632843390395,13.4028907,52.4724412,6.4901714,-0.78645724,4.886252,-2.3206906,on bike mount,cyclo cross,True,paving stones,intermediate
28ec7340-d6fa-4d45-aae2-0235aeabfe1e,88cef801-6356-4e32-9e2c-b1f306586cf1,bc284eb2-6236-4f7e-8d36-f08b1a98f7a3,1632843390445,13.4028907,52.4724412,6.4901714,-0.5858631,-5.8154154,3.6064043,on bike mount,cyclo cross,True,paving stones,intermediate
28ec7340-d6fa-4d45-aae2-0235aeabfe1e,88cef801-6356-4e32-9e2c-b1f306586cf1,c959e8fe-804e-4c28-b960-cdc0a1325cd3,1632843390496,13.4028907,52.4724412,6.4901714,1.3441503,-5.6931643,4.9422817,on bike mount,cyclo cross,True,paving stones,intermediate
28ec7340-d6fa-4d45-aae2-0235aeabfe1e,88cef801-6356-4e32-9e2c-b1f306586cf1,10e9a492-adc5-4a04-965c-def3af724544,1632843390546,13.4028907,52.4724412,6.4901714,-0.947109,3.97889,-6.4457064,on bike mount,cyclo cross,True,paving stones,intermediate
28ec7340-d6fa-4d45-aae2-0235aeabfe1e,88cef801-6356-4e32-9e2c-b1f306586cf1,45a1a08c-7552-4421-b71b-26e4906b30a4,1632843390611,13.4028907,52.4724412,6.4901714,0.016511083,2.1525319,-5.9484425,on bike mount,cyclo cross,True,paving stones,intermediate
28ec7340-d6fa-4d45-aae2-0235aeabfe1e,88cef801-6356-4e32-9e2c-b1f306586cf1,7acb3e9d-271b-4b02-9f04-a0aff335d10f,1632843390661,13.4028907,52.4724412,6.4901714,-1.1241431,5.040328,3.712473,on bike mount,cyclo cross,True,paving stones,intermediate
28ec7340-d6fa-4d45-aae2-0235aeabfe1e,88cef801-6356-4e32-9e2c-b1f306586cf1,8206cb81-2aca-497d-b08b-55e90373dc89,1632843390711,13.4028907,52.4724412,6.4901714,0.20795472,-1.4709736,2.25035,on bike mount,cyclo cross,True,paving stones,intermediate
28ec7340-d6fa-4d45-aae2-0235aeabfe1e,88cef801-6356-4e32-9e2c-b1f306586cf1,364c365c-0565-48b8-aef1-677288595c14,1632843390763,13.4028907,52.4724412,6.4901714,-0.43523553,-1.2861323,-0.44560623,on bike mount,cyclo cross,True,paving stones,intermediate
28ec7340-d6fa-4d45-aae2-0235aeabfe1e,88cef801-6356-4e32-9e2c-b1f306586cf1,4fadd46a-9bc6-4920-b8d0-bb7243fec550,1632843390813,13.4028907,52.4724412,6.4901714,2.3515964,-3.5748172,5.0053673,on bike mount,cyclo cross,True,paving stones,intermediate
28ec7340-d6fa-4d45-aae2-0235aeabfe1e,88cef801-6356-4e32-9e2c-b1f306586cf1,0ac415b8-0d55-4189-bdc4-9c83075d2493,1632843390863,13.4028907,52.4724412,6.4901714,-0.5933464,1.8955479,-2.7418685,on bike mount,cyclo cross,True,paving stones,intermediate
28ec7340-d6fa-4d45-aae2-0235aeabfe1e,88cef801-6356-4e32-9e2c-b1f306586cf1,164e710f-a123-4de4-9b44-98a1b5815c04,1632843390929,13.4028907,52.4724412,6.4901714,-0.60250485,-1.9901805,-10.453107,on bike mount,cyclo cross,True,paving stones,intermediate
28ec7340-d6fa-4d45-aae2-0235aeabfe1e,88cef801-6356-4e32-9e2c-b1f306586cf1,1812f33e-e30d-420c-9ccd-147e003e03a8,1632843390980,13.4028907,52.4724412,6.4901714,0.57464474,0.4950137,3.5647812,on bike mount,cyclo cross,True,paving stones,intermediate
28ec7340-d6fa-4d45-aae2-0235aeabfe1e,88cef801-6356-4e32-9e2c-b1f306586cf1,ed7ee208-c4ec-4257-8158-c55a087d0912,1632843391030,13.4028907,52.4724412,6.4901714,-0.1114656,-3.8093414,1.8360138,on bike mount,cyclo cross,True,paving stones,intermediate
28ec7340-d6fa-4d45-aae2-0235aeabfe1e,88cef801-6356-4e32-9e2c-b1f306586cf1,86fb8fae-7260-4466-bb2b-0793d6999d6c,1632843391096,13.4028907,52.4724412,6.4901714,-0.9448756,-1.9292822,-7.0365977,on bike mount,cyclo cross,True,paving stones,intermediate
28ec7340-d6fa-4d45-aae2-0235aeabfe1e,88cef801-6356-4e32-9e2c-b1f306586cf1,c7cd3650-d87e-4361-9881-287ae0cd485c,1632843391146,13.4028907,52.4724412,6.4901714,10.48758,25.27039,-30.702892,on bike mount,cyclo cross,True,paving stones,intermediate
28ec7340-d6fa-4d45-aae2-0235aeabfe1e,88cef801-6356-4e32-9e2c-b1f306586cf1,572d9820-2278-4fff-9fdc-d7a9cc448be5,1632843391197,13.4028907,52.4724412,6.4901714,2.7369084,-8.083865,7.0537405,on bike mount,cyclo cross,True,paving stones,intermediate
28ec7340-d6fa-4d45-aae2-0235aeabfe1e,88cef801-6356-4e32-9e2c-b1f306586cf1,ed9fd7d7-8326-48ad-bb93-d7f927735861,1632843391253,13.4029878,52.4724439,6.627447,-1.986943,1.1944163,-0.97301865,on bike mount,cyclo cross,True,paving stones,intermediate
28ec7340-d6fa-4d45-aae2-0235aeabfe1e,88cef801-6356-4e32-9e2c-b1f306586cf1,9c98a34e-e803-4996-9a05-319332aba8b5,1632843391313,13.4029878,52.4724439,6.627447,0.42453423,2.5985613,3.8332863,on bike mount,cyclo cross,True,paving stones,intermediate
28ec7340-d6fa-4d45-aae2-0235aeabfe1e,88cef801-6356-4e32-9e2c-b1f306586cf1,e6ca791a-f134-4c66-9584-fe7c24caf98d,1632843391363,13.4029878,52.4724439,6.627447,4.4360404,-1.1591213,5.6244946,on bike mount,cyclo cross,True,paving stones,intermediate
28ec7340-d6fa-4d45-aae2-0235aeabfe1e,88cef801-6356-4e32-9e2c-b1f306586cf1,6abd3d21-f91a-4f46-8842-51bbd994d1dd,1632843391412,13.4029878,52.4724439,6.627447,-2.4296641,-3.5586944,-10.234842,on bike mount,cyclo cross,True,paving stones,intermediate
28ec7340-d6fa-4d45-aae2-0235aeabfe1e,88cef801-6356-4e32-9e2c-b1f306586cf1,a4e4662b-bea9-49ff-9569-458856a496bb,1632843391464,13.4029878,52.4724439,6.627447,-0.20993838,6.1891947,-5.1067314,on bike mount,cyclo cross,True,paving stones,intermediate
28ec7340-d6fa-4d45-aae2-0235aeabfe1e,88cef801-6356-4e32-9e2c-b1f306586cf1,cbbe4cc7-555d-41ac-9d6b-9b3c6f058dcf,1632843391513,13.4029878,52.4724439,6.627447,-0.22048166,-4.110216,2.1514988,on bike mount,cyclo cross,True,paving stones,intermediate
28ec7340-d6fa-4d45-aae2-0235aeabfe1e,88cef801-6356-4e32-9e2c-b1f306586cf1,0854b917-31b8-444d-b82f-b4922f01093f,1632843391564,13.4029878,52.4724439,6.627447,-1.9874457,-0.81733584,0.37062168,on bike mount,cyclo cross,True,paving stones,intermediate
28ec7340-d6fa-4d45-aae2-0235aeabfe1e,88cef801-6356-4e32-9e2c-b1f306586cf1,99c02dff-b3ce-4441-aa83-1032537a98e5,1632843391613,13.4029878,52.4724439,6.627447,-0.3277628,-0.7934983,7.7785435,on bike mount,cyclo cross,True,paving stones,intermediate
28ec7340-d6fa-4d45-aae2-0235aeabfe1e,88cef801-6356-4e32-9e2c-b1f306586cf1,b864e3e6-11fc-40ff-ad54-a5c3fb5ed14f,1632843391663,13.4029878,52.4724439,6.627447,0.57205737,-6.204262,-2.698162,on bike mount,cyclo cross,True,paving stones,intermediate
28ec7340-d6fa-4d45-aae2-0235aeabfe1e,88cef801-6356-4e32-9e2c-b1f306586cf1,2b697a80-2746-4b5f-b760-04ee5f62bf5f,1632843391713,13.4029878,52.4724439,6.627447,-3.1999187,2.8221555,-1.6919575,on bike mount,cyclo cross,True,paving stones,intermediate
28ec7340-d6fa-4d45-aae2-0235aeabfe1e,88cef801-6356-4e32-9e2c-b1f306586cf1,a8758e79-e1d8-46aa-8b7a-d5aa8e27f58e,1632843391765,13.4029878,52.4724439,6.627447,0.65548766,-3.2044804,2.677641,on bike mount,cyclo cross,True,paving stones,intermediate
28ec7340-d6fa-4d45-aae2-0235aeabfe1e,88cef801-6356-4e32-9e2c-b1f306586cf1,d0421029-2303-4a50-9c45-ab90938843b6,1632843391831,13.4029878,52.4724439,6.627447,-0.10371545,-2.2283585,-2.9557848,on bike mount,cyclo cross,True,paving stones,intermediate
28ec7340-d6fa-4d45-aae2-0235aeabfe1e,88cef801-6356-4e32-9e2c-b1f306586cf1,1257cfa1-7d07-429b-957a-29200926b02c,1632843391882,13.4029878,52.4724439,6.627447,2.784086,9.877757,-0.51973057,on bike mount,cyclo cross,True,paving stones,intermediate
28ec7340-d6fa-4d45-aae2-0235aeabfe1e,88cef801-6356-4e32-9e2c-b1f306586cf1,eaa41d11-d0fb-450e-b62f-45ba80018930,1632843391933,13.4029878,52.4724439,6.627447,0.43107888,-6.1586637,7.52195,on bike mount,cyclo cross,True,paving stones,intermediate
28ec7340-d6fa-4d45-aae2-0235aeabfe1e,88cef801-6356-4e32-9e2c-b1f306586cf1,3732e0e2-dc89-4bfc-a788-fa00baff8d4d,1632843391983,13.4029878,52.4724439,6.627447,-2.7919073,-7.8576746,-2.9897227,on bike mount,cyclo cross,True,paving stones,intermediate
28ec7340-d6fa-4d45-aae2-0235aeabfe1e,88cef801-6356-4e32-9e2c-b1f306586cf1,4fb959c9-eb5d-432e-92c2-795261338b68,1632843392032,13.4029878,52.4724439,6.627447,0.23715705,-2.7469192,5.00801,on bike mount,cyclo cross,True,paving stones,intermediate
28ec7340-d6fa-4d45-aae2-0235aeabfe1e,88cef801-6356-4e32-9e2c-b1f306586cf1,a8b9fff7-a216-4b55-a483-bc148dc6a28d,1632843392098,13.4029878,52.4724439,6.627447,2.734254,-2.994098,6.543729,on bike mount,cyclo cross,True,paving stones,intermediate
28ec7340-d6fa-4d45-aae2-0235aeabfe1e,88cef801-6356-4e32-9e2c-b1f306586cf1,5719366d-ad85-4fde-a0d2-10df31715ee8,1632843392165,13.4029878,52.4724439,6.627447,-2.7616932,2.9472756,-3.233788,on bike mount,cyclo cross,True,paving stones,intermediate
28ec7340-d6fa-4d45-aae2-0235aeabfe1e,88cef801-6356-4e32-9e2c-b1f306586cf1,33f50e3c-673b-46e3-b44e-1154109894cc,1632843392215,13.4029878,52.4724439,6.627447,0.20118657,5.721178,-3.8166008,on bike mount,cyclo cross,True,paving stones,intermediate
28ec7340-d6fa-4d45-aae2-0235aeabfe1e,88cef801-6356-4e32-9e2c-b1f306586cf1,195630a5-c1a1-4282-a80d-0d5a20e41f1b,1632843392280,13.4030855,52.4724492,6.6896544,-1.469293,2.2198048,0.3104477,on bike mount,cyclo cross,True,paving stones,intermediate
28ec7340-d6fa-4d45-aae2-0235aeabfe1e,88cef801-6356-4e32-9e2c-b1f306586cf1,012a1819-e067-4ab8-a6b1-7ed1454dfaf8,1632843392330,13.4030855,52.4724492,6.6896544,0.63929594,-2.8478534,0.89882565,on bike mount,cyclo cross,True,paving stones,intermediate
28ec7340-d6fa-4d45-aae2-0235aeabfe1e,88cef801-6356-4e32-9e2c-b1f306586cf1,2c5840e2-479f-4521-954f-fbfe2eb937ef,1632843392381,13.4030855,52.4724492,6.6896544,-0.48106027,0.08170462,-2.420535,on bike mount,cyclo cross,True,paving stones,intermediate
28ec7340-d6fa-4d45-aae2-0235aeabfe1e,88cef801-6356-4e32-9e2c-b1f306586cf1,c4283d05-3b94-43be-a445-7f2b8d270db2,1632843392432,13.4030855,52.4724492,6.6896544,-1.4425918,-3.62758,4.860057,on bike mount,cyclo cross,True,paving stones,intermediate
28ec7340-d6fa-4d45-aae2-0235aeabfe1e,88cef801-6356-4e32-9e2c-b1f306586cf1,6a8e5a53-931a-4bc5-9ca6-a131aa3bb82b,1632843392498,13.4030855,52.4724492,6.6896544,-0.8372091,0.91371703,5.0704775,on bike mount,cyclo cross,True,paving stones,intermediate
28ec7340-d6fa-4d45-aae2-0235aeabfe1e,88cef801-6356-4e32-9e2c-b1f306586cf1,3192aceb-de64-4625-b416-644b52c9d404,1632843392550,13.4030855,52.4724492,6.6896544,0.4237355,3.0372326,-0.4237919,on bike mount,cyclo cross,True,paving stones,intermediate
28ec7340-d6fa-4d45-aae2-0235aeabfe1e,88cef801-6356-4e32-9e2c-b1f306586cf1,4b12a83d-2704-4487-a03b-e203d270d975,1632843392615,13.4030855,52.4724492,6.6896544,0.45128244,3.659616,-3.1217961,on bike mount,cyclo cross,True,paving stones,intermediate
28ec7340-d6fa-4d45-aae2-0235aeabfe1e,88cef801-6356-4e32-9e2c-b1f306586cf1,7f00ea6e-497e-4ba3-bfca-da583432138d,1632843392665,13.4030855,52.4724492,6.6896544,0.3426752,-2.679329,9.916365,on bike mount,cyclo cross,True,paving stones,intermediate
28ec7340-d6fa-4d45-aae2-0235aeabfe1e,88cef801-6356-4e32-9e2c-b1f306586cf1,46236ec5-8775-406a-9f45-0cfa50ea1d5c,1632843392717,13.4030855,52.4724492,6.6896544,1.1074194,3.1285067,-4.212553,on bike mount,cyclo cross,True,paving stones,intermediate
28ec7340-d6fa-4d45-aae2-0235aeabfe1e,88cef801-6356-4e32-9e2c-b1f306586cf1,dc72682f-a447-4eef-a703-d819675cd00d,1632843392768,13.4030855,52.4724492,6.6896544,1.4168314,-0.76435566,3.5279484,on bike mount,cyclo cross,True,paving stones,intermediate
28ec7340-d6fa-4d45-aae2-0235aeabfe1e,88cef801-6356-4e32-9e2c-b1f306586cf1,cdb7a7f6-31b0-4f58-967a-0bcd5859bdae,1632843392817,13.4030855,52.4724492,6.6896544,-1.3206574,2.8735905,2.9326658,on bike mount,cyclo cross,True,paving stones,intermediate
28ec7340-d6fa-4d45-aae2-0235aeabfe1e,88cef801-6356-4e32-9e2c-b1f306586cf1,b21ad111-ae82-4e75-9d00-ffe10a9d3859,1632843392867,13.4030855,52.4724492,6.6896544,0.777071,-5.0744896,2.2510986,on bike mount,cyclo cross,True,paving stones,intermediate
28ec7340-d6fa-4d45-aae2-0235aeabfe1e,88cef801-6356-4e32-9e2c-b1f306586cf1,53180b1d-0ad3-400f-b464-8b12428b8437,1632843392917,13.4030855,52.4724492,6.6896544,2.35962,3.3574662,5.9358215,on bike mount,cyclo cross,True,paving stones,intermediate
28ec7340-d6fa-4d45-aae2-0235aeabfe1e,88cef801-6356-4e32-9e2c-b1f306586cf1,54133727-49af-4850-b2a8-d5f01906b35a,1632843392967,13.4030855,52.4724492,6.6896544,0.21853857,-2.7273366,-1.8666387,on bike mount,cyclo cross,True,paving stones,intermediate
28ec7340-d6fa-4d45-aae2-0235aeabfe1e,88cef801-6356-4e32-9e2c-b1f306586cf1,87e74135-e798-41b7-a68e-4d98060cd381,1632843393017,13.4030855,52.4724492,6.6896544,-0.14801459,4.3119316,-2.518611,on bike mount,cyclo cross,True,paving stones,intermediate
28ec7340-d6fa-4d45-aae2-0235aeabfe1e,88cef801-6356-4e32-9e2c-b1f306586cf1,4669cad7-4216-47cc-a483-3035580e012a,1632843393067,13.4030855,52.4724492,6.6896544,0.3630179,-6.855796,3.5404806,on bike mount,cyclo cross,True,paving stones,intermediate
28ec7340-d6fa-4d45-aae2-0235aeabfe1e,88cef801-6356-4e32-9e2c-b1f306586cf1,8059e508-00f8-4487-a9a8-0117e18beb50,1632843393134,13.4030855,52.4724492,6.6896544,3.7044907,-11.319418,5.834585,on bike mount,cyclo cross,True,paving stones,intermediate
28ec7340-d6fa-4d45-aae2-0235aeabfe1e,88cef801-6356-4e32-9e2c-b1f306586cf1,eae570ab-5e8a-423e-9988-e6c509403968,1632843393184,13.4030855,52.4724492,6.6896544,-0.11718672,0.46889305,-6.4361715,on bike mount,cyclo cross,True,paving stones,intermediate
28ec7340-d6fa-4d45-aae2-0235aeabfe1e,88cef801-6356-4e32-9e2c-b1f306586cf1,06d83442-4993-46a2-94ac-566550067432,1632843393242,13.4030855,52.4724492,6.6896544,1.5898215,1.6759076,-6.9504867,on bike mount,cyclo cross,True,paving stones,intermediate
28ec7340-d6fa-4d45-aae2-0235aeabfe1e,88cef801-6356-4e32-9e2c-b1f306586cf1,cecc4771-16a6-4464-9de3-f215fccc05d4,1632843393298,13.4031866,52.4724517,6.6706033,-0.3079098,-0.58644414,-1.199461,on bike mount,cyclo cross,True,paving stones,intermediate
28ec7340-d6fa-4d45-aae2-0235aeabfe1e,88cef801-6356-4e32-9e2c-b1f306586cf1,1e86a3ca-fb5b-43c5-b65a-716259440d32,1632843393350,13.4031866,52.4724517,6.6706033,0.8536632,0.7024467,-3.8887947,on bike mount,cyclo cross,True,paving stones,intermediate
28ec7340-d6fa-4d45-aae2-0235aeabfe1e,88cef801-6356-4e32-9e2c-b1f306586cf1,68f8901f-2ef6-47cf-b1e3-95cc6499a131,1632843393401,13.4031866,52.4724517,6.6706033,-0.19482815,3.8912916,2.5951633,on bike mount,cyclo cross,True,paving stones,intermediate
28ec7340-d6fa-4d45-aae2-0235aeabfe1e,88cef801-6356-4e32-9e2c-b1f306586cf1,5b6574df-6f9c-4789-81bf-670f687b07cf,1632843393467,13.4031866,52.4724517,6.6706033,-0.30386835,-3.570088,7.5921755,on bike mount,cyclo cross,True,paving stones,intermediate
28ec7340-d6fa-4d45-aae2-0235aeabfe1e,88cef801-6356-4e32-9e2c-b1f306586cf1,d8552578-bf8d-4a7d-a59a-f783e285d0ab,1632843393517,13.4031866,52.4724517,6.6706033,0.49392825,-5.995306,1.1423664,on bike mount,cyclo cross,True,paving stones,intermediate
28ec7340-d6fa-4d45-aae2-0235aeabfe1e,88cef801-6356-4e32-9e2c-b1f306586cf1,7e6f278f-029f-4d3c-b805-f5c4fc28e171,1632843393567,13.4031866,52.4724517,6.6706033,0.47986504,3.4186382,0.4017992,on bike mount,cyclo cross,True,paving stones,intermediate
28ec7340-d6fa-4d45-aae2-0235aeabfe1e,88cef801-6356-4e32-9e2c-b1f306586cf1,80dd9cb4-78c5-4289-8247-e25fb927bafb,1632843393617,13.4031866,52.4724517,6.6706033,-0.25938344,-1.2248344,4.0368376,on bike mount,cyclo cross,True,paving stones,intermediate
28ec7340-d6fa-4d45-aae2-0235aeabfe1e,88cef801-6356-4e32-9e2c-b1f306586cf1,01820f24-372d-47fa-a02a-d0238eee7ad4,1632843393667,13.4031866,52.4724517,6.6706033,0.9062295,3.1123557,-2.9043288,on bike mount,cyclo cross,True,paving stones,intermediate
28ec7340-d6fa-4d45-aae2-0235aeabfe1e,88cef801-6356-4e32-9e2c-b1f306586cf1,0eba7618-d9dc-451d-8dc2-ac015a64acb8,1632843393717,13.4031866,52.4724517,6.6706033,-2.702352,0.8262286,4.24492,on bike mount,cyclo cross,True,paving stones,intermediate
28ec7340-d6fa-4d45-aae2-0235aeabfe1e,88cef801-6356-4e32-9e2c-b1f306586cf1,2b637799-d0af-40d2-b388-d6ad760b078a,1632843393767,13.4031866,52.4724517,6.6706033,1.5102707,4.882723,0.9157696,on bike mount,cyclo cross,True,paving stones,intermediate
28ec7340-d6fa-4d45-aae2-0235aeabfe1e,88cef801-6356-4e32-9e2c-b1f306586cf1,6d3b89e9-ca52-49e8-a034-1cf6b58c0e94,1632843393818,13.4031866,52.4724517,6.6706033,2.2464938,-8.583042,-4.756446,on bike mount,cyclo cross,True,paving stones,intermediate
28ec7340-d6fa-4d45-aae2-0235aeabfe1e,88cef801-6356-4e32-9e2c-b1f306586cf1,4dfa541d-b299-421c-9aba-edc5981c6cdb,1632843393869,13.4031866,52.4724517,6.6706033,-0.31448585,4.009794,1.50354,on bike mount,cyclo cross,True,paving stones,intermediate
28ec7340-d6fa-4d45-aae2-0235aeabfe1e,88cef801-6356-4e32-9e2c-b1f306586cf1,8fa56c5d-ff3e-4585-819e-632269985019,1632843393919,13.4031866,52.4724517,6.6706033,2.5690598,-2.4856663,11.09247,on bike mount,cyclo cross,True,paving stones,intermediate
28ec7340-d6fa-4d45-aae2-0235aeabfe1e,88cef801-6356-4e32-9e2c-b1f306586cf1,7916391b-7b87-44e2-9e52-0505581c95b7,1632843393983,13.4031866,52.4724517,6.6706033,-0.36942455,-1.9664729,4.07691,on bike mount,cyclo cross,True,paving stones,intermediate
28ec7340-d6fa-4d45-aae2-0235aeabfe1e,88cef801-6356-4e32-9e2c-b1f306586cf1,f2e36e3d-890f-4d01-8ffd-9e44848555ad,1632843394036,13.4031866,52.4724517,6.6706033,0.6626284,-0.29671645,0.59539604,on bike mount,cyclo cross,True,paving stones,intermediate
28ec7340-d6fa-4d45-aae2-0235aeabfe1e,88cef801-6356-4e32-9e2c-b1f306586cf1,1c116542-599b-45b2-9975-94cb93906a5d,1632843394100,13.4031866,52.4724517,6.6706033,-0.63356453,0.17124951,2.6734467,on bike mount,cyclo cross,True,paving stones,intermediate
28ec7340-d6fa-4d45-aae2-0235aeabfe1e,88cef801-6356-4e32-9e2c-b1f306586cf1,ef3debbf-a751-47c9-acc5-b899d8022924,1632843394152,13.4031866,52.4724517,6.6706033,0.8137014,-5.523962,1.7764301,on bike mount,cyclo cross,True,paving stones,intermediate
28ec7340-d6fa-4d45-aae2-0235aeabfe1e,88cef801-6356-4e32-9e2c-b1f306586cf1,f51e00c6-490d-4e5b-b062-938c1e1be985,1632843394218,13.4031866,52.4724517,6.6706033,-0.48467946,-3.130052,6.464429,on bike mount,cyclo cross,True,paving stones,intermediate
28ec7340-d6fa-4d45-aae2-0235aeabfe1e,88cef801-6356-4e32-9e2c-b1f306586cf1,5591fdc3-d6a9-4ad1-96d4-df8286f26a0a,1632843394268,13.4032827,52.4724566,6.5506988,0.97518736,-9.901028,5.3783283,on bike mount,cyclo cross,True,paving stones,intermediate
28ec7340-d6fa-4d45-aae2-0235aeabfe1e,88cef801-6356-4e32-9e2c-b1f306586cf1,925f67b4-9374-45de-9be1-eb28594fd58f,1632843394318,13.4032827,52.4724566,6.5506988,-1.2949458,-2.6191723,0.21231365,on bike mount,cyclo cross,True,paving stones,intermediate
28ec7340-d6fa-4d45-aae2-0235aeabfe1e,88cef801-6356-4e32-9e2c-b1f306586cf1,7363ecad-f916-42cf-886f-6370b7639ae3,1632843394385,13.4032827,52.4724566,6.5506988,1.7242153,2.8139715,1.7390347,on bike mount,cyclo cross,True,paving stones,intermediate
28ec7340-d6fa-4d45-aae2-0235aeabfe1e,88cef801-6356-4e32-9e2c-b1f306586cf1,12db223d-ec00-4d35-8904-abd58aa5b6ad,1632843394436,13.4032827,52.4724566,6.5506988,-0.4381633,2.5256164,-11.354963,on bike mount,cyclo cross,True,paving stones,intermediate
28ec7340-d6fa-4d45-aae2-0235aeabfe1e,88cef801-6356-4e32-9e2c-b1f306586cf1,20ac12db-3c37-4267-9f52-c5516eb26224,1632843394487,13.4032827,52.4724566,6.5506988,1.0449567,7.05027,3.6275234,on bike mount,cyclo cross,True,paving stones,intermediate
28ec7340-d6fa-4d45-aae2-0235aeabfe1e,88cef801-6356-4e32-9e2c-b1f306586cf1,6f5ed08a-c229-45b8-893d-782fbc15b8e9,1632843394537,13.4032827,52.4724566,6.5506988,1.7890778,-3.6288586,2.6649952,on bike mount,cyclo cross,True,paving stones,intermediate
28ec7340-d6fa-4d45-aae2-0235aeabfe1e,88cef801-6356-4e32-9e2c-b1f306586cf1,e0279819-1994-44cc-832f-13d8c786d55f,1632843394586,13.4032827,52.4724566,6.5506988,-0.08634338,-4.4049835,1.5064859,on bike mount,cyclo cross,True,paving stones,intermediate
28ec7340-d6fa-4d45-aae2-0235aeabfe1e,88cef801-6356-4e32-9e2c-b1f306586cf1,bf9f38e4-7bda-48b5-8489-c417682cd9ba,1632843394636,13.4032827,52.4724566,6.5506988,-1.5662847,-5.2196155,9.500338,on bike mount,cyclo cross,True,paving stones,intermediate
28ec7340-d6fa-4d45-aae2-0235aeabfe1e,88cef801-6356-4e32-9e2c-b1f306586cf1,f9e6bd97-b1dc-4d79-8eeb-1d48cee809cc,1632843394687,13.4032827,52.4724566,6.5506988,1.8210037,8.113389,-4.561958,on bike mount,cyclo cross,True,paving stones,intermediate
28ec7340-d6fa-4d45-aae2-0235aeabfe1e,88cef801-6356-4e32-9e2c-b1f306586cf1,ab2ff5f0-7f2a-4115-b27f-bfcdf8a8a1c7,1632843394754,13.4032827,52.4724566,6.5506988,4.297008,-14.666988,4.3518496,on bike mount,cyclo cross,True,paving stones,intermediate
28ec7340-d6fa-4d45-aae2-0235aeabfe1e,88cef801-6356-4e32-9e2c-b1f306586cf1,c416c375-e7cc-419d-bb9d-c5ff2d936c3e,1632843394804,13.4032827,52.4724566,6.5506988,-1.3620664,4.532423,-9.85998,on bike mount,cyclo cross,True,paving stones,intermediate
28ec7340-d6fa-4d45-aae2-0235aeabfe1e,88cef801-6356-4e32-9e2c-b1f306586cf1,82fb05d8-8209-4d6b-a0fc-3bf6ec95410a,1632843394854,13.4032827,52.4724566,6.5506988,-2.4161677,-2.6768088,3.8725996,on bike mount,cyclo cross,True,paving stones,intermediate
28ec7340-d6fa-4d45-aae2-0235aeabfe1e,88cef801-6356-4e32-9e2c-b1f306586cf1,fd4bda69-ca89-4d71-a22c-0e5742537952,1632843394904,13.4032827,52.4724566,6.5506988,-1.2306513,-3.3402314,1.2729683,on bike mount,cyclo cross,True,paving stones,intermediate
28ec7340-d6fa-4d45-aae2-0235aeabfe1e,88cef801-6356-4e32-9e2c-b1f306586cf1,a07428d5-a7a2-4304-8560-c74b82312772,1632843394954,13.4032827,52.4724566,6.5506988,-1.0160356,-1.8397598,-2.6402578,on bike mount,cyclo cross,True,paving stones,intermediate
28ec7340-d6fa-4d45-aae2-0235aeabfe1e,88cef801-6356-4e32-9e2c-b1f306586cf1,a20a17a9-7043-4bfb-bcdb-eba7b3427c4d,1632843395004,13.4032827,52.4724566,6.5506988,2.9678054,-7.1454034,-2.5834022,on bike mount,cyclo cross,True,paving stones,intermediate
28ec7340-d6fa-4d45-aae2-0235aeabfe1e,88cef801-6356-4e32-9e2c-b1f306586cf1,ae07df1c-6d30-4171-a9e2-ff050a8667d1,1632843395054,13.4032827,52.4724566,6.5506988,-0.38468385,4.842383,-6.460291,on bike mount,cyclo cross,True,paving stones,intermediate
28ec7340-d6fa-4d45-aae2-0235aeabfe1e,88cef801-6356-4e32-9e2c-b1f306586cf1,415e287e-c169-48db-99ab-8c3e18e35a0c,1632843395120,13.4032827,52.4724566,6.5506988,-0.57901764,-6.961627,-7.0724254,on bike mount,cyclo cross,True,paving stones,intermediate
28ec7340-d6fa-4d45-aae2-0235aeabfe1e,88cef801-6356-4e32-9e2c-b1f306586cf1,d22b74df-d007-40d8-b895-9a594aa0ce6c,1632843395170,13.4032827,52.4724566,6.5506988,-1.1977837,3.2475324,3.713251,on bike mount,cyclo cross,True,paving stones,intermediate
28ec7340-d6fa-4d45-aae2-0235aeabfe1e,88cef801-6356-4e32-9e2c-b1f306586cf1,cc03c081-f979-4de7-abc1-6a09474f4136,1632843395220,13.4032827,52.4724566,6.5506988,0.14064038,-1.687825,2.570181,on bike mount,cyclo cross,True,paving stones,intermediate
28ec7340-d6fa-4d45-aae2-0235aeabfe1e,88cef801-6356-4e32-9e2c-b1f306586cf1,1f82db8a-b963-48ea-80ec-319c6b51a5fe,1632843395270,13.403378,52.4724592,6.450862,0.9346863,3.5989218,-5.575313,on bike mount,cyclo cross,True,paving stones,intermediate
28ec7340-d6fa-4d45-aae2-0235aeabfe1e,88cef801-6356-4e32-9e2c-b1f306586cf1,bac6009d-67d5-4ab1-9880-57b9ec270131,1632843395321,13.403378,52.4724592,6.450862,-0.11787555,-3.0291946,4.9514284,on bike mount,cyclo cross,True,paving stones,intermediate
28ec7340-d6fa-4d45-aae2-0235aeabfe1e,88cef801-6356-4e32-9e2c-b1f306586cf1,7da3e01b-1f70-47f9-b4e5-d1e9dfb0caa5,1632843395371,13.403378,52.4724592,6.450862,-0.8565768,-0.6283579,-0.33863068,on bike mount,cyclo cross,True,paving stones,intermediate
28ec7340-d6fa-4d45-aae2-0235aeabfe1e,88cef801-6356-4e32-9e2c-b1f306586cf1,a24fc749-8a1e-4b0a-aa56-c005e594e5d9,1632843395421,13.403378,52.4724592,6.450862,1.4216958,1.601903,6.46459,on bike mount,cyclo cross,True,paving stones,intermediate
28ec7340-d6fa-4d45-aae2-0235aeabfe1e,88cef801-6356-4e32-9e2c-b1f306586cf1,94b32691-88e8-4df3-862a-b754f379b803,1632843395471,13.403378,52.4724592,6.450862,-0.32382435,2.5206857,2.4482126,on bike mount,cyclo cross,True,paving stones,intermediate
28ec7340-d6fa-4d45-aae2-0235aeabfe1e,88cef801-6356-4e32-9e2c-b1f306586cf1,52b624e0-a2ec-42a3-8da0-270082a3359e,1632843395521,13.403378,52.4724592,6.450862,-1.2572852,-3.849481,1.1266966,on bike mount,cyclo cross,True,paving stones,intermediate
28ec7340-d6fa-4d45-aae2-0235aeabfe1e,88cef801-6356-4e32-9e2c-b1f306586cf1,ccc65008-d829-42b8-8207-5dd6549abe8b,1632843395571,13.403378,52.4724592,6.450862,0.12343067,3.9513454,-2.7454462,on bike mount,cyclo cross,True,paving stones,intermediate
28ec7340-d6fa-4d45-aae2-0235aeabfe1e,88cef801-6356-4e32-9e2c-b1f306586cf1,9a445630-1760-445a-b807-29bd6df7f628,1632843395621,13.403378,52.4724592,6.450862,0.7067126,-1.6519423,10.371669,on bike mount,cyclo cross,True,paving stones,intermediate
28ec7340-d6fa-4d45-aae2-0235aeabfe1e,88cef801-6356-4e32-9e2c-b1f306586cf1,9a632184-35ce-4d57-a35a-60dd5c065f0d,1632843395671,13.403378,52.4724592,6.450862,0.4941891,-0.084849596,-2.2121239,on bike mount,cyclo cross,True,paving stones,intermediate
28ec7340-d6fa-4d45-aae2-0235aeabfe1e,88cef801-6356-4e32-9e2c-b1f306586cf1,5c621116-e800-4700-b76f-613ea92b52e8,1632843395721,13.403378,52.4724592,6.450862,-0.54102933,1.4942989,-2.593274,on bike mount,cyclo cross,True,paving stones,intermediate
28ec7340-d6fa-4d45-aae2-0235aeabfe1e,88cef801-6356-4e32-9e2c-b1f306586cf1,da558021-ac0c-4978-8d26-43c74b93d0d2,1632843395771,13.403378,52.4724592,6.450862,1.9447505,-2.859385,3.7478228,on bike mount,cyclo cross,True,paving stones,intermediate
28ec7340-d6fa-4d45-aae2-0235aeabfe1e,88cef801-6356-4e32-9e2c-b1f306586cf1,a07aad06-ce01-4848-97d2-7204aa55be9a,1632843395821,13.403378,52.4724592,6.450862,-1.5065002,-1.882633,-5.8726406,on bike mount,cyclo cross,True,paving stones,intermediate
28ec7340-d6fa-4d45-aae2-0235aeabfe1e,88cef801-6356-4e32-9e2c-b1f306586cf1,5c7eab35-e522-49c3-b9ab-e895eb6d4956,1632843395871,13.403378,52.4724592,6.450862,-0.34688672,0.6426244,-5.745345,on bike mount,cyclo cross,True,paving stones,intermediate
28ec7340-d6fa-4d45-aae2-0235aeabfe1e,88cef801-6356-4e32-9e2c-b1f306586cf1,5ec3122f-27b7-4349-b0f4-a59fed9bf72d,1632843395922,13.403378,52.4724592,6.450862,0.56123734,7.8723917,16.028748,on bike mount,cyclo cross,True,paving stones,intermediate
28ec7340-d6fa-4d45-aae2-0235aeabfe1e,88cef801-6356-4e32-9e2c-b1f306586cf1,b422952b-b848-4383-9f59-6cb0d9ebc8d3,1632843395972,13.403378,52.4724592,6.450862,-0.83912325,-10.323479,-5.2188864,on bike mount,cyclo cross,True,paving stones,intermediate
28ec7340-d6fa-4d45-aae2-0235aeabfe1e,88cef801-6356-4e32-9e2c-b1f306586cf1,f6665308-346a-4f47-8234-d0ad74c66bbf,1632843396022,13.403378,52.4724592,6.450862,2.4893482,-10.637702,2.6114445,on bike mount,cyclo cross,True,paving stones,intermediate
28ec7340-d6fa-4d45-aae2-0235aeabfe1e,88cef801-6356-4e32-9e2c-b1f306586cf1,925b6e02-825f-4358-b3e0-7fdab25a5515,1632843396088,13.403378,52.4724592,6.450862,-0.27735075,12.599682,-7.8417773,on bike mount,cyclo cross,True,paving stones,intermediate
28ec7340-d6fa-4d45-aae2-0235aeabfe1e,88cef801-6356-4e32-9e2c-b1f306586cf1,720ea57a-93da-4779-882f-0d7252e145b1,1632843396139,13.403378,52.4724592,6.450862,-1.2036185,-5.9942236,-1.2929993,on bike mount,cyclo cross,True,paving stones,intermediate
28ec7340-d6fa-4d45-aae2-0235aeabfe1e,88cef801-6356-4e32-9e2c-b1f306586cf1,2d1159d3-4d1c-4b48-8a92-78b714ba8630,1632843396205,13.403378,52.4724592,6.450862,1.5424072,-1.0533699,-0.78342247,on bike mount,cyclo cross,True,paving stones,intermediate
28ec7340-d6fa-4d45-aae2-0235aeabfe1e,88cef801-6356-4e32-9e2c-b1f306586cf1,cdd04166-80a5-40c7-9437-8d6f7d199010,1632843396256,13.4034729,52.4724582,6.4991236,-0.06532556,-0.472656,-0.14569187,on bike mount,cyclo cross,True,paving stones,intermediate
28ec7340-d6fa-4d45-aae2-0235aeabfe1e,88cef801-6356-4e32-9e2c-b1f306586cf1,3af9c191-a4a2-46aa-8bb9-770ccab14d36,1632843396306,13.4034729,52.4724582,6.4991236,0.2784385,-1.575116,3.9117699,on bike mount,cyclo cross,True,paving stones,intermediate
28ec7340-d6fa-4d45-aae2-0235aeabfe1e,88cef801-6356-4e32-9e2c-b1f306586cf1,300ec246-f9f5-4120-a3a8-08bbf71d520a,1632843396371,13.4034729,52.4724582,6.4991236,-2.2162547,4.2679234,1.3436346,on bike mount,cyclo cross,True,paving stones,intermediate
28ec7340-d6fa-4d45-aae2-0235aeabfe1e,88cef801-6356-4e32-9e2c-b1f306586cf1,9c0fd79f-48c1-46e4-aa08-57af7c69afc1,1632843396422,13.4034729,52.4724582,6.4991236,-0.06703818,0.63805294,-2.9731174,on bike mount,cyclo cross,True,paving stones,intermediate
28ec7340-d6fa-4d45-aae2-0235aeabfe1e,88cef801-6356-4e32-9e2c-b1f306586cf1,f5b45c63-bf41-44de-8ebc-4bfc982fd9a4,1632843396472,13.4034729,52.4724582,6.4991236,-0.124167815,-4.2601376,6.4446383,on bike mount,cyclo cross,True,paving stones,intermediate
28ec7340-d6fa-4d45-aae2-0235aeabfe1e,88cef801-6356-4e32-9e2c-b1f306586cf1,9c042a98-885a-4f00-a2c6-811cc2bc44ec,1632843396523,13.4034729,52.4724582,6.4991236,0.391819,0.41401386,5.6193714,on bike mount,cyclo cross,True,paving stones,intermediate
28ec7340-d6fa-4d45-aae2-0235aeabfe1e,88cef801-6356-4e32-9e2c-b1f306586cf1,12b954a4-257b-49fd-af10-40ad08a53514,1632843396574,13.4034729,52.4724582,6.4991236,-0.03556764,2.304308,-2.2597218,on bike mount,cyclo cross,True,paving stones,intermediate
28ec7340-d6fa-4d45-aae2-0235aeabfe1e,88cef801-6356-4e32-9e2c-b1f306586cf1,3d3ab7f5-6c08-414f-8fa4-915eec4bcc3a,1632843396638,13.4034729,52.4724582,6.4991236,0.5010001,-2.0163012,-7.3187685,on bike mount,cyclo cross,True,paving stones,intermediate
28ec7340-d6fa-4d45-aae2-0235aeabfe1e,88cef801-6356-4e32-9e2c-b1f306586cf1,c92ba87f-b0cc-4506-8ded-3aecfe75a3ed,1632843396689,13.4034729,52.4724582,6.4991236,-0.6080384,2.311254,1.3620892,on bike mount,cyclo cross,True,paving stones,intermediate
28ec7340-d6fa-4d45-aae2-0235aeabfe1e,88cef801-6356-4e32-9e2c-b1f306586cf1,5cea0eec-61e2-4055-96e8-f0f538a914f0,1632843396739,13.4034729,52.4724582,6.4991236,-0.48234764,-3.4745665,5.7248106,on bike mount,cyclo cross,True,paving stones,intermediate
28ec7340-d6fa-4d45-aae2-0235aeabfe1e,88cef801-6356-4e32-9e2c-b1f306586cf1,1e99121d-a720-45ea-be5c-1a94fe55453d,1632843396790,13.4034729,52.4724582,6.4991236,-0.4269528,-4.535149,-11.3156395,on bike mount,cyclo cross,True,paving stones,intermediate
28ec7340-d6fa-4d45-aae2-0235aeabfe1e,88cef801-6356-4e32-9e2c-b1f306586cf1,3d0380b2-aade-4038-8f40-b6e5a1755761,1632843396839,13.4034729,52.4724582,6.4991236,1.6574867,2.3861823,-6.376616,on bike mount,cyclo cross,True,paving stones,intermediate
28ec7340-d6fa-4d45-aae2-0235aeabfe1e,88cef801-6356-4e32-9e2c-b1f306586cf1,1e53462e-62f7-43da-bfcb-37c91e757335,1632843396890,13.4034729,52.4724582,6.4991236,-0.6000114,-3.981115,4.153617,on bike mount,cyclo cross,True,paving stones,intermediate
28ec7340-d6fa-4d45-aae2-0235aeabfe1e,88cef801-6356-4e32-9e2c-b1f306586cf1,14cc71b9-825b-47fe-98a2-4f0fdb74073e,1632843396940,13.4034729,52.4724582,6.4991236,2.3068395,-3.2686608,-3.2362823,on bike mount,cyclo cross,True,paving stones,intermediate
28ec7340-d6fa-4d45-aae2-0235aeabfe1e,88cef801-6356-4e32-9e2c-b1f306586cf1,93e4b863-978c-4b73-8293-17377fcdac30,1632843396990,13.4034729,52.4724582,6.4991236,1.367238,4.652773,0.060186386,on bike mount,cyclo cross,True,paving stones,intermediate
28ec7340-d6fa-4d45-aae2-0235aeabfe1e,88cef801-6356-4e32-9e2c-b1f306586cf1,6ac6e643-37ae-4d12-aeb0-4d1b4c10f11d,1632843397059,13.4034729,52.4724582,6.4991236,-2.091809,1.4172063,3.9107113,on bike mount,cyclo cross,True,paving stones,intermediate
28ec7340-d6fa-4d45-aae2-0235aeabfe1e,88cef801-6356-4e32-9e2c-b1f306586cf1,488ed96e-08ad-4991-81dc-edd240400ef6,1632843397109,13.4034729,52.4724582,6.4991236,0.14526021,-5.839213,-6.4539795,on bike mount,cyclo cross,True,paving stones,intermediate
28ec7340-d6fa-4d45-aae2-0235aeabfe1e,88cef801-6356-4e32-9e2c-b1f306586cf1,563e173f-0154-4a2e-bdaf-67b3c9127caa,1632843397174,13.4034729,52.4724582,6.4991236,0.21461082,-0.92759573,-2.3303347,on bike mount,cyclo cross,True,paving stones,intermediate
28ec7340-d6fa-4d45-aae2-0235aeabfe1e,88cef801-6356-4e32-9e2c-b1f306586cf1,ae3fddce-7e42-475f-88bc-81df6bdcff64,1632843397224,13.4034729,52.4724582,6.4991236,-2.949934,-3.8614855,-1.448473,on bike mount,cyclo cross,True,paving stones,intermediate
28ec7340-d6fa-4d45-aae2-0235aeabfe1e,88cef801-6356-4e32-9e2c-b1f306586cf1,eaabefcc-efa6-4a52-a2e8-e5ccfacad5ae,1632843397275,13.4035687,52.4724596,6.519655,0.1997008,-3.8549094,3.514968,on bike mount,cyclo cross,True,paving stones,intermediate
28ec7340-d6fa-4d45-aae2-0235aeabfe1e,88cef801-6356-4e32-9e2c-b1f306586cf1,f3719078-e969-4c97-ab9e-bc5851f2a702,1632843397326,13.4035687,52.4724596,6.519655,-1.5571862,1.5501866,-5.104399,on bike mount,cyclo cross,True,paving stones,intermediate
28ec7340-d6fa-4d45-aae2-0235aeabfe1e,88cef801-6356-4e32-9e2c-b1f306586cf1,1453204b-796f-4d16-a35c-197758ef60a5,1632843397376,13.4035687,52.4724596,6.519655,-1.1380602,19.095253,-10.545843,on bike mount,cyclo cross,True,paving stones,intermediate
28ec7340-d6fa-4d45-aae2-0235aeabfe1e,88cef801-6356-4e32-9e2c-b1f306586cf1,8d4845d8-ee66-40e5-978b-a63b0db5aa3a,1632843397426,13.4035687,52.4724596,6.519655,3.3050961,-6.1818495,7.7689447,on bike mount,cyclo cross,True,paving stones,intermediate
28ec7340-d6fa-4d45-aae2-0235aeabfe1e,88cef801-6356-4e32-9e2c-b1f306586cf1,7c9a7a5d-2770-4ba5-82ac-2f4b2d0182af,1632843397491,13.4035687,52.4724596,6.519655,-2.9299965,9.040596,3.7376423,on bike mount,cyclo cross,True,paving stones,intermediate
28ec7340-d6fa-4d45-aae2-0235aeabfe1e,88cef801-6356-4e32-9e2c-b1f306586cf1,3c306b66-50d4-4acc-88a5-35835534f2c9,1632843397541,13.4035687,52.4724596,6.519655,-0.34120876,8.669548,-13.468042,on bike mount,cyclo cross,True,paving stones,intermediate
28ec7340-d6fa-4d45-aae2-0235aeabfe1e,88cef801-6356-4e32-9e2c-b1f306586cf1,accfea3c-3c28-424a-a106-902308779d1b,1632843397591,13.4035687,52.4724596,6.519655,-4.0788345,-1.4722866,4.802701,on bike mount,cyclo cross,True,paving stones,intermediate
28ec7340-d6fa-4d45-aae2-0235aeabfe1e,88cef801-6356-4e32-9e2c-b1f306586cf1,a476225e-4d18-4c13-9832-5febb9809ede,1632843397641,13.4035687,52.4724596,6.519655,2.362896,-7.6784678,6.967367,on bike mount,cyclo cross,True,paving stones,intermediate
28ec7340-d6fa-4d45-aae2-0235aeabfe1e,88cef801-6356-4e32-9e2c-b1f306586cf1,b796244a-4169-40e1-9c72-29a79958ed29,1632843397692,13.4035687,52.4724596,6.519655,5.381919,-19.272144,-4.161908,on bike mount,cyclo cross,True,paving stones,intermediate
28ec7340-d6fa-4d45-aae2-0235aeabfe1e,88cef801-6356-4e32-9e2c-b1f306586cf1,320fb1ee-81d7-477f-9686-c0a61f053e01,1632843397758,13.4035687,52.4724596,6.519655,-1.2987295,2.6933107,2.148119,on bike mount,cyclo cross,True,paving stones,intermediate
28ec7340-d6fa-4d45-aae2-0235aeabfe1e,88cef801-6356-4e32-9e2c-b1f306586cf1,68d81fad-e21f-4a13-8a21-9cd1bba6a09a,1632843397809,13.4035687,52.4724596,6.519655,0.8502458,1.3901997,-1.1720924,on bike mount,cyclo cross,True,paving stones,intermediate
28ec7340-d6fa-4d45-aae2-0235aeabfe1e,88cef801-6356-4e32-9e2c-b1f306586cf1,7ac55980-eda1-450e-9e1f-71fa6cb14b53,1632843397858,13.4035687,52.4724596,6.519655,0.6933925,-5.0405073,-5.99837,on bike mount,cyclo cross,True,paving stones,intermediate
28ec7340-d6fa-4d45-aae2-0235aeabfe1e,88cef801-6356-4e32-9e2c-b1f306586cf1,b4313148-3586-4b42-96e4-a617e195c825,1632843397908,13.4035687,52.4724596,6.519655,-0.588668,2.3206143,-2.6009827,on bike mount,cyclo cross,True,paving stones,intermediate
28ec7340-d6fa-4d45-aae2-0235aeabfe1e,88cef801-6356-4e32-9e2c-b1f306586cf1,2752c2b4-4df0-490f-8a55-15597d22368a,1632843397958,13.4035687,52.4724596,6.519655,1.9497645,-4.5573325,7.9762945,on bike mount,cyclo cross,True,paving stones,intermediate
28ec7340-d6fa-4d45-aae2-0235aeabfe1e,88cef801-6356-4e32-9e2c-b1f306586cf1,c25d340c-2a36-4c6f-8f69-c5f4b091fdd7,1632843398009,13.4035687,52.4724596,6.519655,-0.9255723,-4.4310637,-7.4196024,on bike mount,cyclo cross,True,paving stones,intermediate
28ec7340-d6fa-4d45-aae2-0235aeabfe1e,88cef801-6356-4e32-9e2c-b1f306586cf1,2d61b4ed-09ed-43f0-9b07-b69601240cb2,1632843398058,13.4035687,52.4724596,6.519655,2.0151489,3.9700575,1.9317999,on bike mount,cyclo cross,True,paving stones,intermediate
28ec7340-d6fa-4d45-aae2-0235aeabfe1e,88cef801-6356-4e32-9e2c-b1f306586cf1,df988cd4-38d6-454f-88c7-c34622aa6c36,1632843398109,13.4035687,52.4724596,6.519655,-0.6456844,-0.2118802,-3.2102022,on bike mount,cyclo cross,True,paving stones,intermediate
28ec7340-d6fa-4d45-aae2-0235aeabfe1e,88cef801-6356-4e32-9e2c-b1f306586cf1,65756e7c-7fb0-474d-8a8f-040cd230ed8f,1632843398159,13.4035687,52.4724596,6.519655,-1.5387627,0.2862687,0.22768593,on bike mount,cyclo cross,True,paving stones,intermediate
28ec7340-d6fa-4d45-aae2-0235aeabfe1e,88cef801-6356-4e32-9e2c-b1f306586cf1,640d65c2-7c00-4cab-9018-d75a07ff139a,1632843398210,13.4035687,52.4724596,6.519655,-0.49779165,0.11915779,-0.18967819,on bike mount,cyclo cross,True,paving stones,intermediate
28ec7340-d6fa-4d45-aae2-0235aeabfe1e,88cef801-6356-4e32-9e2c-b1f306586cf1,e3373543-29dc-4cda-b992-b08668d36f28,1632843398277,13.4036662,52.4724617,6.559335,0.6648921,-6.2436237,-1.1500669,on bike mount,cyclo cross,True,paving stones,intermediate
28ec7340-d6fa-4d45-aae2-0235aeabfe1e,88cef801-6356-4e32-9e2c-b1f306586cf1,6a2569a1-afa1-4684-a196-771353e0cfe6,1632843398341,13.4036662,52.4724617,6.559335,-0.3536349,-3.7425823,2.2648878,on bike mount,cyclo cross,True,paving stones,intermediate
28ec7340-d6fa-4d45-aae2-0235aeabfe1e,88cef801-6356-4e32-9e2c-b1f306586cf1,2fbfcb1d-9ab3-4b2a-a21b-8c5bc512e98f,1632843398392,13.4036662,52.4724617,6.559335,-1.1805879,-2.7766864,5.592436,on bike mount,cyclo cross,True,paving stones,intermediate
28ec7340-d6fa-4d45-aae2-0235aeabfe1e,88cef801-6356-4e32-9e2c-b1f306586cf1,eec7497f-81f9-4174-a7ab-96bbf6aa4eb0,1632843398443,13.4036662,52.4724617,6.559335,-0.036170304,0.2263217,5.1713486,on bike mount,cyclo cross,True,paving stones,intermediate
28ec7340-d6fa-4d45-aae2-0235aeabfe1e,88cef801-6356-4e32-9e2c-b1f306586cf1,363c4c49-793c-4df3-b0fa-8aa716b43b07,1632843398494,13.4036662,52.4724617,6.559335,-0.21887954,-6.936017,2.3342228,on bike mount,cyclo cross,True,paving stones,intermediate
28ec7340-d6fa-4d45-aae2-0235aeabfe1e,88cef801-6356-4e32-9e2c-b1f306586cf1,65ee0222-bd05-4aa5-ac2b-203c6612939f,1632843398543,13.4036662,52.4724617,6.559335,2.4885411,-1.8647153,-7.110165,on bike mount,cyclo cross,True,paving stones,intermediate
28ec7340-d6fa-4d45-aae2-0235aeabfe1e,88cef801-6356-4e32-9e2c-b1f306586cf1,318523c4-0f14-4995-b680-80709d11319d,1632843398609,13.4036662,52.4724617,6.559335,-0.50574625,3.626124,-4.2568955,on bike mount,cyclo cross,True,paving stones,intermediate
28ec7340-d6fa-4d45-aae2-0235aeabfe1e,88cef801-6356-4e32-9e2c-b1f306586cf1,13957b49-4503-4b43-bdff-c67cab09c51d,1632843398659,13.4036662,52.4724617,6.559335,-0.74731666,8.219395,2.2220669,on bike mount,cyclo cross,True,paving stones,intermediate
28ec7340-d6fa-4d45-aae2-0235aeabfe1e,88cef801-6356-4e32-9e2c-b1f306586cf1,f085a66d-86a5-44fe-bcf3-89b5f7facbd2,1632843398709,13.4036662,52.4724617,6.559335,0.34553605,0.8434162,-5.66176,on bike mount,cyclo cross,True,paving stones,intermediate
28ec7340-d6fa-4d45-aae2-0235aeabfe1e,88cef801-6356-4e32-9e2c-b1f306586cf1,28340c06-6a26-4a2f-bdf2-0ff9afb7fc6d,1632843398760,13.4036662,52.4724617,6.559335,-1.7218349,3.975399,0.0002040863,on bike mount,cyclo cross,True,paving stones,intermediate
28ec7340-d6fa-4d45-aae2-0235aeabfe1e,88cef801-6356-4e32-9e2c-b1f306586cf1,1022bca2-5d64-466a-b7c6-848ec975e2d6,1632843398811,13.4036662,52.4724617,6.559335,-1.0398866,2.4922237,1.0541754,on bike mount,cyclo cross,True,paving stones,intermediate
28ec7340-d6fa-4d45-aae2-0235aeabfe1e,88cef801-6356-4e32-9e2c-b1f306586cf1,a64c285d-02a8-44ac-99c1-bcd21fddfee4,1632843398861,13.4036662,52.4724617,6.559335,0.0429087,-1.5318886,-1.1772213,on bike mount,cyclo cross,True,paving stones,intermediate
28ec7340-d6fa-4d45-aae2-0235aeabfe1e,88cef801-6356-4e32-9e2c-b1f306586cf1,3bf08177-e925-4789-92f1-c9fae877393d,1632843398910,13.4036662,52.4724617,6.559335,0.6098437,4.0926633,3.4516363,on bike mount,cyclo cross,True,paving stones,intermediate
28ec7340-d6fa-4d45-aae2-0235aeabfe1e,88cef801-6356-4e32-9e2c-b1f306586cf1,c87ffff5-e6c9-40a5-aeb6-94758ed68ea7,1632843398961,13.4036662,52.4724617,6.559335,2.182537,-2.1271842,2.6040754,on bike mount,cyclo cross,True,paving stones,intermediate
28ec7340-d6fa-4d45-aae2-0235aeabfe1e,88cef801-6356-4e32-9e2c-b1f306586cf1,8c8c680f-7924-4fae-b9b9-a7e934a14233,1632843399011,13.4036662,52.4724617,6.559335,-1.5957177,-6.0747995,1.9929609,on bike mount,cyclo cross,True,paving stones,intermediate
28ec7340-d6fa-4d45-aae2-0235aeabfe1e,88cef801-6356-4e32-9e2c-b1f306586cf1,f4a14a01-14e2-465d-a541-30cc569f476d,1632843399061,13.4036662,52.4724617,6.559335,-1.4996566,2.7844706,4.768179,on bike mount,cyclo cross,True,paving stones,intermediate
28ec7340-d6fa-4d45-aae2-0235aeabfe1e,88cef801-6356-4e32-9e2c-b1f306586cf1,db7a6351-f8eb-46ef-bebd-123f7bbf8b48,1632843399126,13.4036662,52.4724617,6.559335,2.4932728,-4.3062506,2.920949,on bike mount,cyclo cross,True,paving stones,intermediate
28ec7340-d6fa-4d45-aae2-0235aeabfe1e,88cef801-6356-4e32-9e2c-b1f306586cf1,ac18eb03-8631-4071-ad27-e71dd7406772,1632843399177,13.4036662,52.4724617,6.559335,1.9544017,-6.127282,-3.3883367,on bike mount,cyclo cross,True,paving stones,intermediate
28ec7340-d6fa-4d45-aae2-0235aeabfe1e,88cef801-6356-4e32-9e2c-b1f306586cf1,978cb8aa-2e0b-475b-906b-10b8943578af,1632843399229,13.4036662,52.4724617,6.559335,-1.5928218,2.6935635,0.6363411,on bike mount,cyclo cross,True,paving stones,intermediate
28ec7340-d6fa-4d45-aae2-0235aeabfe1e,88cef801-6356-4e32-9e2c-b1f306586cf1,59a32dac-b234-4a4e-9646-6b9f7faf86cb,1632843399294,13.403765,52.4724674,6.5699835,2.3799665,0.652925,4.724062,on bike mount,cyclo cross,True,paving stones,intermediate
28ec7340-d6fa-4d45-aae2-0235aeabfe1e,88cef801-6356-4e32-9e2c-b1f306586cf1,5b24600f-2675-4a60-ad63-b59b62ce8098,1632843399345,13.403765,52.4724674,6.5699835,1.4112061,-4.373291,-1.1550999,on bike mount,cyclo cross,True,paving stones,intermediate
28ec7340-d6fa-4d45-aae2-0235aeabfe1e,88cef801-6356-4e32-9e2c-b1f306586cf1,ee635eb8-4268-4b67-8e2c-d15414b0a794,1632843399410,13.403765,52.4724674,6.5699835,3.1836839,-8.663288,-4.3078694,on bike mount,cyclo cross,True,paving stones,intermediate
28ec7340-d6fa-4d45-aae2-0235aeabfe1e,88cef801-6356-4e32-9e2c-b1f306586cf1,64ba6835-827a-4ff5-a053-e8be3210cdfe,1632843399461,13.403765,52.4724674,6.5699835,-0.8215873,5.724986,-0.8132248,on bike mount,cyclo cross,True,paving stones,intermediate
28ec7340-d6fa-4d45-aae2-0235aeabfe1e,88cef801-6356-4e32-9e2c-b1f306586cf1,ff90f850-2133-424f-af4c-7f9b715e0f3d,1632843399511,13.403765,52.4724674,6.5699835,-2.0188313,1.2347798,-0.362669,on bike mount,cyclo cross,True,paving stones,intermediate
28ec7340-d6fa-4d45-aae2-0235aeabfe1e,88cef801-6356-4e32-9e2c-b1f306586cf1,5df00285-d6b5-450a-b8ea-ef0b6a142017,1632843399561,13.403765,52.4724674,6.5699835,-1.1037154,1.5430403,-3.5035725,on bike mount,cyclo cross,True,paving stones,intermediate
28ec7340-d6fa-4d45-aae2-0235aeabfe1e,88cef801-6356-4e32-9e2c-b1f306586cf1,14fd7ac0-dc16-4371-98f5-b2dafbede3e7,1632843399612,13.403765,52.4724674,6.5699835,-0.38633007,-3.7224677,8.218784,on bike mount,cyclo cross,True,paving stones,intermediate
28ec7340-d6fa-4d45-aae2-0235aeabfe1e,88cef801-6356-4e32-9e2c-b1f306586cf1,df1e16d5-3a48-40f2-864d-1bcf5f4769bc,1632843399663,13.403765,52.4724674,6.5699835,-0.46403068,0.9334345,-3.2198493,on bike mount,cyclo cross,True,paving stones,intermediate
28ec7340-d6fa-4d45-aae2-0235aeabfe1e,88cef801-6356-4e32-9e2c-b1f306586cf1,f2f9f4ab-26b0-48e3-89ba-730868698a03,1632843399713,13.403765,52.4724674,6.5699835,-0.10836743,3.8345861,1.4674196,on bike mount,cyclo cross,True,paving stones,intermediate
28ec7340-d6fa-4d45-aae2-0235aeabfe1e,88cef801-6356-4e32-9e2c-b1f306586cf1,1618d5d1-4014-47e2-b16c-4b6bff785e08,1632843399763,13.403765,52.4724674,6.5699835,0.4568358,-2.1314366,3.0820322,on bike mount,cyclo cross,True,paving stones,intermediate
28ec7340-d6fa-4d45-aae2-0235aeabfe1e,88cef801-6356-4e32-9e2c-b1f306586cf1,7e297dc8-0d65-4d27-a5fa-6e15cd7f8db2,1632843399829,13.403765,52.4724674,6.5699835,0.5385178,0.45683002,-1.4452515,on bike mount,cyclo cross,True,paving stones,intermediate
28ec7340-d6fa-4d45-aae2-0235aeabfe1e,88cef801-6356-4e32-9e2c-b1f306586cf1,87793103-3bc8-4146-8c51-0930d04329d7,1632843399880,13.403765,52.4724674,6.5699835,0.52378416,3.6422257,5.0190372,on bike mount,cyclo cross,True,paving stones,intermediate
28ec7340-d6fa-4d45-aae2-0235aeabfe1e,88cef801-6356-4e32-9e2c-b1f306586cf1,9860d870-64cd-473b-874b-7dbc91270b7f,1632843399930,13.403765,52.4724674,6.5699835,-1.9271499,6.330616,0.962039,on bike mount,cyclo cross,True,paving stones,intermediate
28ec7340-d6fa-4d45-aae2-0235aeabfe1e,88cef801-6356-4e32-9e2c-b1f306586cf1,209fc83e-82f5-4b05-a7bb-b7a4d86f5517,1632843399980,13.403765,52.4724674,6.5699835,0.88700676,-3.9237854,-8.627007,on bike mount,cyclo cross,True,paving stones,intermediate
28ec7340-d6fa-4d45-aae2-0235aeabfe1e,88cef801-6356-4e32-9e2c-b1f306586cf1,b4f1651d-c156-42b2-b738-d2b761030982,1632843400046,13.403765,52.4724674,6.5699835,-0.23454121,0.20924354,-3.0919414,on bike mount,cyclo cross,True,paving stones,intermediate
28ec7340-d6fa-4d45-aae2-0235aeabfe1e,88cef801-6356-4e32-9e2c-b1f306586cf1,3c2523ef-1652-491f-9168-70787cf90fff,1632843400111,13.403765,52.4724674,6.5699835,0.2874664,4.1531153,-5.6461415,on bike mount,cyclo cross,True,paving stones,intermediate
28ec7340-d6fa-4d45-aae2-0235aeabfe1e,88cef801-6356-4e32-9e2c-b1f306586cf1,9122da16-0492-44cb-a0dd-9ed8aa7fe47e,1632843400163,13.403765,52.4724674,6.5699835,1.8175545,-2.4260635,4.2114716,on bike mount,cyclo cross,True,paving stones,intermediate
28ec7340-d6fa-4d45-aae2-0235aeabfe1e,88cef801-6356-4e32-9e2c-b1f306586cf1,d235fab8-8de1-4d04-b2ba-40fcccbec586,1632843400213,13.403765,52.4724674,6.5699835,0.56680954,-1.1567097,2.0047503,on bike mount,cyclo cross,True,paving stones,intermediate
28ec7340-d6fa-4d45-aae2-0235aeabfe1e,88cef801-6356-4e32-9e2c-b1f306586cf1,a431e50e-b7bd-4717-823e-f66ea4cd7171,1632843400278,13.4038663,52.4724689,6.6853004,-1.428992,6.272814,-6.648428,on bike mount,cyclo cross,True,paving stones,intermediate
28ec7340-d6fa-4d45-aae2-0235aeabfe1e,88cef801-6356-4e32-9e2c-b1f306586cf1,227087f7-5439-43d5-9f63-4af84cd6e33c,1632843400328,13.4038663,52.4724689,6.6853004,-0.61198545,0.34964848,2.8785067,on bike mount,cyclo cross,True,paving stones,intermediate
28ec7340-d6fa-4d45-aae2-0235aeabfe1e,88cef801-6356-4e32-9e2c-b1f306586cf1,e9ef44cd-ec7d-4da2-a1db-d54852a98285,1632843400378,13.4038663,52.4724689,6.6853004,1.1485951,-11.291746,3.0097866,on bike mount,cyclo cross,True,paving stones,intermediate
28ec7340-d6fa-4d45-aae2-0235aeabfe1e,88cef801-6356-4e32-9e2c-b1f306586cf1,f4f0e6c2-61c4-4f01-abc8-acc5db725b3a,1632843400430,13.4038663,52.4724689,6.6853004,-0.3490749,8.635565,-9.275673,on bike mount,cyclo cross,True,paving stones,intermediate
28ec7340-d6fa-4d45-aae2-0235aeabfe1e,88cef801-6356-4e32-9e2c-b1f306586cf1,c628a2fd-bdeb-484b-aed6-fc468b9d69c9,1632843400496,13.4038663,52.4724689,6.6853004,-1.195364,3.4721375,1.9936895,on bike mount,cyclo cross,True,paving stones,intermediate
28ec7340-d6fa-4d45-aae2-0235aeabfe1e,88cef801-6356-4e32-9e2c-b1f306586cf1,064d5f2a-b911-4081-8156-1cbb74134925,1632843400546,13.4038663,52.4724689,6.6853004,0.6181879,1.6199222,-1.8192458,on bike mount,cyclo cross,True,paving stones,intermediate
28ec7340-d6fa-4d45-aae2-0235aeabfe1e,88cef801-6356-4e32-9e2c-b1f306586cf1,27c7d045-1286-42fb-b845-c9ad34093b6a,1632843400597,13.4038663,52.4724689,6.6853004,1.5837513,8.060967,-1.2524943,on bike mount,cyclo cross,True,paving stones,intermediate
28ec7340-d6fa-4d45-aae2-0235aeabfe1e,88cef801-6356-4e32-9e2c-b1f306586cf1,f7ebe6ae-091c-4559-8855-698520a50119,1632843400647,13.4038663,52.4724689,6.6853004,-0.5511017,-4.096055,8.317626,on bike mount,cyclo cross,True,paving stones,intermediate
28ec7340-d6fa-4d45-aae2-0235aeabfe1e,88cef801-6356-4e32-9e2c-b1f306586cf1,ff2ea02d-0c2c-4216-a2e6-1619c9b72d0d,1632843400697,13.4038663,52.4724689,6.6853004,0.81592876,3.5968823,-3.5460331,on bike mount,cyclo cross,True,paving stones,intermediate
28ec7340-d6fa-4d45-aae2-0235aeabfe1e,88cef801-6356-4e32-9e2c-b1f306586cf1,32ce3e2f-403e-47d1-aeec-80e039fd73f7,1632843400747,13.4038663,52.4724689,6.6853004,-0.74417496,-3.393582,7.8279247,on bike mount,cyclo cross,True,paving stones,intermediate
28ec7340-d6fa-4d45-aae2-0235aeabfe1e,88cef801-6356-4e32-9e2c-b1f306586cf1,a24e4695-e8a4-402e-b18c-edd2cfc82741,1632843400797,13.4038663,52.4724689,6.6853004,0.0010042787,-0.16236877,-4.462884,on bike mount,cyclo cross,True,paving stones,intermediate
28ec7340-d6fa-4d45-aae2-0235aeabfe1e,88cef801-6356-4e32-9e2c-b1f306586cf1,ecad6977-e2e1-41d9-b4d4-0ce1c34c3aaf,1632843400847,13.4038663,52.4724689,6.6853004,-0.6449363,6.698022,-3.318449,on bike mount,cyclo cross,True,paving stones,intermediate
28ec7340-d6fa-4d45-aae2-0235aeabfe1e,88cef801-6356-4e32-9e2c-b1f306586cf1,90ddbc8e-e634-47dd-9044-ead8993836bc,1632843400897,13.4038663,52.4724689,6.6853004,1.0281715,-0.42001748,-3.1452594,on bike mount,cyclo cross,True,paving stones,intermediate
28ec7340-d6fa-4d45-aae2-0235aeabfe1e,88cef801-6356-4e32-9e2c-b1f306586cf1,f148c5e4-1468-496a-a605-774a2006a3b6,1632843400947,13.4038663,52.4724689,6.6853004,0.23383608,2.0362024,-1.6000881,on bike mount,cyclo cross,True,paving stones,intermediate
28ec7340-d6fa-4d45-aae2-0235aeabfe1e,88cef801-6356-4e32-9e2c-b1f306586cf1,9cff6f4f-d649-4b5b-a5c9-67e559074523,1632843400999,13.4038663,52.4724689,6.6853004,-2.2709432,-2.7772791,3.240446,on bike mount,cyclo cross,True,paving stones,intermediate
28ec7340-d6fa-4d45-aae2-0235aeabfe1e,88cef801-6356-4e32-9e2c-b1f306586cf1,07076976-f23d-484f-b860-2912eb90dfbb,1632843401063,13.4038663,52.4724689,6.6853004,0.33694327,-6.6691008,3.1654902,on bike mount,cyclo cross,True,paving stones,intermediate
28ec7340-d6fa-4d45-aae2-0235aeabfe1e,88cef801-6356-4e32-9e2c-b1f306586cf1,a34a2ee3-57cd-41a9-9672-300bf61f655d,1632843401113,13.4038663,52.4724689,6.6853004,-1.6666173,-0.037421703,-7.4695187,on bike mount,cyclo cross,True,paving stones,intermediate
28ec7340-d6fa-4d45-aae2-0235aeabfe1e,88cef801-6356-4e32-9e2c-b1f306586cf1,2855b6c5-75cd-4b95-9c5d-69d7ac78b032,1632843401163,13.4038663,52.4724689,6.6853004,0.23078579,-0.7514055,6.267254,on bike mount,cyclo cross,True,paving stones,intermediate
28ec7340-d6fa-4d45-aae2-0235aeabfe1e,88cef801-6356-4e32-9e2c-b1f306586cf1,d2926d9d-b1ab-4573-859b-a18d21ede852,1632843401213,13.4038663,52.4724689,6.6853004,0.12914377,-4.9100876,2.2583551,on bike mount,cyclo cross,True,paving stones,intermediate
28ec7340-d6fa-4d45-aae2-0235aeabfe1e,88cef801-6356-4e32-9e2c-b1f306586cf1,759acee9-c600-426a-a37b-efe2fac3a35f,1632843401265,13.4039668,52.4724702,6.8299003,-0.1845433,-1.6384618,1.1727476,on bike mount,cyclo cross,True,paving stones,intermediate
28ec7340-d6fa-4d45-aae2-0235aeabfe1e,88cef801-6356-4e32-9e2c-b1f306586cf1,c848881f-085e-4848-822f-2d9aaec32bf4,1632843401330,13.4039668,52.4724702,6.8299003,-0.6158503,3.442748,4.1579695,on bike mount,cyclo cross,True,paving stones,intermediate
28ec7340-d6fa-4d45-aae2-0235aeabfe1e,88cef801-6356-4e32-9e2c-b1f306586cf1,5030ab93-6c96-43f3-87ed-14fbf7208330,1632843401381,13.4039668,52.4724702,6.8299003,-0.39158398,0.399328,-3.1730847,on bike mount,cyclo cross,True,paving stones,intermediate
28ec7340-d6fa-4d45-aae2-0235aeabfe1e,88cef801-6356-4e32-9e2c-b1f306586cf1,6557a66c-e149-4e03-9051-a67b8fa93bf3,1632843401431,13.4039668,52.4724702,6.8299003,-1.3670785,0.35965967,-0.10962105,on bike mount,cyclo cross,True,paving stones,intermediate
28ec7340-d6fa-4d45-aae2-0235aeabfe1e,88cef801-6356-4e32-9e2c-b1f306586cf1,fb18e595-1a2a-4083-bf93-eaf7499cfd84,1632843401480,13.4039668,52.4724702,6.8299003,0.74910337,-5.316785,4.4921846,on bike mount,cyclo cross,True,paving stones,intermediate
28ec7340-d6fa-4d45-aae2-0235aeabfe1e,88cef801-6356-4e32-9e2c-b1f306586cf1,76847291-6119-4e63-851e-f77b3b9c4a8c,1632843401531,13.4039668,52.4724702,6.8299003,-0.4340703,1.5263212,-16.171288,on bike mount,cyclo cross,True,paving stones,intermediate
28ec7340-d6fa-4d45-aae2-0235aeabfe1e,88cef801-6356-4e32-9e2c-b1f306586cf1,a045d447-51f1-4f1a-977c-d52eedd768d8,1632843401581,13.4039668,52.4724702,6.8299003,2.6781175,4.115291,4.7209063,on bike mount,cyclo cross,True,paving stones,intermediate
28ec7340-d6fa-4d45-aae2-0235aeabfe1e,88cef801-6356-4e32-9e2c-b1f306586cf1,041dfd4f-0726-489f-81f9-b900852cb431,1632843401631,13.4039668,52.4724702,6.8299003,0.48465484,-6.8319435,-3.2560468,on bike mount,cyclo cross,True,paving stones,intermediate
28ec7340-d6fa-4d45-aae2-0235aeabfe1e,88cef801-6356-4e32-9e2c-b1f306586cf1,4e8b3dbc-1c7b-41b4-8772-ca7d16f4d866,1632843401682,13.4039668,52.4724702,6.8299003,-0.4826487,2.1954193,1.8848648,on bike mount,cyclo cross,True,paving stones,intermediate
28ec7340-d6fa-4d45-aae2-0235aeabfe1e,88cef801-6356-4e32-9e2c-b1f306586cf1,47c0bb37-3ca9-48bb-a0cc-40f46e03b21c,1632843401733,13.4039668,52.4724702,6.8299003,-0.405191,-1.662532,0.26388264,on bike mount,cyclo cross,True,paving stones,intermediate
28ec7340-d6fa-4d45-aae2-0235aeabfe1e,88cef801-6356-4e32-9e2c-b1f306586cf1,e7313b9b-ef66-4bd5-a866-e85536dc0432,1632843401783,13.4039668,52.4724702,6.8299003,1.6180726,-6.433124,10.532681,on bike mount,cyclo cross,True,paving stones,intermediate
28ec7340-d6fa-4d45-aae2-0235aeabfe1e,88cef801-6356-4e32-9e2c-b1f306586cf1,292e2394-7841-43d6-a993-4b7a23aa6f8e,1632843401848,13.4039668,52.4724702,6.8299003,0.6101019,11.933811,-6.6957755,on bike mount,cyclo cross,True,paving stones,intermediate
28ec7340-d6fa-4d45-aae2-0235aeabfe1e,88cef801-6356-4e32-9e2c-b1f306586cf1,9e08a3ee-7796-40a6-bb91-16e831675f35,1632843401900,13.4039668,52.4724702,6.8299003,1.4318041,1.1287315,-3.4862223,on bike mount,cyclo cross,True,paving stones,intermediate
28ec7340-d6fa-4d45-aae2-0235aeabfe1e,88cef801-6356-4e32-9e2c-b1f306586cf1,9e670461-fda3-4b3c-954c-f970b5c9ec23,1632843401950,13.4039668,52.4724702,6.8299003,0.6191791,-2.6656723,1.3919783,on bike mount,cyclo cross,True,paving stones,intermediate
28ec7340-d6fa-4d45-aae2-0235aeabfe1e,88cef801-6356-4e32-9e2c-b1f306586cf1,858bf7e2-a244-4660-beff-e6872e9b8ab4,1632843402016,13.4039668,52.4724702,6.8299003,1.7603657,-0.9156201,2.4369068,on bike mount,cyclo cross,True,paving stones,intermediate
28ec7340-d6fa-4d45-aae2-0235aeabfe1e,88cef801-6356-4e32-9e2c-b1f306586cf1,1cea9d79-6ae0-42dd-888c-ff019cfab250,1632843402066,13.4039668,52.4724702,6.8299003,-0.30960163,-5.9680457,2.4198313,on bike mount,cyclo cross,True,paving stones,intermediate
28ec7340-d6fa-4d45-aae2-0235aeabfe1e,88cef801-6356-4e32-9e2c-b1f306586cf1,8abafd30-1886-4c06-89c3-aacffbd828fb,1632843402118,13.4039668,52.4724702,6.8299003,-0.56148386,-0.5015249,-1.4350715,on bike mount,cyclo cross,True,paving stones,intermediate
28ec7340-d6fa-4d45-aae2-0235aeabfe1e,88cef801-6356-4e32-9e2c-b1f306586cf1,35339883-8216-44be-8aec-98f883433330,1632843402167,13.4039668,52.4724702,6.8299003,-0.41378984,2.7650027,0.86937046,on bike mount,cyclo cross,True,paving stones,intermediate
28ec7340-d6fa-4d45-aae2-0235aeabfe1e,88cef801-6356-4e32-9e2c-b1f306586cf1,f3c6e989-5057-40fb-b70d-1ad2b31d44e7,1632843402217,13.4039668,52.4724702,6.8299003,0.44617045,-1.6364319,-2.9349856,on bike mount,cyclo cross,True,paving stones,intermediate
28ec7340-d6fa-4d45-aae2-0235aeabfe1e,88cef801-6356-4e32-9e2c-b1f306586cf1,1dcff02d-efd4-48d5-9064-7895cfbfb873,1632843402267,13.404065,52.4724702,6.6482234,0.4356793,-2.0082262,5.056303,on bike mount,cyclo cross,True,paving stones,intermediate
28ec7340-d6fa-4d45-aae2-0235aeabfe1e,88cef801-6356-4e32-9e2c-b1f306586cf1,c1019393-6367-4546-aa2a-6e98d236601e,1632843402333,13.404065,52.4724702,6.6482234,0.67833805,1.8826232,2.390585,on bike mount,cyclo cross,True,paving stones,intermediate
28ec7340-d6fa-4d45-aae2-0235aeabfe1e,88cef801-6356-4e32-9e2c-b1f306586cf1,692d21aa-ead0-48bb-8d35-efcb89709808,1632843402383,13.404065,52.4724702,6.6482234,-0.45979995,-1.3005022,1.9220324,on bike mount,cyclo cross,True,paving stones,intermediate
28ec7340-d6fa-4d45-aae2-0235aeabfe1e,88cef801-6356-4e32-9e2c-b1f306586cf1,4b29a3ac-2817-4e92-bca1-ec4902b18018,1632843402433,13.404065,52.4724702,6.6482234,0.07676317,2.744873,-3.3213823,on bike mount,cyclo cross,True,paving stones,intermediate
28ec7340-d6fa-4d45-aae2-0235aeabfe1e,88cef801-6356-4e32-9e2c-b1f306586cf1,4b7339f3-a563-4d63-a31b-d947c7e6e8df,1632843402483,13.404065,52.4724702,6.6482234,1.0864046,-1.6649188,6.2500324,on bike mount,cyclo cross,True,paving stones,intermediate
28ec7340-d6fa-4d45-aae2-0235aeabfe1e,88cef801-6356-4e32-9e2c-b1f306586cf1,726e5e5f-8dc2-470e-9f99-2303aa6e543c,1632843402533,13.404065,52.4724702,6.6482234,-0.26122046,-6.0603356,6.2910395,on bike mount,cyclo cross,True,paving stones,intermediate
28ec7340-d6fa-4d45-aae2-0235aeabfe1e,88cef801-6356-4e32-9e2c-b1f306586cf1,88fd387b-f884-4707-b3c1-5c280b696038,1632843402583,13.404065,52.4724702,6.6482234,1.4125974,2.1390269,6.286728,on bike mount,cyclo cross,True,paving stones,intermediate
28ec7340-d6fa-4d45-aae2-0235aeabfe1e,88cef801-6356-4e32-9e2c-b1f306586cf1,98c1746a-3bf9-4557-978f-a71fa7f62abc,1632843402633,13.404065,52.4724702,6.6482234,-0.41094905,2.1168275,-0.6532841,on bike mount,cyclo cross,True,paving stones,intermediate
28ec7340-d6fa-4d45-aae2-0235aeabfe1e,88cef801-6356-4e32-9e2c-b1f306586cf1,0be00fef-840d-4f81-8266-b3032dc07f03,1632843402684,13.404065,52.4724702,6.6482234,0.32860902,-1.8966342,4.833831,on bike mount,cyclo cross,True,paving stones,intermediate
28ec7340-d6fa-4d45-aae2-0235aeabfe1e,88cef801-6356-4e32-9e2c-b1f306586cf1,dac0beea-649a-4c86-bf1c-fd56355f0963,1632843402734,13.404065,52.4724702,6.6482234,-1.113369,9.53696,-8.473258,on bike mount,cyclo cross,True,paving stones,intermediate
28ec7340-d6fa-4d45-aae2-0235aeabfe1e,88cef801-6356-4e32-9e2c-b1f306586cf1,5507a729-8ca8-4b4a-ae86-2ed51305d055,1632843402784,13.404065,52.4724702,6.6482234,-1.0959951,1.7329025,0.30325603,on bike mount,cyclo cross,True,paving stones,intermediate
28ec7340-d6fa-4d45-aae2-0235aeabfe1e,88cef801-6356-4e32-9e2c-b1f306586cf1,d4eb1bb0-9853-4d61-8d4e-4051a5f06e5b,1632843402834,13.404065,52.4724702,6.6482234,0.59305227,-6.0535507,3.9976978,on bike mount,cyclo cross,True,paving stones,intermediate
28ec7340-d6fa-4d45-aae2-0235aeabfe1e,88cef801-6356-4e32-9e2c-b1f306586cf1,61486afe-11ad-46c1-a733-517b5ba19a35,1632843402884,13.404065,52.4724702,6.6482234,0.8851031,-4.78503,1.3539829,on bike mount,cyclo cross,True,paving stones,intermediate
28ec7340-d6fa-4d45-aae2-0235aeabfe1e,88cef801-6356-4e32-9e2c-b1f306586cf1,73fd1c60-3acc-4873-94e2-05f1fd96d0df,1632843402934,13.404065,52.4724702,6.6482234,-0.984321,7.037037,-1.3420544,on bike mount,cyclo cross,True,paving stones,intermediate
28ec7340-d6fa-4d45-aae2-0235aeabfe1e,88cef801-6356-4e32-9e2c-b1f306586cf1,84ab6f90-01cf-4ae3-a683-4f6309705364,1632843402985,13.404065,52.4724702,6.6482234,0.9088602,-3.507413,-2.234035,on bike mount,cyclo cross,True,paving stones,intermediate
28ec7340-d6fa-4d45-aae2-0235aeabfe1e,88cef801-6356-4e32-9e2c-b1f306586cf1,ff6d68ec-1092-4e02-bf08-d68e0d33c106,1632843403050,13.404065,52.4724702,6.6482234,-0.30004063,-0.7437656,-2.9185495,on bike mount,cyclo cross,True,paving stones,intermediate
28ec7340-d6fa-4d45-aae2-0235aeabfe1e,88cef801-6356-4e32-9e2c-b1f306586cf1,79593179-0e57-4f4a-b812-624db7400a71,1632843403100,13.404065,52.4724702,6.6482234,-0.91758853,4.894556,1.3155689,on bike mount,cyclo cross,True,paving stones,intermediate
28ec7340-d6fa-4d45-aae2-0235aeabfe1e,88cef801-6356-4e32-9e2c-b1f306586cf1,8f3755fb-c8d1-42ec-94d9-193909695f47,1632843403150,13.404065,52.4724702,6.6482234,0.2110886,-0.9269042,3.6106663,on bike mount,cyclo cross,True,paving stones,intermediate
28ec7340-d6fa-4d45-aae2-0235aeabfe1e,88cef801-6356-4e32-9e2c-b1f306586cf1,345992be-e34a-4033-bf54-e5999264ee5c,1632843403202,13.404065,52.4724702,6.6482234,1.5520933,2.5834188,0.5736723,on bike mount,cyclo cross,True,paving stones,intermediate
28ec7340-d6fa-4d45-aae2-0235aeabfe1e,88cef801-6356-4e32-9e2c-b1f306586cf1,a21d16ab-5b88-4d8f-8125-3b170b239913,1632843403257,13.4041648,52.4724708,6.8236027,-0.34078163,-1.8393817,-3.0463815,on bike mount,cyclo cross,True,paving stones,intermediate
28ec7340-d6fa-4d45-aae2-0235aeabfe1e,88cef801-6356-4e32-9e2c-b1f306586cf1,48858e57-69fc-4e8f-82d9-0527b6ff1169,1632843403318,13.4041648,52.4724708,6.8236027,1.0570049,0.9933219,-4.96582,on bike mount,cyclo cross,True,paving stones,intermediate
28ec7340-d6fa-4d45-aae2-0235aeabfe1e,88cef801-6356-4e32-9e2c-b1f306586cf1,e3618051-720d-44b6-bf97-5d6d17b6c6b3,1632843403368,13.4041648,52.4724708,6.8236027,0.019315764,1.1344137,2.4204054,on bike mount,cyclo cross,True,paving stones,intermediate
28ec7340-d6fa-4d45-aae2-0235aeabfe1e,88cef801-6356-4e32-9e2c-b1f306586cf1,04e3e3c2-14a0-4da9-853a-f3738dc7c66e,1632843403419,13.4041648,52.4724708,6.8236027,-0.20814389,-9.442175,9.496628,on bike mount,cyclo cross,True,paving stones,intermediate
28ec7340-d6fa-4d45-aae2-0235aeabfe1e,88cef801-6356-4e32-9e2c-b1f306586cf1,8fdc68a4-14a7-4c84-8615-18b5e4bc7d5b,1632843403470,13.4041648,52.4724708,6.8236027,1.5982674,2.5499363,-7.87714,on bike mount,cyclo cross,True,paving stones,intermediate
28ec7340-d6fa-4d45-aae2-0235aeabfe1e,88cef801-6356-4e32-9e2c-b1f306586cf1,7c223a96-eb06-42e2-9e01-bc5f87cab323,1632843403519,13.4041648,52.4724708,6.8236027,-0.44401306,-0.68899083,3.6689062,on bike mount,cyclo cross,True,paving stones,intermediate
28ec7340-d6fa-4d45-aae2-0235aeabfe1e,88cef801-6356-4e32-9e2c-b1f306586cf1,3d54ce4d-3394-493f-a232-c8193be17706,1632843403585,13.4041648,52.4724708,6.8236027,0.71079886,-0.76751447,3.9631605,on bike mount,cyclo cross,True,paving stones,intermediate
