bike_activity_uid,bike_activity_sample_uid,bike_activity_measurement,bike_activity_measurement_timestamp,bike_activity_measurement_lon,bike_activity_measurement_lat,bike_activity_measurement_speed,bike_activity_measurement_accelerometer_x,bike_activity_measurement_accelerometer_y,bike_activity_measurement_accelerometer_z,bike_activity_phone_position,bike_activity_bike_type,bike_activity_flagged_lab_conditions,bike_activity_surface_type,bike_activity_smoothness_type
435ed585-a5af-4478-b250-df7187c001e1,1f3735d4-cc07-4755-8a66-06f84990ff38,bebde5ac-7b6c-45d1-842b-494d3efa86c7,1633255039080,14.4521579,52.2105427,8.3559475,-0.71582144,0.1651771,-0.69483376,on bike mount,cyclo cross,True,asphalt,excellent
435ed585-a5af-4478-b250-df7187c001e1,1f3735d4-cc07-4755-8a66-06f84990ff38,63f7cfab-a724-4039-93e1-56dc546cb27a,1633255039130,14.4521207,52.2106115,8.246254,0.36372113,-0.44832265,0.6566906,on bike mount,cyclo cross,True,asphalt,excellent
435ed585-a5af-4478-b250-df7187c001e1,1f3735d4-cc07-4755-8a66-06f84990ff38,ca873768-1cbc-445a-a797-7f03db7f0be0,1633255039180,14.4521207,52.2106115,8.246254,-0.45107067,1.130712,-1.7456746,on bike mount,cyclo cross,True,asphalt,excellent
435ed585-a5af-4478-b250-df7187c001e1,1f3735d4-cc07-4755-8a66-06f84990ff38,f1dd4b4a-634e-47c6-bf51-6b6cc0ba9646,1633255039230,14.4521207,52.2106115,8.246254,-1.0906544,0.1710999,3.312646,on bike mount,cyclo cross,True,asphalt,excellent
435ed585-a5af-4478-b250-df7187c001e1,1f3735d4-cc07-4755-8a66-06f84990ff38,43180c56-836f-48a6-935c-c0485bba61a7,1633255039295,14.4521207,52.2106115,8.246254,1.5062699,-0.5596764,1.1878414,on bike mount,cyclo cross,True,asphalt,excellent
435ed585-a5af-4478-b250-df7187c001e1,1f3735d4-cc07-4755-8a66-06f84990ff38,9961e0e8-c290-47f1-bf96-3fbb23a2c064,1633255039345,14.4521207,52.2106115,8.246254,-0.46639335,0.08409572,-1.0657277,on bike mount,cyclo cross,True,asphalt,excellent
435ed585-a5af-4478-b250-df7187c001e1,1f3735d4-cc07-4755-8a66-06f84990ff38,15163a48-4e9b-4fe1-a503-9d1206a89bec,1633255039395,14.4521207,52.2106115,8.246254,-0.4921405,-0.70817995,1.5776367,on bike mount,cyclo cross,True,asphalt,excellent
435ed585-a5af-4478-b250-df7187c001e1,1f3735d4-cc07-4755-8a66-06f84990ff38,a0463fac-e23a-401e-8c4e-0f8dc3fe496b,1633255039445,14.4521207,52.2106115,8.246254,0.07938439,1.1501422,-0.15660477,on bike mount,cyclo cross,True,asphalt,excellent
435ed585-a5af-4478-b250-df7187c001e1,1f3735d4-cc07-4755-8a66-06f84990ff38,7249278e-d782-45ce-9a7f-8f1915e6d7f6,1633255039495,14.4521207,52.2106115,8.246254,-0.25884372,0.1737895,1.9910555,on bike mount,cyclo cross,True,asphalt,excellent
435ed585-a5af-4478-b250-df7187c001e1,1f3735d4-cc07-4755-8a66-06f84990ff38,ec80c100-c292-4016-aefd-e743fd8d2fb5,1633255039545,14.4521207,52.2106115,8.246254,-0.29138035,-0.6677034,-1.0112267,on bike mount,cyclo cross,True,asphalt,excellent
435ed585-a5af-4478-b250-df7187c001e1,1f3735d4-cc07-4755-8a66-06f84990ff38,a6957c66-0524-47de-9de0-d5719c679620,1633255039596,14.4521207,52.2106115,8.246254,-0.053655267,-0.9761964,2.2374973,on bike mount,cyclo cross,True,asphalt,excellent
435ed585-a5af-4478-b250-df7187c001e1,1f3735d4-cc07-4755-8a66-06f84990ff38,225a6cc9-3f81-4492-88eb-ef5db950a50e,1633255039647,14.4521207,52.2106115,8.246254,0.3523563,-0.64761114,1.3562412,on bike mount,cyclo cross,True,asphalt,excellent
435ed585-a5af-4478-b250-df7187c001e1,1f3735d4-cc07-4755-8a66-06f84990ff38,3731157a-3dcd-4906-b493-2169589cc131,1633255039714,14.4521207,52.2106115,8.246254,0.6632754,0.11449742,-0.74819183,on bike mount,cyclo cross,True,asphalt,excellent
435ed585-a5af-4478-b250-df7187c001e1,1f3735d4-cc07-4755-8a66-06f84990ff38,a1815945-7d4e-437b-9fff-1f727d43bedd,1633255039765,14.4521207,52.2106115,8.246254,-0.48849404,-1.2058905,-0.7991295,on bike mount,cyclo cross,True,asphalt,excellent
435ed585-a5af-4478-b250-df7187c001e1,1f3735d4-cc07-4755-8a66-06f84990ff38,76a94640-e9d9-48be-9d78-de4176f21d4a,1633255039814,14.4521207,52.2106115,8.246254,1.1138167,2.3193054,-2.2504954,on bike mount,cyclo cross,True,asphalt,excellent
435ed585-a5af-4478-b250-df7187c001e1,1f3735d4-cc07-4755-8a66-06f84990ff38,57eb6823-42f8-4269-8df4-37b93a11a040,1633255039863,14.4521207,52.2106115,8.246254,-0.10701445,-0.52036047,-0.28198242,on bike mount,cyclo cross,True,asphalt,excellent
435ed585-a5af-4478-b250-df7187c001e1,1f3735d4-cc07-4755-8a66-06f84990ff38,1b8579e9-35b6-4eef-805f-b596f0d7cd59,1633255039915,14.4521207,52.2106115,8.246254,0.5990083,-0.56995094,-2.4689794,on bike mount,cyclo cross,True,asphalt,excellent
435ed585-a5af-4478-b250-df7187c001e1,1f3735d4-cc07-4755-8a66-06f84990ff38,f5616242-de18-48ed-b377-32d589f7d24f,1633255039980,14.4521207,52.2106115,8.246254,-0.49251246,1.6833134,-1.6491404,on bike mount,cyclo cross,True,asphalt,excellent
435ed585-a5af-4478-b250-df7187c001e1,1f3735d4-cc07-4755-8a66-06f84990ff38,0161d854-0ec7-4d52-b510-c9ce14d31819,1633255040031,14.4521207,52.2106115,8.246254,0.38218158,-1.3862156,1.1499081,on bike mount,cyclo cross,True,asphalt,excellent
435ed585-a5af-4478-b250-df7187c001e1,1f3735d4-cc07-4755-8a66-06f84990ff38,47ed102c-9a3a-49a2-b7e4-92a8f6966766,1633255040081,14.4521207,52.2106115,8.246254,-0.995578,1.1646001,-0.8512449,on bike mount,cyclo cross,True,asphalt,excellent
435ed585-a5af-4478-b250-df7187c001e1,1f3735d4-cc07-4755-8a66-06f84990ff38,d3c4f48d-0563-47c5-be3c-0fc7349c5bcc,1633255040131,14.4520807,52.2106844,8.539178,0.49032953,0.063647985,-1.7565575,on bike mount,cyclo cross,True,asphalt,excellent
435ed585-a5af-4478-b250-df7187c001e1,1f3735d4-cc07-4755-8a66-06f84990ff38,a144e407-c43c-4b9f-bdcc-de72a9dc0ad5,1633255040181,14.4520807,52.2106844,8.539178,0.5339962,-1.1899288,0.05185795,on bike mount,cyclo cross,True,asphalt,excellent
435ed585-a5af-4478-b250-df7187c001e1,1f3735d4-cc07-4755-8a66-06f84990ff38,78bae7a1-8b2c-4815-9b9c-92871ba96cd8,1633255040232,14.4520807,52.2106844,8.539178,1.4842343,0.2934575,0.7872019,on bike mount,cyclo cross,True,asphalt,excellent
435ed585-a5af-4478-b250-df7187c001e1,1f3735d4-cc07-4755-8a66-06f84990ff38,aa3389c5-582e-4a9b-a8db-d5d3148b6a45,1633255040298,14.4520807,52.2106844,8.539178,-0.8991022,0.5866177,0.30192566,on bike mount,cyclo cross,True,asphalt,excellent
435ed585-a5af-4478-b250-df7187c001e1,1f3735d4-cc07-4755-8a66-06f84990ff38,deca0bce-3a1c-460c-8db9-47c11d3e70ea,1633255040349,14.4520807,52.2106844,8.539178,0.16244121,0.4026034,-1.2876201,on bike mount,cyclo cross,True,asphalt,excellent
435ed585-a5af-4478-b250-df7187c001e1,1f3735d4-cc07-4755-8a66-06f84990ff38,64b36d5c-e2d2-4d3e-8749-c44f0540947e,1633255040399,14.4520807,52.2106844,8.539178,0.2642037,-0.26551318,0.9231596,on bike mount,cyclo cross,True,asphalt,excellent
435ed585-a5af-4478-b250-df7187c001e1,1f3735d4-cc07-4755-8a66-06f84990ff38,489766ae-c58e-4664-943c-2c595ae58122,1633255040449,14.4520807,52.2106844,8.539178,0.05110174,-0.40467572,-1.139411,on bike mount,cyclo cross,True,asphalt,excellent
435ed585-a5af-4478-b250-df7187c001e1,1f3735d4-cc07-4755-8a66-06f84990ff38,25c57610-55a9-4183-9619-caf99d6711a3,1633255040499,14.4520807,52.2106844,8.539178,-0.6869992,-1.813957,-0.7774534,on bike mount,cyclo cross,True,asphalt,excellent
435ed585-a5af-4478-b250-df7187c001e1,1f3735d4-cc07-4755-8a66-06f84990ff38,1009b2b0-afc8-4dce-93d3-694f17a4b356,1633255040549,14.4520807,52.2106844,8.539178,0.48688343,-0.31132627,-2.1230054,on bike mount,cyclo cross,True,asphalt,excellent
435ed585-a5af-4478-b250-df7187c001e1,1f3735d4-cc07-4755-8a66-06f84990ff38,78fddd50-1b20-4ac0-a92c-3e0a4487eb54,1633255040599,14.4520807,52.2106844,8.539178,-0.7444329,-1.2497187,-3.7021732,on bike mount,cyclo cross,True,asphalt,excellent
435ed585-a5af-4478-b250-df7187c001e1,1f3735d4-cc07-4755-8a66-06f84990ff38,8b607583-daaf-4c2a-9853-791a05b52674,1633255040649,14.4520807,52.2106844,8.539178,0.6866487,-1.114751,-1.2412968,on bike mount,cyclo cross,True,asphalt,excellent
435ed585-a5af-4478-b250-df7187c001e1,1f3735d4-cc07-4755-8a66-06f84990ff38,8bb4cda6-e7ed-4989-874f-e813e7291f0d,1633255040699,14.4520807,52.2106844,8.539178,-1.0077498,-0.32534766,-0.044861794,on bike mount,cyclo cross,True,asphalt,excellent
435ed585-a5af-4478-b250-df7187c001e1,1f3735d4-cc07-4755-8a66-06f84990ff38,f711817b-50ed-49f8-b62f-abda203b7e0c,1633255040765,14.4520807,52.2106844,8.539178,0.054745153,-1.5422306,-0.19777298,on bike mount,cyclo cross,True,asphalt,excellent
435ed585-a5af-4478-b250-df7187c001e1,1f3735d4-cc07-4755-8a66-06f84990ff38,153155a5-6ecc-4ea5-bc5e-4379a1cda6fd,1633255040815,14.4520807,52.2106844,8.539178,0.76286864,-0.47491574,-0.18883514,on bike mount,cyclo cross,True,asphalt,excellent
435ed585-a5af-4478-b250-df7187c001e1,1f3735d4-cc07-4755-8a66-06f84990ff38,86d5f097-bf80-4357-8229-03a52d4c78fd,1633255040865,14.4520807,52.2106844,8.539178,-0.65802723,0.40343142,-0.3948803,on bike mount,cyclo cross,True,asphalt,excellent
435ed585-a5af-4478-b250-df7187c001e1,1f3735d4-cc07-4755-8a66-06f84990ff38,54b82da8-d30f-4e19-9b96-4060500e68f3,1633255040917,14.4520807,52.2106844,8.539178,0.48627305,0.71111584,0.3342781,on bike mount,cyclo cross,True,asphalt,excellent
435ed585-a5af-4478-b250-df7187c001e1,1f3735d4-cc07-4755-8a66-06f84990ff38,edd10419-6092-41f2-8295-92973ae63d0a,1633255040968,14.4520807,52.2106844,8.539178,-0.037311688,0.27133608,-0.538805,on bike mount,cyclo cross,True,asphalt,excellent
435ed585-a5af-4478-b250-df7187c001e1,1f3735d4-cc07-4755-8a66-06f84990ff38,0c2ae598-7a05-48b1-894d-766b8be5f757,1633255041017,14.4520807,52.2106844,8.539178,0.84549856,0.15940547,0.62393665,on bike mount,cyclo cross,True,asphalt,excellent
435ed585-a5af-4478-b250-df7187c001e1,1f3735d4-cc07-4755-8a66-06f84990ff38,725f2893-f475-4d3c-8bf0-0087beef4ee9,1633255041083,14.4520807,52.2106844,8.539178,0.03957424,-0.30186868,1.7028942,on bike mount,cyclo cross,True,asphalt,excellent
435ed585-a5af-4478-b250-df7187c001e1,1f3735d4-cc07-4755-8a66-06f84990ff38,2c65a953-32ac-4bf3-9eee-32ecff896b49,1633255041134,14.4520392,52.2107544,7.9011254,0.17874849,-1.5340841,-1.7936473,on bike mount,cyclo cross,True,asphalt,excellent
435ed585-a5af-4478-b250-df7187c001e1,1f3735d4-cc07-4755-8a66-06f84990ff38,f240bfed-eb78-4937-9a90-3a7930b83568,1633255041199,14.4520392,52.2107544,7.9011254,0.30893135,-0.11601186,-0.010560989,on bike mount,cyclo cross,True,asphalt,excellent
435ed585-a5af-4478-b250-df7187c001e1,1f3735d4-cc07-4755-8a66-06f84990ff38,d3e0ecd5-a960-41ec-b910-620011ee7b59,1633255041248,14.4520392,52.2107544,7.9011254,-0.3263154,-1.8557805,0.33818245,on bike mount,cyclo cross,True,asphalt,excellent
435ed585-a5af-4478-b250-df7187c001e1,1f3735d4-cc07-4755-8a66-06f84990ff38,e9c04b24-4656-4cc6-99fe-9ba1c263f068,1633255041298,14.4520392,52.2107544,7.9011254,0.7057674,-0.31317902,-0.8430395,on bike mount,cyclo cross,True,asphalt,excellent
435ed585-a5af-4478-b250-df7187c001e1,1f3735d4-cc07-4755-8a66-06f84990ff38,2bed494d-51e2-4669-8864-c7ef27573aa1,1633255041350,14.4520392,52.2107544,7.9011254,0.048821032,-0.29719758,-1.782001,on bike mount,cyclo cross,True,asphalt,excellent
435ed585-a5af-4478-b250-df7187c001e1,1f3735d4-cc07-4755-8a66-06f84990ff38,47022919-b714-4f59-b222-bcf5c6552038,1633255041415,14.4520392,52.2107544,7.9011254,0.6689236,0.4107442,-1.4102979,on bike mount,cyclo cross,True,asphalt,excellent
435ed585-a5af-4478-b250-df7187c001e1,1f3735d4-cc07-4755-8a66-06f84990ff38,aef7e83a-daa3-4fd6-9ff5-c6339a40b217,1633255041467,14.4520392,52.2107544,7.9011254,-2.0106926,-0.42794394,1.3221226,on bike mount,cyclo cross,True,asphalt,excellent
435ed585-a5af-4478-b250-df7187c001e1,1f3735d4-cc07-4755-8a66-06f84990ff38,3a167ae3-df70-4d4d-a826-9d6ca557526f,1633255041517,14.4520392,52.2107544,7.9011254,0.5049516,1.8501561,-1.2655678,on bike mount,cyclo cross,True,asphalt,excellent
435ed585-a5af-4478-b250-df7187c001e1,1f3735d4-cc07-4755-8a66-06f84990ff38,b95fd357-ce4c-4d15-8590-ea43df8cc5ed,1633255041583,14.4520392,52.2107544,7.9011254,-1.767512,0.00891304,-0.3973055,on bike mount,cyclo cross,True,asphalt,excellent
435ed585-a5af-4478-b250-df7187c001e1,1f3735d4-cc07-4755-8a66-06f84990ff38,8cfdf21e-3a2d-4519-8c0a-d4982bb07c5c,1633255041634,14.4520392,52.2107544,7.9011254,-1.057905,2.4692173,-1.2654552,on bike mount,cyclo cross,True,asphalt,excellent
435ed585-a5af-4478-b250-df7187c001e1,1f3735d4-cc07-4755-8a66-06f84990ff38,8e15df05-5098-4274-8938-801183ae0643,1633255041700,14.4520392,52.2107544,7.9011254,0.7006169,-0.29042435,-1.4697857,on bike mount,cyclo cross,True,asphalt,excellent
435ed585-a5af-4478-b250-df7187c001e1,1f3735d4-cc07-4755-8a66-06f84990ff38,9f7bf897-6380-4012-a161-285cfeb7cce6,1633255041750,14.4520392,52.2107544,7.9011254,-0.39766243,0.88875866,0.23645115,on bike mount,cyclo cross,True,asphalt,excellent
435ed585-a5af-4478-b250-df7187c001e1,1f3735d4-cc07-4755-8a66-06f84990ff38,3cf1f9d4-2d60-4e04-9586-ed13951aa5a6,1633255041801,14.4520392,52.2107544,7.9011254,-0.046759456,2.3320727,0.056088448,on bike mount,cyclo cross,True,asphalt,excellent
435ed585-a5af-4478-b250-df7187c001e1,1f3735d4-cc07-4755-8a66-06f84990ff38,a9c1c798-c371-4228-9e4c-657a0f017401,1633255041850,14.4520392,52.2107544,7.9011254,-1.0971346,-0.90090406,2.1933994,on bike mount,cyclo cross,True,asphalt,excellent
435ed585-a5af-4478-b250-df7187c001e1,1f3735d4-cc07-4755-8a66-06f84990ff38,43ab5d24-cefb-405e-867e-590400a07dcb,1633255041901,14.4520392,52.2107544,7.9011254,-0.8021394,0.76654077,-0.53978443,on bike mount,cyclo cross,True,asphalt,excellent
435ed585-a5af-4478-b250-df7187c001e1,1f3735d4-cc07-4755-8a66-06f84990ff38,f18ad1a9-db37-416a-8ea8-d65c0dbbd636,1633255041952,14.4520392,52.2107544,7.9011254,0.27827215,-0.19288588,0.1938572,on bike mount,cyclo cross,True,asphalt,excellent
435ed585-a5af-4478-b250-df7187c001e1,1f3735d4-cc07-4755-8a66-06f84990ff38,56abcffa-bc0e-4df2-8a90-c1cdaa98701a,1633255042017,14.4520392,52.2107544,7.9011254,0.039039217,1.0067961,0.004275322,on bike mount,cyclo cross,True,asphalt,excellent
435ed585-a5af-4478-b250-df7187c001e1,1f3735d4-cc07-4755-8a66-06f84990ff38,0004ff8e-4be6-455f-92ee-a3671bdbf35d,1633255042067,14.4520392,52.2107544,7.9011254,-0.062928796,1.5441723,-0.91586876,on bike mount,cyclo cross,True,asphalt,excellent
435ed585-a5af-4478-b250-df7187c001e1,1f3735d4-cc07-4755-8a66-06f84990ff38,f809d89f-3f6b-428c-bfd2-0cae4c625a6c,1633255042117,14.452003,52.2108283,8.453616,0.79350203,-1.7476698,1.8691216,on bike mount,cyclo cross,True,asphalt,excellent
435ed585-a5af-4478-b250-df7187c001e1,1f3735d4-cc07-4755-8a66-06f84990ff38,40f02573-ad4b-4ea6-bd1a-70513ece630e,1633255042167,14.452003,52.2108283,8.453616,1.7163973,-3.148326,0.45037556,on bike mount,cyclo cross,True,asphalt,excellent
435ed585-a5af-4478-b250-df7187c001e1,1f3735d4-cc07-4755-8a66-06f84990ff38,98ca4450-82ce-4fc2-a9a8-95426ea00b86,1633255042217,14.452003,52.2108283,8.453616,0.58036846,-1.5086992,11.9088335,on bike mount,cyclo cross,True,asphalt,excellent
435ed585-a5af-4478-b250-df7187c001e1,1f3735d4-cc07-4755-8a66-06f84990ff38,f1d71653-896a-4213-b7cf-c349b6764245,1633255042267,14.452003,52.2108283,8.453616,1.8492107,1.9054961,-1.04603,on bike mount,cyclo cross,True,asphalt,excellent
435ed585-a5af-4478-b250-df7187c001e1,1f3735d4-cc07-4755-8a66-06f84990ff38,b6569b78-67d4-4b47-94f3-2555f26a9c81,1633255042317,14.452003,52.2108283,8.453616,1.858149,-1.1733863,1.2226763,on bike mount,cyclo cross,True,asphalt,excellent
435ed585-a5af-4478-b250-df7187c001e1,1f3735d4-cc07-4755-8a66-06f84990ff38,a8667848-66af-4fbe-8524-6650e7722bc0,1633255042367,14.452003,52.2108283,8.453616,0.7092023,-0.70351994,1.4264688,on bike mount,cyclo cross,True,asphalt,excellent
435ed585-a5af-4478-b250-df7187c001e1,1f3735d4-cc07-4755-8a66-06f84990ff38,8d44cc83-9ffb-4338-bbf5-95e3f7805c03,1633255042419,14.452003,52.2108283,8.453616,0.7646197,-0.38956833,-0.7030735,on bike mount,cyclo cross,True,asphalt,excellent
435ed585-a5af-4478-b250-df7187c001e1,1f3735d4-cc07-4755-8a66-06f84990ff38,fa6b6699-e040-498c-a18a-967bb8a8d4d9,1633255042469,14.452003,52.2108283,8.453616,1.0476447,-0.20714593,1.2444277,on bike mount,cyclo cross,True,asphalt,excellent
435ed585-a5af-4478-b250-df7187c001e1,1f3735d4-cc07-4755-8a66-06f84990ff38,e4fd8ef2-b656-4535-aad4-cd350597cfa3,1633255042535,14.452003,52.2108283,8.453616,-0.60212755,-0.61298704,-0.061864853,on bike mount,cyclo cross,True,asphalt,excellent
435ed585-a5af-4478-b250-df7187c001e1,1f3735d4-cc07-4755-8a66-06f84990ff38,0d71f59a-84e1-49ac-a4d6-4e47cf625c87,1633255042585,14.452003,52.2108283,8.453616,-1.2777815,-0.46754575,-1.4404464,on bike mount,cyclo cross,True,asphalt,excellent
435ed585-a5af-4478-b250-df7187c001e1,1f3735d4-cc07-4755-8a66-06f84990ff38,ab31951b-05db-4b35-acbb-0530bfddcaf7,1633255042637,14.452003,52.2108283,8.453616,-0.69916725,1.2813623,0.32203388,on bike mount,cyclo cross,True,asphalt,excellent
435ed585-a5af-4478-b250-df7187c001e1,1f3735d4-cc07-4755-8a66-06f84990ff38,a0f056bb-d72b-44d9-afdd-94c83a0cf9e0,1633255042688,14.452003,52.2108283,8.453616,0.2614299,-0.2793398,3.838194,on bike mount,cyclo cross,True,asphalt,excellent
435ed585-a5af-4478-b250-df7187c001e1,1f3735d4-cc07-4755-8a66-06f84990ff38,0a418df3-ff66-4b55-8753-e1cb8e2a935b,1633255042752,14.452003,52.2108283,8.453616,0.50725603,-0.229532,-0.4601736,on bike mount,cyclo cross,True,asphalt,excellent
435ed585-a5af-4478-b250-df7187c001e1,1f3735d4-cc07-4755-8a66-06f84990ff38,160cfaa7-4f9d-4276-9b01-a7c5174a76e0,1633255042802,14.452003,52.2108283,8.453616,0.24184874,-2.1755385,2.0521889,on bike mount,cyclo cross,True,asphalt,excellent
435ed585-a5af-4478-b250-df7187c001e1,1f3735d4-cc07-4755-8a66-06f84990ff38,8b677918-1911-46f0-8bff-1b66e0391037,1633255042853,14.452003,52.2108283,8.453616,-0.1526188,-0.7983179,1.9641008,on bike mount,cyclo cross,True,asphalt,excellent
435ed585-a5af-4478-b250-df7187c001e1,1f3735d4-cc07-4755-8a66-06f84990ff38,164106f5-6c57-48ec-83c4-3606e5c0c514,1633255042902,14.452003,52.2108283,8.453616,1.0500369,-1.4723188,3.0647068,on bike mount,cyclo cross,True,asphalt,excellent
435ed585-a5af-4478-b250-df7187c001e1,1f3735d4-cc07-4755-8a66-06f84990ff38,93971b2d-ceb4-4d46-99c9-5fc98b66ba2c,1633255042952,14.452003,52.2108283,8.453616,1.4691188,-0.9811624,-0.31651974,on bike mount,cyclo cross,True,asphalt,excellent
435ed585-a5af-4478-b250-df7187c001e1,1f3735d4-cc07-4755-8a66-06f84990ff38,6813d9b8-9136-4924-a07b-23db2f3e7a12,1633255043004,14.452003,52.2108283,8.453616,0.16628122,-1.0358837,2.3048143,on bike mount,cyclo cross,True,asphalt,excellent
435ed585-a5af-4478-b250-df7187c001e1,1f3735d4-cc07-4755-8a66-06f84990ff38,7b044aa6-bda7-4f26-8e88-fa9f6cc424c4,1633255043069,14.452003,52.2108283,8.453616,0.42113757,-1.6892802,0.68809414,on bike mount,cyclo cross,True,asphalt,excellent
435ed585-a5af-4478-b250-df7187c001e1,1f3735d4-cc07-4755-8a66-06f84990ff38,77ed482d-eb61-4178-b182-97928be39c7d,1633255043120,14.4519664,52.2109023,8.143935,-0.48512435,-0.4215206,2.5575294,on bike mount,cyclo cross,True,asphalt,excellent
435ed585-a5af-4478-b250-df7187c001e1,1f3735d4-cc07-4755-8a66-06f84990ff38,1c10a9b6-5500-4f61-b741-51e3aa5dcf64,1633255043185,14.4519664,52.2109023,8.143935,-0.38752532,0.38758898,-0.16860867,on bike mount,cyclo cross,True,asphalt,excellent
435ed585-a5af-4478-b250-df7187c001e1,1f3735d4-cc07-4755-8a66-06f84990ff38,9a23ca1f-8c1d-488d-8ede-97c33d49f8c3,1633255043236,14.4519664,52.2109023,8.143935,2.5237334,-1.0044527,0.4151659,on bike mount,cyclo cross,True,asphalt,excellent
435ed585-a5af-4478-b250-df7187c001e1,1f3735d4-cc07-4755-8a66-06f84990ff38,4e326c8b-6cd1-460c-98cc-6c83f691f9f4,1633255043287,14.4519664,52.2109023,8.143935,-1.726162,-3.306469,1.2349043,on bike mount,cyclo cross,True,asphalt,excellent
435ed585-a5af-4478-b250-df7187c001e1,1f3735d4-cc07-4755-8a66-06f84990ff38,ca6d0977-4064-4f91-a3f7-b2d41642d5cd,1633255043337,14.4519664,52.2109023,8.143935,0.5006321,-0.3990414,-1.3050709,on bike mount,cyclo cross,True,asphalt,excellent
435ed585-a5af-4478-b250-df7187c001e1,1f3735d4-cc07-4755-8a66-06f84990ff38,821e7585-f7a8-4ef4-a297-306f2df41720,1633255043402,14.4519664,52.2109023,8.143935,-0.6580366,-4.01075,1.4454288,on bike mount,cyclo cross,True,asphalt,excellent
435ed585-a5af-4478-b250-df7187c001e1,1f3735d4-cc07-4755-8a66-06f84990ff38,1e4e3a5d-ed57-475f-a9cd-474a91470ab1,1633255043452,14.4519664,52.2109023,8.143935,-0.2540255,-1.5918188,-0.75512314,on bike mount,cyclo cross,True,asphalt,excellent
435ed585-a5af-4478-b250-df7187c001e1,1f3735d4-cc07-4755-8a66-06f84990ff38,eb70a450-328d-4fd4-b0c2-315b3057a78e,1633255043504,14.4519664,52.2109023,8.143935,0.64352334,-0.0014152527,1.4377537,on bike mount,cyclo cross,True,asphalt,excellent
435ed585-a5af-4478-b250-df7187c001e1,1f3735d4-cc07-4755-8a66-06f84990ff38,f7182501-fbe0-4a36-abc9-3814a378c52b,1633255043554,14.4519664,52.2109023,8.143935,0.16811219,-0.16076708,-1.050972,on bike mount,cyclo cross,True,asphalt,excellent
435ed585-a5af-4478-b250-df7187c001e1,1f3735d4-cc07-4755-8a66-06f84990ff38,46d101e6-91b0-49cb-8431-c769773954ec,1633255043604,14.4519664,52.2109023,8.143935,-0.25010246,0.19304991,1.5340862,on bike mount,cyclo cross,True,asphalt,excellent
435ed585-a5af-4478-b250-df7187c001e1,1f3735d4-cc07-4755-8a66-06f84990ff38,de001aee-0d1d-4c25-99bc-ae879145c934,1633255043670,14.4519664,52.2109023,8.143935,0.18856527,0.32916522,-0.5774641,on bike mount,cyclo cross,True,asphalt,excellent
435ed585-a5af-4478-b250-df7187c001e1,1f3735d4-cc07-4755-8a66-06f84990ff38,d35ed942-a28e-4b6a-be59-7d36361da92a,1633255043721,14.4519664,52.2109023,8.143935,-1.9002357,-0.2410562,-1.63695,on bike mount,cyclo cross,True,asphalt,excellent
435ed585-a5af-4478-b250-df7187c001e1,1f3735d4-cc07-4755-8a66-06f84990ff38,a39c711f-08a1-408c-bf9c-7f36b6cd6b38,1633255043771,14.4519664,52.2109023,8.143935,-1.7680485,-2.5871058,1.3715582,on bike mount,cyclo cross,True,asphalt,excellent
435ed585-a5af-4478-b250-df7187c001e1,1f3735d4-cc07-4755-8a66-06f84990ff38,4068f796-8fa1-4749-a0c3-bfcab19b9985,1633255043822,14.4519664,52.2109023,8.143935,-3.478155,1.1897502,0.06101513,on bike mount,cyclo cross,True,asphalt,excellent
435ed585-a5af-4478-b250-df7187c001e1,1f3735d4-cc07-4755-8a66-06f84990ff38,45e264c6-d6eb-44e8-98cc-9aeca20481f8,1633255043871,14.4519664,52.2109023,8.143935,-1.0145255,2.337738,-4.9231997,on bike mount,cyclo cross,True,asphalt,excellent
435ed585-a5af-4478-b250-df7187c001e1,1f3735d4-cc07-4755-8a66-06f84990ff38,7dd37e63-2f56-4f72-823e-365212098006,1633255043921,14.4519664,52.2109023,8.143935,-0.086852856,-0.46787524,-0.6600628,on bike mount,cyclo cross,True,asphalt,excellent
435ed585-a5af-4478-b250-df7187c001e1,1f3735d4-cc07-4755-8a66-06f84990ff38,80ede577-0a2a-4760-8452-941bdb16040d,1633255043971,14.4519664,52.2109023,8.143935,0.09964758,0.71341014,-0.36668968,on bike mount,cyclo cross,True,asphalt,excellent
435ed585-a5af-4478-b250-df7187c001e1,1f3735d4-cc07-4755-8a66-06f84990ff38,ed918ba5-e279-48ec-b0b0-2724df31edf7,1633255044022,14.4519664,52.2109023,8.143935,-1.3964905,0.4566021,1.3246574,on bike mount,cyclo cross,True,asphalt,excellent
435ed585-a5af-4478-b250-df7187c001e1,1f3735d4-cc07-4755-8a66-06f84990ff38,736b97ad-da55-465e-be6e-4d803a073e3e,1633255044071,14.4519664,52.2109023,8.143935,0.40070286,-0.4270761,-1.1833739,on bike mount,cyclo cross,True,asphalt,excellent
435ed585-a5af-4478-b250-df7187c001e1,1f3735d4-cc07-4755-8a66-06f84990ff38,bd6a2a96-1527-4245-b7f7-08ddf4b1f08a,1633255044122,14.4519347,52.2109689,7.6910863,1.6819973,-0.16321778,-3.329679,on bike mount,cyclo cross,True,asphalt,excellent
435ed585-a5af-4478-b250-df7187c001e1,1f3735d4-cc07-4755-8a66-06f84990ff38,5e43aad7-6ec0-4eaa-b4d7-52d7454c7023,1633255044171,14.4519347,52.2109689,7.6910863,0.19334939,0.81661415,1.7107315,on bike mount,cyclo cross,True,asphalt,excellent
435ed585-a5af-4478-b250-df7187c001e1,1f3735d4-cc07-4755-8a66-06f84990ff38,07fcb8fa-c14c-43af-be4e-f7efbddd0608,1633255044222,14.4519347,52.2109689,7.6910863,2.2534807,-3.180348,14.574254,on bike mount,cyclo cross,True,asphalt,excellent
435ed585-a5af-4478-b250-df7187c001e1,1f3735d4-cc07-4755-8a66-06f84990ff38,b20c442c-775e-4fb1-b0f2-70f5eb027961,1633255044288,14.4519347,52.2109689,7.6910863,0.2914914,1.0693836,2.7799978,on bike mount,cyclo cross,True,asphalt,excellent
435ed585-a5af-4478-b250-df7187c001e1,1f3735d4-cc07-4755-8a66-06f84990ff38,f34769cc-cdb4-4f37-a3bc-6458c4d41cea,1633255044338,14.4519347,52.2109689,7.6910863,1.3508242,0.36306143,-10.24808,on bike mount,cyclo cross,True,asphalt,excellent
435ed585-a5af-4478-b250-df7187c001e1,1f3735d4-cc07-4755-8a66-06f84990ff38,992715dd-aeea-411b-bf81-773754400c46,1633255044388,14.4519347,52.2109689,7.6910863,1.3937494,-3.479354,5.0004005,on bike mount,cyclo cross,True,asphalt,excellent
435ed585-a5af-4478-b250-df7187c001e1,1f3735d4-cc07-4755-8a66-06f84990ff38,6546e00f-18d1-426f-916f-1d4f7d7d9b0e,1633255044439,14.4519347,52.2109689,7.6910863,-0.38916814,-1.3747474,-0.07510853,on bike mount,cyclo cross,True,asphalt,excellent
435ed585-a5af-4478-b250-df7187c001e1,1f3735d4-cc07-4755-8a66-06f84990ff38,427ddd38-a560-481b-b855-1384d916de5c,1633255044507,14.4519347,52.2109689,7.6910863,-1.2890605,0.21690321,-1.6436253,on bike mount,cyclo cross,True,asphalt,excellent
435ed585-a5af-4478-b250-df7187c001e1,1f3735d4-cc07-4755-8a66-06f84990ff38,02894068-8b7d-4850-b817-d7dc90b8d250,1633255044572,14.4519347,52.2109689,7.6910863,-1.7957934,-0.99884856,-17.858423,on bike mount,cyclo cross,True,asphalt,excellent
435ed585-a5af-4478-b250-df7187c001e1,1f3735d4-cc07-4755-8a66-06f84990ff38,e4b7fdad-5a82-4fc9-bdf6-a643eb97ae0b,1633255044622,14.4519347,52.2109689,7.6910863,-4.0496716,-1.2792331,3.8116179,on bike mount,cyclo cross,True,asphalt,excellent
435ed585-a5af-4478-b250-df7187c001e1,1f3735d4-cc07-4755-8a66-06f84990ff38,74cb6c34-a214-4d53-991f-5374a26d8b48,1633255044672,14.4519347,52.2109689,7.6910863,-0.21357974,0.50867605,1.3791599,on bike mount,cyclo cross,True,asphalt,excellent
435ed585-a5af-4478-b250-df7187c001e1,1f3735d4-cc07-4755-8a66-06f84990ff38,8bb9ec3a-c881-4ed7-ac0c-375f9ab65244,1633255044723,14.4519347,52.2109689,7.6910863,-2.3202705,-2.1946554,2.853323,on bike mount,cyclo cross,True,asphalt,excellent
435ed585-a5af-4478-b250-df7187c001e1,1f3735d4-cc07-4755-8a66-06f84990ff38,1fd99e81-89be-4ff2-bc14-03dcbc6f9f8e,1633255044774,14.4519347,52.2109689,7.6910863,-0.9302519,-1.0652161,3.3687868,on bike mount,cyclo cross,True,asphalt,excellent
435ed585-a5af-4478-b250-df7187c001e1,1f3735d4-cc07-4755-8a66-06f84990ff38,668b9c81-20f5-44a4-b554-626ed6e64078,1633255044839,14.4519347,52.2109689,7.6910863,2.0203352,1.4069428,0.53746796,on bike mount,cyclo cross,True,asphalt,excellent
435ed585-a5af-4478-b250-df7187c001e1,1f3735d4-cc07-4755-8a66-06f84990ff38,4b96a46f-92a9-46ec-932f-b53ae930e41b,1633255044889,14.4519347,52.2109689,7.6910863,-0.036315516,0.5550239,2.0580788,on bike mount,cyclo cross,True,asphalt,excellent
435ed585-a5af-4478-b250-df7187c001e1,1f3735d4-cc07-4755-8a66-06f84990ff38,ed76248f-3420-4492-ac7f-94af0222aee8,1633255044941,14.4519347,52.2109689,7.6910863,-0.29948026,-1.166685,-1.8992853,on bike mount,cyclo cross,True,asphalt,excellent
435ed585-a5af-4478-b250-df7187c001e1,1f3735d4-cc07-4755-8a66-06f84990ff38,12248aa8-123d-43e1-afed-a8a310297ad6,1633255045007,14.4519347,52.2109689,7.6910863,0.960476,4.379981,0.5820799,on bike mount,cyclo cross,True,asphalt,excellent
435ed585-a5af-4478-b250-df7187c001e1,1f3735d4-cc07-4755-8a66-06f84990ff38,7fdd8ccb-6c0f-4765-bb34-0766117ae522,1633255045072,14.4519347,52.2109689,7.6910863,-0.9759988,1.7717619,-0.17342854,on bike mount,cyclo cross,True,asphalt,excellent
435ed585-a5af-4478-b250-df7187c001e1,1f3735d4-cc07-4755-8a66-06f84990ff38,c67a4223-45ab-4b33-a1c0-8a7ccd578a07,1633255045123,14.4518987,52.2110318,7.6145487,-0.5446292,0.060824633,-2.0620842,on bike mount,cyclo cross,True,asphalt,excellent
435ed585-a5af-4478-b250-df7187c001e1,1f3735d4-cc07-4755-8a66-06f84990ff38,a95ddd4f-ad52-40c3-8267-c108314aeefd,1633255045191,14.4518987,52.2110318,7.6145487,-0.7425224,1.0788903,-0.5615778,on bike mount,cyclo cross,True,asphalt,excellent
435ed585-a5af-4478-b250-df7187c001e1,1f3735d4-cc07-4755-8a66-06f84990ff38,8218d95b-c1ec-460a-a454-3794aef9ef1f,1633255045240,14.4518987,52.2110318,7.6145487,0.96012384,1.6787462,-3.874916,on bike mount,cyclo cross,True,asphalt,excellent
435ed585-a5af-4478-b250-df7187c001e1,1f3735d4-cc07-4755-8a66-06f84990ff38,614f7ba6-5e6f-4bd3-ae45-979b4c2770a3,1633255045290,14.4518987,52.2110318,7.6145487,-0.90566343,-0.7058687,-1.1134915,on bike mount,cyclo cross,True,asphalt,excellent
435ed585-a5af-4478-b250-df7187c001e1,1f3735d4-cc07-4755-8a66-06f84990ff38,ce3d805b-1868-4cf2-b43d-332f1b145139,1633255045341,14.4518987,52.2110318,7.6145487,0.12453328,1.6762319,6.180663,on bike mount,cyclo cross,True,asphalt,excellent
435ed585-a5af-4478-b250-df7187c001e1,1f3735d4-cc07-4755-8a66-06f84990ff38,5422d007-5cd3-43b6-a313-41aeb7963469,1633255045407,14.4518987,52.2110318,7.6145487,0.86440456,1.656219,-0.396533,on bike mount,cyclo cross,True,asphalt,excellent
435ed585-a5af-4478-b250-df7187c001e1,1f3735d4-cc07-4755-8a66-06f84990ff38,c2f18c10-82e9-43d1-b51a-51177cb2febc,1633255045457,14.4518987,52.2110318,7.6145487,0.1775408,-2.193317,-6.0837655,on bike mount,cyclo cross,True,asphalt,excellent
435ed585-a5af-4478-b250-df7187c001e1,1f3735d4-cc07-4755-8a66-06f84990ff38,c6c998a9-6950-4be8-84c1-772f0eb6f09f,1633255045507,14.4518987,52.2110318,7.6145487,-0.80462754,0.6158633,-1.2944083,on bike mount,cyclo cross,True,asphalt,excellent
435ed585-a5af-4478-b250-df7187c001e1,1f3735d4-cc07-4755-8a66-06f84990ff38,ee4919f5-0ec0-4ac3-82fc-ad4aec991eee,1633255045557,14.4518987,52.2110318,7.6145487,2.313445,3.8942378,-1.408351,on bike mount,cyclo cross,True,asphalt,excellent
435ed585-a5af-4478-b250-df7187c001e1,1f3735d4-cc07-4755-8a66-06f84990ff38,18f19ab4-3d5c-4c07-ab71-b62c97dccf5e,1633255045607,14.4518987,52.2110318,7.6145487,0.31521702,3.5737033,-1.6320701,on bike mount,cyclo cross,True,asphalt,excellent
435ed585-a5af-4478-b250-df7187c001e1,1f3735d4-cc07-4755-8a66-06f84990ff38,e9c83d5a-7645-43ec-b22c-1745a069e926,1633255045657,14.4518987,52.2110318,7.6145487,0.016030263,0.07673645,1.7201967,on bike mount,cyclo cross,True,asphalt,excellent
435ed585-a5af-4478-b250-df7187c001e1,1f3735d4-cc07-4755-8a66-06f84990ff38,9082b198-ee72-4b6e-9b2b-2d43d0d0b792,1633255045707,14.4518987,52.2110318,7.6145487,-0.987584,-0.32681298,-1.3164272,on bike mount,cyclo cross,True,asphalt,excellent
435ed585-a5af-4478-b250-df7187c001e1,1f3735d4-cc07-4755-8a66-06f84990ff38,a1f96d8a-745b-4ab6-a6db-daa9e93e0d3f,1633255045758,14.4518987,52.2110318,7.6145487,0.53151584,0.5375116,0.58778,on bike mount,cyclo cross,True,asphalt,excellent
435ed585-a5af-4478-b250-df7187c001e1,1f3735d4-cc07-4755-8a66-06f84990ff38,cecfaf89-79cb-4ada-a799-3d041a5eb464,1633255045809,14.4518987,52.2110318,7.6145487,0.8705316,-0.49200118,-2.3614888,on bike mount,cyclo cross,True,asphalt,excellent
435ed585-a5af-4478-b250-df7187c001e1,1f3735d4-cc07-4755-8a66-06f84990ff38,58f67d19-2dc4-4b64-8cba-48e713ef2c4a,1633255045874,14.4518987,52.2110318,7.6145487,-0.08807922,2.0993211,-3.2144604,on bike mount,cyclo cross,True,asphalt,excellent
435ed585-a5af-4478-b250-df7187c001e1,1f3735d4-cc07-4755-8a66-06f84990ff38,adeba99a-54a0-446b-9b1b-e507e419fe48,1633255045926,14.4518987,52.2110318,7.6145487,-0.94581634,-0.4120183,-1.0850477,on bike mount,cyclo cross,True,asphalt,excellent
435ed585-a5af-4478-b250-df7187c001e1,1f3735d4-cc07-4755-8a66-06f84990ff38,7f991579-d157-406d-b0bf-bb9e4fa9db42,1633255045991,14.4518987,52.2110318,7.6145487,1.1792756,-0.016934633,1.8420877,on bike mount,cyclo cross,True,asphalt,excellent
435ed585-a5af-4478-b250-df7187c001e1,1f3735d4-cc07-4755-8a66-06f84990ff38,eed6ae99-a531-4b6b-88ae-cdabaedf3b75,1633255046041,14.4518987,52.2110318,7.6145487,0.024639212,0.5197141,0.4353161,on bike mount,cyclo cross,True,asphalt,excellent
435ed585-a5af-4478-b250-df7187c001e1,1f3735d4-cc07-4755-8a66-06f84990ff38,12d22e99-366d-4d41-b1be-c9e6ac88e65d,1633255046098,14.4518987,52.2110318,7.6145487,-1.1789119,0.2897365,-2.4397402,on bike mount,cyclo cross,True,asphalt,excellent
435ed585-a5af-4478-b250-df7187c001e1,1f3735d4-cc07-4755-8a66-06f84990ff38,a6396485-c764-423e-b817-04ba2d2fa6ce,1633255046159,14.4518639,52.2110948,7.67509,0.6271708,-1.2140529,0.51794434,on bike mount,cyclo cross,True,asphalt,excellent
435ed585-a5af-4478-b250-df7187c001e1,1f3735d4-cc07-4755-8a66-06f84990ff38,ed032fb2-dfdd-4c63-94d0-e5fcac086f50,1633255046225,14.4518639,52.2110948,7.67509,-0.8011318,-0.6882944,2.1224985,on bike mount,cyclo cross,True,asphalt,excellent
435ed585-a5af-4478-b250-df7187c001e1,1f3735d4-cc07-4755-8a66-06f84990ff38,52eb58aa-9ba8-4e48-8964-21b65da127c1,1633255046275,14.4518639,52.2110948,7.67509,-1.0809231,2.2915106,-0.02491951,on bike mount,cyclo cross,True,asphalt,excellent
435ed585-a5af-4478-b250-df7187c001e1,1f3735d4-cc07-4755-8a66-06f84990ff38,3ce64e42-22d5-48c0-8cb5-07fdbd47232a,1633255046325,14.4518639,52.2110948,7.67509,0.17959009,-2.059469,1.5143614,on bike mount,cyclo cross,True,asphalt,excellent
435ed585-a5af-4478-b250-df7187c001e1,1f3735d4-cc07-4755-8a66-06f84990ff38,710db910-99d0-4d44-8de0-78728bd1170c,1633255046375,14.4518639,52.2110948,7.67509,2.3084037,1.393724,0.91987705,on bike mount,cyclo cross,True,asphalt,excellent
435ed585-a5af-4478-b250-df7187c001e1,1f3735d4-cc07-4755-8a66-06f84990ff38,147c9741-5422-4ea2-a965-a06afb2191ea,1633255046425,14.4518639,52.2110948,7.67509,-1.3997014,0.49369025,-16.985323,on bike mount,cyclo cross,True,asphalt,excellent
435ed585-a5af-4478-b250-df7187c001e1,1f3735d4-cc07-4755-8a66-06f84990ff38,20a563c9-d697-4349-9107-b42628fff911,1633255046475,14.4518639,52.2110948,7.67509,-5.616742,-0.47189188,0.7384472,on bike mount,cyclo cross,True,asphalt,excellent
435ed585-a5af-4478-b250-df7187c001e1,1f3735d4-cc07-4755-8a66-06f84990ff38,0ad23a4e-7181-49a2-8a32-e47ed8489b38,1633255046525,14.4518639,52.2110948,7.67509,-0.31809,-3.038682,3.3906307,on bike mount,cyclo cross,True,asphalt,excellent
435ed585-a5af-4478-b250-df7187c001e1,1f3735d4-cc07-4755-8a66-06f84990ff38,2d2f3997-f134-4e67-8f5b-086a4198783c,1633255046576,14.4518639,52.2110948,7.67509,-2.7156892,3.7328002,-1.7882667,on bike mount,cyclo cross,True,asphalt,excellent
435ed585-a5af-4478-b250-df7187c001e1,1f3735d4-cc07-4755-8a66-06f84990ff38,595b82ce-f696-48a3-bb4d-75f2fddefbb4,1633255046641,14.4518639,52.2110948,7.67509,0.33032292,-0.309618,0.7346983,on bike mount,cyclo cross,True,asphalt,excellent
435ed585-a5af-4478-b250-df7187c001e1,1f3735d4-cc07-4755-8a66-06f84990ff38,296ee0d3-d467-4c6f-a3ea-4e7333f3e346,1633255046692,14.4518639,52.2110948,7.67509,0.6572401,2.6145475,-2.1460924,on bike mount,cyclo cross,True,asphalt,excellent
435ed585-a5af-4478-b250-df7187c001e1,1f3735d4-cc07-4755-8a66-06f84990ff38,df03c2c9-2fed-4f5c-825b-506d8194239d,1633255046743,14.4518639,52.2110948,7.67509,-0.75681067,-2.1268454,0.9836197,on bike mount,cyclo cross,True,asphalt,excellent
435ed585-a5af-4478-b250-df7187c001e1,1f3735d4-cc07-4755-8a66-06f84990ff38,bfa89335-ac54-4fa4-9667-4da568b8a6a3,1633255046809,14.4518639,52.2110948,7.67509,0.43244252,-0.1441834,-1.3764615,on bike mount,cyclo cross,True,asphalt,excellent
435ed585-a5af-4478-b250-df7187c001e1,1f3735d4-cc07-4755-8a66-06f84990ff38,47df7b2e-78db-4132-ac87-92d8b0379a4b,1633255046860,14.4518639,52.2110948,7.67509,-1.4209868,0.14400077,0.26088524,on bike mount,cyclo cross,True,asphalt,excellent
435ed585-a5af-4478-b250-df7187c001e1,1f3735d4-cc07-4755-8a66-06f84990ff38,fce03ca2-9c83-4d3c-aa1c-233c90d73076,1633255046926,14.4518639,52.2110948,7.67509,1.0172541,-0.72783875,0.009490967,on bike mount,cyclo cross,True,asphalt,excellent
435ed585-a5af-4478-b250-df7187c001e1,1f3735d4-cc07-4755-8a66-06f84990ff38,16fbafec-8b25-4277-8110-829821bcb1df,1633255046978,14.4518639,52.2110948,7.67509,-0.05423376,-0.88723195,-0.6020212,on bike mount,cyclo cross,True,asphalt,excellent
435ed585-a5af-4478-b250-df7187c001e1,1f3735d4-cc07-4755-8a66-06f84990ff38,c20a606e-7451-47d0-9ff4-5644a73faf34,1633255047044,14.4518639,52.2110948,7.67509,-2.365761,1.4927604,-8.70536,on bike mount,cyclo cross,True,asphalt,excellent
435ed585-a5af-4478-b250-df7187c001e1,1f3735d4-cc07-4755-8a66-06f84990ff38,62a9659d-1f7d-47a6-8ccf-6f0068f21c55,1633255047099,14.4518639,52.2110948,7.67509,0.036385305,-1.089991,1.0812674,on bike mount,cyclo cross,True,asphalt,excellent
435ed585-a5af-4478-b250-df7187c001e1,3bed2ebf-62f2-4c2b-a122-7727d132b6d7,629f4ba6-8f56-4d6a-8488-9b8bd2d62b82,1633255045441,14.4518987,52.2110318,7.6145487,1.6549902,2.8698545,-0.49892998,on bike mount,cyclo cross,True,asphalt,excellent
435ed585-a5af-4478-b250-df7187c001e1,3bed2ebf-62f2-4c2b-a122-7727d132b6d7,536496ad-cb39-4a22-9978-817aab75e3e4,1633255045506,14.4518987,52.2110318,7.6145487,-0.80462754,0.6158633,-1.2944083,on bike mount,cyclo cross,True,asphalt,excellent
435ed585-a5af-4478-b250-df7187c001e1,3bed2ebf-62f2-4c2b-a122-7727d132b6d7,259a2ea3-ce63-4bfb-a569-87063565911b,1633255045556,14.4518987,52.2110318,7.6145487,2.313445,3.8942378,-1.408351,on bike mount,cyclo cross,True,asphalt,excellent
435ed585-a5af-4478-b250-df7187c001e1,3bed2ebf-62f2-4c2b-a122-7727d132b6d7,bb74e7c7-3cc7-4628-9cbb-dc5f46262373,1633255045606,14.4518987,52.2110318,7.6145487,0.31521702,3.5737033,-1.6320701,on bike mount,cyclo cross,True,asphalt,excellent
435ed585-a5af-4478-b250-df7187c001e1,3bed2ebf-62f2-4c2b-a122-7727d132b6d7,c508b934-84f7-4080-8047-13b982922d9e,1633255045657,14.4518987,52.2110318,7.6145487,0.016030263,0.07673645,1.7201967,on bike mount,cyclo cross,True,asphalt,excellent
435ed585-a5af-4478-b250-df7187c001e1,3bed2ebf-62f2-4c2b-a122-7727d132b6d7,3afd6589-c824-487a-bd5a-7a3efed76030,1633255045707,14.4518987,52.2110318,7.6145487,-0.987584,-0.32681298,-1.3164272,on bike mount,cyclo cross,True,asphalt,excellent
435ed585-a5af-4478-b250-df7187c001e1,3bed2ebf-62f2-4c2b-a122-7727d132b6d7,7c1f3117-7c2b-47be-b171-6aae5d1b3a31,1633255045759,14.4518987,52.2110318,7.6145487,0.53151584,0.5375116,0.58778,on bike mount,cyclo cross,True,asphalt,excellent
435ed585-a5af-4478-b250-df7187c001e1,3bed2ebf-62f2-4c2b-a122-7727d132b6d7,f378aa18-3d7e-4d5f-94f6-3187f029f61f,1633255045809,14.4518987,52.2110318,7.6145487,0.8705316,-0.49200118,-2.3614888,on bike mount,cyclo cross,True,asphalt,excellent
435ed585-a5af-4478-b250-df7187c001e1,3bed2ebf-62f2-4c2b-a122-7727d132b6d7,93544ba2-0a52-494d-9b8a-ae2d18668d35,1633255045874,14.4518987,52.2110318,7.6145487,-0.08807922,2.0993211,-3.2144604,on bike mount,cyclo cross,True,asphalt,excellent
435ed585-a5af-4478-b250-df7187c001e1,3bed2ebf-62f2-4c2b-a122-7727d132b6d7,89668aee-750f-465b-9397-3e1105aef2a2,1633255045925,14.4518987,52.2110318,7.6145487,-0.94581634,-0.4120183,-1.0850477,on bike mount,cyclo cross,True,asphalt,excellent
435ed585-a5af-4478-b250-df7187c001e1,3bed2ebf-62f2-4c2b-a122-7727d132b6d7,5a1cb646-00a3-4d46-814a-cc4611a60246,1633255045975,14.4518987,52.2110318,7.6145487,-1.0063877,-3.8256736,0.52807426,on bike mount,cyclo cross,True,asphalt,excellent
435ed585-a5af-4478-b250-df7187c001e1,3bed2ebf-62f2-4c2b-a122-7727d132b6d7,45c642ff-1192-4b2a-9c1e-98d7167afdc2,1633255046025,14.4518987,52.2110318,7.6145487,-0.8624741,0.77083445,-0.51663494,on bike mount,cyclo cross,True,asphalt,excellent
435ed585-a5af-4478-b250-df7187c001e1,3bed2ebf-62f2-4c2b-a122-7727d132b6d7,6906f4b9-d2b7-4666-9f31-7edb508c9a62,1633255046075,14.4518987,52.2110318,7.6145487,-0.50794905,2.6482544,-2.1248984,on bike mount,cyclo cross,True,asphalt,excellent
435ed585-a5af-4478-b250-df7187c001e1,3bed2ebf-62f2-4c2b-a122-7727d132b6d7,cc67d373-cb86-4a75-bd19-4df7af71c677,1633255046125,14.4518639,52.2110948,7.67509,-0.9574757,-0.8177167,-0.070176125,on bike mount,cyclo cross,True,asphalt,excellent
435ed585-a5af-4478-b250-df7187c001e1,3bed2ebf-62f2-4c2b-a122-7727d132b6d7,555bdd80-40d6-48bd-bb6d-9d699991d7c9,1633255046175,14.4518639,52.2110948,7.67509,1.092248,2.0431695,-1.2954812,on bike mount,cyclo cross,True,asphalt,excellent
435ed585-a5af-4478-b250-df7187c001e1,3bed2ebf-62f2-4c2b-a122-7727d132b6d7,876e8118-1cb1-4ffe-b0a7-90db1a589648,1633255046240,14.4518639,52.2110948,7.67509,-1.5467178,-0.88345146,1.573205,on bike mount,cyclo cross,True,asphalt,excellent
435ed585-a5af-4478-b250-df7187c001e1,3bed2ebf-62f2-4c2b-a122-7727d132b6d7,f62e206b-141b-4482-8950-a9ad13c26d91,1633255046291,14.4518639,52.2110948,7.67509,-0.047722593,-0.21289968,-3.603661,on bike mount,cyclo cross,True,asphalt,excellent
435ed585-a5af-4478-b250-df7187c001e1,3bed2ebf-62f2-4c2b-a122-7727d132b6d7,b36d41c3-0e61-4557-a37f-fc9c8059ad85,1633255046341,14.4518639,52.2110948,7.67509,0.26149124,-0.15402675,-1.0984554,on bike mount,cyclo cross,True,asphalt,excellent
435ed585-a5af-4478-b250-df7187c001e1,3bed2ebf-62f2-4c2b-a122-7727d132b6d7,bc3b9bb1-9218-445e-96b3-e9f3bab1f98e,1633255046392,14.4518639,52.2110948,7.67509,-0.4212072,-0.6462393,-0.73960304,on bike mount,cyclo cross,True,asphalt,excellent
435ed585-a5af-4478-b250-df7187c001e1,3bed2ebf-62f2-4c2b-a122-7727d132b6d7,10b1b91b-f916-428e-8238-75f3f0516322,1633255046443,14.4518639,52.2110948,7.67509,-0.7013905,-3.2512164,7.409275,on bike mount,cyclo cross,True,asphalt,excellent
435ed585-a5af-4478-b250-df7187c001e1,3bed2ebf-62f2-4c2b-a122-7727d132b6d7,c60b9f35-c4d2-4cf8-9f19-c485f997db9f,1633255046492,14.4518639,52.2110948,7.67509,1.0648001,1.066989,0.53320026,on bike mount,cyclo cross,True,asphalt,excellent
435ed585-a5af-4478-b250-df7187c001e1,3bed2ebf-62f2-4c2b-a122-7727d132b6d7,5c1101ec-0213-467a-b68a-c816ef9f3dd8,1633255046542,14.4518639,52.2110948,7.67509,-0.037838593,9.008128,-2.8233767,on bike mount,cyclo cross,True,asphalt,excellent
435ed585-a5af-4478-b250-df7187c001e1,3bed2ebf-62f2-4c2b-a122-7727d132b6d7,a8bc3e91-f40c-4275-9253-771ae9bfb0db,1633255046592,14.4518639,52.2110948,7.67509,-1.8351207,1.3426034,2.5252142,on bike mount,cyclo cross,True,asphalt,excellent
435ed585-a5af-4478-b250-df7187c001e1,3bed2ebf-62f2-4c2b-a122-7727d132b6d7,3c95f5db-c3ea-4009-8cc0-9aab36fee54d,1633255046643,14.4518639,52.2110948,7.67509,0.83581954,-1.61695,0.18100643,on bike mount,cyclo cross,True,asphalt,excellent
435ed585-a5af-4478-b250-df7187c001e1,3bed2ebf-62f2-4c2b-a122-7727d132b6d7,bfa54a12-c0a2-42cb-99d6-cf57fefc00b5,1633255046694,14.4518639,52.2110948,7.67509,1.4541763,2.1963005,-1.8211684,on bike mount,cyclo cross,True,asphalt,excellent
435ed585-a5af-4478-b250-df7187c001e1,3bed2ebf-62f2-4c2b-a122-7727d132b6d7,556b98b1-c75d-4c8c-80a7-8fd8aa8d8f08,1633255046744,14.4518639,52.2110948,7.67509,-0.75681067,-2.1268454,0.9836197,on bike mount,cyclo cross,True,asphalt,excellent
435ed585-a5af-4478-b250-df7187c001e1,3bed2ebf-62f2-4c2b-a122-7727d132b6d7,77dce5ef-96c3-4be6-bd5c-0deb0d242d47,1633255046811,14.4518639,52.2110948,7.67509,-0.6263616,0.30296326,-0.05545807,on bike mount,cyclo cross,True,asphalt,excellent
435ed585-a5af-4478-b250-df7187c001e1,3bed2ebf-62f2-4c2b-a122-7727d132b6d7,ac0b3c32-cfb3-4f66-8332-3f40a5620689,1633255046876,14.4518639,52.2110948,7.67509,-0.51026314,-1.0975277,1.2752714,on bike mount,cyclo cross,True,asphalt,excellent
435ed585-a5af-4478-b250-df7187c001e1,3bed2ebf-62f2-4c2b-a122-7727d132b6d7,ef495ce2-73c4-4813-92b3-6a17bad6307b,1633255046928,14.4518639,52.2110948,7.67509,0.29925454,0.8483088,-1.3549562,on bike mount,cyclo cross,True,asphalt,excellent
435ed585-a5af-4478-b250-df7187c001e1,3bed2ebf-62f2-4c2b-a122-7727d132b6d7,135b846c-38f5-4627-ba70-fb4e4ff270ff,1633255046993,14.4518639,52.2110948,7.67509,-0.048027076,1.4172158,-1.6142774,on bike mount,cyclo cross,True,asphalt,excellent
435ed585-a5af-4478-b250-df7187c001e1,3bed2ebf-62f2-4c2b-a122-7727d132b6d7,442a589d-4b99-4eec-b7a9-f55a1d7095fb,1633255047045,14.4518639,52.2110948,7.67509,-1.4880478,3.543172,-5.388034,on bike mount,cyclo cross,True,asphalt,excellent
435ed585-a5af-4478-b250-df7187c001e1,3bed2ebf-62f2-4c2b-a122-7727d132b6d7,ba1eb4ed-7d15-4524-8a4b-7c3e5f633bad,1633255047110,14.4518639,52.2110948,7.67509,0.583932,-2.047962,-1.753995,on bike mount,cyclo cross,True,asphalt,excellent
435ed585-a5af-4478-b250-df7187c001e1,3bed2ebf-62f2-4c2b-a122-7727d132b6d7,eba8a72f-95ec-4e0a-a5c1-27166f8967be,1633255047160,14.4518341,52.2111593,7.624977,0.46245283,8.687344,-4.0768623,on bike mount,cyclo cross,True,asphalt,excellent
435ed585-a5af-4478-b250-df7187c001e1,3bed2ebf-62f2-4c2b-a122-7727d132b6d7,369664ca-1167-48d3-8b7a-9a482ad0750a,1633255047210,14.4518341,52.2111593,7.624977,-2.2539344,-1.2993461,2.7029228,on bike mount,cyclo cross,True,asphalt,excellent
435ed585-a5af-4478-b250-df7187c001e1,3bed2ebf-62f2-4c2b-a122-7727d132b6d7,b2dc0e14-3037-443c-a6ae-059b540d8d44,1633255047260,14.4518341,52.2111593,7.624977,1.5802777,-0.7325568,1.4730968,on bike mount,cyclo cross,True,asphalt,excellent
435ed585-a5af-4478-b250-df7187c001e1,3bed2ebf-62f2-4c2b-a122-7727d132b6d7,6c7b0e8c-e604-46bf-820e-961205e0da2a,1633255047311,14.4518341,52.2111593,7.624977,0.7233968,2.8632677,0.72856617,on bike mount,cyclo cross,True,asphalt,excellent
435ed585-a5af-4478-b250-df7187c001e1,3bed2ebf-62f2-4c2b-a122-7727d132b6d7,d81400f7-1d3c-4e9a-8dc2-c049df8b23ae,1633255047376,14.4518341,52.2111593,7.624977,-0.7903299,0.48298097,0.75612926,on bike mount,cyclo cross,True,asphalt,excellent
435ed585-a5af-4478-b250-df7187c001e1,3bed2ebf-62f2-4c2b-a122-7727d132b6d7,5423fe8e-ebaf-4602-bf49-3e5e8d6c6028,1633255047427,14.4518341,52.2111593,7.624977,1.5789417,1.8932438,0.08858967,on bike mount,cyclo cross,True,asphalt,excellent
435ed585-a5af-4478-b250-df7187c001e1,3bed2ebf-62f2-4c2b-a122-7727d132b6d7,d745db27-d5f0-4385-8dfe-fa92ba18e6c2,1633255047477,14.4518341,52.2111593,7.624977,0.25919825,-0.71941423,1.7883291,on bike mount,cyclo cross,True,asphalt,excellent
435ed585-a5af-4478-b250-df7187c001e1,3bed2ebf-62f2-4c2b-a122-7727d132b6d7,f1744c1b-54bb-4107-a4ab-d6f642ee882a,1633255047528,14.4518341,52.2111593,7.624977,-1.5833685,-0.97581244,0.76186657,on bike mount,cyclo cross,True,asphalt,excellent
435ed585-a5af-4478-b250-df7187c001e1,3bed2ebf-62f2-4c2b-a122-7727d132b6d7,e08cd60d-c6b2-4fae-806c-6026a53e99b6,1633255047578,14.4518341,52.2111593,7.624977,-1.8184382,0.24395084,1.45681,on bike mount,cyclo cross,True,asphalt,excellent
435ed585-a5af-4478-b250-df7187c001e1,3bed2ebf-62f2-4c2b-a122-7727d132b6d7,7e1006c4-4ee2-4b04-b4c5-dd78536b752e,1633255047628,14.4518341,52.2111593,7.624977,2.7041907,0.20949912,0.2409544,on bike mount,cyclo cross,True,asphalt,excellent
435ed585-a5af-4478-b250-df7187c001e1,3bed2ebf-62f2-4c2b-a122-7727d132b6d7,08b0ece5-e36a-4e5d-8039-d92b67ae8409,1633255047678,14.4518341,52.2111593,7.624977,-0.6739712,-1.4483246,2.9034834,on bike mount,cyclo cross,True,asphalt,excellent
435ed585-a5af-4478-b250-df7187c001e1,3bed2ebf-62f2-4c2b-a122-7727d132b6d7,68167712-1956-45ef-a340-0b9485caac0f,1633255047743,14.4518341,52.2111593,7.624977,-1.0837829,-0.7005749,1.6020193,on bike mount,cyclo cross,True,asphalt,excellent
435ed585-a5af-4478-b250-df7187c001e1,3bed2ebf-62f2-4c2b-a122-7727d132b6d7,64b7e81b-8dc4-48fe-bca2-7fe4cb9449e5,1633255047793,14.4518341,52.2111593,7.624977,1.0527239,-0.77627707,1.3620539,on bike mount,cyclo cross,True,asphalt,excellent
435ed585-a5af-4478-b250-df7187c001e1,3bed2ebf-62f2-4c2b-a122-7727d132b6d7,ab7d5965-f898-4d02-b6c9-43e21a044573,1633255047845,14.4518341,52.2111593,7.624977,-2.021054,0.7621894,-2.3270092,on bike mount,cyclo cross,True,asphalt,excellent
435ed585-a5af-4478-b250-df7187c001e1,3bed2ebf-62f2-4c2b-a122-7727d132b6d7,e6dd72f6-494f-44d6-ae5d-d5cec0762ed4,1633255047911,14.4518341,52.2111593,7.624977,1.4665601,-0.29967427,-1.818347,on bike mount,cyclo cross,True,asphalt,excellent
435ed585-a5af-4478-b250-df7187c001e1,3bed2ebf-62f2-4c2b-a122-7727d132b6d7,395429b7-ec3a-492a-ba99-af05a7c0b2c6,1633255047961,14.4518341,52.2111593,7.624977,-0.37566757,0.27946138,-2.007245,on bike mount,cyclo cross,True,asphalt,excellent
435ed585-a5af-4478-b250-df7187c001e1,3bed2ebf-62f2-4c2b-a122-7727d132b6d7,52a6b0f8-0070-49f0-b571-d2b9022c327c,1633255048011,14.4518341,52.2111593,7.624977,-0.11455035,0.9022813,2.482523,on bike mount,cyclo cross,True,asphalt,excellent
435ed585-a5af-4478-b250-df7187c001e1,3bed2ebf-62f2-4c2b-a122-7727d132b6d7,1e506d9f-c3ef-453d-986d-7bb30b530310,1633255048063,14.4518341,52.2111593,7.624977,0.57109356,1.7885866,1.1544437,on bike mount,cyclo cross,True,asphalt,excellent
435ed585-a5af-4478-b250-df7187c001e1,3bed2ebf-62f2-4c2b-a122-7727d132b6d7,0903e2fc-ef87-4219-8958-d55374ef737c,1633255048128,14.4517963,52.2112237,7.4943876,0.43827847,-0.023328781,-1.154892,on bike mount,cyclo cross,True,asphalt,excellent
435ed585-a5af-4478-b250-df7187c001e1,3bed2ebf-62f2-4c2b-a122-7727d132b6d7,c5196e80-c220-4bca-97c7-bd947ec262a8,1633255048178,14.4517963,52.2112237,7.4943876,-0.097376734,1.6479974,-2.291335,on bike mount,cyclo cross,True,asphalt,excellent
435ed585-a5af-4478-b250-df7187c001e1,3bed2ebf-62f2-4c2b-a122-7727d132b6d7,6b818fb1-15b4-42b5-8da5-58957b01eb05,1633255048228,14.4517963,52.2112237,7.4943876,0.79867303,3.4584541,-0.049028397,on bike mount,cyclo cross,True,asphalt,excellent
435ed585-a5af-4478-b250-df7187c001e1,3bed2ebf-62f2-4c2b-a122-7727d132b6d7,92013038-3c3c-48b4-93da-bf8e1840d086,1633255048278,14.4517963,52.2112237,7.4943876,-0.067426205,-1.1156514,2.6323385,on bike mount,cyclo cross,True,asphalt,excellent
435ed585-a5af-4478-b250-df7187c001e1,3bed2ebf-62f2-4c2b-a122-7727d132b6d7,68b30a83-9ddc-4c93-9ca7-1aac04db370c,1633255048328,14.4517963,52.2112237,7.4943876,-0.092538595,-0.5989573,0.014006615,on bike mount,cyclo cross,True,asphalt,excellent
435ed585-a5af-4478-b250-df7187c001e1,3bed2ebf-62f2-4c2b-a122-7727d132b6d7,832b3672-91ce-429e-9492-2128072fd66a,1633255048378,14.4517963,52.2112237,7.4943876,0.84496313,0.016801119,-1.3826151,on bike mount,cyclo cross,True,asphalt,excellent
435ed585-a5af-4478-b250-df7187c001e1,3bed2ebf-62f2-4c2b-a122-7727d132b6d7,68251ef0-f5b2-4b53-a5e2-64f50d834cab,1633255048428,14.4517963,52.2112237,7.4943876,-1.1825801,-1.8112098,-0.68472576,on bike mount,cyclo cross,True,asphalt,excellent
435ed585-a5af-4478-b250-df7187c001e1,3bed2ebf-62f2-4c2b-a122-7727d132b6d7,5d96e552-7394-4191-80c8-ae8965dd1665,1633255048478,14.4517963,52.2112237,7.4943876,-0.48199695,-1.1443486,1.8072262,on bike mount,cyclo cross,True,asphalt,excellent
435ed585-a5af-4478-b250-df7187c001e1,3bed2ebf-62f2-4c2b-a122-7727d132b6d7,1aee1ff4-ce1c-45bd-ae85-895f68eeb1c2,1633255048528,14.4517963,52.2112237,7.4943876,0.43476602,0.1713283,-0.8418946,on bike mount,cyclo cross,True,asphalt,excellent
435ed585-a5af-4478-b250-df7187c001e1,3bed2ebf-62f2-4c2b-a122-7727d132b6d7,4e9735b5-15ee-4f29-ae9c-15829e7a56de,1633255048580,14.4517963,52.2112237,7.4943876,0.4987063,3.6240406,-4.226373,on bike mount,cyclo cross,True,asphalt,excellent
435ed585-a5af-4478-b250-df7187c001e1,3bed2ebf-62f2-4c2b-a122-7727d132b6d7,4d5ee9bd-faae-4618-9338-ca2b76c764db,1633255048647,14.4517963,52.2112237,7.4943876,4.977647,2.985571,-1.4406719,on bike mount,cyclo cross,True,asphalt,excellent
435ed585-a5af-4478-b250-df7187c001e1,3bed2ebf-62f2-4c2b-a122-7727d132b6d7,59834d02-24b7-499b-9274-b032841e07a8,1633255048713,14.4517963,52.2112237,7.4943876,3.709082,-1.8162413,-0.70281315,on bike mount,cyclo cross,True,asphalt,excellent
435ed585-a5af-4478-b250-df7187c001e1,3bed2ebf-62f2-4c2b-a122-7727d132b6d7,d077ab2f-402f-45c7-b032-9403edb7bcf6,1633255048763,14.4517963,52.2112237,7.4943876,-0.5996786,-1.0797346,-0.9090824,on bike mount,cyclo cross,True,asphalt,excellent
435ed585-a5af-4478-b250-df7187c001e1,3bed2ebf-62f2-4c2b-a122-7727d132b6d7,be81ccf5-2f2e-4792-af0e-81e36f4f4a03,1633255048812,14.4517963,52.2112237,7.4943876,-0.9278446,0.23997092,-0.41209602,on bike mount,cyclo cross,True,asphalt,excellent
435ed585-a5af-4478-b250-df7187c001e1,3bed2ebf-62f2-4c2b-a122-7727d132b6d7,939ea0ab-4fe5-4fa3-b152-b37ee0bed999,1633255048864,14.4517963,52.2112237,7.4943876,-0.0017319992,0.16773653,0.5106878,on bike mount,cyclo cross,True,asphalt,excellent
435ed585-a5af-4478-b250-df7187c001e1,3bed2ebf-62f2-4c2b-a122-7727d132b6d7,7dcf16b8-2e4f-4fcf-8a1a-f315ffcaefc0,1633255048914,14.4517963,52.2112237,7.4943876,0.1710056,-2.3628824,3.0219965,on bike mount,cyclo cross,True,asphalt,excellent
435ed585-a5af-4478-b250-df7187c001e1,3bed2ebf-62f2-4c2b-a122-7727d132b6d7,ad71b5ba-a490-4d4a-9bf1-1bd4bf252d2d,1633255048980,14.4517963,52.2112237,7.4943876,0.43811712,-0.37760878,-1.0078335,on bike mount,cyclo cross,True,asphalt,excellent
435ed585-a5af-4478-b250-df7187c001e1,3bed2ebf-62f2-4c2b-a122-7727d132b6d7,ed86bc66-52fa-4c9f-acb8-b124654ab737,1633255049031,14.4517963,52.2112237,7.4943876,-0.55016273,1.2155185,0.71283436,on bike mount,cyclo cross,True,asphalt,excellent
435ed585-a5af-4478-b250-df7187c001e1,3bed2ebf-62f2-4c2b-a122-7727d132b6d7,09066459-e4e9-4df4-98cf-c20745b8b69e,1633255049080,14.4517963,52.2112237,7.4943876,0.44244888,1.5524368,-0.27038002,on bike mount,cyclo cross,True,asphalt,excellent
435ed585-a5af-4478-b250-df7187c001e1,3bed2ebf-62f2-4c2b-a122-7727d132b6d7,bbff0dd4-3579-4afb-a862-42d1547352b1,1633255049131,14.45176,52.2112969,8.278765,-0.4521373,-0.5923469,-0.9134836,on bike mount,cyclo cross,True,asphalt,excellent
435ed585-a5af-4478-b250-df7187c001e1,3bed2ebf-62f2-4c2b-a122-7727d132b6d7,472d152d-9b78-439d-922f-1374b520f894,1633255049180,14.45176,52.2112969,8.278765,0.45430443,-0.9257088,0.5219908,on bike mount,cyclo cross,True,asphalt,excellent
435ed585-a5af-4478-b250-df7187c001e1,3bed2ebf-62f2-4c2b-a122-7727d132b6d7,a14e1e30-bc25-4efb-92f5-8eb968930082,1633255049230,14.45176,52.2112969,8.278765,-0.14672309,-0.109190226,0.25349045,on bike mount,cyclo cross,True,asphalt,excellent
435ed585-a5af-4478-b250-df7187c001e1,3bed2ebf-62f2-4c2b-a122-7727d132b6d7,4151a498-92c3-4a65-8471-5a5e683d8101,1633255049280,14.45176,52.2112969,8.278765,-1.1423955,-3.0510058,8.199152,on bike mount,cyclo cross,True,asphalt,excellent
435ed585-a5af-4478-b250-df7187c001e1,3bed2ebf-62f2-4c2b-a122-7727d132b6d7,5d92f939-042c-4699-be6f-62b78c327bef,1633255049330,14.45176,52.2112969,8.278765,-0.50274926,0.56884694,0.63206005,on bike mount,cyclo cross,True,asphalt,excellent
435ed585-a5af-4478-b250-df7187c001e1,3bed2ebf-62f2-4c2b-a122-7727d132b6d7,d289470d-f6ae-4129-aac6-388c983fc450,1633255049380,14.45176,52.2112969,8.278765,-0.7181457,0.6420131,1.9011593,on bike mount,cyclo cross,True,asphalt,excellent
435ed585-a5af-4478-b250-df7187c001e1,3bed2ebf-62f2-4c2b-a122-7727d132b6d7,6832ce42-08cb-4c3c-be57-b7ab42a58450,1633255049430,14.45176,52.2112969,8.278765,0.17592935,0.68246484,-1.1654301,on bike mount,cyclo cross,True,asphalt,excellent
435ed585-a5af-4478-b250-df7187c001e1,3bed2ebf-62f2-4c2b-a122-7727d132b6d7,841403ff-a69e-47fa-8556-13fe846e1c60,1633255049480,14.45176,52.2112969,8.278765,0.52674425,0.13204336,4.7897663,on bike mount,cyclo cross,True,asphalt,excellent
435ed585-a5af-4478-b250-df7187c001e1,3bed2ebf-62f2-4c2b-a122-7727d132b6d7,8331b5bf-e7dd-4615-9e5e-52f227ca36ac,1633255049531,14.45176,52.2112969,8.278765,2.6482165,-1.3648556,1.4844818,on bike mount,cyclo cross,True,asphalt,excellent
435ed585-a5af-4478-b250-df7187c001e1,3bed2ebf-62f2-4c2b-a122-7727d132b6d7,2be0bf4c-9796-497d-8d2c-f5a69be960cf,1633255049581,14.45176,52.2112969,8.278765,0.115095265,-3.543321,3.8079157,on bike mount,cyclo cross,True,asphalt,excellent
435ed585-a5af-4478-b250-df7187c001e1,3bed2ebf-62f2-4c2b-a122-7727d132b6d7,2ff326c2-88e0-4004-96a9-a174b3f8b3f6,1633255049647,14.45176,52.2112969,8.278765,0.7445324,-0.07719922,0.5896187,on bike mount,cyclo cross,True,asphalt,excellent
435ed585-a5af-4478-b250-df7187c001e1,3bed2ebf-62f2-4c2b-a122-7727d132b6d7,46621e20-0080-4137-8df6-c505ee7632bc,1633255049698,14.45176,52.2112969,8.278765,1.6828599,2.213904,-2.7452998,on bike mount,cyclo cross,True,asphalt,excellent
435ed585-a5af-4478-b250-df7187c001e1,3bed2ebf-62f2-4c2b-a122-7727d132b6d7,bd711274-a7ba-4916-9636-5a9be7f0c387,1633255049748,14.45176,52.2112969,8.278765,-0.13628924,-0.2309115,-0.82409954,on bike mount,cyclo cross,True,asphalt,excellent
435ed585-a5af-4478-b250-df7187c001e1,3bed2ebf-62f2-4c2b-a122-7727d132b6d7,65cecf6c-0e45-4b56-a6ad-7ebf3ad4452e,1633255049798,14.45176,52.2112969,8.278765,-0.58800364,-0.1577189,-1.7425699,on bike mount,cyclo cross,True,asphalt,excellent
435ed585-a5af-4478-b250-df7187c001e1,3bed2ebf-62f2-4c2b-a122-7727d132b6d7,545ebad3-b14d-49ca-aae0-6cc87df8c369,1633255049849,14.45176,52.2112969,8.278765,-0.01714784,2.2473722,1.9259892,on bike mount,cyclo cross,True,asphalt,excellent
435ed585-a5af-4478-b250-df7187c001e1,3bed2ebf-62f2-4c2b-a122-7727d132b6d7,d6a3e08a-5431-4e70-a0e4-b4107e40272e,1633255049915,14.45176,52.2112969,8.278765,0.4683381,0.44950533,1.2575178,on bike mount,cyclo cross,True,asphalt,excellent
435ed585-a5af-4478-b250-df7187c001e1,3bed2ebf-62f2-4c2b-a122-7727d132b6d7,e56cd7ea-f0f0-4da6-9be2-5b8c560244cf,1633255049965,14.45176,52.2112969,8.278765,-0.36030146,-1.790654,1.7028246,on bike mount,cyclo cross,True,asphalt,excellent
435ed585-a5af-4478-b250-df7187c001e1,3bed2ebf-62f2-4c2b-a122-7727d132b6d7,492700df-af7b-4884-986a-bf1bff16239e,1633255050015,14.45176,52.2112969,8.278765,0.33328417,3.9006557,1.181592,on bike mount,cyclo cross,True,asphalt,excellent
435ed585-a5af-4478-b250-df7187c001e1,3bed2ebf-62f2-4c2b-a122-7727d132b6d7,f9cd4719-269c-4e3a-b5c3-6f8e32413bdf,1633255050082,14.45176,52.2112969,8.278765,-0.66467476,-1.1187344,0.34693336,on bike mount,cyclo cross,True,asphalt,excellent
435ed585-a5af-4478-b250-df7187c001e1,3bed2ebf-62f2-4c2b-a122-7727d132b6d7,32d384b6-f574-4758-8fb3-69455a831168,1633255050132,14.4517198,52.2113674,7.7610574,1.215681,0.036000967,-2.250536,on bike mount,cyclo cross,True,asphalt,excellent
435ed585-a5af-4478-b250-df7187c001e1,3bed2ebf-62f2-4c2b-a122-7727d132b6d7,b9483c97-b35f-4680-95f7-6b56eaa21717,1633255050183,14.4517198,52.2113674,7.7610574,-0.9926232,-0.87935984,1.61269,on bike mount,cyclo cross,True,asphalt,excellent
435ed585-a5af-4478-b250-df7187c001e1,3bed2ebf-62f2-4c2b-a122-7727d132b6d7,bac39884-e1b4-4ee8-a43b-96bbd0fe19db,1633255050233,14.4517198,52.2113674,7.7610574,-1.1021457,-0.4374659,-2.0981722,on bike mount,cyclo cross,True,asphalt,excellent
435ed585-a5af-4478-b250-df7187c001e1,3bed2ebf-62f2-4c2b-a122-7727d132b6d7,722458e6-0226-4474-9a93-b765198cc2d4,1633255050283,14.4517198,52.2113674,7.7610574,1.966245,-1.2088642,0.41600132,on bike mount,cyclo cross,True,asphalt,excellent
435ed585-a5af-4478-b250-df7187c001e1,3bed2ebf-62f2-4c2b-a122-7727d132b6d7,6572c3ef-38a3-4e19-aeb6-e57bebc407b0,1633255050333,14.4517198,52.2113674,7.7610574,-2.1819167,-1.238047,0.06319237,on bike mount,cyclo cross,True,asphalt,excellent
435ed585-a5af-4478-b250-df7187c001e1,3bed2ebf-62f2-4c2b-a122-7727d132b6d7,09f00edc-d796-49ae-9afb-476dfc048fb8,1633255050398,14.4517198,52.2113674,7.7610574,-0.22482592,-0.647467,-1.1459327,on bike mount,cyclo cross,True,asphalt,excellent
435ed585-a5af-4478-b250-df7187c001e1,3bed2ebf-62f2-4c2b-a122-7727d132b6d7,e0279d27-4532-46be-a432-1f09c05ef848,1633255050449,14.4517198,52.2113674,7.7610574,0.13677195,2.7561407,-1.2585745,on bike mount,cyclo cross,True,asphalt,excellent
435ed585-a5af-4478-b250-df7187c001e1,3bed2ebf-62f2-4c2b-a122-7727d132b6d7,d8f68c72-d5d0-4613-8f26-12d0331741ca,1633255050500,14.4517198,52.2113674,7.7610574,-0.03349349,0.44606543,0.20925999,on bike mount,cyclo cross,True,asphalt,excellent
435ed585-a5af-4478-b250-df7187c001e1,3bed2ebf-62f2-4c2b-a122-7727d132b6d7,97e0a261-79d3-4d78-aed8-5833bd66b92c,1633255050565,14.4517198,52.2113674,7.7610574,-1.0354915,-0.1952846,0.9802532,on bike mount,cyclo cross,True,asphalt,excellent
435ed585-a5af-4478-b250-df7187c001e1,3bed2ebf-62f2-4c2b-a122-7727d132b6d7,e37cf64a-d63d-4ff3-a1b6-ac3d96573342,1633255050617,14.4517198,52.2113674,7.7610574,0.7500051,-2.2644603,1.9767714,on bike mount,cyclo cross,True,asphalt,excellent
435ed585-a5af-4478-b250-df7187c001e1,3bed2ebf-62f2-4c2b-a122-7727d132b6d7,ddc5c124-980b-41a3-bf38-8ee62896e8d3,1633255050684,14.4517198,52.2113674,7.7610574,2.9404924,-0.55032897,5.321336,on bike mount,cyclo cross,True,asphalt,excellent
435ed585-a5af-4478-b250-df7187c001e1,3bed2ebf-62f2-4c2b-a122-7727d132b6d7,33f90f41-76cd-4c62-b444-8320240e82b0,1633255050733,14.4517198,52.2113674,7.7610574,-0.7440105,-1.5602571,-2.0681696,on bike mount,cyclo cross,True,asphalt,excellent
435ed585-a5af-4478-b250-df7187c001e1,3bed2ebf-62f2-4c2b-a122-7727d132b6d7,4c5e4992-575d-4d89-9970-36834d384c7d,1633255050783,14.4517198,52.2113674,7.7610574,-0.3454563,0.017723322,-0.29030037,on bike mount,cyclo cross,True,asphalt,excellent
435ed585-a5af-4478-b250-df7187c001e1,3bed2ebf-62f2-4c2b-a122-7727d132b6d7,555aee66-b7e8-4d3d-8404-a4922d2a009b,1633255050833,14.4517198,52.2113674,7.7610574,0.7072824,-2.10569,0.14134789,on bike mount,cyclo cross,True,asphalt,excellent
435ed585-a5af-4478-b250-df7187c001e1,3bed2ebf-62f2-4c2b-a122-7727d132b6d7,3d64c668-fec1-4c3b-8836-1ac33b7ad81b,1633255050884,14.4517198,52.2113674,7.7610574,0.22072606,-4.8381815,2.872861,on bike mount,cyclo cross,True,asphalt,excellent
435ed585-a5af-4478-b250-df7187c001e1,3bed2ebf-62f2-4c2b-a122-7727d132b6d7,f1f3dbf2-5d22-459b-b373-5e0f612fbb26,1633255050951,14.4517198,52.2113674,7.7610574,-1.6658264,0.900043,-0.046437263,on bike mount,cyclo cross,True,asphalt,excellent
435ed585-a5af-4478-b250-df7187c001e1,3bed2ebf-62f2-4c2b-a122-7727d132b6d7,932de9b2-de3f-4b06-933d-24e242ae8540,1633255051002,14.4517198,52.2113674,7.7610574,0.01673395,-2.688835,-1.5041232,on bike mount,cyclo cross,True,asphalt,excellent
435ed585-a5af-4478-b250-df7187c001e1,3bed2ebf-62f2-4c2b-a122-7727d132b6d7,1a162671-1a13-45a7-8305-11d53d052e11,1633255051053,14.4517198,52.2113674,7.7610574,0.11025196,0.5956266,0.6172743,on bike mount,cyclo cross,True,asphalt,excellent
435ed585-a5af-4478-b250-df7187c001e1,3bed2ebf-62f2-4c2b-a122-7727d132b6d7,ff461227-75f5-46d9-93f6-47cf31e0f57d,1633255051117,14.4516801,52.2114396,7.9879775,-0.26627412,-0.602093,1.2653227,on bike mount,cyclo cross,True,asphalt,excellent
435ed585-a5af-4478-b250-df7187c001e1,3bed2ebf-62f2-4c2b-a122-7727d132b6d7,9c3f6fcd-a4cb-4145-8ed7-7afefad10d52,1633255051167,14.4516801,52.2114396,7.9879775,-0.7407929,-1.2060004,0.5035782,on bike mount,cyclo cross,True,asphalt,excellent
435ed585-a5af-4478-b250-df7187c001e1,3bed2ebf-62f2-4c2b-a122-7727d132b6d7,67217640-4ce1-4811-bfa4-6edd6929ef28,1633255051218,14.4516801,52.2114396,7.9879775,-0.094197944,0.8773594,0.0005674362,on bike mount,cyclo cross,True,asphalt,excellent
435ed585-a5af-4478-b250-df7187c001e1,3bed2ebf-62f2-4c2b-a122-7727d132b6d7,99a774a9-b121-4a31-87ef-4a876f9d960f,1633255051267,14.4516801,52.2114396,7.9879775,-0.2146114,-1.0626823,3.2649279,on bike mount,cyclo cross,True,asphalt,excellent
435ed585-a5af-4478-b250-df7187c001e1,3bed2ebf-62f2-4c2b-a122-7727d132b6d7,e4537919-152c-4257-80e8-0350ff51ebbf,1633255051318,14.4516801,52.2114396,7.9879775,0.22844975,-0.2732575,-0.7847643,on bike mount,cyclo cross,True,asphalt,excellent
435ed585-a5af-4478-b250-df7187c001e1,3bed2ebf-62f2-4c2b-a122-7727d132b6d7,3c2923b6-2ece-4ca5-8f77-e8dec061bfa2,1633255051383,14.4516801,52.2114396,7.9879775,0.095510304,-1.169255,1.3238916,on bike mount,cyclo cross,True,asphalt,excellent
435ed585-a5af-4478-b250-df7187c001e1,3bed2ebf-62f2-4c2b-a122-7727d132b6d7,0cd4737f-3713-41a6-8d81-af80e87dde27,1633255051433,14.4516801,52.2114396,7.9879775,0.61242986,-1.2549793,1.6175127,on bike mount,cyclo cross,True,asphalt,excellent
435ed585-a5af-4478-b250-df7187c001e1,3bed2ebf-62f2-4c2b-a122-7727d132b6d7,7d0fc63f-e748-40c0-b173-c9171544ed78,1633255051483,14.4516801,52.2114396,7.9879775,-0.47803983,0.8185053,-0.8392439,on bike mount,cyclo cross,True,asphalt,excellent
435ed585-a5af-4478-b250-df7187c001e1,3bed2ebf-62f2-4c2b-a122-7727d132b6d7,033030cc-7588-4c00-b667-049e757a1396,1633255051533,14.4516801,52.2114396,7.9879775,0.7031305,1.911777,-1.4176059,on bike mount,cyclo cross,True,asphalt,excellent
435ed585-a5af-4478-b250-df7187c001e1,3bed2ebf-62f2-4c2b-a122-7727d132b6d7,75389da8-aa75-447b-9a6a-3847390aa3cc,1633255051584,14.4516801,52.2114396,7.9879775,-0.39943218,-2.5848553,1.32691,on bike mount,cyclo cross,True,asphalt,excellent
435ed585-a5af-4478-b250-df7187c001e1,3bed2ebf-62f2-4c2b-a122-7727d132b6d7,887c5bc7-ea60-42f6-8571-839728c05107,1633255051635,14.4516801,52.2114396,7.9879775,1.0443528,-1.6944324,0.41045952,on bike mount,cyclo cross,True,asphalt,excellent
435ed585-a5af-4478-b250-df7187c001e1,3bed2ebf-62f2-4c2b-a122-7727d132b6d7,3eb29456-598c-49bb-82eb-85c30edc48fc,1633255051685,14.4516801,52.2114396,7.9879775,-0.8130095,-0.7639127,0.0897665,on bike mount,cyclo cross,True,asphalt,excellent
435ed585-a5af-4478-b250-df7187c001e1,3bed2ebf-62f2-4c2b-a122-7727d132b6d7,ddc78b64-370b-46a2-bd2b-1c68a638d28b,1633255051750,14.4516801,52.2114396,7.9879775,0.59380704,-1.8582599,-2.0705428,on bike mount,cyclo cross,True,asphalt,excellent
435ed585-a5af-4478-b250-df7187c001e1,3bed2ebf-62f2-4c2b-a122-7727d132b6d7,e0c30045-e201-4cfc-b35e-8c14788ce24d,1633255051801,14.4516801,52.2114396,7.9879775,0.7268983,0.9117522,-1.8257799,on bike mount,cyclo cross,True,asphalt,excellent
435ed585-a5af-4478-b250-df7187c001e1,3bed2ebf-62f2-4c2b-a122-7727d132b6d7,421861c6-f02d-4946-9c91-94148449a286,1633255051852,14.4516801,52.2114396,7.9879775,-0.30038038,-0.17869401,3.1804304,on bike mount,cyclo cross,True,asphalt,excellent
435ed585-a5af-4478-b250-df7187c001e1,3bed2ebf-62f2-4c2b-a122-7727d132b6d7,bee430d7-8fb3-4ea4-b955-844f48c998db,1633255051917,14.4516801,52.2114396,7.9879775,0.99055684,0.92687297,0.18038177,on bike mount,cyclo cross,True,asphalt,excellent
435ed585-a5af-4478-b250-df7187c001e1,3bed2ebf-62f2-4c2b-a122-7727d132b6d7,a2dad079-56ff-42cb-8939-4539c299b677,1633255051968,14.4516801,52.2114396,7.9879775,-0.69003314,1.3943362,0.85496235,on bike mount,cyclo cross,True,asphalt,excellent
435ed585-a5af-4478-b250-df7187c001e1,3bed2ebf-62f2-4c2b-a122-7727d132b6d7,a7b49b61-a801-42f3-b083-1ddbca27033c,1633255052018,14.4516801,52.2114396,7.9879775,0.80171293,-0.15591216,-1.607099,on bike mount,cyclo cross,True,asphalt,excellent
435ed585-a5af-4478-b250-df7187c001e1,3bed2ebf-62f2-4c2b-a122-7727d132b6d7,0fcfdeaf-ba8d-4737-a8e7-8bbd3f201466,1633255052069,14.4516801,52.2114396,7.9879775,0.1899541,-1.0786635,-1.6413388,on bike mount,cyclo cross,True,asphalt,excellent
435ed585-a5af-4478-b250-df7187c001e1,3bed2ebf-62f2-4c2b-a122-7727d132b6d7,686ea459-b08a-4f8d-a5d7-0abfcdcd37af,1633255052135,14.4516466,52.2115162,7.7452636,-0.853345,0.7424562,-1.8792949,on bike mount,cyclo cross,True,asphalt,excellent
435ed585-a5af-4478-b250-df7187c001e1,3bed2ebf-62f2-4c2b-a122-7727d132b6d7,10fb79fe-4bd3-4ce1-b6cd-ef94ebc03873,1633255052185,14.4516466,52.2115162,7.7452636,-0.02286797,-0.09592414,-2.5647416,on bike mount,cyclo cross,True,asphalt,excellent
435ed585-a5af-4478-b250-df7187c001e1,3bed2ebf-62f2-4c2b-a122-7727d132b6d7,69d85c8f-4411-4417-a965-7bce6a53054f,1633255052237,14.4516466,52.2115162,7.7452636,-1.0427097,-0.4986918,-1.1063962,on bike mount,cyclo cross,True,asphalt,excellent
435ed585-a5af-4478-b250-df7187c001e1,3bed2ebf-62f2-4c2b-a122-7727d132b6d7,87974db6-d110-4c70-bac2-6bbdba68f4ae,1633255052287,14.4516466,52.2115162,7.7452636,-0.46751982,-0.41796684,0.51327324,on bike mount,cyclo cross,True,asphalt,excellent
435ed585-a5af-4478-b250-df7187c001e1,3bed2ebf-62f2-4c2b-a122-7727d132b6d7,00c919a8-bb2c-4631-915a-421fda909bfb,1633255052353,14.4516466,52.2115162,7.7452636,-0.7769072,-0.05517316,2.0499077,on bike mount,cyclo cross,True,asphalt,excellent
435ed585-a5af-4478-b250-df7187c001e1,3bed2ebf-62f2-4c2b-a122-7727d132b6d7,51f52817-ed4a-4989-b108-ed2b0ce33ff6,1633255052402,14.4516466,52.2115162,7.7452636,0.4026791,0.074234486,-2.844533,on bike mount,cyclo cross,True,asphalt,excellent
435ed585-a5af-4478-b250-df7187c001e1,3bed2ebf-62f2-4c2b-a122-7727d132b6d7,6a4984d2-078e-4300-b7f3-433ee47de35b,1633255052452,14.4516466,52.2115162,7.7452636,-0.018037558,-2.8482246,5.997244,on bike mount,cyclo cross,True,asphalt,excellent
435ed585-a5af-4478-b250-df7187c001e1,3bed2ebf-62f2-4c2b-a122-7727d132b6d7,939542ec-da4a-41a4-a4ec-75136965b7e2,1633255052503,14.4516466,52.2115162,7.7452636,-0.45804977,-1.7711737,3.0681858,on bike mount,cyclo cross,True,asphalt,excellent
435ed585-a5af-4478-b250-df7187c001e1,3bed2ebf-62f2-4c2b-a122-7727d132b6d7,c3f916ef-f7c2-4333-801d-07620e4e1781,1633255052569,14.4516466,52.2115162,7.7452636,0.33453307,-3.5834541,0.57241154,on bike mount,cyclo cross,True,asphalt,excellent
435ed585-a5af-4478-b250-df7187c001e1,3bed2ebf-62f2-4c2b-a122-7727d132b6d7,5165166c-6532-46ae-9b8a-ae449fc805e2,1633255052620,14.4516466,52.2115162,7.7452636,-0.045928165,0.65079904,-1.0494232,on bike mount,cyclo cross,True,asphalt,excellent
435ed585-a5af-4478-b250-df7187c001e1,3bed2ebf-62f2-4c2b-a122-7727d132b6d7,014d7e41-d501-4864-8186-84e33b4be779,1633255052687,14.4516466,52.2115162,7.7452636,-1.9078525,-0.3981595,0.3324108,on bike mount,cyclo cross,True,asphalt,excellent
435ed585-a5af-4478-b250-df7187c001e1,3bed2ebf-62f2-4c2b-a122-7727d132b6d7,d49245ec-e721-41eb-841d-06a5c9c7f69e,1633255052753,14.4516466,52.2115162,7.7452636,-0.7446051,-0.22516012,-3.6622152,on bike mount,cyclo cross,True,asphalt,excellent
435ed585-a5af-4478-b250-df7187c001e1,3bed2ebf-62f2-4c2b-a122-7727d132b6d7,5aaeee48-e973-43f2-97fb-fed7f3e30ce4,1633255052803,14.4516466,52.2115162,7.7452636,-5.1169796,2.0582447,-1.0503473,on bike mount,cyclo cross,True,asphalt,excellent
435ed585-a5af-4478-b250-df7187c001e1,3bed2ebf-62f2-4c2b-a122-7727d132b6d7,03ad6b7d-6170-42dc-867e-59d2b38e3387,1633255052853,14.4516466,52.2115162,7.7452636,0.7688986,-2.4288409,-1.2583046,on bike mount,cyclo cross,True,asphalt,excellent
435ed585-a5af-4478-b250-df7187c001e1,3bed2ebf-62f2-4c2b-a122-7727d132b6d7,ff580ffc-812f-4f61-8b4c-853b6e44653f,1633255052903,14.4516466,52.2115162,7.7452636,-2.0298853,-1.5464867,0.9136915,on bike mount,cyclo cross,True,asphalt,excellent
435ed585-a5af-4478-b250-df7187c001e1,3bed2ebf-62f2-4c2b-a122-7727d132b6d7,07b73a82-45b2-4eb5-a33b-589db0c4441f,1633255052955,14.4516466,52.2115162,7.7452636,0.66201425,-0.53137136,-2.0656767,on bike mount,cyclo cross,True,asphalt,excellent
435ed585-a5af-4478-b250-df7187c001e1,3bed2ebf-62f2-4c2b-a122-7727d132b6d7,9c137c92-9870-448a-8457-5e271c0c1172,1633255053020,14.4516466,52.2115162,7.7452636,-0.030011177,0.7505431,-0.38345623,on bike mount,cyclo cross,True,asphalt,excellent
435ed585-a5af-4478-b250-df7187c001e1,3bed2ebf-62f2-4c2b-a122-7727d132b6d7,cd981841-1399-47fe-af8c-0df80cd67df8,1633255053070,14.4516466,52.2115162,7.7452636,0.7484293,-1.2678301,0.3892975,on bike mount,cyclo cross,True,asphalt,excellent
435ed585-a5af-4478-b250-df7187c001e1,3bed2ebf-62f2-4c2b-a122-7727d132b6d7,ee24ab9e-6514-4f88-ab50-0b83dc9a05ac,1633255053121,14.4516132,52.2115885,8.120937,0.28074092,-1.8830789,0.26899338,on bike mount,cyclo cross,True,asphalt,excellent
435ed585-a5af-4478-b250-df7187c001e1,3bed2ebf-62f2-4c2b-a122-7727d132b6d7,acbd8c88-5163-4270-805b-fae82c3db857,1633255053187,14.4516132,52.2115885,8.120937,0.57969236,3.1670556,-1.9888563,on bike mount,cyclo cross,True,asphalt,excellent
435ed585-a5af-4478-b250-df7187c001e1,3bed2ebf-62f2-4c2b-a122-7727d132b6d7,c451f730-caba-4ad5-bb14-7a6f0d5516bb,1633255053237,14.4516132,52.2115885,8.120937,0.5562016,-1.4698085,2.9327555,on bike mount,cyclo cross,True,asphalt,excellent
435ed585-a5af-4478-b250-df7187c001e1,3bed2ebf-62f2-4c2b-a122-7727d132b6d7,20877e8c-c436-4335-8cff-cb0079829434,1633255053287,14.4516132,52.2115885,8.120937,-0.62603784,2.21355,-0.75350904,on bike mount,cyclo cross,True,asphalt,excellent
435ed585-a5af-4478-b250-df7187c001e1,3bed2ebf-62f2-4c2b-a122-7727d132b6d7,a47226c9-57af-427f-96bd-7c3bb9ad41c9,1633255053338,14.4516132,52.2115885,8.120937,0.22175409,-1.3468267,9.783802,on bike mount,cyclo cross,True,asphalt,excellent
435ed585-a5af-4478-b250-df7187c001e1,3bed2ebf-62f2-4c2b-a122-7727d132b6d7,cac47f82-c48c-435e-b873-e1b1aa88fcdf,1633255053405,14.4516132,52.2115885,8.120937,-0.1773197,-2.0707982,1.6515551,on bike mount,cyclo cross,True,asphalt,excellent
435ed585-a5af-4478-b250-df7187c001e1,3bed2ebf-62f2-4c2b-a122-7727d132b6d7,73942ed8-83f8-4498-a8a4-3a8589fcf4ab,1633255053471,14.4516132,52.2115885,8.120937,0.8163967,2.1990817,-2.4411573,on bike mount,cyclo cross,True,asphalt,excellent
435ed585-a5af-4478-b250-df7187c001e1,3bed2ebf-62f2-4c2b-a122-7727d132b6d7,cb8d0c7f-b481-4885-8514-d6d3953e1c1b,1633255053521,14.4516132,52.2115885,8.120937,-0.17873268,-0.07259941,0.46231174,on bike mount,cyclo cross,True,asphalt,excellent
435ed585-a5af-4478-b250-df7187c001e1,3bed2ebf-62f2-4c2b-a122-7727d132b6d7,6e252bdf-7778-4fb1-bc26-190229eb7d3b,1633255053571,14.4516132,52.2115885,8.120937,-0.624449,0.59882355,-1.3690653,on bike mount,cyclo cross,True,asphalt,excellent
435ed585-a5af-4478-b250-df7187c001e1,3bed2ebf-62f2-4c2b-a122-7727d132b6d7,160afb4f-49a3-4b0e-bae8-65eb9da5687b,1633255053622,14.4516132,52.2115885,8.120937,1.1476288,-3.4617255,2.3191605,on bike mount,cyclo cross,True,asphalt,excellent
435ed585-a5af-4478-b250-df7187c001e1,3bed2ebf-62f2-4c2b-a122-7727d132b6d7,82c35696-acf7-4bf1-8786-bd2181a5f3dc,1633255053688,14.4516132,52.2115885,8.120937,0.20391774,-1.1439543,0.040450096,on bike mount,cyclo cross,True,asphalt,excellent
435ed585-a5af-4478-b250-df7187c001e1,3bed2ebf-62f2-4c2b-a122-7727d132b6d7,0cbbe377-abea-471f-96c6-ca31e1fdc23b,1633255053738,14.4516132,52.2115885,8.120937,-0.20139594,0.44488406,-1.2473626,on bike mount,cyclo cross,True,asphalt,excellent
435ed585-a5af-4478-b250-df7187c001e1,3bed2ebf-62f2-4c2b-a122-7727d132b6d7,4acad717-1e65-41ce-a688-2b47e424c311,1633255053789,14.4516132,52.2115885,8.120937,0.43797913,-1.2744961,4.0361547,on bike mount,cyclo cross,True,asphalt,excellent
435ed585-a5af-4478-b250-df7187c001e1,3bed2ebf-62f2-4c2b-a122-7727d132b6d7,061a52b4-ac78-4632-9f23-efee620e6309,1633255053854,14.4516132,52.2115885,8.120937,0.03814656,1.4838188,-0.6178074,on bike mount,cyclo cross,True,asphalt,excellent
435ed585-a5af-4478-b250-df7187c001e1,3bed2ebf-62f2-4c2b-a122-7727d132b6d7,28f5429d-82e4-4d3a-9458-3f315b4281dc,1633255053904,14.4516132,52.2115885,8.120937,-1.2048309,-1.2763711,3.8025665,on bike mount,cyclo cross,True,asphalt,excellent
435ed585-a5af-4478-b250-df7187c001e1,3bed2ebf-62f2-4c2b-a122-7727d132b6d7,44d180c4-23fe-4728-b4ee-5930cfee1e21,1633255053954,14.4516132,52.2115885,8.120937,1.0726916,-1.9046106,-1.9720049,on bike mount,cyclo cross,True,asphalt,excellent
435ed585-a5af-4478-b250-df7187c001e1,3bed2ebf-62f2-4c2b-a122-7727d132b6d7,e409158b-8f59-43aa-b7f7-78e8b5a8f957,1633255054004,14.4516132,52.2115885,8.120937,0.2696098,-1.0993446,0.23779202,on bike mount,cyclo cross,True,asphalt,excellent
435ed585-a5af-4478-b250-df7187c001e1,3bed2ebf-62f2-4c2b-a122-7727d132b6d7,8c7d37c2-3206-4155-830b-f479f02443b5,1633255054054,14.4516132,52.2115885,8.120937,-0.448685,-1.2175158,0.27193928,on bike mount,cyclo cross,True,asphalt,excellent
435ed585-a5af-4478-b250-df7187c001e1,3bed2ebf-62f2-4c2b-a122-7727d132b6d7,6f540fa2-b6f4-4b51-9647-a65603e9434a,1633255054104,14.4516132,52.2115885,8.120937,-0.4869647,0.35647225,-0.39988422,on bike mount,cyclo cross,True,asphalt,excellent
435ed585-a5af-4478-b250-df7187c001e1,3bed2ebf-62f2-4c2b-a122-7727d132b6d7,d04044a2-f85a-4a5f-a47b-e9660bde2071,1633255054154,14.451573,52.2116577,7.617378,0.08038416,-0.9083903,-4.0993657,on bike mount,cyclo cross,True,asphalt,excellent
435ed585-a5af-4478-b250-df7187c001e1,3bed2ebf-62f2-4c2b-a122-7727d132b6d7,d5be59f5-ba9a-4fa8-91a5-e07bacbf5ccf,1633255054206,14.451573,52.2116577,7.617378,-0.9777248,9.038673,-10.486971,on bike mount,cyclo cross,True,asphalt,excellent
435ed585-a5af-4478-b250-df7187c001e1,3bed2ebf-62f2-4c2b-a122-7727d132b6d7,d2e54f60-b473-4b93-b502-a1360adb8343,1633255054257,14.451573,52.2116577,7.617378,-6.360838,8.047181,-17.00189,on bike mount,cyclo cross,True,asphalt,excellent
435ed585-a5af-4478-b250-df7187c001e1,3bed2ebf-62f2-4c2b-a122-7727d132b6d7,805b87cc-1131-4f53-be8b-1804d9d268f3,1633255054306,14.451573,52.2116577,7.617378,-1.022039,-11.186216,2.306881,on bike mount,cyclo cross,True,asphalt,excellent
435ed585-a5af-4478-b250-df7187c001e1,3bed2ebf-62f2-4c2b-a122-7727d132b6d7,23e5f357-e40e-4389-bc90-821967b5018d,1633255054356,14.451573,52.2116577,7.617378,-1.5493982,5.2711816,-9.9044695,on bike mount,cyclo cross,True,asphalt,excellent
435ed585-a5af-4478-b250-df7187c001e1,3bed2ebf-62f2-4c2b-a122-7727d132b6d7,4f19add6-211c-4636-84e9-df76b4de60d3,1633255054406,14.451573,52.2116577,7.617378,0.008249342,2.4239473,-1.1517162,on bike mount,cyclo cross,True,asphalt,excellent
435ed585-a5af-4478-b250-df7187c001e1,3bed2ebf-62f2-4c2b-a122-7727d132b6d7,4578e419-e22f-47e5-b2c5-8fbac1b8d7f7,1633255054456,14.451573,52.2116577,7.617378,-0.60549486,2.9569025,-5.6536093,on bike mount,cyclo cross,True,asphalt,excellent
435ed585-a5af-4478-b250-df7187c001e1,3bed2ebf-62f2-4c2b-a122-7727d132b6d7,bb28aa48-41e7-4599-856c-25b75f4526af,1633255054506,14.451573,52.2116577,7.617378,-0.73895144,-1.9471089,3.8802204,on bike mount,cyclo cross,True,asphalt,excellent
435ed585-a5af-4478-b250-df7187c001e1,3bed2ebf-62f2-4c2b-a122-7727d132b6d7,474604b1-7851-49ff-ad0a-10b16f04fb2b,1633255054556,14.451573,52.2116577,7.617378,0.08156739,-0.5552273,-3.089685,on bike mount,cyclo cross,True,asphalt,excellent
435ed585-a5af-4478-b250-df7187c001e1,3bed2ebf-62f2-4c2b-a122-7727d132b6d7,047201a0-0c5e-48d2-9de9-6218b694ee00,1633255054606,14.451573,52.2116577,7.617378,-0.9730881,-3.27084,-1.0947967,on bike mount,cyclo cross,True,asphalt,excellent
435ed585-a5af-4478-b250-df7187c001e1,3bed2ebf-62f2-4c2b-a122-7727d132b6d7,de7302c8-57b6-4053-a784-2ac0f0e4d395,1633255054657,14.451573,52.2116577,7.617378,1.3742342,3.1277804,-2.3594556,on bike mount,cyclo cross,True,asphalt,excellent
435ed585-a5af-4478-b250-df7187c001e1,3bed2ebf-62f2-4c2b-a122-7727d132b6d7,5618b232-2cb9-4e8c-b275-2b8bf5ac1f4d,1633255054707,14.451573,52.2116577,7.617378,0.06681174,-0.3650527,-1.199091,on bike mount,cyclo cross,True,asphalt,excellent
435ed585-a5af-4478-b250-df7187c001e1,3bed2ebf-62f2-4c2b-a122-7727d132b6d7,364b1936-cfe5-4a95-a9ff-a71d02f70b78,1633255054757,14.451573,52.2116577,7.617378,-0.4531562,0.2687099,1.6634684,on bike mount,cyclo cross,True,asphalt,excellent
435ed585-a5af-4478-b250-df7187c001e1,3bed2ebf-62f2-4c2b-a122-7727d132b6d7,711304a6-06a6-4499-bc3c-e19fb1aed7a2,1633255054807,14.451573,52.2116577,7.617378,0.025804758,-1.7570688,2.034769,on bike mount,cyclo cross,True,asphalt,excellent
435ed585-a5af-4478-b250-df7187c001e1,3bed2ebf-62f2-4c2b-a122-7727d132b6d7,25b3b11b-6371-4b72-94ab-82f84fae193a,1633255054873,14.451573,52.2116577,7.617378,-0.12292376,0.09064722,1.9789114,on bike mount,cyclo cross,True,asphalt,excellent
435ed585-a5af-4478-b250-df7187c001e1,3bed2ebf-62f2-4c2b-a122-7727d132b6d7,464b3cdb-d614-4d26-bd9e-7129d93c8840,1633255054924,14.451573,52.2116577,7.617378,1.2051852,-1.8702949,0.42925453,on bike mount,cyclo cross,True,asphalt,excellent
435ed585-a5af-4478-b250-df7187c001e1,3bed2ebf-62f2-4c2b-a122-7727d132b6d7,13f2672b-92b7-41e4-ba6c-fe5bdb567c23,1633255054974,14.451573,52.2116577,7.617378,1.2144389,1.3957894,-1.1586714,on bike mount,cyclo cross,True,asphalt,excellent
435ed585-a5af-4478-b250-df7187c001e1,3bed2ebf-62f2-4c2b-a122-7727d132b6d7,9008d3f1-f4eb-4465-ad5b-45635ebe4a74,1633255055024,14.451573,52.2116577,7.617378,-0.494021,-0.7181194,3.2848635,on bike mount,cyclo cross,True,asphalt,excellent
435ed585-a5af-4478-b250-df7187c001e1,3bed2ebf-62f2-4c2b-a122-7727d132b6d7,7cb23b49-196c-4b52-bf57-1fdbbb2cbd75,1633255055074,14.451573,52.2116577,7.617378,0.036182582,-5.5335684,2.2115278,on bike mount,cyclo cross,True,asphalt,excellent
435ed585-a5af-4478-b250-df7187c001e1,3bed2ebf-62f2-4c2b-a122-7727d132b6d7,5b955f27-3f49-4379-803d-43931ad22180,1633255055124,14.4515371,52.2117259,7.4885316,0.6062143,1.0248389,1.6899805,on bike mount,cyclo cross,True,asphalt,excellent
435ed585-a5af-4478-b250-df7187c001e1,3bed2ebf-62f2-4c2b-a122-7727d132b6d7,095e8992-35e1-4f99-bf31-f08bd7b2aed5,1633255055190,14.4515371,52.2117259,7.4885316,-0.52869684,-2.2915173,1.4508753,on bike mount,cyclo cross,True,asphalt,excellent
435ed585-a5af-4478-b250-df7187c001e1,3bed2ebf-62f2-4c2b-a122-7727d132b6d7,1b16294b-171a-484b-adf1-2cdc06e28ace,1633255055241,14.4515371,52.2117259,7.4885316,0.43612027,0.887939,-1.7136159,on bike mount,cyclo cross,True,asphalt,excellent
435ed585-a5af-4478-b250-df7187c001e1,3bed2ebf-62f2-4c2b-a122-7727d132b6d7,d94744a9-db1b-4849-9309-376562e11581,1633255055308,14.4515371,52.2117259,7.4885316,0.6686636,-2.1262076,-0.2176981,on bike mount,cyclo cross,True,asphalt,excellent
435ed585-a5af-4478-b250-df7187c001e1,3bed2ebf-62f2-4c2b-a122-7727d132b6d7,0c178b02-ef83-4d3d-83d1-e21151d71c98,1633255055375,14.4515371,52.2117259,7.4885316,0.23404102,-0.49318504,-0.28953362,on bike mount,cyclo cross,True,asphalt,excellent
435ed585-a5af-4478-b250-df7187c001e1,3bed2ebf-62f2-4c2b-a122-7727d132b6d7,d6133f57-c269-4ce4-8aa5-c1e69bfe6be2,1633255055424,14.4515371,52.2117259,7.4885316,-0.45894364,-1.0434486,-1.2935038,on bike mount,cyclo cross,True,asphalt,excellent
435ed585-a5af-4478-b250-df7187c001e1,3bed2ebf-62f2-4c2b-a122-7727d132b6d7,a4e23b87-6cc6-4871-ae6a-092f572dc57a,1633255055474,14.4515371,52.2117259,7.4885316,0.41690764,-0.4306817,1.526432,on bike mount,cyclo cross,True,asphalt,excellent
435ed585-a5af-4478-b250-df7187c001e1,3bed2ebf-62f2-4c2b-a122-7727d132b6d7,e79b9e1f-e1de-4840-86b4-89d8c2b3ae12,1633255055524,14.4515371,52.2117259,7.4885316,-0.3501285,0.9208317,-0.2776413,on bike mount,cyclo cross,True,asphalt,excellent
435ed585-a5af-4478-b250-df7187c001e1,3bed2ebf-62f2-4c2b-a122-7727d132b6d7,7e6fbf12-0668-4c20-bc1f-99c61eabb5b3,1633255055575,14.4515371,52.2117259,7.4885316,-0.11837283,-4.572726,5.5700064,on bike mount,cyclo cross,True,asphalt,excellent
435ed585-a5af-4478-b250-df7187c001e1,3bed2ebf-62f2-4c2b-a122-7727d132b6d7,61260f66-077d-427a-9d7a-3b7ad762bc98,1633255055626,14.4515371,52.2117259,7.4885316,-0.8197474,0.9939258,-5.0203156,on bike mount,cyclo cross,True,asphalt,excellent
435ed585-a5af-4478-b250-df7187c001e1,3bed2ebf-62f2-4c2b-a122-7727d132b6d7,18831960-5c5c-4f7b-a29d-e03c5d747f0f,1633255055692,14.4515371,52.2117259,7.4885316,-0.493594,-0.62789655,1.1098719,on bike mount,cyclo cross,True,asphalt,excellent
435ed585-a5af-4478-b250-df7187c001e1,3bed2ebf-62f2-4c2b-a122-7727d132b6d7,45bab0f0-9c91-4c49-98f5-a174649d0eef,1633255055743,14.4515371,52.2117259,7.4885316,-1.788641,-0.28056192,-0.45858765,on bike mount,cyclo cross,True,asphalt,excellent
435ed585-a5af-4478-b250-df7187c001e1,3bed2ebf-62f2-4c2b-a122-7727d132b6d7,0be67055-e3eb-460a-b3e3-288b6e1fac9c,1633255055793,14.4515371,52.2117259,7.4885316,-1.2407265,-1.7390704,0.08082676,on bike mount,cyclo cross,True,asphalt,excellent
435ed585-a5af-4478-b250-df7187c001e1,3bed2ebf-62f2-4c2b-a122-7727d132b6d7,fc44676e-61c7-4c8c-9bf6-abf46e846008,1633255055843,14.4515371,52.2117259,7.4885316,0.61506045,-1.5050988,3.10289,on bike mount,cyclo cross,True,asphalt,excellent
435ed585-a5af-4478-b250-df7187c001e1,3bed2ebf-62f2-4c2b-a122-7727d132b6d7,36ab35bc-b15a-42e9-95e6-3a42f61a8bc1,1633255055893,14.4515371,52.2117259,7.4885316,-0.38329452,1.7156849,-3.9336977,on bike mount,cyclo cross,True,asphalt,excellent
435ed585-a5af-4478-b250-df7187c001e1,3bed2ebf-62f2-4c2b-a122-7727d132b6d7,feac0c82-93ef-4072-8f0f-d17019cc7cc1,1633255055943,14.4515371,52.2117259,7.4885316,1.0491792,1.1748571,1.2563848,on bike mount,cyclo cross,True,asphalt,excellent
435ed585-a5af-4478-b250-df7187c001e1,3bed2ebf-62f2-4c2b-a122-7727d132b6d7,f6e6368e-751d-4e65-8c58-ed39b9acb74d,1633255056009,14.4515371,52.2117259,7.4885316,-0.21276689,0.6708462,-2.7586088,on bike mount,cyclo cross,True,asphalt,excellent
435ed585-a5af-4478-b250-df7187c001e1,3bed2ebf-62f2-4c2b-a122-7727d132b6d7,711a6255-2cee-48c5-8789-e36169dda6af,1633255056060,14.4515371,52.2117259,7.4885316,0.5162771,0.04310584,-1.37531,on bike mount,cyclo cross,True,asphalt,excellent
435ed585-a5af-4478-b250-df7187c001e1,3bed2ebf-62f2-4c2b-a122-7727d132b6d7,9442a796-1b7f-4aef-9ba0-012a88896834,1633255056111,14.4515058,52.2117921,7.460886,0.94724834,0.29054666,0.5837202,on bike mount,cyclo cross,True,asphalt,excellent
435ed585-a5af-4478-b250-df7187c001e1,3bed2ebf-62f2-4c2b-a122-7727d132b6d7,baf38d1c-c4f1-4a4a-b8c7-3455bce1a439,1633255056175,14.4515058,52.2117921,7.460886,-0.92541885,-0.5238044,0.46352577,on bike mount,cyclo cross,True,asphalt,excellent
435ed585-a5af-4478-b250-df7187c001e1,3bed2ebf-62f2-4c2b-a122-7727d132b6d7,fd006630-6135-4866-962d-ae1e9591ede1,1633255056226,14.4515058,52.2117921,7.460886,-1.1272888,2.645369,-0.9376354,on bike mount,cyclo cross,True,asphalt,excellent
435ed585-a5af-4478-b250-df7187c001e1,3bed2ebf-62f2-4c2b-a122-7727d132b6d7,ba2bc1fa-1b7e-4c73-9eca-2afc833bd5c0,1633255056276,14.4515058,52.2117921,7.460886,1.7039511,-2.4953218,1.5370197,on bike mount,cyclo cross,True,asphalt,excellent
435ed585-a5af-4478-b250-df7187c001e1,3bed2ebf-62f2-4c2b-a122-7727d132b6d7,5c6f248e-6bda-4051-a8c1-979aeabc4f00,1633255056343,14.4515058,52.2117921,7.460886,1.4135655,-0.35922122,0.8126211,on bike mount,cyclo cross,True,asphalt,excellent
435ed585-a5af-4478-b250-df7187c001e1,3bed2ebf-62f2-4c2b-a122-7727d132b6d7,ba97887d-89d6-4f87-a95e-7eb9abba99dd,1633255056394,14.4515058,52.2117921,7.460886,-0.56210387,-1.6049602,0.34578705,on bike mount,cyclo cross,True,asphalt,excellent
435ed585-a5af-4478-b250-df7187c001e1,3bed2ebf-62f2-4c2b-a122-7727d132b6d7,80f4a774-6fcb-46b0-ae2e-d177cbbce8ff,1633255056443,14.4515058,52.2117921,7.460886,0.0203818,0.18928337,1.4187183,on bike mount,cyclo cross,True,asphalt,excellent
435ed585-a5af-4478-b250-df7187c001e1,3bed2ebf-62f2-4c2b-a122-7727d132b6d7,9b6d0cde-be2f-4762-9a56-1365937ac307,1633255056510,14.4515058,52.2117921,7.460886,0.22950816,-0.47571063,0.21045113,on bike mount,cyclo cross,True,asphalt,excellent
435ed585-a5af-4478-b250-df7187c001e1,3bed2ebf-62f2-4c2b-a122-7727d132b6d7,5f3dea6b-50b2-4f63-9cea-f48c6886e601,1633255056560,14.4515058,52.2117921,7.460886,-0.71792805,-0.65952086,2.1906176,on bike mount,cyclo cross,True,asphalt,excellent
435ed585-a5af-4478-b250-df7187c001e1,3bed2ebf-62f2-4c2b-a122-7727d132b6d7,0f5f7537-bc2f-4ab8-a843-6a616ebd7560,1633255056610,14.4515058,52.2117921,7.460886,-0.5902188,-0.4884541,-1.4382901,on bike mount,cyclo cross,True,asphalt,excellent
435ed585-a5af-4478-b250-df7187c001e1,3bed2ebf-62f2-4c2b-a122-7727d132b6d7,9776bba5-649b-49f5-a575-f20a474b319c,1633255056663,14.4515058,52.2117921,7.460886,1.0123559,-0.43245697,-0.37406254,on bike mount,cyclo cross,True,asphalt,excellent
435ed585-a5af-4478-b250-df7187c001e1,3bed2ebf-62f2-4c2b-a122-7727d132b6d7,b138c840-0641-4b3a-b9b4-0a5fa5feddc5,1633255056726,14.4515058,52.2117921,7.460886,-1.308638,0.23748803,-0.5714245,on bike mount,cyclo cross,True,asphalt,excellent
435ed585-a5af-4478-b250-df7187c001e1,3bed2ebf-62f2-4c2b-a122-7727d132b6d7,188e606e-0e9a-4171-8d8d-842333bb0340,1633255056779,14.4515058,52.2117921,7.460886,-0.58828866,-0.29570317,-0.23135471,on bike mount,cyclo cross,True,asphalt,excellent
435ed585-a5af-4478-b250-df7187c001e1,3bed2ebf-62f2-4c2b-a122-7727d132b6d7,3ab06d17-c1e8-4251-9b1e-ae0facc2fd93,1633255056844,14.4515058,52.2117921,7.460886,0.7374146,-0.7235403,-1.292356,on bike mount,cyclo cross,True,asphalt,excellent
435ed585-a5af-4478-b250-df7187c001e1,3bed2ebf-62f2-4c2b-a122-7727d132b6d7,ac7ec59f-0445-4fa2-b26c-acb41d2dd440,1633255056894,14.4515058,52.2117921,7.460886,0.04693085,0.7114248,-1.5100627,on bike mount,cyclo cross,True,asphalt,excellent
435ed585-a5af-4478-b250-df7187c001e1,3bed2ebf-62f2-4c2b-a122-7727d132b6d7,f72f60ce-1a79-4cc8-ab61-31650d5b8dff,1633255056944,14.4515058,52.2117921,7.460886,-0.020288676,-0.33347154,2.0492678,on bike mount,cyclo cross,True,asphalt,excellent
435ed585-a5af-4478-b250-df7187c001e1,3bed2ebf-62f2-4c2b-a122-7727d132b6d7,2d333cfd-34eb-4330-bc45-55cb7f3d155d,1633255056994,14.4515058,52.2117921,7.460886,0.22963676,2.419128,-0.14003849,on bike mount,cyclo cross,True,asphalt,excellent
435ed585-a5af-4478-b250-df7187c001e1,3bed2ebf-62f2-4c2b-a122-7727d132b6d7,21d763d2-82ed-4b77-aa63-7285248831f5,1633255057046,14.4515058,52.2117921,7.460886,-0.5032237,-0.6973567,3.1976938,on bike mount,cyclo cross,True,asphalt,excellent
435ed585-a5af-4478-b250-df7187c001e1,3bed2ebf-62f2-4c2b-a122-7727d132b6d7,383df3db-7892-4b05-85e9-63ff3d5af86a,1633255057110,14.4515058,52.2117921,7.460886,1.0511817,-0.84864783,-1.0368176,on bike mount,cyclo cross,True,asphalt,excellent
435ed585-a5af-4478-b250-df7187c001e1,3bed2ebf-62f2-4c2b-a122-7727d132b6d7,8dac060c-68c4-4b07-b64f-b722eeb08260,1633255057160,14.4514671,52.2118531,7.3336124,-0.28631926,0.53250456,0.5479698,on bike mount,cyclo cross,True,asphalt,excellent
435ed585-a5af-4478-b250-df7187c001e1,3bed2ebf-62f2-4c2b-a122-7727d132b6d7,490231e3-eb49-4c67-b682-397f45aaba8e,1633255057211,14.4514671,52.2118531,7.3336124,-0.1502054,-3.2377865,2.4911575,on bike mount,cyclo cross,True,asphalt,excellent
435ed585-a5af-4478-b250-df7187c001e1,3bed2ebf-62f2-4c2b-a122-7727d132b6d7,faf7fec3-74bf-4de5-9d4f-ddaf2e4d1bfd,1633255057276,14.4514671,52.2118531,7.3336124,0.70219624,0.50230575,-0.36724854,on bike mount,cyclo cross,True,asphalt,excellent
435ed585-a5af-4478-b250-df7187c001e1,3bed2ebf-62f2-4c2b-a122-7727d132b6d7,cdb9add7-f09d-4d2d-b770-06b6a1fea4ce,1633255057326,14.4514671,52.2118531,7.3336124,0.59224737,-0.07321143,1.5643587,on bike mount,cyclo cross,True,asphalt,excellent
435ed585-a5af-4478-b250-df7187c001e1,3bed2ebf-62f2-4c2b-a122-7727d132b6d7,6abfa115-311d-496c-8776-7455e7921094,1633255057376,14.4514671,52.2118531,7.3336124,0.931865,0.722425,1.069643,on bike mount,cyclo cross,True,asphalt,excellent
435ed585-a5af-4478-b250-df7187c001e1,3bed2ebf-62f2-4c2b-a122-7727d132b6d7,0cfdde7b-a8b1-44dc-b7d7-af5403c06f1c,1633255057426,14.4514671,52.2118531,7.3336124,0.23972021,-0.88345027,0.47675514,on bike mount,cyclo cross,True,asphalt,excellent
435ed585-a5af-4478-b250-df7187c001e1,3bed2ebf-62f2-4c2b-a122-7727d132b6d7,f1139a0b-f22e-48d3-a43f-38d133f46954,1633255057478,14.4514671,52.2118531,7.3336124,-0.9780079,0.30576634,-2.5024314,on bike mount,cyclo cross,True,asphalt,excellent
435ed585-a5af-4478-b250-df7187c001e1,3bed2ebf-62f2-4c2b-a122-7727d132b6d7,f9340538-a954-4921-9584-987cf0bf39fa,1633255057543,14.4514671,52.2118531,7.3336124,-0.5456239,-0.31951952,-1.5776939,on bike mount,cyclo cross,True,asphalt,excellent
435ed585-a5af-4478-b250-df7187c001e1,3bed2ebf-62f2-4c2b-a122-7727d132b6d7,9c0fb78d-b8ca-4cf2-835b-98b1588e8d40,1633255057594,14.4514671,52.2118531,7.3336124,-0.0011307597,0.37578487,1.6062555,on bike mount,cyclo cross,True,asphalt,excellent
435ed585-a5af-4478-b250-df7187c001e1,3bed2ebf-62f2-4c2b-a122-7727d132b6d7,db0fe196-7979-40ad-a419-7717d042d16d,1633255057645,14.4514671,52.2118531,7.3336124,-0.3621918,-1.1586373,1.1882734,on bike mount,cyclo cross,True,asphalt,excellent
435ed585-a5af-4478-b250-df7187c001e1,3bed2ebf-62f2-4c2b-a122-7727d132b6d7,ebf249fa-3909-4747-8f50-d2d566080942,1633255057696,14.4514671,52.2118531,7.3336124,0.44533086,0.17619538,1.806509,on bike mount,cyclo cross,True,asphalt,excellent
435ed585-a5af-4478-b250-df7187c001e1,3bed2ebf-62f2-4c2b-a122-7727d132b6d7,623a8d6e-f6bb-4e69-bdbd-2e1c2c2e14cc,1633255057746,14.4514671,52.2118531,7.3336124,-0.38909775,-0.42712688,1.3761168,on bike mount,cyclo cross,True,asphalt,excellent
435ed585-a5af-4478-b250-df7187c001e1,3bed2ebf-62f2-4c2b-a122-7727d132b6d7,553404c3-36c1-4cb9-9cac-488c2c3ae837,1633255057810,14.4514671,52.2118531,7.3336124,-1.5834702,3.1748648,-2.353498,on bike mount,cyclo cross,True,asphalt,excellent
435ed585-a5af-4478-b250-df7187c001e1,3bed2ebf-62f2-4c2b-a122-7727d132b6d7,551a0a5d-1478-4033-9de5-f81c6c5c5119,1633255057860,14.4514671,52.2118531,7.3336124,0.35626286,-0.13697529,1.6113663,on bike mount,cyclo cross,True,asphalt,excellent
435ed585-a5af-4478-b250-df7187c001e1,3bed2ebf-62f2-4c2b-a122-7727d132b6d7,d421a122-1fff-4930-8848-61d8f837c0b1,1633255057911,14.4514671,52.2118531,7.3336124,0.3531411,-0.45099115,-0.6503277,on bike mount,cyclo cross,True,asphalt,excellent
435ed585-a5af-4478-b250-df7187c001e1,3bed2ebf-62f2-4c2b-a122-7727d132b6d7,e6d3762b-7875-4c05-8a12-417294880c34,1633255057961,14.4514671,52.2118531,7.3336124,-0.06965859,1.8434725,-0.8516197,on bike mount,cyclo cross,True,asphalt,excellent
435ed585-a5af-4478-b250-df7187c001e1,3bed2ebf-62f2-4c2b-a122-7727d132b6d7,7ebff1ff-cb2c-4a58-9ba5-ef518067b927,1633255058011,14.4514671,52.2118531,7.3336124,0.32835716,-0.46517968,1.8728914,on bike mount,cyclo cross,True,asphalt,excellent
435ed585-a5af-4478-b250-df7187c001e1,3bed2ebf-62f2-4c2b-a122-7727d132b6d7,eb5efc2a-dffa-42b0-bfa5-870c5761b859,1633255058061,14.4514671,52.2118531,7.3336124,0.4816957,-0.9345584,1.5483398,on bike mount,cyclo cross,True,asphalt,excellent
435ed585-a5af-4478-b250-df7187c001e1,3bed2ebf-62f2-4c2b-a122-7727d132b6d7,eaffab53-5319-4183-854c-acc9d9329db7,1633255058112,14.4514251,52.2119153,7.4923267,0.90485746,-0.82816696,-0.9528446,on bike mount,cyclo cross,True,asphalt,excellent
435ed585-a5af-4478-b250-df7187c001e1,3bed2ebf-62f2-4c2b-a122-7727d132b6d7,156a741a-29bc-4c3b-821a-4a47d677cb13,1633255058163,14.4514251,52.2119153,7.4923267,0.19109093,0.51550317,-0.8155651,on bike mount,cyclo cross,True,asphalt,excellent
435ed585-a5af-4478-b250-df7187c001e1,3bed2ebf-62f2-4c2b-a122-7727d132b6d7,7d165240-ca1c-4536-8b2a-478be6d24c0a,1633255058228,14.4514251,52.2119153,7.4923267,0.14336906,1.4264538,-0.91474056,on bike mount,cyclo cross,True,asphalt,excellent
435ed585-a5af-4478-b250-df7187c001e1,3bed2ebf-62f2-4c2b-a122-7727d132b6d7,ce7d1416-0b7f-4825-a79e-a11ea66aa92a,1633255058278,14.4514251,52.2119153,7.4923267,-1.2248011,-0.2573831,2.2383451,on bike mount,cyclo cross,True,asphalt,excellent
435ed585-a5af-4478-b250-df7187c001e1,3bed2ebf-62f2-4c2b-a122-7727d132b6d7,964660f0-6171-44f0-9cf1-23eae3c07e6b,1633255058329,14.4514251,52.2119153,7.4923267,0.65392536,-1.6776419,-2.4125237,on bike mount,cyclo cross,True,asphalt,excellent
435ed585-a5af-4478-b250-df7187c001e1,3bed2ebf-62f2-4c2b-a122-7727d132b6d7,55488aad-43b1-460b-a595-142a7eb30e1b,1633255058379,14.4514251,52.2119153,7.4923267,-0.5247392,1.6425524,0.20166492,on bike mount,cyclo cross,True,asphalt,excellent
435ed585-a5af-4478-b250-df7187c001e1,3bed2ebf-62f2-4c2b-a122-7727d132b6d7,631cabed-9140-447a-a6cc-49d0dce02d16,1633255058429,14.4514251,52.2119153,7.4923267,-0.9971783,-1.3517811,0.5286341,on bike mount,cyclo cross,True,asphalt,excellent
435ed585-a5af-4478-b250-df7187c001e1,3bed2ebf-62f2-4c2b-a122-7727d132b6d7,1529f90a-9f27-404c-8968-89d837ea94f5,1633255058480,14.4514251,52.2119153,7.4923267,-0.51789445,1.2905443,-1.9248505,on bike mount,cyclo cross,True,asphalt,excellent
435ed585-a5af-4478-b250-df7187c001e1,3bed2ebf-62f2-4c2b-a122-7727d132b6d7,acdca2b8-0bcd-42d4-9667-4c9783ddde8f,1633255058531,14.4514251,52.2119153,7.4923267,-0.3299298,0.55351114,0.89831066,on bike mount,cyclo cross,True,asphalt,excellent
435ed585-a5af-4478-b250-df7187c001e1,3bed2ebf-62f2-4c2b-a122-7727d132b6d7,9081fe0d-17c9-4bcb-a091-0830a19d1c27,1633255058596,14.4514251,52.2119153,7.4923267,0.3898068,-0.875149,1.6183691,on bike mount,cyclo cross,True,asphalt,excellent
435ed585-a5af-4478-b250-df7187c001e1,3bed2ebf-62f2-4c2b-a122-7727d132b6d7,ecf62f24-21d2-43ef-bf51-82ef767897b0,1633255058647,14.4514251,52.2119153,7.4923267,-1.0495927,-0.17411089,-0.093462944,on bike mount,cyclo cross,True,asphalt,excellent
435ed585-a5af-4478-b250-df7187c001e1,3bed2ebf-62f2-4c2b-a122-7727d132b6d7,c6395951-2b8c-49ad-aa0c-c08a769e7882,1633255058696,14.4514251,52.2119153,7.4923267,0.78211164,-0.1829598,0.65480995,on bike mount,cyclo cross,True,asphalt,excellent
435ed585-a5af-4478-b250-df7187c001e1,3bed2ebf-62f2-4c2b-a122-7727d132b6d7,37d75678-6812-49a4-b8f4-8079e3860097,1633255058746,14.4514251,52.2119153,7.4923267,-0.3274776,1.3500826,-1.1227121,on bike mount,cyclo cross,True,asphalt,excellent
435ed585-a5af-4478-b250-df7187c001e1,3bed2ebf-62f2-4c2b-a122-7727d132b6d7,27a81b4c-1c43-40cc-bcd6-2e3494e62168,1633255058796,14.4514251,52.2119153,7.4923267,-0.76108074,0.4060824,-1.6035972,on bike mount,cyclo cross,True,asphalt,excellent
435ed585-a5af-4478-b250-df7187c001e1,3bed2ebf-62f2-4c2b-a122-7727d132b6d7,96a140d8-37e7-407d-8cf7-e380585c4e0b,1633255058846,14.4514251,52.2119153,7.4923267,0.33687863,0.07426047,0.14941978,on bike mount,cyclo cross,True,asphalt,excellent
435ed585-a5af-4478-b250-df7187c001e1,3bed2ebf-62f2-4c2b-a122-7727d132b6d7,4aea8888-3d2a-4929-a825-3e8d2be8151c,1633255058898,14.4514251,52.2119153,7.4923267,1.3221307,0.46263075,2.057417,on bike mount,cyclo cross,True,asphalt,excellent
435ed585-a5af-4478-b250-df7187c001e1,3bed2ebf-62f2-4c2b-a122-7727d132b6d7,bbcd0a9e-24af-483a-a982-1b53e91ae91e,1633255058948,14.4514251,52.2119153,7.4923267,0.35555452,-0.16558933,-3.5091643,on bike mount,cyclo cross,True,asphalt,excellent
435ed585-a5af-4478-b250-df7187c001e1,3bed2ebf-62f2-4c2b-a122-7727d132b6d7,9ac2f47b-3f1e-4e1d-b91e-5eb2cc861f6c,1633255058998,14.4514251,52.2119153,7.4923267,0.7849403,0.42656374,1.5405684,on bike mount,cyclo cross,True,asphalt,excellent
435ed585-a5af-4478-b250-df7187c001e1,3bed2ebf-62f2-4c2b-a122-7727d132b6d7,fc8a6283-8936-405c-a0b4-1b026f42abae,1633255059048,14.4514251,52.2119153,7.4923267,-0.0128825605,-0.6342678,0.33048725,on bike mount,cyclo cross,True,asphalt,excellent
435ed585-a5af-4478-b250-df7187c001e1,3bed2ebf-62f2-4c2b-a122-7727d132b6d7,a42880a7-7369-40bc-9932-6afefc3f99ce,1633255059099,14.4514251,52.2119153,7.4923267,0.5556798,-1.9480407,0.37886524,on bike mount,cyclo cross,True,asphalt,excellent
435ed585-a5af-4478-b250-df7187c001e1,3bed2ebf-62f2-4c2b-a122-7727d132b6d7,a9ffa2b8-74c2-4be4-bef3-f457d8ac4d9a,1633255059163,14.4513792,52.2119766,7.1544304,-0.43622202,-0.028281689,1.182107,on bike mount,cyclo cross,True,asphalt,excellent
435ed585-a5af-4478-b250-df7187c001e1,3bed2ebf-62f2-4c2b-a122-7727d132b6d7,ef11556a-da56-47d4-9ce2-7f7af9b01965,1633255059214,14.4513792,52.2119766,7.1544304,-0.08216131,-0.5963415,0.83968925,on bike mount,cyclo cross,True,asphalt,excellent
435ed585-a5af-4478-b250-df7187c001e1,3bed2ebf-62f2-4c2b-a122-7727d132b6d7,e1825a1e-e2e9-465f-9fee-b1b05c53e11a,1633255059265,14.4513792,52.2119766,7.1544304,0.8099066,-1.3215096,3.101694,on bike mount,cyclo cross,True,asphalt,excellent
435ed585-a5af-4478-b250-df7187c001e1,3bed2ebf-62f2-4c2b-a122-7727d132b6d7,7c837da5-caff-438a-8b07-d70648595908,1633255059315,14.4513792,52.2119766,7.1544304,-0.056075923,1.1473832,-0.5116329,on bike mount,cyclo cross,True,asphalt,excellent
435ed585-a5af-4478-b250-df7187c001e1,3bed2ebf-62f2-4c2b-a122-7727d132b6d7,95b46fb9-248d-4b8b-8864-3d18768db18f,1633255059364,14.4513792,52.2119766,7.1544304,-0.25509375,0.53673077,1.3057575,on bike mount,cyclo cross,True,asphalt,excellent
435ed585-a5af-4478-b250-df7187c001e1,3bed2ebf-62f2-4c2b-a122-7727d132b6d7,0c2a98d1-90da-46ef-90a2-cf4d3a7916d7,1633255059416,14.4513792,52.2119766,7.1544304,-0.015458051,-0.612844,0.5385151,on bike mount,cyclo cross,True,asphalt,excellent
435ed585-a5af-4478-b250-df7187c001e1,3bed2ebf-62f2-4c2b-a122-7727d132b6d7,ce130d2a-5ac5-4219-a6b7-2d7161849eee,1633255059466,14.4513792,52.2119766,7.1544304,0.41299328,-1.6597246,0.60614204,on bike mount,cyclo cross,True,asphalt,excellent
435ed585-a5af-4478-b250-df7187c001e1,3bed2ebf-62f2-4c2b-a122-7727d132b6d7,fb6a1bd0-4323-4a99-965e-36e572e83bf7,1633255059530,14.4513792,52.2119766,7.1544304,0.5282074,-1.392339,0.21026802,on bike mount,cyclo cross,True,asphalt,excellent
435ed585-a5af-4478-b250-df7187c001e1,3bed2ebf-62f2-4c2b-a122-7727d132b6d7,22234fe3-aa47-42d8-971f-6041471dc251,1633255059581,14.4513792,52.2119766,7.1544304,-0.37476534,1.4851575,-0.43018436,on bike mount,cyclo cross,True,asphalt,excellent
435ed585-a5af-4478-b250-df7187c001e1,3bed2ebf-62f2-4c2b-a122-7727d132b6d7,8577f4c4-9fed-471c-af1c-28289e2451df,1633255059631,14.4513792,52.2119766,7.1544304,-0.24166399,-2.232344,5.7143536,on bike mount,cyclo cross,True,asphalt,excellent
435ed585-a5af-4478-b250-df7187c001e1,3bed2ebf-62f2-4c2b-a122-7727d132b6d7,8c1c33fb-fb3f-4b1d-bd00-2c5eefd82bd0,1633255059681,14.4513792,52.2119766,7.1544304,-0.087759666,-0.39128375,-3.4794416,on bike mount,cyclo cross,True,asphalt,excellent
435ed585-a5af-4478-b250-df7187c001e1,3bed2ebf-62f2-4c2b-a122-7727d132b6d7,5b905467-7d2c-4a0d-9329-0951639523ae,1633255059731,14.4513792,52.2119766,7.1544304,-0.07208821,0.11806822,-1.0105014,on bike mount,cyclo cross,True,asphalt,excellent
435ed585-a5af-4478-b250-df7187c001e1,3bed2ebf-62f2-4c2b-a122-7727d132b6d7,4df49ba1-fe9f-4683-9801-450013fb5f70,1633255059781,14.4513792,52.2119766,7.1544304,0.39104694,1.6370349,-0.2939577,on bike mount,cyclo cross,True,asphalt,excellent
435ed585-a5af-4478-b250-df7187c001e1,3bed2ebf-62f2-4c2b-a122-7727d132b6d7,7c84810a-5e3d-4a08-a25f-813ef4c5c061,1633255059831,14.4513792,52.2119766,7.1544304,-0.6510919,0.9098258,-0.9471512,on bike mount,cyclo cross,True,asphalt,excellent
435ed585-a5af-4478-b250-df7187c001e1,3bed2ebf-62f2-4c2b-a122-7727d132b6d7,26ae0ff6-0d45-4885-9173-7995f17ed4fd,1633255059881,14.4513792,52.2119766,7.1544304,0.69074047,-0.70499325,0.31044674,on bike mount,cyclo cross,True,asphalt,excellent
435ed585-a5af-4478-b250-df7187c001e1,3bed2ebf-62f2-4c2b-a122-7727d132b6d7,a33e2012-7e20-4068-a078-9a52047ab258,1633255059932,14.4513792,52.2119766,7.1544304,0.68481374,-1.4385946,0.35862827,on bike mount,cyclo cross,True,asphalt,excellent
435ed585-a5af-4478-b250-df7187c001e1,3bed2ebf-62f2-4c2b-a122-7727d132b6d7,2d427c38-eccb-441e-be27-235329350d27,1633255059982,14.4513792,52.2119766,7.1544304,1.6287036,-0.78754616,-1.8302307,on bike mount,cyclo cross,True,asphalt,excellent
435ed585-a5af-4478-b250-df7187c001e1,3bed2ebf-62f2-4c2b-a122-7727d132b6d7,659ab01f-d3a1-4c22-9347-a4c8092693f6,1633255060032,14.4513792,52.2119766,7.1544304,-0.49290767,0.2594719,-1.1274753,on bike mount,cyclo cross,True,asphalt,excellent
435ed585-a5af-4478-b250-df7187c001e1,3bed2ebf-62f2-4c2b-a122-7727d132b6d7,0097c7af-3d84-4be7-91f7-27d962d4964b,1633255060083,14.4513792,52.2119766,7.1544304,-0.78014183,-0.3436017,-1.0727158,on bike mount,cyclo cross,True,asphalt,excellent
435ed585-a5af-4478-b250-df7187c001e1,3bed2ebf-62f2-4c2b-a122-7727d132b6d7,8eb0235f-f780-461a-aae9-20e27759cb8f,1633255060148,14.4513332,52.2120325,6.9745793,0.40661117,-0.17789793,0.6381874,on bike mount,cyclo cross,True,asphalt,excellent
435ed585-a5af-4478-b250-df7187c001e1,3bed2ebf-62f2-4c2b-a122-7727d132b6d7,3dba5e2e-d41a-4197-ad14-d8b980c4119a,1633255060200,14.4513332,52.2120325,6.9745793,0.37690115,0.2762835,-0.26477814,on bike mount,cyclo cross,True,asphalt,excellent
435ed585-a5af-4478-b250-df7187c001e1,3bed2ebf-62f2-4c2b-a122-7727d132b6d7,4da861a5-18f5-4259-9738-62638c820703,1633255060250,14.4513332,52.2120325,6.9745793,-0.29830438,0.33112717,-0.7617645,on bike mount,cyclo cross,True,asphalt,excellent
435ed585-a5af-4478-b250-df7187c001e1,3bed2ebf-62f2-4c2b-a122-7727d132b6d7,fdcef277-06f6-422b-a2f7-6e0f2a65008e,1633255060315,14.4513332,52.2120325,6.9745793,0.30115366,1.4407904,0.024273872,on bike mount,cyclo cross,True,asphalt,excellent
435ed585-a5af-4478-b250-df7187c001e1,3bed2ebf-62f2-4c2b-a122-7727d132b6d7,005f48f3-0b5d-4653-ae87-9f28425db67a,1633255060366,14.4513332,52.2120325,6.9745793,-0.2971331,-1.2428857,0.24135971,on bike mount,cyclo cross,True,asphalt,excellent
435ed585-a5af-4478-b250-df7187c001e1,3bed2ebf-62f2-4c2b-a122-7727d132b6d7,7568904a-28bb-44c7-8acd-51a3f5399859,1633255060416,14.4513332,52.2120325,6.9745793,-0.8581331,0.9491403,0.72845745,on bike mount,cyclo cross,True,asphalt,excellent
435ed585-a5af-4478-b250-df7187c001e1,3bed2ebf-62f2-4c2b-a122-7727d132b6d7,74a5b006-290d-4504-bccc-8e58220412f7,1633255060466,14.4513332,52.2120325,6.9745793,-0.3775306,1.6987019,-1.6412406,on bike mount,cyclo cross,True,asphalt,excellent
435ed585-a5af-4478-b250-df7187c001e1,3bed2ebf-62f2-4c2b-a122-7727d132b6d7,65947ae6-2d97-410b-8467-b29cdabb8a38,1633255060517,14.4513332,52.2120325,6.9745793,-0.64245754,-1.7619479,2.5638094,on bike mount,cyclo cross,True,asphalt,excellent
435ed585-a5af-4478-b250-df7187c001e1,3bed2ebf-62f2-4c2b-a122-7727d132b6d7,d23f72a4-a4e2-4acd-b966-1f9a5e253b56,1633255060583,14.4513332,52.2120325,6.9745793,-0.64517593,-0.42318583,1.0316525,on bike mount,cyclo cross,True,asphalt,excellent
435ed585-a5af-4478-b250-df7187c001e1,3bed2ebf-62f2-4c2b-a122-7727d132b6d7,7acac178-49ee-43c0-9f25-e18d10045050,1633255060633,14.4513332,52.2120325,6.9745793,-1.5925293,0.09521365,2.4047928,on bike mount,cyclo cross,True,asphalt,excellent
435ed585-a5af-4478-b250-df7187c001e1,3bed2ebf-62f2-4c2b-a122-7727d132b6d7,0d3db471-bed2-4e93-b78e-9215ddf1f053,1633255060685,14.4513332,52.2120325,6.9745793,-0.2886143,-0.47145987,0.98604965,on bike mount,cyclo cross,True,asphalt,excellent
435ed585-a5af-4478-b250-df7187c001e1,3bed2ebf-62f2-4c2b-a122-7727d132b6d7,e3c8ce4c-fe11-427e-ba30-89e7f4374e62,1633255060751,14.4513332,52.2120325,6.9745793,-0.8966224,1.401752,-1.2181401,on bike mount,cyclo cross,True,asphalt,excellent
435ed585-a5af-4478-b250-df7187c001e1,3bed2ebf-62f2-4c2b-a122-7727d132b6d7,e844e95b-9d51-4857-a889-360b8ab927d1,1633255060802,14.4513332,52.2120325,6.9745793,0.08933818,-6.2977962,1.7038336,on bike mount,cyclo cross,True,asphalt,excellent
435ed585-a5af-4478-b250-df7187c001e1,3bed2ebf-62f2-4c2b-a122-7727d132b6d7,49dfe4dc-f825-40f7-8473-c2d10b1dd572,1633255060868,14.4513332,52.2120325,6.9745793,-1.1462501,3.6501803,0.73145103,on bike mount,cyclo cross,True,asphalt,excellent
435ed585-a5af-4478-b250-df7187c001e1,3bed2ebf-62f2-4c2b-a122-7727d132b6d7,991662bd-8161-4a70-9c60-9ab6c35bf3da,1633255060935,14.4513332,52.2120325,6.9745793,-0.0722314,-0.46517336,0.012587547,on bike mount,cyclo cross,True,asphalt,excellent
435ed585-a5af-4478-b250-df7187c001e1,3bed2ebf-62f2-4c2b-a122-7727d132b6d7,0cf86efc-1467-4589-9adc-41b269086931,1633255061000,14.4513332,52.2120325,6.9745793,-1.7594582,2.517384,7.463578,on bike mount,cyclo cross,True,asphalt,excellent
435ed585-a5af-4478-b250-df7187c001e1,3bed2ebf-62f2-4c2b-a122-7727d132b6d7,e0067358-63d5-404c-a7fd-52c247ac126a,1633255061051,14.4513332,52.2120325,6.9745793,-0.42473355,0.7664094,-1.3369527,on bike mount,cyclo cross,True,asphalt,excellent
435ed585-a5af-4478-b250-df7187c001e1,3bed2ebf-62f2-4c2b-a122-7727d132b6d7,076ca7cf-0a02-46e5-bc15-eca676405ecc,1633255061101,14.4513332,52.2120325,6.9745793,0.13515753,-1.9258504,0.75975037,on bike mount,cyclo cross,True,asphalt,excellent
435ed585-a5af-4478-b250-df7187c001e1,3bed2ebf-62f2-4c2b-a122-7727d132b6d7,0176bfad-8c26-48f3-ac34-dc32630abb37,1633255061151,14.4512907,52.2120804,6.853191,0.56203055,-1.5277,3.905466,on bike mount,cyclo cross,True,asphalt,excellent
435ed585-a5af-4478-b250-df7187c001e1,3bed2ebf-62f2-4c2b-a122-7727d132b6d7,93b2daa5-0bfd-4d55-9cd2-6691ac0318ad,1633255061202,14.4512907,52.2120804,6.853191,0.47157478,2.4963803,0.039113045,on bike mount,cyclo cross,True,asphalt,excellent
435ed585-a5af-4478-b250-df7187c001e1,3bed2ebf-62f2-4c2b-a122-7727d132b6d7,67c32048-8c20-4250-a5ce-3c84dcb39582,1633255061267,14.4512907,52.2120804,6.853191,-0.7072933,0.44264293,-0.013289452,on bike mount,cyclo cross,True,asphalt,excellent
435ed585-a5af-4478-b250-df7187c001e1,3bed2ebf-62f2-4c2b-a122-7727d132b6d7,a3a2677c-8fd0-47fb-be4c-c2aa22b3d8ab,1633255061318,14.4512907,52.2120804,6.853191,1.3095217,-0.9379102,0.3176031,on bike mount,cyclo cross,True,asphalt,excellent
435ed585-a5af-4478-b250-df7187c001e1,3bed2ebf-62f2-4c2b-a122-7727d132b6d7,26dc60a1-0fe8-42e8-ab87-a74fba5c2000,1633255061368,14.4512907,52.2120804,6.853191,0.2038638,-1.9679583,-1.128562,on bike mount,cyclo cross,True,asphalt,excellent
435ed585-a5af-4478-b250-df7187c001e1,3bed2ebf-62f2-4c2b-a122-7727d132b6d7,612fc3ea-89ff-4656-9e21-cc4edbf568cb,1633255061418,14.4512907,52.2120804,6.853191,-0.57667744,2.535315,-2.6366138,on bike mount,cyclo cross,True,asphalt,excellent
435ed585-a5af-4478-b250-df7187c001e1,3bed2ebf-62f2-4c2b-a122-7727d132b6d7,d00ba0d6-efa3-4b89-a555-39f3b770909a,1633255061468,14.4512907,52.2120804,6.853191,-0.22841197,-0.59025145,-2.1457286,on bike mount,cyclo cross,True,asphalt,excellent
435ed585-a5af-4478-b250-df7187c001e1,3bed2ebf-62f2-4c2b-a122-7727d132b6d7,38a42373-50c2-4cc3-ad12-a6783c5efd7e,1633255061518,14.4512907,52.2120804,6.853191,-0.36319184,-1.8359759,-0.34707928,on bike mount,cyclo cross,True,asphalt,excellent
435ed585-a5af-4478-b250-df7187c001e1,3bed2ebf-62f2-4c2b-a122-7727d132b6d7,57007194-46d5-422b-b76b-77c09084d725,1633255061569,14.4512907,52.2120804,6.853191,1.1719207,0.85387945,-0.2096529,on bike mount,cyclo cross,True,asphalt,excellent
435ed585-a5af-4478-b250-df7187c001e1,3bed2ebf-62f2-4c2b-a122-7727d132b6d7,45ff9ea1-a8cf-4d13-a9ce-623fed53fd76,1633255061619,14.4512907,52.2120804,6.853191,-0.2860238,-1.1664314,1.3046932,on bike mount,cyclo cross,True,asphalt,excellent
435ed585-a5af-4478-b250-df7187c001e1,3bed2ebf-62f2-4c2b-a122-7727d132b6d7,e8b395a2-2ac0-4060-becb-063fa424bd9d,1633255061669,14.4512907,52.2120804,6.853191,-1.758304,-0.4857583,-1.3940835,on bike mount,cyclo cross,True,asphalt,excellent
435ed585-a5af-4478-b250-df7187c001e1,3bed2ebf-62f2-4c2b-a122-7727d132b6d7,770135bf-b397-4c75-b549-c6b55cb28398,1633255061719,14.4512907,52.2120804,6.853191,0.8218216,1.3141878,-1.3539128,on bike mount,cyclo cross,True,asphalt,excellent
435ed585-a5af-4478-b250-df7187c001e1,3bed2ebf-62f2-4c2b-a122-7727d132b6d7,361d1b23-a9e9-4cea-ac84-d7fbd3c20a41,1633255061769,14.4512907,52.2120804,6.853191,0.38208112,-0.039211273,0.23848248,on bike mount,cyclo cross,True,asphalt,excellent
435ed585-a5af-4478-b250-df7187c001e1,3bed2ebf-62f2-4c2b-a122-7727d132b6d7,485459b1-65a2-49e3-800d-1e2212bbd0e7,1633255061819,14.4512907,52.2120804,6.853191,0.28681266,-0.032358885,1.5400991,on bike mount,cyclo cross,True,asphalt,excellent
435ed585-a5af-4478-b250-df7187c001e1,3bed2ebf-62f2-4c2b-a122-7727d132b6d7,5a8a6e1b-4fa8-4c44-87b7-561a69fb5cb6,1633255061869,14.4512907,52.2120804,6.853191,1.4512463,0.47502422,-1.1168232,on bike mount,cyclo cross,True,asphalt,excellent
435ed585-a5af-4478-b250-df7187c001e1,3bed2ebf-62f2-4c2b-a122-7727d132b6d7,5b3bbe7d-c13a-425f-a6ad-e30f75fd5df0,1633255061919,14.4512907,52.2120804,6.853191,-0.5682088,-2.4070382,1.0570717,on bike mount,cyclo cross,True,asphalt,excellent
435ed585-a5af-4478-b250-df7187c001e1,3bed2ebf-62f2-4c2b-a122-7727d132b6d7,58fdeadd-154c-4d72-9caa-bd22d438d1df,1633255061969,14.4512907,52.2120804,6.853191,-0.09876552,2.487292,-0.9786587,on bike mount,cyclo cross,True,asphalt,excellent
435ed585-a5af-4478-b250-df7187c001e1,3bed2ebf-62f2-4c2b-a122-7727d132b6d7,5c38b0ba-35a6-4209-845e-10dd45e6c059,1633255062019,14.4512907,52.2120804,6.853191,-0.67519724,1.0359666,2.2845945,on bike mount,cyclo cross,True,asphalt,excellent
435ed585-a5af-4478-b250-df7187c001e1,3bed2ebf-62f2-4c2b-a122-7727d132b6d7,1d89da72-c2e5-45f3-b667-c78594702447,1633255062069,14.4512907,52.2120804,6.853191,0.16468172,-0.02572918,-1.7409267,on bike mount,cyclo cross,True,asphalt,excellent
435ed585-a5af-4478-b250-df7187c001e1,3bed2ebf-62f2-4c2b-a122-7727d132b6d7,1c94181c-f1ac-4742-ae4f-8c1a4c80cc3f,1633255062119,14.4512416,52.212133,7.1970296,-1.3436813,-0.91301835,-0.33625603,on bike mount,cyclo cross,True,asphalt,excellent
435ed585-a5af-4478-b250-df7187c001e1,3bed2ebf-62f2-4c2b-a122-7727d132b6d7,53aab39b-0794-4e04-9561-ef54ffd4e3f4,1633255062169,14.4512416,52.212133,7.1970296,0.28333446,0.46292543,0.42806435,on bike mount,cyclo cross,True,asphalt,excellent
435ed585-a5af-4478-b250-df7187c001e1,3bed2ebf-62f2-4c2b-a122-7727d132b6d7,5ee7fef8-05ee-4b29-940d-7fa0a415a0aa,1633255062219,14.4512416,52.212133,7.1970296,0.51483464,-0.3130629,-1.3599658,on bike mount,cyclo cross,True,asphalt,excellent
435ed585-a5af-4478-b250-df7187c001e1,3bed2ebf-62f2-4c2b-a122-7727d132b6d7,723c97e0-955c-4539-8279-9b381d62051a,1633255062285,14.4512416,52.212133,7.1970296,-2.246791,-4.302812,3.3335228,on bike mount,cyclo cross,True,asphalt,excellent
435ed585-a5af-4478-b250-df7187c001e1,3bed2ebf-62f2-4c2b-a122-7727d132b6d7,edafaa76-18c3-409b-b7de-1ac1b76e0f6a,1633255062335,14.4512416,52.212133,7.1970296,1.0146368,0.8436208,0.9335613,on bike mount,cyclo cross,True,asphalt,excellent
435ed585-a5af-4478-b250-df7187c001e1,3bed2ebf-62f2-4c2b-a122-7727d132b6d7,4c4afa02-e650-4e53-b6d1-6c19dfdcdb22,1633255062385,14.4512416,52.212133,7.1970296,-0.50842,-0.5354482,-0.45432758,on bike mount,cyclo cross,True,asphalt,excellent
435ed585-a5af-4478-b250-df7187c001e1,3bed2ebf-62f2-4c2b-a122-7727d132b6d7,fd61aefb-e4e7-4440-8b26-ebfa5c1b2f1e,1633255062435,14.4512416,52.212133,7.1970296,0.30733722,-0.9088361,0.16339588,on bike mount,cyclo cross,True,asphalt,excellent
435ed585-a5af-4478-b250-df7187c001e1,3bed2ebf-62f2-4c2b-a122-7727d132b6d7,8fadf43e-8d4d-484e-b0db-d37d78a9b5aa,1633255062486,14.4512416,52.212133,7.1970296,-0.13823853,2.8026607,0.2569561,on bike mount,cyclo cross,True,asphalt,excellent
435ed585-a5af-4478-b250-df7187c001e1,3bed2ebf-62f2-4c2b-a122-7727d132b6d7,48e41e70-f321-4185-9ba6-f3f9999f5b81,1633255062536,14.4512416,52.212133,7.1970296,0.47019288,-0.08080363,0.26988697,on bike mount,cyclo cross,True,asphalt,excellent
435ed585-a5af-4478-b250-df7187c001e1,3bed2ebf-62f2-4c2b-a122-7727d132b6d7,8bf4c2d2-4186-4d08-9b63-5cde7146b901,1633255062586,14.4512416,52.212133,7.1970296,0.99550396,0.43204212,-1.4016604,on bike mount,cyclo cross,True,asphalt,excellent
435ed585-a5af-4478-b250-df7187c001e1,3bed2ebf-62f2-4c2b-a122-7727d132b6d7,dc11662f-3974-4dcb-87e0-c8b899b48297,1633255062637,14.4512416,52.212133,7.1970296,-2.1045408,0.7552347,1.5155239,on bike mount,cyclo cross,True,asphalt,excellent
435ed585-a5af-4478-b250-df7187c001e1,3bed2ebf-62f2-4c2b-a122-7727d132b6d7,3e2ad5b5-fbf9-48a6-94ee-9a2f5b35773f,1633255062687,14.4512416,52.212133,7.1970296,-0.11799914,-2.470974,0.44009972,on bike mount,cyclo cross,True,asphalt,excellent
435ed585-a5af-4478-b250-df7187c001e1,3bed2ebf-62f2-4c2b-a122-7727d132b6d7,575df5d7-c33f-4a81-8dfc-6cd4e99427fc,1633255062737,14.4512416,52.212133,7.1970296,1.2680597,-0.5903344,-0.30722046,on bike mount,cyclo cross,True,asphalt,excellent
435ed585-a5af-4478-b250-df7187c001e1,3bed2ebf-62f2-4c2b-a122-7727d132b6d7,e28350d3-7797-447f-81fd-a2b775c36a7b,1633255062787,14.4512416,52.212133,7.1970296,-0.4376736,-1.6804626,1.9510317,on bike mount,cyclo cross,True,asphalt,excellent
435ed585-a5af-4478-b250-df7187c001e1,3bed2ebf-62f2-4c2b-a122-7727d132b6d7,1e1124b4-09b8-45e8-95e6-f07f0fe61ea6,1633255062837,14.4512416,52.212133,7.1970296,-0.32042715,-1.9605305,0.9396658,on bike mount,cyclo cross,True,asphalt,excellent
435ed585-a5af-4478-b250-df7187c001e1,3bed2ebf-62f2-4c2b-a122-7727d132b6d7,235864e3-d462-405b-b82d-6535ce5c3013,1633255062887,14.4512416,52.212133,7.1970296,1.1226803,-0.1054008,0.394598,on bike mount,cyclo cross,True,asphalt,excellent
435ed585-a5af-4478-b250-df7187c001e1,3bed2ebf-62f2-4c2b-a122-7727d132b6d7,fa5206fe-b69b-479a-beb2-44270bd55240,1633255062937,14.4512416,52.212133,7.1970296,-0.61651504,-2.0061395,0.042157173,on bike mount,cyclo cross,True,asphalt,excellent
435ed585-a5af-4478-b250-df7187c001e1,3bed2ebf-62f2-4c2b-a122-7727d132b6d7,ac784b95-6fa3-4a04-84c1-b53cf22b60ee,1633255062987,14.4512416,52.212133,7.1970296,-0.58602715,0.014501572,-0.9657116,on bike mount,cyclo cross,True,asphalt,excellent
435ed585-a5af-4478-b250-df7187c001e1,3bed2ebf-62f2-4c2b-a122-7727d132b6d7,c87b7eb1-3172-43b3-b796-894afe680edd,1633255063038,14.4512416,52.212133,7.1970296,0.15083581,0.7063725,1.402319,on bike mount,cyclo cross,True,asphalt,excellent
435ed585-a5af-4478-b250-df7187c001e1,3bed2ebf-62f2-4c2b-a122-7727d132b6d7,30e21924-b174-40bd-8e96-26e895697077,1633255063088,14.4512416,52.212133,7.1970296,-0.08365923,0.2977836,-3.1867847,on bike mount,cyclo cross,True,asphalt,excellent
435ed585-a5af-4478-b250-df7187c001e1,3bed2ebf-62f2-4c2b-a122-7727d132b6d7,75fd0e6e-1976-4942-a755-41dd5283b303,1633255063138,14.4512011,52.2121931,7.143058,-0.68321204,-1.503523,1.2342291,on bike mount,cyclo cross,True,asphalt,excellent
435ed585-a5af-4478-b250-df7187c001e1,3bed2ebf-62f2-4c2b-a122-7727d132b6d7,943f4032-10bf-489c-a587-5c17822c8f65,1633255063190,14.4512011,52.2121931,7.143058,1.8709152,-1.0177032,0.83476734,on bike mount,cyclo cross,True,asphalt,excellent
435ed585-a5af-4478-b250-df7187c001e1,3bed2ebf-62f2-4c2b-a122-7727d132b6d7,26384b38-29d3-46b2-99d7-aea3cc7b9dbf,1633255063255,14.4512011,52.2121931,7.143058,-0.14446175,-0.22414684,2.7094488,on bike mount,cyclo cross,True,asphalt,excellent
435ed585-a5af-4478-b250-df7187c001e1,3bed2ebf-62f2-4c2b-a122-7727d132b6d7,a19371a3-499c-4f18-a5fc-a01cd1abf025,1633255063305,14.4512011,52.2121931,7.143058,-0.94772613,-1.0343193,0.38451672,on bike mount,cyclo cross,True,asphalt,excellent
435ed585-a5af-4478-b250-df7187c001e1,3bed2ebf-62f2-4c2b-a122-7727d132b6d7,804b14ed-4467-4136-8e1d-47c4db7fc0e0,1633255063354,14.4512011,52.2121931,7.143058,0.56645256,0.60580444,1.8611126,on bike mount,cyclo cross,True,asphalt,excellent
435ed585-a5af-4478-b250-df7187c001e1,3bed2ebf-62f2-4c2b-a122-7727d132b6d7,12f401c5-d4d6-4e85-a9ed-6d4ff8196807,1633255063405,14.4512011,52.2121931,7.143058,0.6757321,-1.2591412,1.5195723,on bike mount,cyclo cross,True,asphalt,excellent
435ed585-a5af-4478-b250-df7187c001e1,3bed2ebf-62f2-4c2b-a122-7727d132b6d7,8849ffd5-3c88-4247-a764-e88ef43bc78b,1633255063470,14.4512011,52.2121931,7.143058,0.25294968,0.2301867,1.3963203,on bike mount,cyclo cross,True,asphalt,excellent
435ed585-a5af-4478-b250-df7187c001e1,3bed2ebf-62f2-4c2b-a122-7727d132b6d7,4462025e-98e5-4064-81b0-be3b3c6d72d5,1633255063522,14.4512011,52.2121931,7.143058,-0.050275113,-0.50345063,-0.86829185,on bike mount,cyclo cross,True,asphalt,excellent
435ed585-a5af-4478-b250-df7187c001e1,3bed2ebf-62f2-4c2b-a122-7727d132b6d7,a54021a1-89ea-4db0-8f9a-a675d67a4b83,1633255063587,14.4512011,52.2121931,7.143058,1.7251132,-1.3790021,-0.372159,on bike mount,cyclo cross,True,asphalt,excellent
435ed585-a5af-4478-b250-df7187c001e1,3bed2ebf-62f2-4c2b-a122-7727d132b6d7,303855f1-d39d-479b-9326-f3aa78b0d951,1633255063638,14.4512011,52.2121931,7.143058,-0.41890773,-1.5657506,5.3207836,on bike mount,cyclo cross,True,asphalt,excellent
435ed585-a5af-4478-b250-df7187c001e1,3bed2ebf-62f2-4c2b-a122-7727d132b6d7,826485d7-080e-49ee-9063-dd5f4ee1172f,1633255063687,14.4512011,52.2121931,7.143058,-1.4966421,0.92866397,-1.4627137,on bike mount,cyclo cross,True,asphalt,excellent
435ed585-a5af-4478-b250-df7187c001e1,3bed2ebf-62f2-4c2b-a122-7727d132b6d7,e4ff003e-b226-4c47-a8ec-f6714353e74e,1633255063739,14.4512011,52.2121931,7.143058,0.9291421,-0.27493095,1.9404545,on bike mount,cyclo cross,True,asphalt,excellent
435ed585-a5af-4478-b250-df7187c001e1,3bed2ebf-62f2-4c2b-a122-7727d132b6d7,4e2f6dac-184a-4ce7-b8e5-fdf82439c86a,1633255063789,14.4512011,52.2121931,7.143058,-0.20221612,-0.1259644,-2.2965255,on bike mount,cyclo cross,True,asphalt,excellent
435ed585-a5af-4478-b250-df7187c001e1,3bed2ebf-62f2-4c2b-a122-7727d132b6d7,a373786e-5c4c-41b5-befc-8a3918492a07,1633255063838,14.4512011,52.2121931,7.143058,-1.7294024,-0.27618694,0.32789707,on bike mount,cyclo cross,True,asphalt,excellent
435ed585-a5af-4478-b250-df7187c001e1,3bed2ebf-62f2-4c2b-a122-7727d132b6d7,3ef8f45b-62f4-4572-b627-7cf86a29f975,1633255063889,14.4512011,52.2121931,7.143058,-0.6154762,-2.0882263,0.3466673,on bike mount,cyclo cross,True,asphalt,excellent
435ed585-a5af-4478-b250-df7187c001e1,3bed2ebf-62f2-4c2b-a122-7727d132b6d7,4c281c7a-102d-4741-8313-f64e65882b56,1633255063956,14.4512011,52.2121931,7.143058,0.014242783,0.25691772,0.49515152,on bike mount,cyclo cross,True,asphalt,excellent
435ed585-a5af-4478-b250-df7187c001e1,3bed2ebf-62f2-4c2b-a122-7727d132b6d7,e04ae538-90ed-42ee-8114-306fc96f5be2,1633255064006,14.4512011,52.2121931,7.143058,0.030985802,3.2311444,-1.1439719,on bike mount,cyclo cross,True,asphalt,excellent
435ed585-a5af-4478-b250-df7187c001e1,3bed2ebf-62f2-4c2b-a122-7727d132b6d7,902c1047-60be-4da3-9e3e-bd0bc0c70659,1633255064055,14.4512011,52.2121931,7.143058,0.11103636,0.7741382,1.4701109,on bike mount,cyclo cross,True,asphalt,excellent
