bike_activity_uid,bike_activity_sample_uid,bike_activity_measurement,bike_activity_measurement_timestamp,bike_activity_measurement_lon,bike_activity_measurement_lat,bike_activity_measurement_speed,bike_activity_measurement_accelerometer_x,bike_activity_measurement_accelerometer_y,bike_activity_measurement_accelerometer_z,bike_activity_phone_position,bike_activity_bike_type,bike_activity_flagged_lab_conditions,bike_activity_surface_type,bike_activity_smoothness_type
a1633818-d320-4da6-8551-ca57f4d865e4,5d69c7ca-d818-464a-a508-711993237a41,e3438d76-4525-4cb8-8213-dc2dcc569ad5,1633681936214,13.4187195,52.4943565,6.8680253,-3.7512155,-7.4328227,9.945591,on bike mount,cyclo cross,True,sett,intermediate
a1633818-d320-4da6-8551-ca57f4d865e4,5d69c7ca-d818-464a-a508-711993237a41,26f6dd0b-f035-48ef-b5fe-36e8b30d7b34,1633681936281,13.4187195,52.4943565,6.8680253,0.33916116,-3.033174,7.987136,on bike mount,cyclo cross,True,sett,intermediate
a1633818-d320-4da6-8551-ca57f4d865e4,5d69c7ca-d818-464a-a508-711993237a41,dfe9e66d-158e-4739-ae74-6eee50a1f004,1633681936331,13.4187195,52.4943565,6.8680253,3.9920037,-52.511726,17.65081,on bike mount,cyclo cross,True,sett,intermediate
a1633818-d320-4da6-8551-ca57f4d865e4,5d69c7ca-d818-464a-a508-711993237a41,c960740c-4fa6-4a32-b0e3-6f5c37ded439,1633681936398,13.4187195,52.4943565,6.8680253,1.0764171,-4.5590916,-9.129136,on bike mount,cyclo cross,True,sett,intermediate
a1633818-d320-4da6-8551-ca57f4d865e4,5d69c7ca-d818-464a-a508-711993237a41,9d5874eb-8072-4ed6-bf2b-55ab441f80c0,1633681936448,13.4187195,52.4943565,6.8680253,5.559485,10.035237,-6.187296,on bike mount,cyclo cross,True,sett,intermediate
a1633818-d320-4da6-8551-ca57f4d865e4,5d69c7ca-d818-464a-a508-711993237a41,4912d061-db00-42cb-81de-805efd9841a1,1633681936498,13.4187195,52.4943565,6.8680253,7.614275,48.70747,-50.4968,on bike mount,cyclo cross,True,sett,intermediate
a1633818-d320-4da6-8551-ca57f4d865e4,5d69c7ca-d818-464a-a508-711993237a41,8cd9d0d0-681e-4e98-82a6-5ae9bc2c004a,1633681936564,13.4187195,52.4943565,6.8680253,3.3962548,-28.770187,-12.038898,on bike mount,cyclo cross,True,sett,intermediate
a1633818-d320-4da6-8551-ca57f4d865e4,5d69c7ca-d818-464a-a508-711993237a41,b7689daa-afce-4e75-b1b1-23ccbb6d8afb,1633681936615,13.4187195,52.4943565,6.8680253,4.3252673,-35.26618,6.1409883,on bike mount,cyclo cross,True,sett,intermediate
a1633818-d320-4da6-8551-ca57f4d865e4,5d69c7ca-d818-464a-a508-711993237a41,a0733fc6-300d-4544-9c44-29d2d74c7852,1633681936681,13.4186723,52.4943016,6.8715515,-1.5016658,32.172165,-29.122593,on bike mount,cyclo cross,True,sett,intermediate
a1633818-d320-4da6-8551-ca57f4d865e4,5d69c7ca-d818-464a-a508-711993237a41,9bf5be56-9e03-4673-9b7e-c511a76d0ce9,1633681936748,13.4186723,52.4943016,6.8715515,3.283089,5.365932,-22.14566,on bike mount,cyclo cross,True,sett,intermediate
a1633818-d320-4da6-8551-ca57f4d865e4,5d69c7ca-d818-464a-a508-711993237a41,dc9cefa8-6c2e-49bd-a392-b72474f9619d,1633681936815,13.4186723,52.4943016,6.8715515,1.4455726,-47.540592,10.902384,on bike mount,cyclo cross,True,sett,intermediate
a1633818-d320-4da6-8551-ca57f4d865e4,5d69c7ca-d818-464a-a508-711993237a41,19050cfb-889d-4534-86f6-4b89160ab127,1633681936882,13.4186723,52.4943016,6.8715515,-1.7150562,2.6934042,-17.342308,on bike mount,cyclo cross,True,sett,intermediate
a1633818-d320-4da6-8551-ca57f4d865e4,5d69c7ca-d818-464a-a508-711993237a41,ebdc14e1-6930-49df-a8c7-193581c62df3,1633681936932,13.4186723,52.4943016,6.8715515,-0.6750004,32.660496,-57.858406,on bike mount,cyclo cross,True,sett,intermediate
a1633818-d320-4da6-8551-ca57f4d865e4,5d69c7ca-d818-464a-a508-711993237a41,631b0b79-7e56-46c4-86ac-f37857f8f268,1633681936999,13.4186723,52.4943016,6.8715515,-0.49900305,-58.986473,-9.57213,on bike mount,cyclo cross,True,sett,intermediate
a1633818-d320-4da6-8551-ca57f4d865e4,5d69c7ca-d818-464a-a508-711993237a41,ed00efab-ff69-40b3-805d-15d92ef18c09,1633681937049,13.4186723,52.4943016,6.8715515,-5.124241,-52.877483,-10.339118,on bike mount,cyclo cross,True,sett,intermediate
a1633818-d320-4da6-8551-ca57f4d865e4,5d69c7ca-d818-464a-a508-711993237a41,9a46fcd6-074a-442e-b0c3-e00024b48ccf,1633681937099,13.4186723,52.4943016,6.8715515,3.8641875,0.15744829,-1.3617272,on bike mount,cyclo cross,True,sett,intermediate
a1633818-d320-4da6-8551-ca57f4d865e4,5d69c7ca-d818-464a-a508-711993237a41,0529fea4-ba64-494a-969d-3a8ceda32738,1633681937149,13.4186723,52.4943016,6.8715515,1.3215933,-4.8790426,9.340631,on bike mount,cyclo cross,True,sett,intermediate
a1633818-d320-4da6-8551-ca57f4d865e4,5d69c7ca-d818-464a-a508-711993237a41,bfc18eab-42e0-4755-bf68-67fe2c4618d5,1633681937216,13.4186723,52.4943016,6.8715515,1.3411689,2.6327353,5.945653,on bike mount,cyclo cross,True,sett,intermediate
a1633818-d320-4da6-8551-ca57f4d865e4,5d69c7ca-d818-464a-a508-711993237a41,5ea4a144-ac0c-48ca-af17-006c2161e978,1633681937282,13.4186723,52.4943016,6.8715515,9.102684,4.9436064,4.0930843,on bike mount,cyclo cross,True,sett,intermediate
a1633818-d320-4da6-8551-ca57f4d865e4,5d69c7ca-d818-464a-a508-711993237a41,36abbc0d-b8ef-4380-afaf-5183450fee2b,1633681937332,13.4186723,52.4943016,6.8715515,2.6313965,-0.8009982,14.306118,on bike mount,cyclo cross,True,sett,intermediate
a1633818-d320-4da6-8551-ca57f4d865e4,5d69c7ca-d818-464a-a508-711993237a41,19d3e6d3-9631-4169-ae91-5e0dfc14ff51,1633681937383,13.4186723,52.4943016,6.8715515,3.9267142,-9.476493,-2.550036,on bike mount,cyclo cross,True,sett,intermediate
a1633818-d320-4da6-8551-ca57f4d865e4,5d69c7ca-d818-464a-a508-711993237a41,4af727cd-cd39-4962-9a05-1ae78b0bb05c,1633681937449,13.4186723,52.4943016,6.8715515,-4.640888,12.228265,-20.009008,on bike mount,cyclo cross,True,sett,intermediate
a1633818-d320-4da6-8551-ca57f4d865e4,5d69c7ca-d818-464a-a508-711993237a41,604c06c5-b5b3-4c96-bf6e-778d66fe539b,1633681937500,13.4186723,52.4943016,6.8715515,-4.2016745,8.155651,-10.060028,on bike mount,cyclo cross,True,sett,intermediate
a1633818-d320-4da6-8551-ca57f4d865e4,5d69c7ca-d818-464a-a508-711993237a41,97600e1a-93df-470d-8320-c798acd35381,1633681937549,13.4186723,52.4943016,6.8715515,16.301373,-10.376962,-8.171435,on bike mount,cyclo cross,True,sett,intermediate
a1633818-d320-4da6-8551-ca57f4d865e4,5d69c7ca-d818-464a-a508-711993237a41,9ab7f607-8e84-4f7b-83f9-23ac65c68e28,1633681937599,13.4186723,52.4943016,6.8715515,9.921513,2.3313556,18.216087,on bike mount,cyclo cross,True,sett,intermediate
a1633818-d320-4da6-8551-ca57f4d865e4,5d69c7ca-d818-464a-a508-711993237a41,ec80cf97-9be4-4baf-b953-8ff63c08b064,1633681937649,13.4186322,52.494253,6.8275056,-1.2226809,10.042818,-19.837788,on bike mount,cyclo cross,True,sett,intermediate
a1633818-d320-4da6-8551-ca57f4d865e4,5d69c7ca-d818-464a-a508-711993237a41,35d2ad1f-1608-4197-8917-c6aaaffd035a,1633681937700,13.4186322,52.494253,6.8275056,0.5836817,-1.7252798,11.672894,on bike mount,cyclo cross,True,sett,intermediate
a1633818-d320-4da6-8551-ca57f4d865e4,5d69c7ca-d818-464a-a508-711993237a41,feb5c195-58df-44da-ba65-3b627a68b396,1633681937766,13.4186322,52.494253,6.8275056,6.67853,4.259431,7.8500404,on bike mount,cyclo cross,True,sett,intermediate
a1633818-d320-4da6-8551-ca57f4d865e4,5d69c7ca-d818-464a-a508-711993237a41,89b3e099-ac59-47e4-901b-d1dfe9bbb889,1633681937817,13.4186322,52.494253,6.8275056,0.7842993,14.0486765,-16.258352,on bike mount,cyclo cross,True,sett,intermediate
a1633818-d320-4da6-8551-ca57f4d865e4,5d69c7ca-d818-464a-a508-711993237a41,614f408a-77aa-40b0-935d-72b7ab4114a4,1633681937883,13.4186322,52.494253,6.8275056,-5.6251955,-12.093207,-7.731343,on bike mount,cyclo cross,True,sett,intermediate
a1633818-d320-4da6-8551-ca57f4d865e4,5d69c7ca-d818-464a-a508-711993237a41,7745af9d-4444-4114-aafd-7fb891340b1d,1633681937934,13.4186322,52.494253,6.8275056,1.5166917,0.37662363,-16.757412,on bike mount,cyclo cross,True,sett,intermediate
a1633818-d320-4da6-8551-ca57f4d865e4,5d69c7ca-d818-464a-a508-711993237a41,010cbf05-8d1f-4151-ac83-6b10f1c00695,1633681937984,13.4186322,52.494253,6.8275056,-1.8573892,-25.02779,9.100016,on bike mount,cyclo cross,True,sett,intermediate
a1633818-d320-4da6-8551-ca57f4d865e4,5d69c7ca-d818-464a-a508-711993237a41,f8dd61bf-2722-44ba-b040-1ba1ca81e33b,1633681938050,13.4186322,52.494253,6.8275056,5.793293,12.935526,-14.113459,on bike mount,cyclo cross,True,sett,intermediate
a1633818-d320-4da6-8551-ca57f4d865e4,5d69c7ca-d818-464a-a508-711993237a41,8730838f-d957-4fff-a6a5-29edfd9f6b6a,1633681938100,13.4186322,52.494253,6.8275056,6.7589655,2.6476698,-5.633517,on bike mount,cyclo cross,True,sett,intermediate
a1633818-d320-4da6-8551-ca57f4d865e4,5d69c7ca-d818-464a-a508-711993237a41,1cab191f-9fd3-44bb-86c6-678b54612488,1633681938151,13.4186322,52.494253,6.8275056,6.3302135,5.0397167,2.8323898,on bike mount,cyclo cross,True,sett,intermediate
a1633818-d320-4da6-8551-ca57f4d865e4,5d69c7ca-d818-464a-a508-711993237a41,45915348-8ee4-401b-9068-2123bbda95a0,1633681938201,13.4186322,52.494253,6.8275056,4.323293,17.852165,10.912786,on bike mount,cyclo cross,True,sett,intermediate
a1633818-d320-4da6-8551-ca57f4d865e4,5d69c7ca-d818-464a-a508-711993237a41,0a0a51db-e63f-459f-b894-a33f6d0101e9,1633681938268,13.4186322,52.494253,6.8275056,4.768141,-12.984789,1.902791,on bike mount,cyclo cross,True,sett,intermediate
a1633818-d320-4da6-8551-ca57f4d865e4,5d69c7ca-d818-464a-a508-711993237a41,357e2c3b-4174-4b0e-a3d2-355deed981aa,1633681938334,13.4186322,52.494253,6.8275056,-2.9476137,9.049809,7.6286335,on bike mount,cyclo cross,True,sett,intermediate
a1633818-d320-4da6-8551-ca57f4d865e4,5d69c7ca-d818-464a-a508-711993237a41,126ca69a-d653-4bf4-b75b-a981de531d17,1633681938385,13.4186322,52.494253,6.8275056,1.3726771,-2.8280964,4.545141,on bike mount,cyclo cross,True,sett,intermediate
a1633818-d320-4da6-8551-ca57f4d865e4,5d69c7ca-d818-464a-a508-711993237a41,0cdad2b9-b1b3-49c5-b040-6a0e039ff380,1633681938435,13.4186322,52.494253,6.8275056,0.54462266,0.16193354,-6.5663776,on bike mount,cyclo cross,True,sett,intermediate
a1633818-d320-4da6-8551-ca57f4d865e4,5d69c7ca-d818-464a-a508-711993237a41,1491f888-4684-410a-8c92-ae5d0724e94f,1633681938485,13.4186322,52.494253,6.8275056,0.038625002,15.09627,-9.506161,on bike mount,cyclo cross,True,sett,intermediate
a1633818-d320-4da6-8551-ca57f4d865e4,5d69c7ca-d818-464a-a508-711993237a41,d1d7dc86-06c5-467d-8212-04d256b23825,1633681938551,13.4186322,52.494253,6.8275056,5.01099,-10.841535,-0.09621048,on bike mount,cyclo cross,True,sett,intermediate
a1633818-d320-4da6-8551-ca57f4d865e4,5d69c7ca-d818-464a-a508-711993237a41,e98a4b03-c8d0-4e46-9e4d-90614651fc50,1633681938601,13.4186322,52.494253,6.8275056,2.8447285,2.2659664,-8.489814,on bike mount,cyclo cross,True,sett,intermediate
a1633818-d320-4da6-8551-ca57f4d865e4,5d69c7ca-d818-464a-a508-711993237a41,e186b3bb-f370-46ab-9045-7f71968f4936,1633681938651,13.418603,52.4941941,6.8071923,1.3354094,11.288104,-15.9331455,on bike mount,cyclo cross,True,sett,intermediate
a1633818-d320-4da6-8551-ca57f4d865e4,5d69c7ca-d818-464a-a508-711993237a41,8482db04-f27b-46ea-a7f6-3bb9eda72977,1633681938702,13.418603,52.4941941,6.8071923,-8.469922,25.964905,3.0228252,on bike mount,cyclo cross,True,sett,intermediate
a1633818-d320-4da6-8551-ca57f4d865e4,5d69c7ca-d818-464a-a508-711993237a41,39e1943d-b3c0-457e-9293-bb2e8646c81f,1633681938752,13.418603,52.4941941,6.8071923,-3.978714,10.7709255,3.0802636,on bike mount,cyclo cross,True,sett,intermediate
a1633818-d320-4da6-8551-ca57f4d865e4,5d69c7ca-d818-464a-a508-711993237a41,d7a9ff52-74b4-4abf-a53f-9bce4bef44c6,1633681938802,13.418603,52.4941941,6.8071923,-5.4570727,5.555009,9.377022,on bike mount,cyclo cross,True,sett,intermediate
a1633818-d320-4da6-8551-ca57f4d865e4,5d69c7ca-d818-464a-a508-711993237a41,c7734d08-df24-4800-9a97-8859f889fd0b,1633681938852,13.418603,52.4941941,6.8071923,0.9607264,10.600332,19.07516,on bike mount,cyclo cross,True,sett,intermediate
a1633818-d320-4da6-8551-ca57f4d865e4,5d69c7ca-d818-464a-a508-711993237a41,53d48bfe-91f3-464e-bffb-600c60fb686f,1633681938902,13.418603,52.4941941,6.8071923,-0.93638945,-0.8718114,-3.209422,on bike mount,cyclo cross,True,sett,intermediate
a1633818-d320-4da6-8551-ca57f4d865e4,5d69c7ca-d818-464a-a508-711993237a41,91a1adb7-c6c3-4ad0-9950-e3c7aac8bfef,1633681938969,13.418603,52.4941941,6.8071923,8.613552,5.3539996,16.09644,on bike mount,cyclo cross,True,sett,intermediate
a1633818-d320-4da6-8551-ca57f4d865e4,5d69c7ca-d818-464a-a508-711993237a41,d75e415d-7148-4f60-8450-6e8a233749f5,1633681939036,13.418603,52.4941941,6.8071923,-9.286581,-26.287117,-8.529483,on bike mount,cyclo cross,True,sett,intermediate
a1633818-d320-4da6-8551-ca57f4d865e4,5d69c7ca-d818-464a-a508-711993237a41,3c4e0bc5-2c6b-42e1-938d-b1984ef31371,1633681939086,13.418603,52.4941941,6.8071923,-2.3127975,8.632326,-27.661737,on bike mount,cyclo cross,True,sett,intermediate
a1633818-d320-4da6-8551-ca57f4d865e4,5d69c7ca-d818-464a-a508-711993237a41,52c2e44b-ee7c-4ede-8e0e-c1955233cde0,1633681939136,13.418603,52.4941941,6.8071923,-6.1458077,2.1801949,-18.828465,on bike mount,cyclo cross,True,sett,intermediate
a1633818-d320-4da6-8551-ca57f4d865e4,5d69c7ca-d818-464a-a508-711993237a41,8275a067-9661-41c2-a9c0-5e2e81303ad9,1633681939186,13.418603,52.4941941,6.8071923,0.08830419,7.6349545,-17.97105,on bike mount,cyclo cross,True,sett,intermediate
a1633818-d320-4da6-8551-ca57f4d865e4,5d69c7ca-d818-464a-a508-711993237a41,8f47325a-e775-4135-a06e-928557389a90,1633681939253,13.418603,52.4941941,6.8071923,1.1441724,-17.970951,24.514112,on bike mount,cyclo cross,True,sett,intermediate
a1633818-d320-4da6-8551-ca57f4d865e4,5d69c7ca-d818-464a-a508-711993237a41,ac370182-5009-4f20-af59-b03804cda51d,1633681939303,13.418603,52.4941941,6.8071923,6.432186,-13.70066,27.161173,on bike mount,cyclo cross,True,sett,intermediate
a1633818-d320-4da6-8551-ca57f4d865e4,5d69c7ca-d818-464a-a508-711993237a41,89f96de5-ba31-4de9-bfe4-8ef424e848a3,1633681939370,13.418603,52.4941941,6.8071923,0.33085823,8.057676,1.4590411,on bike mount,cyclo cross,True,sett,intermediate
a1633818-d320-4da6-8551-ca57f4d865e4,5d69c7ca-d818-464a-a508-711993237a41,97eb6598-9cf1-4cb8-a2ad-fa3c86a3210c,1633681939436,13.418603,52.4941941,6.8071923,-3.3764002,-12.273859,-12.771223,on bike mount,cyclo cross,True,sett,intermediate
a1633818-d320-4da6-8551-ca57f4d865e4,5d69c7ca-d818-464a-a508-711993237a41,634955ac-f074-49f5-9602-44e50e6ebb25,1633681939503,13.418603,52.4941941,6.8071923,-2.016042,-11.919072,16.324162,on bike mount,cyclo cross,True,sett,intermediate
a1633818-d320-4da6-8551-ca57f4d865e4,5d69c7ca-d818-464a-a508-711993237a41,46e1cac5-b141-41bd-8d6c-51905ea86628,1633681939570,13.418603,52.4941941,6.8071923,3.6889834,0.18793392,-17.777597,on bike mount,cyclo cross,True,sett,intermediate
a1633818-d320-4da6-8551-ca57f4d865e4,5d69c7ca-d818-464a-a508-711993237a41,72662f9f-aad2-408b-9ad1-2995977baa78,1633681939637,13.418603,52.4941941,6.8071923,5.297093,7.5588675,0.4955659,on bike mount,cyclo cross,True,sett,intermediate
a1633818-d320-4da6-8551-ca57f4d865e4,5d69c7ca-d818-464a-a508-711993237a41,8f8d0609-4479-4851-a285-7225410df147,1633681939703,13.4185667,52.494145,6.633182,-0.6889339,10.208946,-8.647494,on bike mount,cyclo cross,True,sett,intermediate
a1633818-d320-4da6-8551-ca57f4d865e4,5d69c7ca-d818-464a-a508-711993237a41,3894411e-c989-4b63-b6b2-d0e6b410844e,1633681939770,13.4185667,52.494145,6.633182,-0.008538589,5.867321,1.0021038,on bike mount,cyclo cross,True,sett,intermediate
a1633818-d320-4da6-8551-ca57f4d865e4,5d69c7ca-d818-464a-a508-711993237a41,aa152995-cbc3-46c2-a7cd-4d5fc1175353,1633681939837,13.4185667,52.494145,6.633182,2.6905022,-1.8533223,-20.909523,on bike mount,cyclo cross,True,sett,intermediate
a1633818-d320-4da6-8551-ca57f4d865e4,5d69c7ca-d818-464a-a508-711993237a41,c1aaae88-61d4-4a9f-9a09-63491967de75,1633681939904,13.4185667,52.494145,6.633182,0.3387611,-19.719217,-8.612377,on bike mount,cyclo cross,True,sett,intermediate
a1633818-d320-4da6-8551-ca57f4d865e4,5d69c7ca-d818-464a-a508-711993237a41,5fc4c8c2-c43a-4927-a6dd-1498e1796c3c,1633681939971,13.4185667,52.494145,6.633182,0.19361761,-0.17276287,-17.223816,on bike mount,cyclo cross,True,sett,intermediate
a1633818-d320-4da6-8551-ca57f4d865e4,5d69c7ca-d818-464a-a508-711993237a41,0aa672e1-f012-4d77-94c5-5ab0f7aae774,1633681940037,13.4185667,52.494145,6.633182,-4.6614265,-5.813196,-8.645742,on bike mount,cyclo cross,True,sett,intermediate
a1633818-d320-4da6-8551-ca57f4d865e4,5d69c7ca-d818-464a-a508-711993237a41,21053dbb-b04c-475b-9009-66f3f51247ee,1633681940087,13.4185667,52.494145,6.633182,-5.245108,-9.6713705,2.8666868,on bike mount,cyclo cross,True,sett,intermediate
a1633818-d320-4da6-8551-ca57f4d865e4,5d69c7ca-d818-464a-a508-711993237a41,554b1c6b-e74a-4e08-a355-27b39e6d028c,1633681940138,13.4185667,52.494145,6.633182,1.9947411,5.052229,-6.510196,on bike mount,cyclo cross,True,sett,intermediate
a1633818-d320-4da6-8551-ca57f4d865e4,5d69c7ca-d818-464a-a508-711993237a41,d988c352-e8b4-4e52-b03e-135bd93efacd,1633681940188,13.4185667,52.494145,6.633182,4.5359488,0.33122253,9.133001,on bike mount,cyclo cross,True,sett,intermediate
a1633818-d320-4da6-8551-ca57f4d865e4,5d69c7ca-d818-464a-a508-711993237a41,ed01fe98-71e9-4157-995a-37f6ee820ff3,1633681940238,13.4185667,52.494145,6.633182,-0.3305279,-31.972807,-3.0509024,on bike mount,cyclo cross,True,sett,intermediate
a1633818-d320-4da6-8551-ca57f4d865e4,5d69c7ca-d818-464a-a508-711993237a41,6294ffd4-bcc9-4e7a-860e-1e3781670896,1633681940304,13.4185667,52.494145,6.633182,-0.9503835,-18.123852,18.347857,on bike mount,cyclo cross,True,sett,intermediate
a1633818-d320-4da6-8551-ca57f4d865e4,5d69c7ca-d818-464a-a508-711993237a41,23d26183-fb1d-40cf-a05a-e5826b615323,1633681940354,13.4185667,52.494145,6.633182,13.580928,14.451742,-7.2171154,on bike mount,cyclo cross,True,sett,intermediate
a1633818-d320-4da6-8551-ca57f4d865e4,5d69c7ca-d818-464a-a508-711993237a41,1e73d9a4-61f9-4f53-9c48-097691fb659d,1633681940405,13.4185667,52.494145,6.633182,0.9008294,15.347263,-28.262794,on bike mount,cyclo cross,True,sett,intermediate
a1633818-d320-4da6-8551-ca57f4d865e4,5d69c7ca-d818-464a-a508-711993237a41,55ecc7ab-806b-4019-be92-4d534dce8772,1633681940455,13.4185667,52.494145,6.633182,4.0866375,19.234177,-27.526348,on bike mount,cyclo cross,True,sett,intermediate
a1633818-d320-4da6-8551-ca57f4d865e4,5d69c7ca-d818-464a-a508-711993237a41,7de0b8f5-001a-4f43-aa0d-92ad2efce950,1633681940521,13.4185667,52.494145,6.633182,-6.128001,-18.987907,5.150674,on bike mount,cyclo cross,True,sett,intermediate
a1633818-d320-4da6-8551-ca57f4d865e4,5d69c7ca-d818-464a-a508-711993237a41,9573e9c9-4e1d-4955-bbc1-7896aa6f2982,1633681940571,13.4185667,52.494145,6.633182,-1.4797777,-13.118624,-23.624262,on bike mount,cyclo cross,True,sett,intermediate
a1633818-d320-4da6-8551-ca57f4d865e4,5d69c7ca-d818-464a-a508-711993237a41,f021e42e-d0fb-4045-a946-a124da6e75d7,1633681940622,13.4185667,52.494145,6.633182,1.7459078,-0.56628585,-19.809166,on bike mount,cyclo cross,True,sett,intermediate
a1633818-d320-4da6-8551-ca57f4d865e4,5d69c7ca-d818-464a-a508-711993237a41,2d62aa1a-2c1a-4639-b925-20520d8e3f14,1633681940688,13.418525,52.4940882,6.6485124,2.5083025,-1.5068041,-18.038534,on bike mount,cyclo cross,True,sett,intermediate
a1633818-d320-4da6-8551-ca57f4d865e4,5d69c7ca-d818-464a-a508-711993237a41,25485344-9541-4bef-a7b4-d6246a2dd5dc,1633681940739,13.418525,52.4940882,6.6485124,-3.0651066,7.1452427,-21.375004,on bike mount,cyclo cross,True,sett,intermediate
a1633818-d320-4da6-8551-ca57f4d865e4,5d69c7ca-d818-464a-a508-711993237a41,a9e4fdc1-369b-4f60-919f-e20f1483912c,1633681940789,13.418525,52.4940882,6.6485124,2.4835858,16.172209,-0.8238375,on bike mount,cyclo cross,True,sett,intermediate
a1633818-d320-4da6-8551-ca57f4d865e4,5d69c7ca-d818-464a-a508-711993237a41,b9e48498-0a67-47c4-9efa-8c6c4e75b3de,1633681940855,13.418525,52.4940882,6.6485124,-4.289503,8.377985,-17.227,on bike mount,cyclo cross,True,sett,intermediate
a1633818-d320-4da6-8551-ca57f4d865e4,5d69c7ca-d818-464a-a508-711993237a41,5f5784f0-a376-45a4-b45a-8c9197cd3017,1633681940905,13.418525,52.4940882,6.6485124,-0.11256999,18.289026,-15.551815,on bike mount,cyclo cross,True,sett,intermediate
a1633818-d320-4da6-8551-ca57f4d865e4,5d69c7ca-d818-464a-a508-711993237a41,f5e51328-898f-47bd-8175-665a46bf451d,1633681940956,13.418525,52.4940882,6.6485124,0.42353344,-11.11041,-10.437342,on bike mount,cyclo cross,True,sett,intermediate
a1633818-d320-4da6-8551-ca57f4d865e4,5d69c7ca-d818-464a-a508-711993237a41,f0b1422d-b586-4b7c-9828-5314701b5ee4,1633681941006,13.418525,52.4940882,6.6485124,1.3529,-14.450501,-8.991807,on bike mount,cyclo cross,True,sett,intermediate
a1633818-d320-4da6-8551-ca57f4d865e4,5d69c7ca-d818-464a-a508-711993237a41,113a8f4b-db1b-4ba4-b572-063a3c716428,1633681941056,13.418525,52.4940882,6.6485124,-0.2688548,-16.56908,-9.108998,on bike mount,cyclo cross,True,sett,intermediate
a1633818-d320-4da6-8551-ca57f4d865e4,5d69c7ca-d818-464a-a508-711993237a41,fffbbc13-6800-4a69-880c-e260fb87f6d6,1633681941123,13.418525,52.4940882,6.6485124,-0.07833064,4.4301577,2.0864592,on bike mount,cyclo cross,True,sett,intermediate
a1633818-d320-4da6-8551-ca57f4d865e4,5d69c7ca-d818-464a-a508-711993237a41,7aea5069-3ce2-4f1a-91fb-b3805134478e,1633681941189,13.418525,52.4940882,6.6485124,-5.242133,11.106096,1.2706041,on bike mount,cyclo cross,True,sett,intermediate
a1633818-d320-4da6-8551-ca57f4d865e4,5d69c7ca-d818-464a-a508-711993237a41,f2d9d6a0-0fb5-4304-ab57-672e12732735,1633681941240,13.418525,52.4940882,6.6485124,-0.82299286,-11.784951,22.780972,on bike mount,cyclo cross,True,sett,intermediate
a1633818-d320-4da6-8551-ca57f4d865e4,5d69c7ca-d818-464a-a508-711993237a41,5b05c499-1066-4cb2-9f31-2390181b3c00,1633681941290,13.418525,52.4940882,6.6485124,4.412306,-44.093178,1.3059845,on bike mount,cyclo cross,True,sett,intermediate
a1633818-d320-4da6-8551-ca57f4d865e4,5d69c7ca-d818-464a-a508-711993237a41,e2510831-bb16-44e0-95af-b0e735c39b15,1633681941356,13.418525,52.4940882,6.6485124,-4.217931,0.26528883,11.815888,on bike mount,cyclo cross,True,sett,intermediate
a1633818-d320-4da6-8551-ca57f4d865e4,5d69c7ca-d818-464a-a508-711993237a41,a6baea7c-fd03-4b5c-9cbc-ae8120a5786d,1633681941406,13.418525,52.4940882,6.6485124,-1.6773697,-11.952047,12.029352,on bike mount,cyclo cross,True,sett,intermediate
a1633818-d320-4da6-8551-ca57f4d865e4,5d69c7ca-d818-464a-a508-711993237a41,d600c892-9ce6-44bd-8d09-4a3dee390b79,1633681941456,13.418525,52.4940882,6.6485124,6.965492,-11.918391,-2.4298506,on bike mount,cyclo cross,True,sett,intermediate
a1633818-d320-4da6-8551-ca57f4d865e4,5d69c7ca-d818-464a-a508-711993237a41,fd14ae00-742d-47e9-bb82-f1960fb34cc6,1633681941507,13.418525,52.4940882,6.6485124,0.06992165,8.384837,-28.297272,on bike mount,cyclo cross,True,sett,intermediate
a1633818-d320-4da6-8551-ca57f4d865e4,5d69c7ca-d818-464a-a508-711993237a41,eaf8aecb-c7dd-4e5f-aa83-5bd6bcaab751,1633681941573,13.418525,52.4940882,6.6485124,-8.556122,-25.913433,4.8988247,on bike mount,cyclo cross,True,sett,intermediate
a1633818-d320-4da6-8551-ca57f4d865e4,5d69c7ca-d818-464a-a508-711993237a41,f04bf5e9-99de-45ae-ab66-44d867f3b31b,1633681941624,13.418525,52.4940882,6.6485124,-4.317651,9.281153,10.142246,on bike mount,cyclo cross,True,sett,intermediate
a1633818-d320-4da6-8551-ca57f4d865e4,5d69c7ca-d818-464a-a508-711993237a41,63834517-7da7-4642-b5b9-ae4a46f3668b,1633681941690,13.4184827,52.494034,6.628564,4.130954,-17.710083,-4.451083,on bike mount,cyclo cross,True,sett,intermediate
a1633818-d320-4da6-8551-ca57f4d865e4,5d69c7ca-d818-464a-a508-711993237a41,c905e3f6-edc6-48cf-84ab-02b10725c2b9,1633681941758,13.4184827,52.494034,6.628564,1.8518656,16.531837,-19.035608,on bike mount,cyclo cross,True,sett,intermediate
a1633818-d320-4da6-8551-ca57f4d865e4,5d69c7ca-d818-464a-a508-711993237a41,1fcd9845-06ab-4cc0-9d7c-ebaf4ce3f975,1633681941824,13.4184827,52.494034,6.628564,5.0931654,-8.774699,5.063074,on bike mount,cyclo cross,True,sett,intermediate
a1633818-d320-4da6-8551-ca57f4d865e4,5d69c7ca-d818-464a-a508-711993237a41,ad94ae77-2ebb-4e56-af87-22eb9b3f190d,1633681941891,13.4184827,52.494034,6.628564,-0.6356695,-1.7693548,-4.9710393,on bike mount,cyclo cross,True,sett,intermediate
a1633818-d320-4da6-8551-ca57f4d865e4,5d69c7ca-d818-464a-a508-711993237a41,b949a9e9-1736-4cd5-a1ed-925892b497a5,1633681941941,13.4184827,52.494034,6.628564,0.60560644,-5.2899513,-1.454937,on bike mount,cyclo cross,True,sett,intermediate
a1633818-d320-4da6-8551-ca57f4d865e4,5d69c7ca-d818-464a-a508-711993237a41,1c767d4d-79d7-4808-9be5-3d1919722cdb,1633681942008,13.4184827,52.494034,6.628564,-3.504778,14.114288,-6.401933,on bike mount,cyclo cross,True,sett,intermediate
a1633818-d320-4da6-8551-ca57f4d865e4,5d69c7ca-d818-464a-a508-711993237a41,0891d41f-82e9-4236-8e50-437534077172,1633681942075,13.4184827,52.494034,6.628564,3.9795308,7.1044407,4.290168,on bike mount,cyclo cross,True,sett,intermediate
a1633818-d320-4da6-8551-ca57f4d865e4,5d69c7ca-d818-464a-a508-711993237a41,463b026d-45ae-4b72-879a-e4b97fd26bb8,1633681942125,13.4184827,52.494034,6.628564,-1.4697564,10.338434,-1.7485232,on bike mount,cyclo cross,True,sett,intermediate
a1633818-d320-4da6-8551-ca57f4d865e4,5d69c7ca-d818-464a-a508-711993237a41,e7c867a1-d9f4-4717-bcac-ec2486a7a923,1633681942175,13.4184827,52.494034,6.628564,1.3095639,-33.98156,32.077423,on bike mount,cyclo cross,True,sett,intermediate
a1633818-d320-4da6-8551-ca57f4d865e4,5d69c7ca-d818-464a-a508-711993237a41,5881a23f-1f88-4b9f-adb0-1e88f8f8e35a,1633681942225,13.4184827,52.494034,6.628564,1.0308992,-3.984328,7.4088936,on bike mount,cyclo cross,True,sett,intermediate
a1633818-d320-4da6-8551-ca57f4d865e4,5d69c7ca-d818-464a-a508-711993237a41,203c3b58-1aa3-4c4a-959a-7bcdf01a9bf2,1633681942275,13.4184827,52.494034,6.628564,0.12838304,-9.82704,-1.2842255,on bike mount,cyclo cross,True,sett,intermediate
a1633818-d320-4da6-8551-ca57f4d865e4,5d69c7ca-d818-464a-a508-711993237a41,083c5655-c822-474b-a18a-603e6453bec9,1633681942342,13.4184827,52.494034,6.628564,0.19303364,-7.3385916,7.9109592,on bike mount,cyclo cross,True,sett,intermediate
a1633818-d320-4da6-8551-ca57f4d865e4,5d69c7ca-d818-464a-a508-711993237a41,09c531d0-3a27-4c25-9d6b-80f9360f0442,1633681942392,13.4184827,52.494034,6.628564,-0.88050145,16.551405,-18.996006,on bike mount,cyclo cross,True,sett,intermediate
a1633818-d320-4da6-8551-ca57f4d865e4,5d69c7ca-d818-464a-a508-711993237a41,498ebd55-cd79-4a6b-a6cb-58f6a3ffe402,1633681942442,13.4184827,52.494034,6.628564,2.6751196,-12.918826,0.33580303,on bike mount,cyclo cross,True,sett,intermediate
a1633818-d320-4da6-8551-ca57f4d865e4,5d69c7ca-d818-464a-a508-711993237a41,7af1dd13-8992-4399-aeea-e4a9163ffca4,1633681942509,13.4184827,52.494034,6.628564,-0.52431715,5.9958677,-19.249199,on bike mount,cyclo cross,True,sett,intermediate
a1633818-d320-4da6-8551-ca57f4d865e4,5d69c7ca-d818-464a-a508-711993237a41,5f27ee48-329e-49fd-85c4-6ed8669c0a7f,1633681942559,13.4184827,52.494034,6.628564,0.43878096,13.570041,-3.6711998,on bike mount,cyclo cross,True,sett,intermediate
a1633818-d320-4da6-8551-ca57f4d865e4,5d69c7ca-d818-464a-a508-711993237a41,ec3f6eaa-1053-4139-8803-b78ebcf2bcc4,1633681942626,13.4184827,52.494034,6.628564,3.228421,-7.515366,3.7942781,on bike mount,cyclo cross,True,sett,intermediate
a1633818-d320-4da6-8551-ca57f4d865e4,5d69c7ca-d818-464a-a508-711993237a41,4b32f7b8-20ee-4e94-b015-91cb06bd7b75,1633681942692,13.4184317,52.4939873,6.5875077,4.9886394,-5.2335596,-13.594674,on bike mount,cyclo cross,True,sett,intermediate
a1633818-d320-4da6-8551-ca57f4d865e4,5d69c7ca-d818-464a-a508-711993237a41,05ef36b1-5198-4127-b143-5fa0a0e924eb,1633681942759,13.4184317,52.4939873,6.5875077,0.57230633,-12.398069,-1.1752725,on bike mount,cyclo cross,True,sett,intermediate
a1633818-d320-4da6-8551-ca57f4d865e4,5d69c7ca-d818-464a-a508-711993237a41,86eed4d1-e3c0-49f4-afdb-b05622d6ac93,1633681942826,13.4184317,52.4939873,6.5875077,-0.6315299,10.75434,-21.182545,on bike mount,cyclo cross,True,sett,intermediate
a1633818-d320-4da6-8551-ca57f4d865e4,5d69c7ca-d818-464a-a508-711993237a41,01dc083d-891f-4d00-b996-9b5a20c7fab8,1633681942892,13.4184317,52.4939873,6.5875077,-5.4414043,-8.997088,-4.5671473,on bike mount,cyclo cross,True,sett,intermediate
a1633818-d320-4da6-8551-ca57f4d865e4,5d69c7ca-d818-464a-a508-711993237a41,28097fe1-18f3-44e9-847e-99ea60f4eb79,1633681942943,13.4184317,52.4939873,6.5875077,0.7318252,3.0349083,-22.05686,on bike mount,cyclo cross,True,sett,intermediate
a1633818-d320-4da6-8551-ca57f4d865e4,5d69c7ca-d818-464a-a508-711993237a41,ffdb81b4-1a79-41f2-9d08-70bac63230d4,1633681942993,13.4184317,52.4939873,6.5875077,1.3458085,-4.484255,-1.6419888,on bike mount,cyclo cross,True,sett,intermediate
a1633818-d320-4da6-8551-ca57f4d865e4,5d69c7ca-d818-464a-a508-711993237a41,7df632ac-9a6a-47e8-b3f5-e2ae2f9cb04b,1633681943043,13.4184317,52.4939873,6.5875077,0.60658264,-2.2383437,-12.460092,on bike mount,cyclo cross,True,sett,intermediate
a1633818-d320-4da6-8551-ca57f4d865e4,5d69c7ca-d818-464a-a508-711993237a41,28992a3a-5565-4bc3-8ed9-18fff0c2a713,1633681943110,13.4184317,52.4939873,6.5875077,-1.4599103,-13.027772,-5.5349107,on bike mount,cyclo cross,True,sett,intermediate
a1633818-d320-4da6-8551-ca57f4d865e4,5d69c7ca-d818-464a-a508-711993237a41,578fb873-c0db-4067-8888-dd4488cdbd79,1633681943176,13.4184317,52.4939873,6.5875077,-1.917849,-0.0063622,12.012811,on bike mount,cyclo cross,True,sett,intermediate
a1633818-d320-4da6-8551-ca57f4d865e4,5d69c7ca-d818-464a-a508-711993237a41,2c44c5b9-dc50-45f6-86d0-5d555124450b,1633681943226,13.4184317,52.4939873,6.5875077,6.463496,1.0465226,11.393419,on bike mount,cyclo cross,True,sett,intermediate
a1633818-d320-4da6-8551-ca57f4d865e4,5d69c7ca-d818-464a-a508-711993237a41,5d673217-759a-485a-a910-092349ab53cc,1633681943277,13.4184317,52.4939873,6.5875077,6.3234763,-13.38574,5.6093206,on bike mount,cyclo cross,True,sett,intermediate
a1633818-d320-4da6-8551-ca57f4d865e4,5d69c7ca-d818-464a-a508-711993237a41,8aaf996b-9704-409e-9530-5db9e6814117,1633681943327,13.4184317,52.4939873,6.5875077,4.1421814,-3.8340263,0.9549465,on bike mount,cyclo cross,True,sett,intermediate
a1633818-d320-4da6-8551-ca57f4d865e4,5d69c7ca-d818-464a-a508-711993237a41,05025620-4547-4076-8d63-a2612d2bfaa3,1633681943394,13.4184317,52.4939873,6.5875077,-0.86945736,-0.3410244,7.4652214,on bike mount,cyclo cross,True,sett,intermediate
a1633818-d320-4da6-8551-ca57f4d865e4,5d69c7ca-d818-464a-a508-711993237a41,6d7c94f0-3eee-4f69-aba9-f8631df2a144,1633681943460,13.4184317,52.4939873,6.5875077,-0.25272346,-6.34054,1.2383404,on bike mount,cyclo cross,True,sett,intermediate
a1633818-d320-4da6-8551-ca57f4d865e4,5d69c7ca-d818-464a-a508-711993237a41,f82220ee-082f-47c6-9035-4e2550880d2a,1633681943510,13.4184317,52.4939873,6.5875077,-1.848753,-4.50686,-3.9715042,on bike mount,cyclo cross,True,sett,intermediate
a1633818-d320-4da6-8551-ca57f4d865e4,5d69c7ca-d818-464a-a508-711993237a41,0d9a5147-9ee1-454a-86a4-2cd4877bb530,1633681943560,13.4184317,52.4939873,6.5875077,0.39763921,-1.3911908,-8.699465,on bike mount,cyclo cross,True,sett,intermediate
a1633818-d320-4da6-8551-ca57f4d865e4,5d69c7ca-d818-464a-a508-711993237a41,5641d485-8364-46ab-a93c-f3914c8cc932,1633681943611,13.4184317,52.4939873,6.5875077,2.6865973,-4.5127735,1.141264,on bike mount,cyclo cross,True,sett,intermediate
a1633818-d320-4da6-8551-ca57f4d865e4,5d69c7ca-d818-464a-a508-711993237a41,bf7f3f54-f8e4-4ecf-9bb3-c834beabc914,1633681943677,13.4183945,52.4939374,6.5312896,3.853212,-6.369375,0.045466423,on bike mount,cyclo cross,True,sett,intermediate
a1633818-d320-4da6-8551-ca57f4d865e4,5d69c7ca-d818-464a-a508-711993237a41,0555d70e-f707-4867-a675-09882e22dfda,1633681943727,13.4183945,52.4939374,6.5312896,-0.41557062,-1.7826004,1.2006674,on bike mount,cyclo cross,True,sett,intermediate
a1633818-d320-4da6-8551-ca57f4d865e4,5d69c7ca-d818-464a-a508-711993237a41,46332edc-9683-483f-b6a0-647de23012ae,1633681943778,13.4183945,52.4939374,6.5312896,-0.81745887,-1.8370721,-2.7393727,on bike mount,cyclo cross,True,sett,intermediate
a1633818-d320-4da6-8551-ca57f4d865e4,5d69c7ca-d818-464a-a508-711993237a41,82263e9b-4902-4036-be5a-3f48611b5253,1633681943845,13.4183945,52.4939374,6.5312896,-1.7466246,5.6504297,-0.9901266,on bike mount,cyclo cross,True,sett,intermediate
a1633818-d320-4da6-8551-ca57f4d865e4,5d69c7ca-d818-464a-a508-711993237a41,0995c4d1-76a4-47b4-b2f0-f79ba5d7eeda,1633681943894,13.4183945,52.4939374,6.5312896,-3.1065693,6.4121265,-6.1778316,on bike mount,cyclo cross,True,sett,intermediate
a1633818-d320-4da6-8551-ca57f4d865e4,5d69c7ca-d818-464a-a508-711993237a41,1d9d1272-ed26-4c38-8aa4-f402a7d517ef,1633681943945,13.4183945,52.4939374,6.5312896,1.3324409,-1.7602575,5.857645,on bike mount,cyclo cross,True,sett,intermediate
a1633818-d320-4da6-8551-ca57f4d865e4,5d69c7ca-d818-464a-a508-711993237a41,2e39645a-17d7-4f8f-92c5-5bf47c5a2b11,1633681943995,13.4183945,52.4939374,6.5312896,3.9585807,-6.929886,5.5987816,on bike mount,cyclo cross,True,sett,intermediate
a1633818-d320-4da6-8551-ca57f4d865e4,5d69c7ca-d818-464a-a508-711993237a41,ded59c2f-1cb2-4e93-811d-7069bead11ba,1633681944061,13.4183945,52.4939374,6.5312896,0.9111156,-10.8224,-5.852306,on bike mount,cyclo cross,True,sett,intermediate
a1633818-d320-4da6-8551-ca57f4d865e4,5d69c7ca-d818-464a-a508-711993237a41,113c1732-442a-4c8e-ac68-cb41be2d922b,1633681944112,13.4183945,52.4939374,6.5312896,-2.2788637,0.66325283,-6.7865734,on bike mount,cyclo cross,True,sett,intermediate
a1633818-d320-4da6-8551-ca57f4d865e4,5d69c7ca-d818-464a-a508-711993237a41,b59fc641-63cf-4a79-8e8b-3366c2b73fc7,1633681944162,13.4183945,52.4939374,6.5312896,-3.7419534,-6.228569,2.7134676,on bike mount,cyclo cross,True,sett,intermediate
a1633818-d320-4da6-8551-ca57f4d865e4,5d69c7ca-d818-464a-a508-711993237a41,54bbfc60-0a16-43ed-bf28-e8e6c8ecc01b,1633681944212,13.4183945,52.4939374,6.5312896,-6.1527624,1.5160158,-4.510416,on bike mount,cyclo cross,True,sett,intermediate
a1633818-d320-4da6-8551-ca57f4d865e4,5d69c7ca-d818-464a-a508-711993237a41,bfe1f6b0-7dae-4d55-a412-516a43fbfa55,1633681944262,13.4183945,52.4939374,6.5312896,-0.4061917,-3.4137354,-2.3004313,on bike mount,cyclo cross,True,sett,intermediate
a1633818-d320-4da6-8551-ca57f4d865e4,5d69c7ca-d818-464a-a508-711993237a41,9e17ef1d-e08f-4f52-9c72-8a8de3c03e23,1633681944329,13.4183945,52.4939374,6.5312896,0.38070238,-0.43259764,-2.3022752,on bike mount,cyclo cross,True,sett,intermediate
a1633818-d320-4da6-8551-ca57f4d865e4,5d69c7ca-d818-464a-a508-711993237a41,11ce58ba-b2f4-4841-9824-479a7a88d34e,1633681944379,13.4183945,52.4939374,6.5312896,-2.1502542,-5.6046276,-2.9558744,on bike mount,cyclo cross,True,sett,intermediate
a1633818-d320-4da6-8551-ca57f4d865e4,5d69c7ca-d818-464a-a508-711993237a41,04735b9a-b008-4eff-9763-18862c2f6e72,1633681944446,13.4183945,52.4939374,6.5312896,1.6150709,-4.6736364,1.5367317,on bike mount,cyclo cross,True,sett,intermediate
a1633818-d320-4da6-8551-ca57f4d865e4,5d69c7ca-d818-464a-a508-711993237a41,b1959c46-cd84-4d21-a537-52e66d8eacda,1633681944496,13.4183945,52.4939374,6.5312896,0.37039882,2.7085533,-7.292793,on bike mount,cyclo cross,True,sett,intermediate
a1633818-d320-4da6-8551-ca57f4d865e4,5d69c7ca-d818-464a-a508-711993237a41,d77b3237-0575-4456-b435-c94e71e5e453,1633681944546,13.4183945,52.4939374,6.5312896,1.6338496,1.018115,2.4881096,on bike mount,cyclo cross,True,sett,intermediate
a1633818-d320-4da6-8551-ca57f4d865e4,5d69c7ca-d818-464a-a508-711993237a41,28b187db-a48e-4add-b2d7-5e2242cc5041,1633681944613,13.4183945,52.4939374,6.5312896,-1.0224633,-0.63404465,-3.2986946,on bike mount,cyclo cross,True,sett,intermediate
a1633818-d320-4da6-8551-ca57f4d865e4,5d69c7ca-d818-464a-a508-711993237a41,3d1885bb-2f2f-4735-80f1-208bcca27c6a,1633681944679,13.4183622,52.4938872,6.514245,2.887838,-4.702026,0.19718838,on bike mount,cyclo cross,True,sett,intermediate
a1633818-d320-4da6-8551-ca57f4d865e4,5d69c7ca-d818-464a-a508-711993237a41,ff27cf3f-9bd7-449b-b9b4-50b7c3c75c64,1633681944746,13.4183622,52.4938872,6.514245,-0.2451244,-0.2219894,1.4209509,on bike mount,cyclo cross,True,sett,intermediate
a1633818-d320-4da6-8551-ca57f4d865e4,5d69c7ca-d818-464a-a508-711993237a41,1e79886c-7092-449f-8734-e9a2404976a6,1633681944813,13.4183622,52.4938872,6.514245,-0.27658743,1.9043531,-0.18144417,on bike mount,cyclo cross,True,sett,intermediate
a1633818-d320-4da6-8551-ca57f4d865e4,5d69c7ca-d818-464a-a508-711993237a41,52099bc5-edd0-4d3b-b910-b4c41db65884,1633681944863,13.4183622,52.4938872,6.514245,1.4500548,-2.5588505,-1.1502471,on bike mount,cyclo cross,True,sett,intermediate
a1633818-d320-4da6-8551-ca57f4d865e4,5d69c7ca-d818-464a-a508-711993237a41,8e8b166a-0658-4add-9900-0533d7a4be27,1633681944930,13.4183622,52.4938872,6.514245,0.122205675,-2.2127132,1.2877312,on bike mount,cyclo cross,True,sett,intermediate
a1633818-d320-4da6-8551-ca57f4d865e4,5d69c7ca-d818-464a-a508-711993237a41,959b02db-752f-46a4-a8d7-d88653ef9e0e,1633681944997,13.4183622,52.4938872,6.514245,-0.1153242,-0.6032872,-1.863677,on bike mount,cyclo cross,True,sett,intermediate
a1633818-d320-4da6-8551-ca57f4d865e4,5d69c7ca-d818-464a-a508-711993237a41,491d6aae-ccb7-4aa8-a194-0b485b896ff3,1633681945063,13.4183622,52.4938872,6.514245,0.4105566,-1.8148394,1.2447214,on bike mount,cyclo cross,True,sett,intermediate
a1633818-d320-4da6-8551-ca57f4d865e4,5d69c7ca-d818-464a-a508-711993237a41,59181512-0c7f-4a46-98cb-ba4bb193ce67,1633681945114,13.4183622,52.4938872,6.514245,0.6004262,-0.19999099,0.32551765,on bike mount,cyclo cross,True,sett,intermediate
a1633818-d320-4da6-8551-ca57f4d865e4,5d69c7ca-d818-464a-a508-711993237a41,77ca1cbf-f50e-4ed7-84d5-4ccddaaa4e01,1633681945164,13.4183622,52.4938872,6.514245,1.5765793,-0.5957726,-0.42854023,on bike mount,cyclo cross,True,sett,intermediate
a1633818-d320-4da6-8551-ca57f4d865e4,5d69c7ca-d818-464a-a508-711993237a41,5c8bf91d-3c84-4f7d-bbe5-66b86194a01b,1633681945230,13.4183622,52.4938872,6.514245,3.0911036,-0.7185545,4.0474415,on bike mount,cyclo cross,True,sett,intermediate
a1633818-d320-4da6-8551-ca57f4d865e4,5d69c7ca-d818-464a-a508-711993237a41,70f28580-00b9-4dc0-9728-8ff66f75690c,1633681945297,13.4183622,52.4938872,6.514245,1.171096,2.143248,1.8758192,on bike mount,cyclo cross,True,sett,intermediate
a1633818-d320-4da6-8551-ca57f4d865e4,5d69c7ca-d818-464a-a508-711993237a41,d8b089e9-d1b1-484f-894b-db27a2eec7d5,1633681945364,13.4183622,52.4938872,6.514245,1.5278015,-1.4183118,-1.1704397,on bike mount,cyclo cross,True,sett,intermediate
a1633818-d320-4da6-8551-ca57f4d865e4,5d69c7ca-d818-464a-a508-711993237a41,390b5592-e9e1-4619-90c3-d6d57d457226,1633681945431,13.4183622,52.4938872,6.514245,-1.2352293,2.3878465,-0.05463028,on bike mount,cyclo cross,True,sett,intermediate
a1633818-d320-4da6-8551-ca57f4d865e4,5d69c7ca-d818-464a-a508-711993237a41,56d027da-b043-48bc-8db7-127ae84b208d,1633681945497,13.4183622,52.4938872,6.514245,-0.5507313,-1.0842948,-1.8198509,on bike mount,cyclo cross,True,sett,intermediate
a1633818-d320-4da6-8551-ca57f4d865e4,5d69c7ca-d818-464a-a508-711993237a41,7f711728-f066-48d8-a87c-76fd0bcda56e,1633681945548,13.4183622,52.4938872,6.514245,-0.66266155,-3.1358266,1.0773191,on bike mount,cyclo cross,True,sett,intermediate
a1633818-d320-4da6-8551-ca57f4d865e4,5d69c7ca-d818-464a-a508-711993237a41,9fc9bfa6-5c11-40e8-acf0-7973619f3b3b,1633681945615,13.4183622,52.4938872,6.514245,-1.1173966,0.1527667,-0.9747715,on bike mount,cyclo cross,True,sett,intermediate
a1633818-d320-4da6-8551-ca57f4d865e4,5d69c7ca-d818-464a-a508-711993237a41,7758b342-309c-483b-b05c-c016d512d0c6,1633681945681,13.4183454,52.4938484,6.42588,-0.4054513,0.093785286,-0.26367664,on bike mount,cyclo cross,True,sett,intermediate
a1633818-d320-4da6-8551-ca57f4d865e4,5d69c7ca-d818-464a-a508-711993237a41,0b043e9b-d517-4bd6-a840-2a1879fd9eee,1633681945748,13.4183454,52.4938484,6.42588,1.6505618,-1.3414453,4.946764,on bike mount,cyclo cross,True,sett,intermediate
a1633818-d320-4da6-8551-ca57f4d865e4,5d69c7ca-d818-464a-a508-711993237a41,0e367d9e-7b7f-4bbc-912e-27be13167d42,1633681945815,13.4183454,52.4938484,6.42588,2.5112808,3.315802,0.34766197,on bike mount,cyclo cross,True,sett,intermediate
a1633818-d320-4da6-8551-ca57f4d865e4,5d69c7ca-d818-464a-a508-711993237a41,f549b698-9c57-4cae-9479-c8d0d0cfdd34,1633681945882,13.4183454,52.4938484,6.42588,2.1997375,-1.2689815,-0.3003273,on bike mount,cyclo cross,True,sett,intermediate
a1633818-d320-4da6-8551-ca57f4d865e4,5d69c7ca-d818-464a-a508-711993237a41,600da792-6ff1-4471-9f4e-30de1cf4748d,1633681945932,13.4183454,52.4938484,6.42588,-1.317775,-1.2311548,0.45536327,on bike mount,cyclo cross,True,sett,intermediate
a1633818-d320-4da6-8551-ca57f4d865e4,5d69c7ca-d818-464a-a508-711993237a41,2d5d650c-a88e-4ca1-ae76-1eb6b3bfa4b0,1633681945982,13.4183454,52.4938484,6.42588,2.7511756,4.5514116,-1.6607814,on bike mount,cyclo cross,True,sett,intermediate
a1633818-d320-4da6-8551-ca57f4d865e4,5d69c7ca-d818-464a-a508-711993237a41,94a7a129-62d6-43b1-aaad-826341346dc6,1633681946049,13.4183454,52.4938484,6.42588,0.8276875,-0.82965136,-0.64269733,on bike mount,cyclo cross,True,sett,intermediate
a1633818-d320-4da6-8551-ca57f4d865e4,5d69c7ca-d818-464a-a508-711993237a41,4904bcbc-953b-4b82-b9b9-c74d9247ad79,1633681946099,13.4183454,52.4938484,6.42588,-0.85938144,0.5019207,-1.7534971,on bike mount,cyclo cross,True,sett,intermediate
a1633818-d320-4da6-8551-ca57f4d865e4,5d69c7ca-d818-464a-a508-711993237a41,e0a1a73a-8bd1-46e2-b04f-ffdce4882ae7,1633681946165,13.4183454,52.4938484,6.42588,3.4561994,-2.8921344,1.7639742,on bike mount,cyclo cross,True,sett,intermediate
a1633818-d320-4da6-8551-ca57f4d865e4,5d69c7ca-d818-464a-a508-711993237a41,2591d003-3c33-4b0f-b4f0-386fb557234a,1633681946216,13.4183454,52.4938484,6.42588,-2.8755112,2.4772897,-1.3410745,on bike mount,cyclo cross,True,sett,intermediate
a1633818-d320-4da6-8551-ca57f4d865e4,5d69c7ca-d818-464a-a508-711993237a41,637461d5-16c6-433f-9e7a-7218aac30be5,1633681946282,13.4183454,52.4938484,6.42588,-1.1239922,-1.7789729,2.1132154,on bike mount,cyclo cross,True,sett,intermediate
a1633818-d320-4da6-8551-ca57f4d865e4,5d69c7ca-d818-464a-a508-711993237a41,1e59430c-a528-46ce-999e-9a85a47a5972,1633681946332,13.4183454,52.4938484,6.42588,-0.3994593,-0.63151574,1.7990208,on bike mount,cyclo cross,True,sett,intermediate
a1633818-d320-4da6-8551-ca57f4d865e4,5d69c7ca-d818-464a-a508-711993237a41,69208422-f8b8-4f9c-bd8e-b01967182f5c,1633681946383,13.4183454,52.4938484,6.42588,-0.7331794,-0.22699904,1.7474775,on bike mount,cyclo cross,True,sett,intermediate
a1633818-d320-4da6-8551-ca57f4d865e4,5d69c7ca-d818-464a-a508-711993237a41,f5bb8c9d-967a-475e-8df5-aa6ed57dd885,1633681946449,13.4183454,52.4938484,6.42588,-0.04939246,2.0127478,-1.534514,on bike mount,cyclo cross,True,sett,intermediate
a1633818-d320-4da6-8551-ca57f4d865e4,5d69c7ca-d818-464a-a508-711993237a41,1c15d1d6-d1ed-464f-b1e8-06e0d6b3db48,1633681946500,13.4183454,52.4938484,6.42588,-2.1827636,1.2720494,0.09390926,on bike mount,cyclo cross,True,sett,intermediate
a1633818-d320-4da6-8551-ca57f4d865e4,5d69c7ca-d818-464a-a508-711993237a41,0433c26a-23d3-4002-8333-e567824580fa,1633681946550,13.4183454,52.4938484,6.42588,1.0617108,-2.8136802,0.8702507,on bike mount,cyclo cross,True,sett,intermediate
a1633818-d320-4da6-8551-ca57f4d865e4,5d69c7ca-d818-464a-a508-711993237a41,d03c9b59-02eb-4d3e-8283-10686c8aebe5,1633681946600,13.4183454,52.4938484,6.42588,0.9226582,1.1027093,-1.1733203,on bike mount,cyclo cross,True,sett,intermediate
a1633818-d320-4da6-8551-ca57f4d865e4,5d69c7ca-d818-464a-a508-711993237a41,abd42d2c-1be3-498a-8681-8aaef13cfb33,1633681946649,13.4183689,52.4938478,5.7759657,-0.4844525,1.8603091,0.8494177,on bike mount,cyclo cross,True,sett,intermediate
a1633818-d320-4da6-8551-ca57f4d865e4,5d69c7ca-d818-464a-a508-711993237a41,95f72df4-bc30-4408-9248-848af003177d,1633681946716,13.4183689,52.4938478,5.7759657,0.8027184,0.43369913,-1.145998,on bike mount,cyclo cross,True,sett,intermediate
a1633818-d320-4da6-8551-ca57f4d865e4,5d69c7ca-d818-464a-a508-711993237a41,d1edbbf8-8a61-4639-93b9-b40ccdb3aa9b,1633681946766,13.4183689,52.4938478,5.7759657,1.6761353,2.7634287,-2.3626528,on bike mount,cyclo cross,True,sett,intermediate
a1633818-d320-4da6-8551-ca57f4d865e4,5d69c7ca-d818-464a-a508-711993237a41,647d3479-1963-4faa-a87d-392a3760e98c,1633681946817,13.4183689,52.4938478,5.7759657,-1.155934,-1.4419963,1.9164858,on bike mount,cyclo cross,True,sett,intermediate
a1633818-d320-4da6-8551-ca57f4d865e4,5d69c7ca-d818-464a-a508-711993237a41,4562aeb1-800e-444a-be63-01938dfd0342,1633681946867,13.4183689,52.4938478,5.7759657,3.2007136,-0.20432758,-0.35768986,on bike mount,cyclo cross,True,sett,intermediate
a1633818-d320-4da6-8551-ca57f4d865e4,5d69c7ca-d818-464a-a508-711993237a41,8aee67a9-fe15-431d-976a-1b6b581afdbb,1633681946934,13.4183689,52.4938478,5.7759657,1.9516239,3.8954463,-2.4568062,on bike mount,cyclo cross,True,sett,intermediate
a1633818-d320-4da6-8551-ca57f4d865e4,5d69c7ca-d818-464a-a508-711993237a41,7a2cd3ee-4ec5-4972-9e72-e2ca2b41f1f5,1633681947000,13.4183689,52.4938478,5.7759657,4.417872,-1.0756816,-1.1205692,on bike mount,cyclo cross,True,sett,intermediate
a1633818-d320-4da6-8551-ca57f4d865e4,5d69c7ca-d818-464a-a508-711993237a41,6a997005-c45c-444f-9b91-44dea8e27dee,1633681947067,13.4183689,52.4938478,5.7759657,3.6104856,0.010136366,-1.3121915,on bike mount,cyclo cross,True,sett,intermediate
a1633818-d320-4da6-8551-ca57f4d865e4,5d69c7ca-d818-464a-a508-711993237a41,f1c2490e-cfb5-440c-9a81-fdb669825d2d,1633681947134,13.4183689,52.4938478,5.7759657,-0.9267068,-1.7497743,1.2091379,on bike mount,cyclo cross,True,sett,intermediate
a1633818-d320-4da6-8551-ca57f4d865e4,5d69c7ca-d818-464a-a508-711993237a41,f33239f9-93d4-4189-bb30-345584cc8071,1633681947201,13.4183689,52.4938478,5.7759657,7.732092,-2.56878,3.9512491,on bike mount,cyclo cross,True,sett,intermediate
a1633818-d320-4da6-8551-ca57f4d865e4,5d69c7ca-d818-464a-a508-711993237a41,73751ed0-896c-4bc7-ae9a-8225b3b3c407,1633681947251,13.4183689,52.4938478,5.7759657,0.04363799,4.0971713,-0.910306,on bike mount,cyclo cross,True,sett,intermediate
a1633818-d320-4da6-8551-ca57f4d865e4,5d69c7ca-d818-464a-a508-711993237a41,06d1ea4f-8b82-4306-b1ea-6f0664a1099a,1633681947301,13.4183689,52.4938478,5.7759657,2.5127442,-0.46861053,-1.9681401,on bike mount,cyclo cross,True,sett,intermediate
a1633818-d320-4da6-8551-ca57f4d865e4,5d69c7ca-d818-464a-a508-711993237a41,a596beb0-4cf8-455a-8ec0-f0079906bf4d,1633681947368,13.4183689,52.4938478,5.7759657,0.55104685,-2.1533227,-2.8446093,on bike mount,cyclo cross,True,sett,intermediate
a1633818-d320-4da6-8551-ca57f4d865e4,5d69c7ca-d818-464a-a508-711993237a41,0d517325-1f33-4765-8d68-235d1c3b6685,1633681947434,13.4183689,52.4938478,5.7759657,2.0096865,5.4279685,5.130047,on bike mount,cyclo cross,True,sett,intermediate
a1633818-d320-4da6-8551-ca57f4d865e4,5d69c7ca-d818-464a-a508-711993237a41,931ea83a-8384-4583-ac6c-40369b5e0f72,1633681947484,13.4183689,52.4938478,5.7759657,-1.5631399,1.4931533,-2.0529013,on bike mount,cyclo cross,True,sett,intermediate
a1633818-d320-4da6-8551-ca57f4d865e4,5d69c7ca-d818-464a-a508-711993237a41,65d5302d-d97a-4a19-8149-841df62c75aa,1633681947534,13.4183689,52.4938478,5.7759657,2.8499982,-3.2333617,5.8373947,on bike mount,cyclo cross,True,sett,intermediate
a1633818-d320-4da6-8551-ca57f4d865e4,5d69c7ca-d818-464a-a508-711993237a41,5581a96d-4c96-4920-8e34-0ec6114399d9,1633681947585,13.4183689,52.4938478,5.7759657,1.8850727,0.9464276,-3.3485208,on bike mount,cyclo cross,True,sett,intermediate
a1633818-d320-4da6-8551-ca57f4d865e4,5d69c7ca-d818-464a-a508-711993237a41,a47b7d5a-4534-4479-aa13-71298356e54a,1633681947651,13.4183638,52.4938284,2.2073078,-2.7466073,-0.778059,4.479909,on bike mount,cyclo cross,True,sett,intermediate
a1633818-d320-4da6-8551-ca57f4d865e4,5d69c7ca-d818-464a-a508-711993237a41,ecc1b1ca-09b2-4344-bfa9-c32a73b9b876,1633681947718,13.4183638,52.4938284,2.2073078,-0.81906104,0.09517145,2.1129427,on bike mount,cyclo cross,True,sett,intermediate
a1633818-d320-4da6-8551-ca57f4d865e4,5d69c7ca-d818-464a-a508-711993237a41,53cf0275-0fc1-4286-b933-fef2c1c19eaa,1633681947785,13.4183638,52.4938284,2.2073078,-1.3104551,1.6346025,-0.90300846,on bike mount,cyclo cross,True,sett,intermediate
a1633818-d320-4da6-8551-ca57f4d865e4,5d69c7ca-d818-464a-a508-711993237a41,622a1618-fb50-47ae-afa2-a316dd609ef4,1633681947852,13.4183638,52.4938284,2.2073078,-1.5863609,-2.0524588,-3.410625,on bike mount,cyclo cross,True,sett,intermediate
a1633818-d320-4da6-8551-ca57f4d865e4,5d69c7ca-d818-464a-a508-711993237a41,a8a575bd-d267-40a2-9bd7-c34a877db1c0,1633681947919,13.4183638,52.4938284,2.2073078,1.0303543,-0.09864998,1.8835173,on bike mount,cyclo cross,True,sett,intermediate
a1633818-d320-4da6-8551-ca57f4d865e4,5d69c7ca-d818-464a-a508-711993237a41,a7d7752b-10a1-46d0-bd64-00438a114b93,1633681947986,13.4183638,52.4938284,2.2073078,-0.75274366,-2.1471667,-3.6723766,on bike mount,cyclo cross,True,sett,intermediate
a1633818-d320-4da6-8551-ca57f4d865e4,5d69c7ca-d818-464a-a508-711993237a41,529b0726-dd20-4295-896b-d6083119b11c,1633681948052,13.4183638,52.4938284,2.2073078,0.23470274,-0.0343647,0.8067999,on bike mount,cyclo cross,True,sett,intermediate
a1633818-d320-4da6-8551-ca57f4d865e4,5d69c7ca-d818-464a-a508-711993237a41,b2c1e07f-0c01-4f29-9fcb-16bde93f35d0,1633681948103,13.4183638,52.4938284,2.2073078,-0.85853827,-1.1695857,5.787859,on bike mount,cyclo cross,True,sett,intermediate
a1633818-d320-4da6-8551-ca57f4d865e4,5d69c7ca-d818-464a-a508-711993237a41,e84452f2-9e11-44c5-b854-ad838b2c2d71,1633681948169,13.4183638,52.4938284,2.2073078,-3.5692275,-2.7530873,4.450904,on bike mount,cyclo cross,True,sett,intermediate
a1633818-d320-4da6-8551-ca57f4d865e4,5d69c7ca-d818-464a-a508-711993237a41,7bcc1fae-112b-43de-9bd1-1d687638e599,1633681948220,13.4183638,52.4938284,2.2073078,-1.5299649,-2.7910514,1.3497257,on bike mount,cyclo cross,True,sett,intermediate
a1633818-d320-4da6-8551-ca57f4d865e4,5d69c7ca-d818-464a-a508-711993237a41,dd33d12e-97be-4ba6-ae72-c6139bd51f4a,1633681948269,13.4183638,52.4938284,2.2073078,0.6050455,-4.257539,-4.3739843,on bike mount,cyclo cross,True,sett,intermediate
a1633818-d320-4da6-8551-ca57f4d865e4,5d69c7ca-d818-464a-a508-711993237a41,433d986d-44c0-4e4e-8e05-bcc5a3790548,1633681948320,13.4183638,52.4938284,2.2073078,1.2739241,-1.3773103,-4.1626134,on bike mount,cyclo cross,True,sett,intermediate
a1633818-d320-4da6-8551-ca57f4d865e4,5d69c7ca-d818-464a-a508-711993237a41,4548c88b-3619-4210-8d32-cc9430758f7f,1633681948370,13.4183638,52.4938284,2.2073078,-1.2930436,-2.849569,1.8534698,on bike mount,cyclo cross,True,sett,intermediate
a1633818-d320-4da6-8551-ca57f4d865e4,5d69c7ca-d818-464a-a508-711993237a41,64f205ae-33f8-4e8b-ba7e-1134e0613114,1633681948436,13.4183638,52.4938284,2.2073078,-1.9463766,11.62138,-3.1447644,on bike mount,cyclo cross,True,sett,intermediate
a1633818-d320-4da6-8551-ca57f4d865e4,5d69c7ca-d818-464a-a508-711993237a41,0708e79b-9ba9-4a83-b7db-e8298748e3fd,1633681948487,13.4183638,52.4938284,2.2073078,0.78988683,-1.5860567,-1.1402726,on bike mount,cyclo cross,True,sett,intermediate
a1633818-d320-4da6-8551-ca57f4d865e4,5d69c7ca-d818-464a-a508-711993237a41,cc8efd75-1400-47ed-b7db-1f59f3a8ff51,1633681948537,13.4183638,52.4938284,2.2073078,7.030016,-10.030282,6.8534374,on bike mount,cyclo cross,True,sett,intermediate
a1633818-d320-4da6-8551-ca57f4d865e4,5d69c7ca-d818-464a-a508-711993237a41,0435f6bf-9d5e-4763-bbee-2483ebe57ca1,1633681948604,13.4183638,52.4938284,2.2073078,0.23667128,-2.8889363,2.7838068,on bike mount,cyclo cross,True,sett,intermediate
a1633818-d320-4da6-8551-ca57f4d865e4,5d69c7ca-d818-464a-a508-711993237a41,1b90c9eb-09f0-4100-8ed9-4be3729c01f0,1633681948670,13.4183648,52.4938423,1.6929415,-3.9761662,3.8686996,-5.8124876,on bike mount,cyclo cross,True,sett,intermediate
a1633818-d320-4da6-8551-ca57f4d865e4,5d69c7ca-d818-464a-a508-711993237a41,fa185249-bec6-4234-9fef-4644aae2e6aa,1633681948737,13.4183648,52.4938423,1.6929415,-4.244917,3.1028771,-5.989957,on bike mount,cyclo cross,True,sett,intermediate
a1633818-d320-4da6-8551-ca57f4d865e4,5d69c7ca-d818-464a-a508-711993237a41,2eac145c-383d-438e-baad-5ab32cd21849,1633681948804,13.4183648,52.4938423,1.6929415,0.73363876,-3.3151088,7.3888893,on bike mount,cyclo cross,True,sett,intermediate
a1633818-d320-4da6-8551-ca57f4d865e4,5d69c7ca-d818-464a-a508-711993237a41,dc1c9e43-4d17-45eb-9c0f-1041dd277bdd,1633681948871,13.4183648,52.4938423,1.6929415,-0.5355815,2.0398808,3.5169086,on bike mount,cyclo cross,True,sett,intermediate
a1633818-d320-4da6-8551-ca57f4d865e4,5d69c7ca-d818-464a-a508-711993237a41,a2ff7666-d823-431d-998d-157789c1fa0c,1633681948938,13.4183648,52.4938423,1.6929415,-1.5318685,-2.9712386,1.650939,on bike mount,cyclo cross,True,sett,intermediate
a1633818-d320-4da6-8551-ca57f4d865e4,5d69c7ca-d818-464a-a508-711993237a41,c632b08b-271f-40d8-a613-62a52aae02f5,1633681948988,13.4183648,52.4938423,1.6929415,2.651844,4.263836,-1.8770914,on bike mount,cyclo cross,True,sett,intermediate
a1633818-d320-4da6-8551-ca57f4d865e4,5d69c7ca-d818-464a-a508-711993237a41,17f41988-14d6-4174-8f98-849ff9e4de4c,1633681949054,13.4183648,52.4938423,1.6929415,-1.5044453,-4.42868,0.8386183,on bike mount,cyclo cross,True,sett,intermediate
a1633818-d320-4da6-8551-ca57f4d865e4,5d69c7ca-d818-464a-a508-711993237a41,dffc7758-29b7-47cd-9f4f-8bdf2d0fa0b5,1633681949105,13.4183648,52.4938423,1.6929415,-0.48868442,2.0227456,-4.134187,on bike mount,cyclo cross,True,sett,intermediate
a1633818-d320-4da6-8551-ca57f4d865e4,5d69c7ca-d818-464a-a508-711993237a41,f670af42-f9e6-418b-a44b-1ffe881591d4,1633681949155,13.4183648,52.4938423,1.6929415,0.7995815,-4.9920073,2.5887728,on bike mount,cyclo cross,True,sett,intermediate
a1633818-d320-4da6-8551-ca57f4d865e4,5d69c7ca-d818-464a-a508-711993237a41,3c41e78c-b1c2-4272-8a89-3e1673af04ed,1633681949205,13.4183648,52.4938423,1.6929415,-1.7818575,0.59682417,-5.1936154,on bike mount,cyclo cross,True,sett,intermediate
a1633818-d320-4da6-8551-ca57f4d865e4,5d69c7ca-d818-464a-a508-711993237a41,4adce10c-92ab-49ec-ad9e-c17af6791685,1633681949255,13.4183648,52.4938423,1.6929415,0.5791054,-7.364032,-1.6812544,on bike mount,cyclo cross,True,sett,intermediate
a1633818-d320-4da6-8551-ca57f4d865e4,5d69c7ca-d818-464a-a508-711993237a41,c8bff44c-8351-4290-93ce-ede982519ef5,1633681949305,13.4183648,52.4938423,1.6929415,-4.0572686,3.3206477,-4.442415,on bike mount,cyclo cross,True,sett,intermediate
a1633818-d320-4da6-8551-ca57f4d865e4,5d69c7ca-d818-464a-a508-711993237a41,bd38932f-d5aa-4b3a-abce-f6da191f8d0b,1633681949371,13.4183648,52.4938423,1.6929415,-0.19412339,2.108007,-6.0799947,on bike mount,cyclo cross,True,sett,intermediate
a1633818-d320-4da6-8551-ca57f4d865e4,5d69c7ca-d818-464a-a508-711993237a41,b58994ba-1428-4ffd-b1b3-683f733c0cd8,1633681949422,13.4183648,52.4938423,1.6929415,2.5613532,4.913376,-7.618919,on bike mount,cyclo cross,True,sett,intermediate
a1633818-d320-4da6-8551-ca57f4d865e4,5d69c7ca-d818-464a-a508-711993237a41,b72198a5-df62-403b-8bf6-782526f0abed,1633681949488,13.4183648,52.4938423,1.6929415,0.917832,5.691924,-3.6801872,on bike mount,cyclo cross,True,sett,intermediate
a1633818-d320-4da6-8551-ca57f4d865e4,5d69c7ca-d818-464a-a508-711993237a41,c50621e8-6fab-4f89-961a-29dc65d32462,1633681949539,13.4183648,52.4938423,1.6929415,-1.2625,9.017636,-6.345944,on bike mount,cyclo cross,True,sett,intermediate
a1633818-d320-4da6-8551-ca57f4d865e4,5d69c7ca-d818-464a-a508-711993237a41,cd8bc2fb-a3c4-4e63-baeb-c9724b9a0b43,1633681949606,13.4183648,52.4938423,1.6929415,-0.70714056,-4.9996557,-13.278981,on bike mount,cyclo cross,True,sett,intermediate
a1633818-d320-4da6-8551-ca57f4d865e4,5d69c7ca-d818-464a-a508-711993237a41,a8dd1e61-8634-41f7-b020-dd8839df6452,1633681949672,13.4183557,52.4938407,1.6050723,4.019794,2.9778762,-8.474267,on bike mount,cyclo cross,True,sett,intermediate
a1633818-d320-4da6-8551-ca57f4d865e4,5d69c7ca-d818-464a-a508-711993237a41,93f46027-b88c-44dd-af53-1fa79b2a81aa,1633681949739,13.4183557,52.4938407,1.6050723,-0.3271482,3.7574983,10.356121,on bike mount,cyclo cross,True,sett,intermediate
a1633818-d320-4da6-8551-ca57f4d865e4,5d69c7ca-d818-464a-a508-711993237a41,04fed957-e4a6-4f0d-ae95-5b67c7d44a7b,1633681949806,13.4183557,52.4938407,1.6050723,8.414784,-15.878315,33.123894,on bike mount,cyclo cross,True,sett,intermediate
a1633818-d320-4da6-8551-ca57f4d865e4,5d69c7ca-d818-464a-a508-711993237a41,bcb3cc9b-8e4a-4f17-b0c2-9583ca14f4d8,1633681949856,13.4183557,52.4938407,1.6050723,-2.79256,0.805562,1.1767511,on bike mount,cyclo cross,True,sett,intermediate
a1633818-d320-4da6-8551-ca57f4d865e4,5d69c7ca-d818-464a-a508-711993237a41,ec6a2b8f-2353-476c-976a-987973398dbd,1633681949923,13.4183557,52.4938407,1.6050723,-0.0020138025,7.6519156,-2.9303284,on bike mount,cyclo cross,True,sett,intermediate
a1633818-d320-4da6-8551-ca57f4d865e4,5d69c7ca-d818-464a-a508-711993237a41,8a0351b5-9106-4ce3-a6a2-78a28f2e9a95,1633681949989,13.4183557,52.4938407,1.6050723,-0.4323119,-10.729471,-9.808758,on bike mount,cyclo cross,True,sett,intermediate
a1633818-d320-4da6-8551-ca57f4d865e4,5d69c7ca-d818-464a-a508-711993237a41,d6add4ed-c1f5-40b0-a0eb-43688ccbf287,1633681950056,13.4183557,52.4938407,1.6050723,-2.2659922,0.49225998,18.27973,on bike mount,cyclo cross,True,sett,intermediate
a1633818-d320-4da6-8551-ca57f4d865e4,5d69c7ca-d818-464a-a508-711993237a41,7bb2574a-a583-4a70-8df3-4a8070fa0b2f,1633681950123,13.4183557,52.4938407,1.6050723,-2.2042892,7.375408,-3.4631486,on bike mount,cyclo cross,True,sett,intermediate
a1633818-d320-4da6-8551-ca57f4d865e4,5d69c7ca-d818-464a-a508-711993237a41,1d8bc4c9-4ef0-42ab-9d7c-746e1ed2680b,1633681950190,13.4183557,52.4938407,1.6050723,5.758518,-10.267605,3.0281048,on bike mount,cyclo cross,True,sett,intermediate
a1633818-d320-4da6-8551-ca57f4d865e4,5d69c7ca-d818-464a-a508-711993237a41,82eee2f9-da56-487e-84b5-8a0106b3c6b7,1633681950257,13.4183557,52.4938407,1.6050723,0.85397065,-1.0586803,17.484276,on bike mount,cyclo cross,True,sett,intermediate
a1633818-d320-4da6-8551-ca57f4d865e4,5d69c7ca-d818-464a-a508-711993237a41,30d9c3e3-1ac5-4354-91a8-abfe9c9230ba,1633681950307,13.4183557,52.4938407,1.6050723,-2.3343916,-6.262677,2.325739,on bike mount,cyclo cross,True,sett,intermediate
a1633818-d320-4da6-8551-ca57f4d865e4,5d69c7ca-d818-464a-a508-711993237a41,a81543c4-a97e-47fb-80cd-f90142084034,1633681950374,13.4183557,52.4938407,1.6050723,-5.5488863,7.0519753,-8.029406,on bike mount,cyclo cross,True,sett,intermediate
a1633818-d320-4da6-8551-ca57f4d865e4,5d69c7ca-d818-464a-a508-711993237a41,9521320a-3296-4980-a216-62e773e0461c,1633681950424,13.4183557,52.4938407,1.6050723,-3.1881351,7.080598,1.6135206,on bike mount,cyclo cross,True,sett,intermediate
a1633818-d320-4da6-8551-ca57f4d865e4,5d69c7ca-d818-464a-a508-711993237a41,54126d54-3e95-4b10-a62f-5f0e0bb586fe,1633681950474,13.4183557,52.4938407,1.6050723,-0.6218243,0.8317065,-4.471956,on bike mount,cyclo cross,True,sett,intermediate
a1633818-d320-4da6-8551-ca57f4d865e4,5d69c7ca-d818-464a-a508-711993237a41,f95f641d-ec55-4642-ac5a-34abd9d4f361,1633681950541,13.4183557,52.4938407,1.6050723,-0.45514095,-11.55714,4.294838,on bike mount,cyclo cross,True,sett,intermediate
a1633818-d320-4da6-8551-ca57f4d865e4,5d69c7ca-d818-464a-a508-711993237a41,36768d50-74a0-49b7-a2e4-b3918ec0b9d4,1633681950607,13.4183557,52.4938407,1.6050723,-0.9426254,-0.26016212,7.5211277,on bike mount,cyclo cross,True,sett,intermediate
a1633818-d320-4da6-8551-ca57f4d865e4,5d69c7ca-d818-464a-a508-711993237a41,97774884-6609-465b-9047-f1a3afc42895,1633681950674,13.4183429,52.4938152,2.3073673,0.30462992,5.031291,-14.408238,on bike mount,cyclo cross,True,sett,intermediate
a1633818-d320-4da6-8551-ca57f4d865e4,5d69c7ca-d818-464a-a508-711993237a41,043718dd-42f5-48ec-881f-62586dc9d131,1633681950723,13.4183429,52.4938152,2.3073673,-1.4009051,-7.9006877,-4.153633,on bike mount,cyclo cross,True,sett,intermediate
a1633818-d320-4da6-8551-ca57f4d865e4,5d69c7ca-d818-464a-a508-711993237a41,9f9ebdd7-ec9f-4bbd-9ea4-47d3ff8bace4,1633681950774,13.4183429,52.4938152,2.3073673,-2.4770932,-12.291015,5.400056,on bike mount,cyclo cross,True,sett,intermediate
a1633818-d320-4da6-8551-ca57f4d865e4,5d69c7ca-d818-464a-a508-711993237a41,5a8ee4ca-979c-4ecf-b8df-7dd27ff4d6d2,1633681950840,13.4183429,52.4938152,2.3073673,0.6725911,10.707724,-0.26926327,on bike mount,cyclo cross,True,sett,intermediate
a1633818-d320-4da6-8551-ca57f4d865e4,5d69c7ca-d818-464a-a508-711993237a41,85c00a48-011f-486c-a7ec-c89092ceca87,1633681950890,13.4183429,52.4938152,2.3073673,2.1156793,0.6803932,-6.0507555,on bike mount,cyclo cross,True,sett,intermediate
a1633818-d320-4da6-8551-ca57f4d865e4,5d69c7ca-d818-464a-a508-711993237a41,754e9121-02d3-4e57-932a-d86ea86a5439,1633681950958,13.4183429,52.4938152,2.3073673,1.7572262,-2.0200286,12.324592,on bike mount,cyclo cross,True,sett,intermediate
a1633818-d320-4da6-8551-ca57f4d865e4,5d69c7ca-d818-464a-a508-711993237a41,7981090c-e11c-4c29-9c10-5d8fdbeb3022,1633681951024,13.4183429,52.4938152,2.3073673,-1.7767981,15.257687,-2.4243298,on bike mount,cyclo cross,True,sett,intermediate
a1633818-d320-4da6-8551-ca57f4d865e4,5d69c7ca-d818-464a-a508-711993237a41,6be44450-8d80-46a0-af74-cc2cf7b13e9c,1633681951075,13.4183429,52.4938152,2.3073673,-0.27129072,5.1854744,-2.387076,on bike mount,cyclo cross,True,sett,intermediate
a1633818-d320-4da6-8551-ca57f4d865e4,5d69c7ca-d818-464a-a508-711993237a41,e262634a-a0cc-47d5-82cd-bce514c3e49d,1633681951125,13.4183429,52.4938152,2.3073673,-2.3657439,3.5018988,-1.1169658,on bike mount,cyclo cross,True,sett,intermediate
a1633818-d320-4da6-8551-ca57f4d865e4,5d69c7ca-d818-464a-a508-711993237a41,593abfc1-c5e1-4203-9218-65654f9616ed,1633681951192,13.4183429,52.4938152,2.3073673,3.4263544,-0.19251657,-5.5675626,on bike mount,cyclo cross,True,sett,intermediate
a1633818-d320-4da6-8551-ca57f4d865e4,5d69c7ca-d818-464a-a508-711993237a41,ed46159f-3be9-4967-9bc6-76e4c89ba3d6,1633681951241,13.4183429,52.4938152,2.3073673,7.319046,-1.7264396,8.55884,on bike mount,cyclo cross,True,sett,intermediate
a1633818-d320-4da6-8551-ca57f4d865e4,5d69c7ca-d818-464a-a508-711993237a41,f8935947-05cb-4674-8e4f-5317b8c38583,1633681951292,13.4183429,52.4938152,2.3073673,-4.974904,28.877321,-1.9093981,on bike mount,cyclo cross,True,sett,intermediate
a1633818-d320-4da6-8551-ca57f4d865e4,5d69c7ca-d818-464a-a508-711993237a41,4b36ac90-4c0c-4f81-9a1d-15286bdd6b43,1633681951342,13.4183429,52.4938152,2.3073673,5.79759,6.85036,2.9226928,on bike mount,cyclo cross,True,sett,intermediate
a1633818-d320-4da6-8551-ca57f4d865e4,5d69c7ca-d818-464a-a508-711993237a41,beca11c7-5bbe-4bb5-aefe-80cf75ff6969,1633681951408,13.4183429,52.4938152,2.3073673,-2.7149763,-2.7045944,9.039274,on bike mount,cyclo cross,True,sett,intermediate
a1633818-d320-4da6-8551-ca57f4d865e4,5d69c7ca-d818-464a-a508-711993237a41,11507d29-531c-4379-a930-ffa100544480,1633681951458,13.4183429,52.4938152,2.3073673,-2.537277,18.947071,0.5858269,on bike mount,cyclo cross,True,sett,intermediate
a1633818-d320-4da6-8551-ca57f4d865e4,5d69c7ca-d818-464a-a508-711993237a41,2c5c6ffc-9ffd-4352-84fb-a2e925259ec7,1633681951509,13.4183429,52.4938152,2.3073673,1.4895188,-5.139865,11.0861,on bike mount,cyclo cross,True,sett,intermediate
a1633818-d320-4da6-8551-ca57f4d865e4,5d69c7ca-d818-464a-a508-711993237a41,b1889b52-2b0b-46ca-a10a-4b49f40cc5a4,1633681951576,13.4183429,52.4938152,2.3073673,0.24566388,17.852596,-15.051501,on bike mount,cyclo cross,True,sett,intermediate
a1633818-d320-4da6-8551-ca57f4d865e4,5d69c7ca-d818-464a-a508-711993237a41,15fb0621-cf4b-47be-8aa3-b1683846964b,1633681951626,13.4183304,52.4937958,2.3930738,-3.7876275,-5.249917,0.42493248,on bike mount,cyclo cross,True,sett,intermediate
a1633818-d320-4da6-8551-ca57f4d865e4,5d69c7ca-d818-464a-a508-711993237a41,b10d5dc1-5dba-47b4-891f-f74577160d00,1633681951692,13.4183304,52.4937958,2.3930738,-4.0036516,-1.4430621,-5.4151974,on bike mount,cyclo cross,True,sett,intermediate
a1633818-d320-4da6-8551-ca57f4d865e4,5d69c7ca-d818-464a-a508-711993237a41,909ef548-c14e-4c7c-bd93-f9e181d17f34,1633681951743,13.4183304,52.4937958,2.3930738,3.1723542,20.134417,4.7116003,on bike mount,cyclo cross,True,sett,intermediate
a1633818-d320-4da6-8551-ca57f4d865e4,5d69c7ca-d818-464a-a508-711993237a41,21661885-0261-4b06-bfdd-f78b3311cdaf,1633681951793,13.4183304,52.4937958,2.3930738,1.2851322,-7.1121182,5.204589,on bike mount,cyclo cross,True,sett,intermediate
a1633818-d320-4da6-8551-ca57f4d865e4,5d69c7ca-d818-464a-a508-711993237a41,d632b66f-ff76-45fd-ac6a-e0b08f0925ec,1633681951859,13.4183304,52.4937958,2.3930738,1.7659341,-4.578085,-3.9349854,on bike mount,cyclo cross,True,sett,intermediate
a1633818-d320-4da6-8551-ca57f4d865e4,5d69c7ca-d818-464a-a508-711993237a41,d4acb760-1c18-48db-b2f6-53bc6d41eba2,1633681951909,13.4183304,52.4937958,2.3930738,-3.7797563,-3.7327254,-5.6336007,on bike mount,cyclo cross,True,sett,intermediate
a1633818-d320-4da6-8551-ca57f4d865e4,5d69c7ca-d818-464a-a508-711993237a41,82c2f36e-8124-444d-a96b-559bdd64e355,1633681951960,13.4183304,52.4937958,2.3930738,1.1570139,7.548426,4.0281734,on bike mount,cyclo cross,True,sett,intermediate
a1633818-d320-4da6-8551-ca57f4d865e4,5d69c7ca-d818-464a-a508-711993237a41,de3ca96f-5885-4132-acf3-bb353db790c2,1633681952026,13.4183304,52.4937958,2.3930738,0.45805177,-5.9636936,-3.9029484,on bike mount,cyclo cross,True,sett,intermediate
a1633818-d320-4da6-8551-ca57f4d865e4,5d69c7ca-d818-464a-a508-711993237a41,99504079-aa12-471a-b689-6e41f2147b94,1633681952076,13.4183304,52.4937958,2.3930738,-1.9485061,-4.7974954,9.989849,on bike mount,cyclo cross,True,sett,intermediate
a1633818-d320-4da6-8551-ca57f4d865e4,5d69c7ca-d818-464a-a508-711993237a41,97e560dc-f547-4444-b5e9-5f93bdbf48be,1633681952127,13.4183304,52.4937958,2.3930738,-1.0234973,5.014589,-16.234411,on bike mount,cyclo cross,True,sett,intermediate
a1633818-d320-4da6-8551-ca57f4d865e4,5d69c7ca-d818-464a-a508-711993237a41,46830a95-b6a6-455d-9581-7023dce35baa,1633681952177,13.4183304,52.4937958,2.3930738,0.4446391,8.435299,-23.57707,on bike mount,cyclo cross,True,sett,intermediate
a1633818-d320-4da6-8551-ca57f4d865e4,5d69c7ca-d818-464a-a508-711993237a41,7a722879-4906-4d49-a8ef-4e1d4ca88584,1633681952243,13.4183304,52.4937958,2.3930738,-5.8704863,14.5991745,-28.380867,on bike mount,cyclo cross,True,sett,intermediate
a1633818-d320-4da6-8551-ca57f4d865e4,5d69c7ca-d818-464a-a508-711993237a41,6c29d628-81e6-4b1e-8da5-05afe748eb66,1633681952294,13.4183304,52.4937958,2.3930738,-2.106497,4.6059275,-16.699774,on bike mount,cyclo cross,True,sett,intermediate
a1633818-d320-4da6-8551-ca57f4d865e4,5d69c7ca-d818-464a-a508-711993237a41,10606ec2-766b-4bea-ade8-66d4050425e5,1633681952344,13.4183304,52.4937958,2.3930738,-0.94829774,-4.8436875,-8.427105,on bike mount,cyclo cross,True,sett,intermediate
a1633818-d320-4da6-8551-ca57f4d865e4,5d69c7ca-d818-464a-a508-711993237a41,46725015-84de-450a-8918-6830398a92db,1633681952410,13.4183304,52.4937958,2.3930738,-2.6822438,-7.3679647,6.1666584,on bike mount,cyclo cross,True,sett,intermediate
a1633818-d320-4da6-8551-ca57f4d865e4,5d69c7ca-d818-464a-a508-711993237a41,8e0ff790-e430-4916-8e46-18b548cdf5ed,1633681952460,13.4183304,52.4937958,2.3930738,3.5283053,4.0203238,-9.353255,on bike mount,cyclo cross,True,sett,intermediate
a1633818-d320-4da6-8551-ca57f4d865e4,5d69c7ca-d818-464a-a508-711993237a41,34515999-faf7-43aa-bebc-f99fb0d4a279,1633681952511,13.4183304,52.4937958,2.3930738,-6.047028,4.659737,-5.9814568,on bike mount,cyclo cross,True,sett,intermediate
a1633818-d320-4da6-8551-ca57f4d865e4,5d69c7ca-d818-464a-a508-711993237a41,9ec789cd-7211-4d9e-8ee7-0a1246d18a8b,1633681952561,13.4183304,52.4937958,2.3930738,2.3524837,-3.900521,1.223114,on bike mount,cyclo cross,True,sett,intermediate
a1633818-d320-4da6-8551-ca57f4d865e4,5d69c7ca-d818-464a-a508-711993237a41,a7d020a8-6171-46be-a71d-efb3f26a48cd,1633681952611,13.4183304,52.4937958,2.3930738,1.5503097,-0.889688,0.016524315,on bike mount,cyclo cross,True,sett,intermediate
a1633818-d320-4da6-8551-ca57f4d865e4,5d69c7ca-d818-464a-a508-711993237a41,1ae671e2-7535-4408-b2b4-d06ab173c3bc,1633681952678,13.4183064,52.493781,2.6568596,-0.25881198,-1.6969833,0.2254715,on bike mount,cyclo cross,True,sett,intermediate
a1633818-d320-4da6-8551-ca57f4d865e4,5d69c7ca-d818-464a-a508-711993237a41,5090cb62-3793-440a-bac0-f32e357e6ef7,1633681952728,13.4183064,52.493781,2.6568596,0.8913462,-8.279566,0.6816263,on bike mount,cyclo cross,True,sett,intermediate
a1633818-d320-4da6-8551-ca57f4d865e4,5d69c7ca-d818-464a-a508-711993237a41,79bb5402-ce41-46d3-8890-1265ad915693,1633681952794,13.4183064,52.493781,2.6568596,0.697346,9.01702,-13.346183,on bike mount,cyclo cross,True,sett,intermediate
a1633818-d320-4da6-8551-ca57f4d865e4,5d69c7ca-d818-464a-a508-711993237a41,3919f4dd-9735-41e9-97fa-46feea971cc4,1633681952844,13.4183064,52.493781,2.6568596,1.6217113,-6.830792,11.323983,on bike mount,cyclo cross,True,sett,intermediate
a1633818-d320-4da6-8551-ca57f4d865e4,5d69c7ca-d818-464a-a508-711993237a41,fbbcfe2e-8c41-47fa-b3dd-c4f9bfdfa0ad,1633681952895,13.4183064,52.493781,2.6568596,1.6134019,-17.568085,23.67297,on bike mount,cyclo cross,True,sett,intermediate
a1633818-d320-4da6-8551-ca57f4d865e4,5d69c7ca-d818-464a-a508-711993237a41,de26be0e-d353-42b8-aa75-07abaf4f3fc3,1633681952961,13.4183064,52.493781,2.6568596,4.829054,12.463615,-1.52706,on bike mount,cyclo cross,True,sett,intermediate
a1633818-d320-4da6-8551-ca57f4d865e4,5d69c7ca-d818-464a-a508-711993237a41,bc8aa991-b97c-434a-aefc-45757e124e97,1633681953011,13.4183064,52.493781,2.6568596,1.6052549,3.7779555,10.551472,on bike mount,cyclo cross,True,sett,intermediate
a1633818-d320-4da6-8551-ca57f4d865e4,5d69c7ca-d818-464a-a508-711993237a41,b717c755-ab7c-47fb-a4c3-1fdeaf419f8d,1633681953062,13.4183064,52.493781,2.6568596,-1.2664162,-7.3923697,2.3084612,on bike mount,cyclo cross,True,sett,intermediate
a1633818-d320-4da6-8551-ca57f4d865e4,5d69c7ca-d818-464a-a508-711993237a41,ffcb2525-f9b7-4821-9daa-06806b01e67a,1633681953128,13.4183064,52.493781,2.6568596,-2.1837578,-1.019342,-14.161397,on bike mount,cyclo cross,True,sett,intermediate
a1633818-d320-4da6-8551-ca57f4d865e4,5d69c7ca-d818-464a-a508-711993237a41,23f9e401-1b71-4c8b-acad-e58427bb36f7,1633681953179,13.4183064,52.493781,2.6568596,1.1562806,-30.653353,-3.4077067,on bike mount,cyclo cross,True,sett,intermediate
a1633818-d320-4da6-8551-ca57f4d865e4,5d69c7ca-d818-464a-a508-711993237a41,dc445945-fe71-4938-b8ae-e0c18745afba,1633681953229,13.4183064,52.493781,2.6568596,6.1936097,-10.840702,-2.4255366,on bike mount,cyclo cross,True,sett,intermediate
a1633818-d320-4da6-8551-ca57f4d865e4,5d69c7ca-d818-464a-a508-711993237a41,5c178bfd-e93a-451a-9270-4c36523a4b41,1633681953295,13.4183064,52.493781,2.6568596,3.2129238,-10.648377,39.82892,on bike mount,cyclo cross,True,sett,intermediate
a1633818-d320-4da6-8551-ca57f4d865e4,5d69c7ca-d818-464a-a508-711993237a41,18da5a8a-86f4-485b-bc5b-d75b2f603e61,1633681953346,13.4183064,52.493781,2.6568596,-4.508716,13.709284,-22.337193,on bike mount,cyclo cross,True,sett,intermediate
a1633818-d320-4da6-8551-ca57f4d865e4,5d69c7ca-d818-464a-a508-711993237a41,1b59513c-83c0-4b71-923b-8f27f1083c6b,1633681953395,13.4183064,52.493781,2.6568596,1.0276952,1.678731,-4.2895107,on bike mount,cyclo cross,True,sett,intermediate
a1633818-d320-4da6-8551-ca57f4d865e4,5d69c7ca-d818-464a-a508-711993237a41,2fbb2150-f583-45e0-b12d-0d7b1f5be302,1633681953446,13.4183064,52.493781,2.6568596,-1.4301262,5.5677857,-8.551342,on bike mount,cyclo cross,True,sett,intermediate
a1633818-d320-4da6-8551-ca57f4d865e4,5d69c7ca-d818-464a-a508-711993237a41,9c28b3e4-f49b-40bc-9008-6fb2f4b323a9,1633681953513,13.4183064,52.493781,2.6568596,0.5725627,2.2843037,0.99682903,on bike mount,cyclo cross,True,sett,intermediate
a1633818-d320-4da6-8551-ca57f4d865e4,5d69c7ca-d818-464a-a508-711993237a41,a7f21af8-51d3-4653-a46e-f11e32602ef6,1633681953579,13.4183064,52.493781,2.6568596,1.8341739,3.4226785,-14.93046,on bike mount,cyclo cross,True,sett,intermediate
a1633818-d320-4da6-8551-ca57f4d865e4,5d69c7ca-d818-464a-a508-711993237a41,29623379-9e79-4fe4-a448-e6e99a84af69,1633681953630,13.4183064,52.493781,2.6568596,2.0340083,1.6207724,-1.4815297,on bike mount,cyclo cross,True,sett,intermediate
a1633818-d320-4da6-8551-ca57f4d865e4,5d69c7ca-d818-464a-a508-711993237a41,934a9329-9c27-42dc-aef4-d88fd457b6b6,1633681953680,13.4183019,52.4937492,4.651062,2.473874,-31.577068,-1.023489,on bike mount,cyclo cross,True,sett,intermediate
a1633818-d320-4da6-8551-ca57f4d865e4,5d69c7ca-d818-464a-a508-711993237a41,6095afec-42af-409f-93aa-cc0fcd38f9de,1633681953729,13.4183019,52.4937492,4.651062,3.3503926,12.316559,-17.127178,on bike mount,cyclo cross,True,sett,intermediate
a1633818-d320-4da6-8551-ca57f4d865e4,5d69c7ca-d818-464a-a508-711993237a41,9f652da9-ab51-4214-9cff-4fa457fae5d1,1633681953779,13.4183019,52.4937492,4.651062,3.8310924,21.813938,-20.308285,on bike mount,cyclo cross,True,sett,intermediate
a1633818-d320-4da6-8551-ca57f4d865e4,5d69c7ca-d818-464a-a508-711993237a41,234ac26f-f0e2-4212-8b75-e37b7bece501,1633681953830,13.4183019,52.4937492,4.651062,4.088381,10.048903,-8.138474,on bike mount,cyclo cross,True,sett,intermediate
a1633818-d320-4da6-8551-ca57f4d865e4,5d69c7ca-d818-464a-a508-711993237a41,6730e518-377d-4bd7-b797-c59ada44d303,1633681953897,13.4183019,52.4937492,4.651062,-0.20124006,16.133234,-9.637436,on bike mount,cyclo cross,True,sett,intermediate
a1633818-d320-4da6-8551-ca57f4d865e4,5d69c7ca-d818-464a-a508-711993237a41,88553594-3c1c-4091-a83a-5ff1dcc7e5bf,1633681953963,13.4183019,52.4937492,4.651062,1.9705347,-23.45691,17.209127,on bike mount,cyclo cross,True,sett,intermediate
a1633818-d320-4da6-8551-ca57f4d865e4,5d69c7ca-d818-464a-a508-711993237a41,82ad36e6-0197-4945-b29b-895469ca284e,1633681954014,13.4183019,52.4937492,4.651062,-8.835447,6.01017,12.899628,on bike mount,cyclo cross,True,sett,intermediate
a1633818-d320-4da6-8551-ca57f4d865e4,5d69c7ca-d818-464a-a508-711993237a41,a02650b5-6fc2-4ee9-96bb-f3cdb8299120,1633681954064,13.4183019,52.4937492,4.651062,-5.866394,8.777295,-14.497363,on bike mount,cyclo cross,True,sett,intermediate
a1633818-d320-4da6-8551-ca57f4d865e4,5d69c7ca-d818-464a-a508-711993237a41,31803e6a-a697-4ba3-9e50-3c95a7d3366e,1633681954114,13.4183019,52.4937492,4.651062,2.9542968,-13.751501,-6.086962,on bike mount,cyclo cross,True,sett,intermediate
a1633818-d320-4da6-8551-ca57f4d865e4,5d69c7ca-d818-464a-a508-711993237a41,b524d067-3b4a-49d6-8bc0-597a05a70de5,1633681954181,13.4183019,52.4937492,4.651062,-1.280865,1.8884802,10.55156,on bike mount,cyclo cross,True,sett,intermediate
a1633818-d320-4da6-8551-ca57f4d865e4,5d69c7ca-d818-464a-a508-711993237a41,d498087a-3183-4f30-abc9-73ba2d913372,1633681954231,13.4183019,52.4937492,4.651062,-1.3201305,-6.636693,-10.629833,on bike mount,cyclo cross,True,sett,intermediate
a1633818-d320-4da6-8551-ca57f4d865e4,5d69c7ca-d818-464a-a508-711993237a41,a4f2f40c-8ca1-4882-b645-edab6fbd3f48,1633681954281,13.4183019,52.4937492,4.651062,-2.6829112,17.040348,-13.559251,on bike mount,cyclo cross,True,sett,intermediate
a1633818-d320-4da6-8551-ca57f4d865e4,5d69c7ca-d818-464a-a508-711993237a41,57d182f7-13ca-4815-bf4f-e1858e728308,1633681954348,13.4183019,52.4937492,4.651062,1.0554916,3.0382543,-9.163452,on bike mount,cyclo cross,True,sett,intermediate
a1633818-d320-4da6-8551-ca57f4d865e4,5d69c7ca-d818-464a-a508-711993237a41,d1620bdb-c9d8-466f-b700-1b53430128cd,1633681954414,13.4183019,52.4937492,4.651062,3.4456015,-21.912298,-0.9237447,on bike mount,cyclo cross,True,sett,intermediate
a1633818-d320-4da6-8551-ca57f4d865e4,5d69c7ca-d818-464a-a508-711993237a41,dc6f36d7-26be-492b-9be2-3dce87d3c087,1633681954465,13.4183019,52.4937492,4.651062,6.679487,4.0944343,-13.315745,on bike mount,cyclo cross,True,sett,intermediate
a1633818-d320-4da6-8551-ca57f4d865e4,5d69c7ca-d818-464a-a508-711993237a41,862b9886-f53a-4c8a-987d-d2d64696fda3,1633681954515,13.4183019,52.4937492,4.651062,-0.4676473,19.046547,-14.290707,on bike mount,cyclo cross,True,sett,intermediate
a1633818-d320-4da6-8551-ca57f4d865e4,5d69c7ca-d818-464a-a508-711993237a41,046b9e5d-ab2a-4524-aea6-02725dd37511,1633681954565,13.4183019,52.4937492,4.651062,0.34026986,-4.137453,0.12989521,on bike mount,cyclo cross,True,sett,intermediate
a1633818-d320-4da6-8551-ca57f4d865e4,5d69c7ca-d818-464a-a508-711993237a41,66f46c6f-b562-42e8-b5c9-865fc85eebf3,1633681954631,13.4183019,52.4937492,4.651062,-3.2613566,7.647546,4.8257847,on bike mount,cyclo cross,True,sett,intermediate
a1633818-d320-4da6-8551-ca57f4d865e4,5d69c7ca-d818-464a-a508-711993237a41,dd25e42c-b656-40de-a2c3-1525db8dec38,1633681954681,13.418243,52.493679,5.3013,-0.2589143,-12.252496,29.507526,on bike mount,cyclo cross,True,sett,intermediate
a1633818-d320-4da6-8551-ca57f4d865e4,5d69c7ca-d818-464a-a508-711993237a41,d15cfced-e317-450c-991f-56cbfde950d0,1633681954731,13.418243,52.493679,5.3013,-2.4360023,-30.792902,2.5917559,on bike mount,cyclo cross,True,sett,intermediate
a1633818-d320-4da6-8551-ca57f4d865e4,5d69c7ca-d818-464a-a508-711993237a41,9019ec9a-d145-4e15-9da7-eecfc89a1bfc,1633681954782,13.418243,52.493679,5.3013,-4.7734423,5.044352,-11.196683,on bike mount,cyclo cross,True,sett,intermediate
a1633818-d320-4da6-8551-ca57f4d865e4,5d69c7ca-d818-464a-a508-711993237a41,4169172b-6ef7-4214-a22e-356f8472da11,1633681954848,13.418243,52.493679,5.3013,3.3997905,-0.7141502,9.017586,on bike mount,cyclo cross,True,sett,intermediate
a1633818-d320-4da6-8551-ca57f4d865e4,5d69c7ca-d818-464a-a508-711993237a41,ec7fb32a-097e-4837-b536-8ec663f3e93c,1633681954899,13.418243,52.493679,5.3013,1.3910973,-5.746894,-9.952476,on bike mount,cyclo cross,True,sett,intermediate
a1633818-d320-4da6-8551-ca57f4d865e4,5d69c7ca-d818-464a-a508-711993237a41,f7211e01-2678-4cad-ba3e-8e612feb4604,1633681954949,13.418243,52.493679,5.3013,3.57873,3.226015,-3.2460132,on bike mount,cyclo cross,True,sett,intermediate
a1633818-d320-4da6-8551-ca57f4d865e4,5d69c7ca-d818-464a-a508-711993237a41,b97647ff-cd47-448f-8087-cd7307fc93d0,1633681955015,13.418243,52.493679,5.3013,1.5409281,-8.175692,-5.6910257,on bike mount,cyclo cross,True,sett,intermediate
a1633818-d320-4da6-8551-ca57f4d865e4,5d69c7ca-d818-464a-a508-711993237a41,d8991e30-ea21-49f9-8be7-b3e45fef645d,1633681955066,13.418243,52.493679,5.3013,-2.374898,12.511804,-15.60841,on bike mount,cyclo cross,True,sett,intermediate
a1633818-d320-4da6-8551-ca57f4d865e4,5d69c7ca-d818-464a-a508-711993237a41,53a699d9-a6b1-4146-a849-32cef3631b2b,1633681955115,13.418243,52.493679,5.3013,-2.9372268,-1.3131511,15.378116,on bike mount,cyclo cross,True,sett,intermediate
a1633818-d320-4da6-8551-ca57f4d865e4,5d69c7ca-d818-464a-a508-711993237a41,60db84d2-c867-45a2-b41d-6b11e395213a,1633681955166,13.418243,52.493679,5.3013,5.0638013,-6.7558203,24.355589,on bike mount,cyclo cross,True,sett,intermediate
a1633818-d320-4da6-8551-ca57f4d865e4,5d69c7ca-d818-464a-a508-711993237a41,aa2300b9-6928-4f5a-8f59-e74cbb0f28a0,1633681955216,13.418243,52.493679,5.3013,-8.008688,8.445896,-18.936636,on bike mount,cyclo cross,True,sett,intermediate
a1633818-d320-4da6-8551-ca57f4d865e4,5d69c7ca-d818-464a-a508-711993237a41,97e7793d-a615-44f9-b594-318ed0d164c5,1633681955342,13.418243,52.493679,5.3013,5.792951,-24.525942,13.968319,on bike mount,cyclo cross,True,sett,intermediate
a1633818-d320-4da6-8551-ca57f4d865e4,5d69c7ca-d818-464a-a508-711993237a41,24c69be8-1bd4-44c1-9d11-87a10d5812e3,1633681955399,13.418243,52.493679,5.3013,-6.7352962,8.639782,-20.898035,on bike mount,cyclo cross,True,sett,intermediate
a1633818-d320-4da6-8551-ca57f4d865e4,5d69c7ca-d818-464a-a508-711993237a41,3462553e-450f-4c1c-a961-297b3fe94c3a,1633681955450,13.418243,52.493679,5.3013,1.3131616,-7.473471,-0.9851551,on bike mount,cyclo cross,True,sett,intermediate
a1633818-d320-4da6-8551-ca57f4d865e4,5d69c7ca-d818-464a-a508-711993237a41,612723bf-6030-4829-a22f-b050eb08d12b,1633681955500,13.418243,52.493679,5.3013,-5.408743,4.821183,-7.22196,on bike mount,cyclo cross,True,sett,intermediate
a1633818-d320-4da6-8551-ca57f4d865e4,5d69c7ca-d818-464a-a508-711993237a41,097d7b9b-6224-4362-853b-5b891ab4f4d6,1633681955566,13.418243,52.493679,5.3013,0.2455987,1.6841092,-14.258495,on bike mount,cyclo cross,True,sett,intermediate
a1633818-d320-4da6-8551-ca57f4d865e4,5d69c7ca-d818-464a-a508-711993237a41,15cbc060-9d6a-45bd-92f4-20dc14164c62,1633681955617,13.418243,52.493679,5.3013,2.3501348,-9.531978,10.97062,on bike mount,cyclo cross,True,sett,intermediate
a1633818-d320-4da6-8551-ca57f4d865e4,5d69c7ca-d818-464a-a508-711993237a41,51d578ee-c286-4ee1-a207-4a999ffde466,1633681955683,13.4182095,52.493634,5.676292,-2.9521284,-5.0803432,1.477149,on bike mount,cyclo cross,True,sett,intermediate
a1633818-d320-4da6-8551-ca57f4d865e4,5d69c7ca-d818-464a-a508-711993237a41,874f4402-1a1a-44ea-8e59-5b3542eb1467,1633681955749,13.4182095,52.493634,5.676292,2.4654453,4.6984463,-11.6461525,on bike mount,cyclo cross,True,sett,intermediate
a1633818-d320-4da6-8551-ca57f4d865e4,5d69c7ca-d818-464a-a508-711993237a41,d367ae85-5294-43f7-93f7-c6021379f1da,1633681955816,13.4182095,52.493634,5.676292,-2.0804439,9.020733,-6.219116,on bike mount,cyclo cross,True,sett,intermediate
a1633818-d320-4da6-8551-ca57f4d865e4,5d69c7ca-d818-464a-a508-711993237a41,be72d365-8e43-47a2-90e4-2390c3f0e6e3,1633681955883,13.4182095,52.493634,5.676292,-2.8098168,3.064715,-9.515568,on bike mount,cyclo cross,True,sett,intermediate
a1633818-d320-4da6-8551-ca57f4d865e4,5d69c7ca-d818-464a-a508-711993237a41,4dc08ff8-6036-4cdd-8384-09b57e9e6063,1633681955934,13.4182095,52.493634,5.676292,0.82938653,-9.066299,5.03323,on bike mount,cyclo cross,True,sett,intermediate
a1633818-d320-4da6-8551-ca57f4d865e4,5d69c7ca-d818-464a-a508-711993237a41,92d66d4f-d98a-46d8-a793-29c218d7ee84,1633681956001,13.4182095,52.493634,5.676292,-0.14797917,1.6445398,-6.1858106,on bike mount,cyclo cross,True,sett,intermediate
a1633818-d320-4da6-8551-ca57f4d865e4,5d69c7ca-d818-464a-a508-711993237a41,ad3edabd-9251-496b-b7b0-e1c6be5679cf,1633681956051,13.4182095,52.493634,5.676292,4.359719,6.189748,-15.034012,on bike mount,cyclo cross,True,sett,intermediate
a1633818-d320-4da6-8551-ca57f4d865e4,5d69c7ca-d818-464a-a508-711993237a41,e91273b2-9b51-4cfe-a20d-9b05d25eb364,1633681956101,13.4182095,52.493634,5.676292,-4.6842537,4.3967266,-8.146357,on bike mount,cyclo cross,True,sett,intermediate
a1633818-d320-4da6-8551-ca57f4d865e4,5d69c7ca-d818-464a-a508-711993237a41,8ed637f0-1a8a-427c-aba8-e2dc3033a52b,1633681956168,13.4182095,52.493634,5.676292,-6.602355,10.692997,-8.252905,on bike mount,cyclo cross,True,sett,intermediate
a1633818-d320-4da6-8551-ca57f4d865e4,5d69c7ca-d818-464a-a508-711993237a41,28d12429-618d-40dd-8653-dbfcacaa8791,1633681956218,13.4182095,52.493634,5.676292,0.8341221,-9.376249,6.5597897,on bike mount,cyclo cross,True,sett,intermediate
a1633818-d320-4da6-8551-ca57f4d865e4,5d69c7ca-d818-464a-a508-711993237a41,32560e40-c33d-4f27-b98c-78a1ec6cf76f,1633681956284,13.4182095,52.493634,5.676292,-4.275049,-17.412992,11.162691,on bike mount,cyclo cross,True,sett,intermediate
a1633818-d320-4da6-8551-ca57f4d865e4,5d69c7ca-d818-464a-a508-711993237a41,012624da-565f-4afa-9dca-e929109221ff,1633681956334,13.4182095,52.493634,5.676292,6.4409776,9.398429,-6.544132,on bike mount,cyclo cross,True,sett,intermediate
a1633818-d320-4da6-8551-ca57f4d865e4,5d69c7ca-d818-464a-a508-711993237a41,d1ace385-6560-4db5-ab4d-2a337b3e3eb0,1633681956385,13.4182095,52.493634,5.676292,0.50740784,-1.4600999,-1.9879084,on bike mount,cyclo cross,True,sett,intermediate
a1633818-d320-4da6-8551-ca57f4d865e4,5d69c7ca-d818-464a-a508-711993237a41,ea775b6a-0dad-416f-9edf-b796760fa016,1633681956435,13.4182095,52.493634,5.676292,-2.6231139,-2.4765124,-9.1159935,on bike mount,cyclo cross,True,sett,intermediate
a1633818-d320-4da6-8551-ca57f4d865e4,5d69c7ca-d818-464a-a508-711993237a41,3564294b-d201-4595-bf87-b6b9fd2fdc5e,1633681956502,13.4182095,52.493634,5.676292,-3.871606,15.524357,4.701462,on bike mount,cyclo cross,True,sett,intermediate
a1633818-d320-4da6-8551-ca57f4d865e4,5d69c7ca-d818-464a-a508-711993237a41,00966df4-3a20-4936-85e7-0bc4af66c943,1633681956552,13.4182095,52.493634,5.676292,-1.0814531,-20.643824,2.655096,on bike mount,cyclo cross,True,sett,intermediate
a1633818-d320-4da6-8551-ca57f4d865e4,5d69c7ca-d818-464a-a508-711993237a41,753f8b8d-ab36-446c-afbc-ea78101f9d06,1633681956619,13.4182095,52.493634,5.676292,-5.746974,-6.806185,8.564894,on bike mount,cyclo cross,True,sett,intermediate
a1633818-d320-4da6-8551-ca57f4d865e4,5d69c7ca-d818-464a-a508-711993237a41,b3182ce5-1067-4649-a419-75ed2da23f28,1633681956684,13.4181768,52.4935892,3.7061474,1.8273025,-9.42152,-11.378044,on bike mount,cyclo cross,True,sett,intermediate
a1633818-d320-4da6-8551-ca57f4d865e4,5d69c7ca-d818-464a-a508-711993237a41,75ca2b7e-28f2-4f31-b210-3ed90fae1d0f,1633681956735,13.4181768,52.4935892,3.7061474,1.2021695,-3.976998,-18.062138,on bike mount,cyclo cross,True,sett,intermediate
a1633818-d320-4da6-8551-ca57f4d865e4,5d69c7ca-d818-464a-a508-711993237a41,37347f96-dcae-4c3d-9ea3-7a9a0421462b,1633681956802,13.4181768,52.4935892,3.7061474,-2.6016424,6.828574,1.2345066,on bike mount,cyclo cross,True,sett,intermediate
a1633818-d320-4da6-8551-ca57f4d865e4,5d69c7ca-d818-464a-a508-711993237a41,2542b66a-9343-46e4-a82c-ad2fb7476994,1633681956869,13.4181768,52.4935892,3.7061474,0.59786165,-2.1566858,-4.9423156,on bike mount,cyclo cross,True,sett,intermediate
a1633818-d320-4da6-8551-ca57f4d865e4,5d69c7ca-d818-464a-a508-711993237a41,575329a1-fa18-4c75-aa11-32c7091107d1,1633681956936,13.4181768,52.4935892,3.7061474,-2.375062,-0.81905866,-1.0874739,on bike mount,cyclo cross,True,sett,intermediate
a1633818-d320-4da6-8551-ca57f4d865e4,5d69c7ca-d818-464a-a508-711993237a41,c8b9444d-5e1d-4408-bf29-cabef244fdab,1633681957003,13.4181768,52.4935892,3.7061474,-4.322337,-6.8459425,-5.7891746,on bike mount,cyclo cross,True,sett,intermediate
a1633818-d320-4da6-8551-ca57f4d865e4,5d69c7ca-d818-464a-a508-711993237a41,51b13ca7-5e2b-428c-9e20-dfd067d52110,1633681957070,13.4181768,52.4935892,3.7061474,2.6308675,-6.4329495,22.935663,on bike mount,cyclo cross,True,sett,intermediate
a1633818-d320-4da6-8551-ca57f4d865e4,5d69c7ca-d818-464a-a508-711993237a41,48c03704-9d2b-47e9-b469-75347133e112,1633681957121,13.4181768,52.4935892,3.7061474,-1.8928736,-5.4551916,5.24477,on bike mount,cyclo cross,True,sett,intermediate
a1633818-d320-4da6-8551-ca57f4d865e4,5d69c7ca-d818-464a-a508-711993237a41,a2305793-3ceb-497c-a76a-c296310d41b2,1633681957187,13.4181768,52.4935892,3.7061474,5.739407,-9.557546,-6.716224,on bike mount,cyclo cross,True,sett,intermediate
a1633818-d320-4da6-8551-ca57f4d865e4,5d69c7ca-d818-464a-a508-711993237a41,d595514a-7ef5-4c9d-9605-16c230503cf3,1633681957254,13.4181768,52.4935892,3.7061474,3.9892833,-14.0940075,20.107979,on bike mount,cyclo cross,True,sett,intermediate
a1633818-d320-4da6-8551-ca57f4d865e4,5d69c7ca-d818-464a-a508-711993237a41,c9c1a097-115f-4797-be0a-96695f97868f,1633681957320,13.4181589,52.4935745,4.2010612,-3.687842,16.91565,-4.1353164,on bike mount,cyclo cross,True,sett,intermediate
a1633818-d320-4da6-8551-ca57f4d865e4,5d69c7ca-d818-464a-a508-711993237a41,6a9e2342-5677-46da-8941-ec7f99a6ec13,1633681957387,13.4181589,52.4935745,4.2010612,0.8225473,4.596933,14.76577,on bike mount,cyclo cross,True,sett,intermediate
a1633818-d320-4da6-8551-ca57f4d865e4,5d69c7ca-d818-464a-a508-711993237a41,2dac1db5-15e2-4ea8-b597-fde27e7d424c,1633681957437,13.4181589,52.4935745,4.2010612,-6.9308095,-3.819703,-2.2267623,on bike mount,cyclo cross,True,sett,intermediate
a1633818-d320-4da6-8551-ca57f4d865e4,5d69c7ca-d818-464a-a508-711993237a41,5e564f78-0c2c-4e07-a240-1b3e50d1f52b,1633681957504,13.4181589,52.4935745,4.2010612,0.039183736,-24.734621,10.591363,on bike mount,cyclo cross,True,sett,intermediate
a1633818-d320-4da6-8551-ca57f4d865e4,5d69c7ca-d818-464a-a508-711993237a41,7f31ce90-6ef1-48f2-b5c1-a200bfe72b77,1633681957570,13.4181589,52.4935745,4.2010612,0.56756294,-7.3095684,-14.335574,on bike mount,cyclo cross,True,sett,intermediate
a1633818-d320-4da6-8551-ca57f4d865e4,5d69c7ca-d818-464a-a508-711993237a41,853492f2-ea1c-4b10-abce-08a0b2dac17a,1633681957637,13.4181589,52.4935745,4.2010612,-4.8230624,-14.655264,-6.56011,on bike mount,cyclo cross,True,sett,intermediate
a1633818-d320-4da6-8551-ca57f4d865e4,5d69c7ca-d818-464a-a508-711993237a41,c963bce4-3c1f-47af-8ecd-cc34bb2267c8,1633681957686,13.4181589,52.4935745,4.2010612,-0.79682314,3.2299538,-3.7187996,on bike mount,cyclo cross,True,sett,intermediate
a1633818-d320-4da6-8551-ca57f4d865e4,5d69c7ca-d818-464a-a508-711993237a41,c44cf331-184c-4075-a602-92335c7287c8,1633681957753,13.4181589,52.4935745,4.2010612,-1.335346,-8.222048,0.44230938,on bike mount,cyclo cross,True,sett,intermediate
a1633818-d320-4da6-8551-ca57f4d865e4,5d69c7ca-d818-464a-a508-711993237a41,601eb44e-c726-4a16-a8f3-f9284dce624e,1633681957804,13.4181589,52.4935745,4.2010612,2.5790553,30.915173,-14.031035,on bike mount,cyclo cross,True,sett,intermediate
a1633818-d320-4da6-8551-ca57f4d865e4,5d69c7ca-d818-464a-a508-711993237a41,b25be53d-3cd0-4388-bee4-46582e2ef8fb,1633681957871,13.4181589,52.4935745,4.2010612,2.060075,-2.745899,12.118041,on bike mount,cyclo cross,True,sett,intermediate
a1633818-d320-4da6-8551-ca57f4d865e4,5d69c7ca-d818-464a-a508-711993237a41,e93cad6d-dc03-4b6f-8a99-1b452b000f95,1633681957938,13.4181589,52.4935745,4.2010612,-8.173236,19.152525,-2.5207539,on bike mount,cyclo cross,True,sett,intermediate
a1633818-d320-4da6-8551-ca57f4d865e4,5d69c7ca-d818-464a-a508-711993237a41,812e7524-ae99-49ac-9a81-95a5aaac6023,1633681958004,13.4181589,52.4935745,4.2010612,2.784843,-5.091975,-6.771972,on bike mount,cyclo cross,True,sett,intermediate
a1633818-d320-4da6-8551-ca57f4d865e4,5d69c7ca-d818-464a-a508-711993237a41,bb6d637b-ac71-4008-8ad4-afc83946ab6d,1633681958055,13.4181589,52.4935745,4.2010612,1.3225214,-3.946463,11.055298,on bike mount,cyclo cross,True,sett,intermediate
a1633818-d320-4da6-8551-ca57f4d865e4,5d69c7ca-d818-464a-a508-711993237a41,75bdf2cb-efbb-483f-a95b-66cbd42acdb7,1633681958121,13.4181589,52.4935745,4.2010612,10.760265,18.070724,2.2884245,on bike mount,cyclo cross,True,sett,intermediate
a1633818-d320-4da6-8551-ca57f4d865e4,5d69c7ca-d818-464a-a508-711993237a41,a3046478-9aff-4bc9-b50d-50ba50373e0c,1633681958171,13.4181589,52.4935745,4.2010612,-0.068967104,4.817272,-3.2584968,on bike mount,cyclo cross,True,sett,intermediate
a1633818-d320-4da6-8551-ca57f4d865e4,5d69c7ca-d818-464a-a508-711993237a41,0f45fadd-27b5-47bf-9422-f7a29a5ace08,1633681958222,13.4181589,52.4935745,4.2010612,1.9501815,3.4996066,-3.3787673,on bike mount,cyclo cross,True,sett,intermediate
a1633818-d320-4da6-8551-ca57f4d865e4,5d69c7ca-d818-464a-a508-711993237a41,2088c728-adbf-4e1b-9768-b047858b5ea0,1633681958289,13.4181589,52.4935745,4.2010612,1.6585174,19.164055,19.994556,on bike mount,cyclo cross,True,sett,intermediate
a1633818-d320-4da6-8551-ca57f4d865e4,5d69c7ca-d818-464a-a508-711993237a41,8f072f01-bd46-424a-b7a8-1571654c67c8,1633681958354,13.4181589,52.4935745,4.2010612,-1.8624415,-13.704269,19.80175,on bike mount,cyclo cross,True,sett,intermediate
a1633818-d320-4da6-8551-ca57f4d865e4,5d69c7ca-d818-464a-a508-711993237a41,cdb4cb9b-80a8-4d30-8f70-50d6e8cc730c,1633681958405,13.4181589,52.4935745,4.2010612,3.373868,-2.4027693,9.44866,on bike mount,cyclo cross,True,sett,intermediate
a1633818-d320-4da6-8551-ca57f4d865e4,5d69c7ca-d818-464a-a508-711993237a41,0596cc8a-0b4f-4106-868c-07102380f58b,1633681958472,13.4181589,52.4935745,4.2010612,4.8284755,2.7276354,-1.4265676,on bike mount,cyclo cross,True,sett,intermediate
a1633818-d320-4da6-8551-ca57f4d865e4,5d69c7ca-d818-464a-a508-711993237a41,44fec2f6-2f82-44e6-9f4a-233a5c36d1a9,1633681958539,13.4181589,52.4935745,4.2010612,4.0746317,-6.063136,10.792124,on bike mount,cyclo cross,True,sett,intermediate
a1633818-d320-4da6-8551-ca57f4d865e4,5d69c7ca-d818-464a-a508-711993237a41,97c940c4-df39-40c1-b6c2-92e6bce82ad9,1633681958605,13.4181589,52.4935745,4.2010612,3.2017071,-8.279257,5.462887,on bike mount,cyclo cross,True,sett,intermediate
a1633818-d320-4da6-8551-ca57f4d865e4,5d69c7ca-d818-464a-a508-711993237a41,6d2bf350-7e09-4fb2-8196-b38a6be91436,1633681958656,13.4181222,52.4934917,5.646668,2.548331,-3.7386556,0.737525,on bike mount,cyclo cross,True,sett,intermediate
a1633818-d320-4da6-8551-ca57f4d865e4,5d69c7ca-d818-464a-a508-711993237a41,1fe546c6-00b6-4ff2-a921-68bbf2e38d6d,1633681958706,13.4181222,52.4934917,5.646668,-1.9675509,0.92467976,0.9968834,on bike mount,cyclo cross,True,sett,intermediate
a1633818-d320-4da6-8551-ca57f4d865e4,5d69c7ca-d818-464a-a508-711993237a41,39360afc-c750-41a6-a839-830e8fbc40db,1633681958756,13.4181222,52.4934917,5.646668,9.1122055,-10.447479,8.189585,on bike mount,cyclo cross,True,sett,intermediate
a1633818-d320-4da6-8551-ca57f4d865e4,5d69c7ca-d818-464a-a508-711993237a41,a908c9b8-2b33-4853-a31c-895bdf86cc2c,1633681958823,13.4181222,52.4934917,5.646668,10.33182,-11.675205,-16.858381,on bike mount,cyclo cross,True,sett,intermediate
a1633818-d320-4da6-8551-ca57f4d865e4,5d69c7ca-d818-464a-a508-711993237a41,d4b57d81-3610-41f8-889b-bc5a56964180,1633681958890,13.4181222,52.4934917,5.646668,0.75904983,-21.573227,14.945394,on bike mount,cyclo cross,True,sett,intermediate
a1633818-d320-4da6-8551-ca57f4d865e4,5d69c7ca-d818-464a-a508-711993237a41,32e4fa6d-2cd6-40f5-8129-90a4d58a32cf,1633681958940,13.4181222,52.4934917,5.646668,-7.6182895,1.1414194,7.6556234,on bike mount,cyclo cross,True,sett,intermediate
a1633818-d320-4da6-8551-ca57f4d865e4,5d69c7ca-d818-464a-a508-711993237a41,a9cb0fd9-15b9-4083-b021-22010530f8d9,1633681959006,13.4181222,52.4934917,5.646668,1.8548863,-7.098401,-6.959058,on bike mount,cyclo cross,True,sett,intermediate
a1633818-d320-4da6-8551-ca57f4d865e4,5d69c7ca-d818-464a-a508-711993237a41,e2d37b57-69e7-42af-b3c0-a3a27726386f,1633681959057,13.4181222,52.4934917,5.646668,0.38050264,14.181875,-11.663187,on bike mount,cyclo cross,True,sett,intermediate
a1633818-d320-4da6-8551-ca57f4d865e4,5d69c7ca-d818-464a-a508-711993237a41,e63365e8-6d4c-4682-8d1b-43b3bfdb8500,1633681959107,13.4181222,52.4934917,5.646668,3.091792,-4.538643,-8.7438545,on bike mount,cyclo cross,True,sett,intermediate
a1633818-d320-4da6-8551-ca57f4d865e4,5d69c7ca-d818-464a-a508-711993237a41,28ac9398-9000-4bab-8156-d7d67eec9bb7,1633681959157,13.4181222,52.4934917,5.646668,0.8915224,23.125803,-5.2171106,on bike mount,cyclo cross,True,sett,intermediate
a1633818-d320-4da6-8551-ca57f4d865e4,5d69c7ca-d818-464a-a508-711993237a41,53793b3d-d145-4f67-ad8f-cfc12e0367eb,1633681959223,13.4181222,52.4934917,5.646668,0.058611527,-2.530116,1.2980556,on bike mount,cyclo cross,True,sett,intermediate
a1633818-d320-4da6-8551-ca57f4d865e4,5d69c7ca-d818-464a-a508-711993237a41,4dcb2ec8-ab03-414e-a02c-2aec1d0fadc1,1633681959274,13.4181222,52.4934917,5.646668,0.52066994,4.491799,-0.058404922,on bike mount,cyclo cross,True,sett,intermediate
a1633818-d320-4da6-8551-ca57f4d865e4,5d69c7ca-d818-464a-a508-711993237a41,722eaaf6-ecdb-4b6c-a74f-7337bb50c0dc,1633681959340,13.4181222,52.4934917,5.646668,-0.7374648,-9.545003,8.885059,on bike mount,cyclo cross,True,sett,intermediate
a1633818-d320-4da6-8551-ca57f4d865e4,5d69c7ca-d818-464a-a508-711993237a41,444aca49-4541-4e0b-9210-360ba98e8021,1633681959390,13.4181222,52.4934917,5.646668,-1.1957252,6.2093315,-12.83599,on bike mount,cyclo cross,True,sett,intermediate
a1633818-d320-4da6-8551-ca57f4d865e4,ba9df173-977b-4228-8b16-c540a1f8439e,dadbf265-2519-4b2f-9304-9461375babba,1633681955250,13.418243,52.493679,5.3013,-1.5399101,8.569727,-4.6085777,on bike mount,cyclo cross,True,sett,intermediate
a1633818-d320-4da6-8551-ca57f4d865e4,ba9df173-977b-4228-8b16-c540a1f8439e,ec3eb60d-5e58-4bf6-a417-ba9fd600da31,1633681955343,13.418243,52.493679,5.3013,5.792951,-24.525942,13.968319,on bike mount,cyclo cross,True,sett,intermediate
a1633818-d320-4da6-8551-ca57f4d865e4,ba9df173-977b-4228-8b16-c540a1f8439e,1acfa53d-a040-448e-934a-8c142d1198a9,1633681955400,13.418243,52.493679,5.3013,-6.7352962,8.639782,-20.898035,on bike mount,cyclo cross,True,sett,intermediate
a1633818-d320-4da6-8551-ca57f4d865e4,ba9df173-977b-4228-8b16-c540a1f8439e,313fe7e4-7aa0-476b-b214-78dac65ce98f,1633681955466,13.418243,52.493679,5.3013,-2.7763858,-2.9484985,-0.31495285,on bike mount,cyclo cross,True,sett,intermediate
a1633818-d320-4da6-8551-ca57f4d865e4,ba9df173-977b-4228-8b16-c540a1f8439e,e345af6b-6c71-4983-9dca-c2d8319a3f6a,1633681955516,13.418243,52.493679,5.3013,6.6866655,-9.622618,4.294174,on bike mount,cyclo cross,True,sett,intermediate
a1633818-d320-4da6-8551-ca57f4d865e4,ba9df173-977b-4228-8b16-c540a1f8439e,bb746ada-9e3c-480f-ab94-0f6d61351af0,1633681955567,13.418243,52.493679,5.3013,0.2455987,1.6841092,-14.258495,on bike mount,cyclo cross,True,sett,intermediate
a1633818-d320-4da6-8551-ca57f4d865e4,ba9df173-977b-4228-8b16-c540a1f8439e,23d1a53b-edc7-4e69-b338-f517774c326c,1633681955633,13.418243,52.493679,5.3013,-6.2345476,8.009366,-15.080613,on bike mount,cyclo cross,True,sett,intermediate
a1633818-d320-4da6-8551-ca57f4d865e4,ba9df173-977b-4228-8b16-c540a1f8439e,97a8e289-7314-489e-9d0f-236fbbf1733e,1633681955699,13.4182095,52.493634,5.676292,3.6602104,-4.548593,-7.7208104,on bike mount,cyclo cross,True,sett,intermediate
a1633818-d320-4da6-8551-ca57f4d865e4,ba9df173-977b-4228-8b16-c540a1f8439e,72cf8416-29e3-4e4f-ac95-40f1a6aef009,1633681955766,13.4182095,52.493634,5.676292,-2.00037,-3.2834797,6.3338413,on bike mount,cyclo cross,True,sett,intermediate
a1633818-d320-4da6-8551-ca57f4d865e4,ba9df173-977b-4228-8b16-c540a1f8439e,845d878b-b184-4049-a66c-835ac6993151,1633681955833,13.4182095,52.493634,5.676292,0.19482708,-7.7872043,3.360322,on bike mount,cyclo cross,True,sett,intermediate
a1633818-d320-4da6-8551-ca57f4d865e4,ba9df173-977b-4228-8b16-c540a1f8439e,2bcd1b77-b824-4916-a686-e3b6b0e5e6e5,1633681955884,13.4182095,52.493634,5.676292,-2.8098168,3.064715,-9.515568,on bike mount,cyclo cross,True,sett,intermediate
a1633818-d320-4da6-8551-ca57f4d865e4,ba9df173-977b-4228-8b16-c540a1f8439e,1dc022aa-05b4-453e-817f-112824a99ac5,1633681955951,13.4182095,52.493634,5.676292,-0.008672684,-4.431197,-15.5748625,on bike mount,cyclo cross,True,sett,intermediate
a1633818-d320-4da6-8551-ca57f4d865e4,ba9df173-977b-4228-8b16-c540a1f8439e,40a9f585-9e84-4b86-b9b3-f1c6f88002da,1633681956001,13.4182095,52.493634,5.676292,0.20692265,-1.1967463,-3.5511265,on bike mount,cyclo cross,True,sett,intermediate
a1633818-d320-4da6-8551-ca57f4d865e4,ba9df173-977b-4228-8b16-c540a1f8439e,7f42122d-a2b5-4f67-9610-3719fb9f3d01,1633681956068,13.4182095,52.493634,5.676292,-4.0535536,-4.011749,-9.112238,on bike mount,cyclo cross,True,sett,intermediate
a1633818-d320-4da6-8551-ca57f4d865e4,ba9df173-977b-4228-8b16-c540a1f8439e,63f5f32b-4cab-4d3d-b1a4-03f40e5f8589,1633681956118,13.4182095,52.493634,5.676292,7.636405,-25.976448,-5.9442573,on bike mount,cyclo cross,True,sett,intermediate
a1633818-d320-4da6-8551-ca57f4d865e4,ba9df173-977b-4228-8b16-c540a1f8439e,86d59cd0-f7b5-406f-8ee0-5c20d890dde7,1633681956168,13.4182095,52.493634,5.676292,-8.346436,5.600293,-8.362266,on bike mount,cyclo cross,True,sett,intermediate
a1633818-d320-4da6-8551-ca57f4d865e4,ba9df173-977b-4228-8b16-c540a1f8439e,7c96928e-7942-4d24-b6fe-c346724e2854,1633681956234,13.4182095,52.493634,5.676292,-1.3095644,10.574015,3.081297,on bike mount,cyclo cross,True,sett,intermediate
a1633818-d320-4da6-8551-ca57f4d865e4,ba9df173-977b-4228-8b16-c540a1f8439e,3b4769f0-5996-43c9-8867-9f4f67bf90ae,1633681956285,13.4182095,52.493634,5.676292,-4.275049,-17.412992,11.162691,on bike mount,cyclo cross,True,sett,intermediate
a1633818-d320-4da6-8551-ca57f4d865e4,ba9df173-977b-4228-8b16-c540a1f8439e,2d0e7523-60be-41f7-9459-8de8ab6e3c67,1633681956351,13.4182095,52.493634,5.676292,-1.5637391,-25.207884,12.091373,on bike mount,cyclo cross,True,sett,intermediate
a1633818-d320-4da6-8551-ca57f4d865e4,ba9df173-977b-4228-8b16-c540a1f8439e,4901cc79-ebcd-42bb-b030-6774504ed7cc,1633681956401,13.4182095,52.493634,5.676292,-1.4279935,-1.6616096,-5.9205656,on bike mount,cyclo cross,True,sett,intermediate
a1633818-d320-4da6-8551-ca57f4d865e4,ba9df173-977b-4228-8b16-c540a1f8439e,25b36201-8058-4f1e-be5f-384aab200d7a,1633681956452,13.4182095,52.493634,5.676292,1.5615947,-10.862238,8.23473,on bike mount,cyclo cross,True,sett,intermediate
a1633818-d320-4da6-8551-ca57f4d865e4,ba9df173-977b-4228-8b16-c540a1f8439e,6b57fe75-d67b-4ffa-bcf2-979ee177c129,1633681956502,13.4182095,52.493634,5.676292,-3.871606,15.524357,4.701462,on bike mount,cyclo cross,True,sett,intermediate
a1633818-d320-4da6-8551-ca57f4d865e4,ba9df173-977b-4228-8b16-c540a1f8439e,b358672c-cdab-4721-b592-0c8944d19695,1633681956569,13.4182095,52.493634,5.676292,-1.3511403,4.1887646,22.738117,on bike mount,cyclo cross,True,sett,intermediate
a1633818-d320-4da6-8551-ca57f4d865e4,ba9df173-977b-4228-8b16-c540a1f8439e,3205d124-c111-4dd7-9ad3-a55b42689a95,1633681956619,13.4182095,52.493634,5.676292,-5.746974,-6.806185,8.564894,on bike mount,cyclo cross,True,sett,intermediate
a1633818-d320-4da6-8551-ca57f4d865e4,ba9df173-977b-4228-8b16-c540a1f8439e,204221ea-22cf-47bd-ab15-100af23f0e1b,1633681956685,13.4181768,52.4935892,3.7061474,1.8273025,-9.42152,-11.378044,on bike mount,cyclo cross,True,sett,intermediate
a1633818-d320-4da6-8551-ca57f4d865e4,ba9df173-977b-4228-8b16-c540a1f8439e,301f120c-ae34-4738-b130-87876b4dd919,1633681956752,13.4181768,52.4935892,3.7061474,0.85734105,-1.8308861,10.349194,on bike mount,cyclo cross,True,sett,intermediate
a1633818-d320-4da6-8551-ca57f4d865e4,ba9df173-977b-4228-8b16-c540a1f8439e,8c585b81-3599-4029-8b2b-1c16212ed83f,1633681956819,13.4181768,52.4935892,3.7061474,1.4223545,3.6757755,-6.6664114,on bike mount,cyclo cross,True,sett,intermediate
a1633818-d320-4da6-8551-ca57f4d865e4,ba9df173-977b-4228-8b16-c540a1f8439e,af3a44e0-af0c-4437-8c12-aaeeaf69bd2c,1633681956886,13.4181768,52.4935892,3.7061474,-1.5616312,5.4287887,10.537601,on bike mount,cyclo cross,True,sett,intermediate
a1633818-d320-4da6-8551-ca57f4d865e4,ba9df173-977b-4228-8b16-c540a1f8439e,1cc6eee5-520f-4d0e-8bbc-cbfc6ac04f1a,1633681956936,13.4181768,52.4935892,3.7061474,-2.375062,-0.81905866,-1.0874739,on bike mount,cyclo cross,True,sett,intermediate
a1633818-d320-4da6-8551-ca57f4d865e4,ba9df173-977b-4228-8b16-c540a1f8439e,8829f305-8d9f-4d09-99ef-9bc6eee69a49,1633681957003,13.4181768,52.4935892,3.7061474,-4.2715464,-3.7997801,-4.504266,on bike mount,cyclo cross,True,sett,intermediate
a1633818-d320-4da6-8551-ca57f4d865e4,ba9df173-977b-4228-8b16-c540a1f8439e,e4a4d85a-75b3-457a-9262-325227dcb6f4,1633681957053,13.4181768,52.4935892,3.7061474,3.8998716,-8.003333,2.8658962,on bike mount,cyclo cross,True,sett,intermediate
a1633818-d320-4da6-8551-ca57f4d865e4,ba9df173-977b-4228-8b16-c540a1f8439e,b05cf92c-d26a-4288-a713-188ebfe906f6,1633681957119,13.4181768,52.4935892,3.7061474,-1.8928736,-5.4551916,5.24477,on bike mount,cyclo cross,True,sett,intermediate
a1633818-d320-4da6-8551-ca57f4d865e4,ba9df173-977b-4228-8b16-c540a1f8439e,9ede8fb8-6e3d-4ef8-80e7-6709efd26077,1633681957186,13.4181768,52.4935892,3.7061474,5.739407,-9.557546,-6.716224,on bike mount,cyclo cross,True,sett,intermediate
a1633818-d320-4da6-8551-ca57f4d865e4,ba9df173-977b-4228-8b16-c540a1f8439e,5804b68f-6a73-4d79-9bda-392fc81ca85b,1633681957253,13.4181768,52.4935892,3.7061474,1.4037062,-6.045041,21.717243,on bike mount,cyclo cross,True,sett,intermediate
a1633818-d320-4da6-8551-ca57f4d865e4,ba9df173-977b-4228-8b16-c540a1f8439e,3171cae5-dc26-4065-8424-a3ce92030504,1633681957320,13.4181589,52.4935745,4.2010612,-3.687842,16.91565,-4.1353164,on bike mount,cyclo cross,True,sett,intermediate
a1633818-d320-4da6-8551-ca57f4d865e4,ba9df173-977b-4228-8b16-c540a1f8439e,2895fed5-8c7f-4ea0-ae8f-3d73404b59b4,1633681957370,13.4181589,52.4935745,4.2010612,1.7703705,-17.945616,0.16855621,on bike mount,cyclo cross,True,sett,intermediate
a1633818-d320-4da6-8551-ca57f4d865e4,ba9df173-977b-4228-8b16-c540a1f8439e,4b7d8338-aee8-4d82-bde6-af12a59c985f,1633681957437,13.4181589,52.4935745,4.2010612,-6.9308095,-3.819703,-2.2267623,on bike mount,cyclo cross,True,sett,intermediate
a1633818-d320-4da6-8551-ca57f4d865e4,ba9df173-977b-4228-8b16-c540a1f8439e,fbcda3eb-3f5f-4af5-be4f-a94ff1e97b22,1633681957503,13.4181589,52.4935745,4.2010612,0.039183736,-24.734621,10.591363,on bike mount,cyclo cross,True,sett,intermediate
a1633818-d320-4da6-8551-ca57f4d865e4,ba9df173-977b-4228-8b16-c540a1f8439e,10b43522-3c63-4496-aa51-b2f321acf0d7,1633681957554,13.4181589,52.4935745,4.2010612,6.221548,34.45837,0.38510704,on bike mount,cyclo cross,True,sett,intermediate
a1633818-d320-4da6-8551-ca57f4d865e4,ba9df173-977b-4228-8b16-c540a1f8439e,ecf84ab5-5969-4f63-8872-88f6008b18da,1633681957604,13.4181589,52.4935745,4.2010612,-4.984622,23.52325,7.6581173,on bike mount,cyclo cross,True,sett,intermediate
a1633818-d320-4da6-8551-ca57f4d865e4,ba9df173-977b-4228-8b16-c540a1f8439e,c964992f-37e8-4d0c-b402-49e1bee2c9ca,1633681957670,13.4181589,52.4935745,4.2010612,-8.15693,-56.093956,30.365908,on bike mount,cyclo cross,True,sett,intermediate
a1633818-d320-4da6-8551-ca57f4d865e4,ba9df173-977b-4228-8b16-c540a1f8439e,27d6f7e4-db88-41bb-9526-5d17c784fd05,1633681957737,13.4181589,52.4935745,4.2010612,1.8029301,4.2962494,-1.4680758,on bike mount,cyclo cross,True,sett,intermediate
a1633818-d320-4da6-8551-ca57f4d865e4,ba9df173-977b-4228-8b16-c540a1f8439e,b8a02be9-6671-494c-83d0-48a33cbf5721,1633681957787,13.4181589,52.4935745,4.2010612,1.5187299,-36.892952,6.3262615,on bike mount,cyclo cross,True,sett,intermediate
a1633818-d320-4da6-8551-ca57f4d865e4,ba9df173-977b-4228-8b16-c540a1f8439e,19ae8550-d901-4cc7-aa5e-63ae0ce450bd,1633681957854,13.4181589,52.4935745,4.2010612,-6.4415717,-4.2279706,-5.252552,on bike mount,cyclo cross,True,sett,intermediate
a1633818-d320-4da6-8551-ca57f4d865e4,ba9df173-977b-4228-8b16-c540a1f8439e,e642febb-dbc0-4629-920f-2ec497a7248b,1633681957921,13.4181589,52.4935745,4.2010612,4.0744543,-21.170435,17.814116,on bike mount,cyclo cross,True,sett,intermediate
a1633818-d320-4da6-8551-ca57f4d865e4,ba9df173-977b-4228-8b16-c540a1f8439e,42a4cdad-0ec7-4ec0-bc04-a61f96d25368,1633681957988,13.4181589,52.4935745,4.2010612,4.9909673,10.561464,-0.5649595,on bike mount,cyclo cross,True,sett,intermediate
a1633818-d320-4da6-8551-ca57f4d865e4,ba9df173-977b-4228-8b16-c540a1f8439e,e8244ac3-9ad0-42ca-a038-9564ef1b564c,1633681958055,13.4181589,52.4935745,4.2010612,1.3225214,-3.946463,11.055298,on bike mount,cyclo cross,True,sett,intermediate
a1633818-d320-4da6-8551-ca57f4d865e4,ba9df173-977b-4228-8b16-c540a1f8439e,d5cf0a6d-5c01-45b7-a8b4-2abef0a63e0f,1633681958104,13.4181589,52.4935745,4.2010612,4.169773,-16.846718,35.64802,on bike mount,cyclo cross,True,sett,intermediate
a1633818-d320-4da6-8551-ca57f4d865e4,ba9df173-977b-4228-8b16-c540a1f8439e,cb4678f0-1744-441e-b800-2f8ac3110c35,1633681958155,13.4181589,52.4935745,4.2010612,0.13510537,-6.037653,5.7012053,on bike mount,cyclo cross,True,sett,intermediate
a1633818-d320-4da6-8551-ca57f4d865e4,ba9df173-977b-4228-8b16-c540a1f8439e,166c17ad-343c-4e04-a78d-11624a3428e2,1633681958222,13.4181589,52.4935745,4.2010612,1.9501815,3.4996066,-3.3787673,on bike mount,cyclo cross,True,sett,intermediate
a1633818-d320-4da6-8551-ca57f4d865e4,ba9df173-977b-4228-8b16-c540a1f8439e,4057860e-315d-441a-a609-f0b962be8524,1633681958272,13.4181589,52.4935745,4.2010612,5.979818,0.34505177,-11.662991,on bike mount,cyclo cross,True,sett,intermediate
a1633818-d320-4da6-8551-ca57f4d865e4,ba9df173-977b-4228-8b16-c540a1f8439e,81e2e9a1-786a-45db-9794-b221bb513ff8,1633681958322,13.4181589,52.4935745,4.2010612,5.8624196,10.607025,-10.0798855,on bike mount,cyclo cross,True,sett,intermediate
a1633818-d320-4da6-8551-ca57f4d865e4,ba9df173-977b-4228-8b16-c540a1f8439e,af1037c7-ac9d-4e27-96c2-9b9c8ae879c1,1633681958389,13.4181589,52.4935745,4.2010612,3.2803748,-23.04311,-9.850196,on bike mount,cyclo cross,True,sett,intermediate
a1633818-d320-4da6-8551-ca57f4d865e4,ba9df173-977b-4228-8b16-c540a1f8439e,418f10be-2f56-4968-bfe8-8b90ebbe9174,1633681958455,13.4181589,52.4935745,4.2010612,-2.9274008,-25.575962,15.973766,on bike mount,cyclo cross,True,sett,intermediate
a1633818-d320-4da6-8551-ca57f4d865e4,ba9df173-977b-4228-8b16-c540a1f8439e,27fbce57-6423-4457-9075-dd4bc98664f8,1633681958522,13.4181589,52.4935745,4.2010612,-3.7916107,13.071143,-7.678155,on bike mount,cyclo cross,True,sett,intermediate
a1633818-d320-4da6-8551-ca57f4d865e4,ba9df173-977b-4228-8b16-c540a1f8439e,23cfc077-b014-4dd5-a53c-68bfda1a8f7a,1633681958588,13.4181589,52.4935745,4.2010612,5.517066,-4.088828,-12.28417,on bike mount,cyclo cross,True,sett,intermediate
a1633818-d320-4da6-8551-ca57f4d865e4,ba9df173-977b-4228-8b16-c540a1f8439e,6cdcfff8-4087-4608-9b0e-5fccd18b17c0,1633681958638,13.4181222,52.4934917,5.646668,2.9045682,-5.42546,-1.7140656,on bike mount,cyclo cross,True,sett,intermediate
a1633818-d320-4da6-8551-ca57f4d865e4,ba9df173-977b-4228-8b16-c540a1f8439e,a8ef886d-9e1b-4b9d-8c5d-578d8e6c8050,1633681958689,13.4181222,52.4934917,5.646668,1.9942939,-22.758675,0.74978924,on bike mount,cyclo cross,True,sett,intermediate
a1633818-d320-4da6-8551-ca57f4d865e4,ba9df173-977b-4228-8b16-c540a1f8439e,61158a74-e5cd-4bd4-8c87-0f97ec0761ad,1633681958756,13.4181222,52.4934917,5.646668,9.1122055,-10.447479,8.189585,on bike mount,cyclo cross,True,sett,intermediate
a1633818-d320-4da6-8551-ca57f4d865e4,ba9df173-977b-4228-8b16-c540a1f8439e,6ed80875-6323-4c66-9449-b3627de58029,1633681958823,13.4181222,52.4934917,5.646668,10.33182,-11.675205,-16.858381,on bike mount,cyclo cross,True,sett,intermediate
a1633818-d320-4da6-8551-ca57f4d865e4,ba9df173-977b-4228-8b16-c540a1f8439e,3cd9aeeb-d3b7-4695-ab03-5622d03d713b,1633681958873,13.4181222,52.4934917,5.646668,-3.2621822,4.2913327,-28.373768,on bike mount,cyclo cross,True,sett,intermediate
a1633818-d320-4da6-8551-ca57f4d865e4,ba9df173-977b-4228-8b16-c540a1f8439e,bcb2de9c-5675-44db-bff0-e19e3a5c1145,1633681958940,13.4181222,52.4934917,5.646668,-5.80448,2.8934064,-3.840959,on bike mount,cyclo cross,True,sett,intermediate
a1633818-d320-4da6-8551-ca57f4d865e4,ba9df173-977b-4228-8b16-c540a1f8439e,089d90f2-8b16-445c-9254-cd971cfd413e,1633681958989,13.4181222,52.4934917,5.646668,5.436159,1.2298756,9.776326,on bike mount,cyclo cross,True,sett,intermediate
a1633818-d320-4da6-8551-ca57f4d865e4,ba9df173-977b-4228-8b16-c540a1f8439e,c92771d7-573a-4c80-a2e5-3cb9db837509,1633681959040,13.4181222,52.4934917,5.646668,1.5352209,-15.916593,1.9865446,on bike mount,cyclo cross,True,sett,intermediate
a1633818-d320-4da6-8551-ca57f4d865e4,ba9df173-977b-4228-8b16-c540a1f8439e,7e21e327-77ef-4806-b18f-4c1ff880041a,1633681959090,13.4181222,52.4934917,5.646668,-1.0972416,5.675486,11.800203,on bike mount,cyclo cross,True,sett,intermediate
a1633818-d320-4da6-8551-ca57f4d865e4,ba9df173-977b-4228-8b16-c540a1f8439e,f9e98423-039f-4c86-8d0e-49cf8bf85b3d,1633681959156,13.4181222,52.4934917,5.646668,0.8915224,23.125803,-5.2171106,on bike mount,cyclo cross,True,sett,intermediate
a1633818-d320-4da6-8551-ca57f4d865e4,ba9df173-977b-4228-8b16-c540a1f8439e,9b554459-5f36-4378-a55c-da30623b718b,1633681959207,13.4181222,52.4934917,5.646668,-3.1453698,5.546278,0.36339188,on bike mount,cyclo cross,True,sett,intermediate
a1633818-d320-4da6-8551-ca57f4d865e4,ba9df173-977b-4228-8b16-c540a1f8439e,247247a0-a23c-4d78-8919-a746e2d7ad01,1633681959257,13.4181222,52.4934917,5.646668,-0.26202077,2.020907,3.8740072,on bike mount,cyclo cross,True,sett,intermediate
a1633818-d320-4da6-8551-ca57f4d865e4,ba9df173-977b-4228-8b16-c540a1f8439e,d6faee62-bda7-44ac-993f-5fc2731e0ca0,1633681959324,13.4181222,52.4934917,5.646668,-0.33549705,-8.448252,-4.5697947,on bike mount,cyclo cross,True,sett,intermediate
a1633818-d320-4da6-8551-ca57f4d865e4,ba9df173-977b-4228-8b16-c540a1f8439e,f5063ba4-78e2-4ed3-a5d6-6764a5f67def,1633681959374,13.4181222,52.4934917,5.646668,-2.2553668,-12.851555,14.948778,on bike mount,cyclo cross,True,sett,intermediate
a1633818-d320-4da6-8551-ca57f4d865e4,ba9df173-977b-4228-8b16-c540a1f8439e,469982df-27e9-44f5-9018-b4d6619613b5,1633681959440,13.4181222,52.4934917,5.646668,4.28463,-10.657182,0.8603239,on bike mount,cyclo cross,True,sett,intermediate
a1633818-d320-4da6-8551-ca57f4d865e4,ba9df173-977b-4228-8b16-c540a1f8439e,49fa0f4d-bb3c-44cb-8627-564352de4328,1633681959491,13.4181222,52.4934917,5.646668,-0.83381236,-3.3996465,15.455359,on bike mount,cyclo cross,True,sett,intermediate
a1633818-d320-4da6-8551-ca57f4d865e4,ba9df173-977b-4228-8b16-c540a1f8439e,e57e0b79-48ef-421f-9476-acbb8f0bda54,1633681959541,13.4181222,52.4934917,5.646668,2.4622636,23.818007,-13.372864,on bike mount,cyclo cross,True,sett,intermediate
a1633818-d320-4da6-8551-ca57f4d865e4,ba9df173-977b-4228-8b16-c540a1f8439e,3d196a93-6b27-49bb-b79f-dcc3522b6d41,1633681959607,13.4181222,52.4934917,5.646668,-3.303978,-3.2592459,-13.310867,on bike mount,cyclo cross,True,sett,intermediate
a1633818-d320-4da6-8551-ca57f4d865e4,ba9df173-977b-4228-8b16-c540a1f8439e,3f1fae8b-9048-482c-9d42-78bbc9551432,1633681959674,13.4180929,52.4934361,6.6422563,-2.6402917,-5.3190517,12.739353,on bike mount,cyclo cross,True,sett,intermediate
a1633818-d320-4da6-8551-ca57f4d865e4,ba9df173-977b-4228-8b16-c540a1f8439e,4af9b56e-efd6-45db-b641-a2684f1d6d48,1633681959741,13.4180929,52.4934361,6.6422563,-1.1530156,6.8859825,-7.039302,on bike mount,cyclo cross,True,sett,intermediate
a1633818-d320-4da6-8551-ca57f4d865e4,ba9df173-977b-4228-8b16-c540a1f8439e,5e4d3f5e-e125-4ff7-ab76-8dad264355af,1633681959808,13.4180929,52.4934361,6.6422563,2.7688284,-23.942484,0.7696638,on bike mount,cyclo cross,True,sett,intermediate
a1633818-d320-4da6-8551-ca57f4d865e4,ba9df173-977b-4228-8b16-c540a1f8439e,ea813a03-6e06-414b-8d4b-871924421e51,1633681959858,13.4180929,52.4934361,6.6422563,2.8340976,3.823049,-16.796076,on bike mount,cyclo cross,True,sett,intermediate
a1633818-d320-4da6-8551-ca57f4d865e4,ba9df173-977b-4228-8b16-c540a1f8439e,7ad78514-d732-41b9-9473-14d0d175a825,1633681959925,13.4180929,52.4934361,6.6422563,0.67537093,5.1587915,1.2057528,on bike mount,cyclo cross,True,sett,intermediate
a1633818-d320-4da6-8551-ca57f4d865e4,ba9df173-977b-4228-8b16-c540a1f8439e,6376abf9-571a-4bbd-bddd-77a61d4a518a,1633681959991,13.4180929,52.4934361,6.6422563,2.1183512,-10.162081,-5.935309,on bike mount,cyclo cross,True,sett,intermediate
a1633818-d320-4da6-8551-ca57f4d865e4,ba9df173-977b-4228-8b16-c540a1f8439e,6c64ba6b-08eb-4b0d-b180-0da71e1109ba,1633681960041,13.4180929,52.4934361,6.6422563,-0.018108875,14.31773,-2.570828,on bike mount,cyclo cross,True,sett,intermediate
a1633818-d320-4da6-8551-ca57f4d865e4,ba9df173-977b-4228-8b16-c540a1f8439e,d8b6af23-889b-4665-81ba-7aec9ab0350f,1633681960091,13.4180929,52.4934361,6.6422563,0.31783617,10.624742,-8.208021,on bike mount,cyclo cross,True,sett,intermediate
a1633818-d320-4da6-8551-ca57f4d865e4,ba9df173-977b-4228-8b16-c540a1f8439e,d417da97-858e-47a2-bfa5-6fb39f25b670,1633681960142,13.4180929,52.4934361,6.6422563,2.2418098,1.9407187,1.673049,on bike mount,cyclo cross,True,sett,intermediate
a1633818-d320-4da6-8551-ca57f4d865e4,ba9df173-977b-4228-8b16-c540a1f8439e,77f981ff-f126-4695-bbd2-c89968d7231a,1633681960192,13.4180929,52.4934361,6.6422563,-4.6075025,-6.609034,5.3410378,on bike mount,cyclo cross,True,sett,intermediate
a1633818-d320-4da6-8551-ca57f4d865e4,ba9df173-977b-4228-8b16-c540a1f8439e,202e288e-f942-4a03-9afd-e20cb50f37d8,1633681960258,13.4180929,52.4934361,6.6422563,2.8245687,-0.21429348,-11.840066,on bike mount,cyclo cross,True,sett,intermediate
a1633818-d320-4da6-8551-ca57f4d865e4,ba9df173-977b-4228-8b16-c540a1f8439e,f2075770-1526-41ba-8564-6a6a36ef9cca,1633681960309,13.4180929,52.4934361,6.6422563,5.709467,-4.664009,-16.660477,on bike mount,cyclo cross,True,sett,intermediate
a1633818-d320-4da6-8551-ca57f4d865e4,ba9df173-977b-4228-8b16-c540a1f8439e,29c27d8c-9b8b-4db8-89c7-077a59a092fa,1633681960375,13.4180929,52.4934361,6.6422563,-2.2081757,-12.872765,-1.07265,on bike mount,cyclo cross,True,sett,intermediate
a1633818-d320-4da6-8551-ca57f4d865e4,ba9df173-977b-4228-8b16-c540a1f8439e,413a908b-05bc-473c-b7f8-9a1efa162a88,1633681960426,13.4180929,52.4934361,6.6422563,-2.96251,-4.1886883,22.421047,on bike mount,cyclo cross,True,sett,intermediate
a1633818-d320-4da6-8551-ca57f4d865e4,ba9df173-977b-4228-8b16-c540a1f8439e,38516ddc-bfef-41e6-b72f-3aa0d0bec336,1633681960492,13.4180929,52.4934361,6.6422563,-5.0328913,30.231037,-2.9436212,on bike mount,cyclo cross,True,sett,intermediate
a1633818-d320-4da6-8551-ca57f4d865e4,ba9df173-977b-4228-8b16-c540a1f8439e,78f3605c-9edb-4ab6-8298-89d8454ec62c,1633681960542,13.4180929,52.4934361,6.6422563,-4.894514,5.799927,-3.308138,on bike mount,cyclo cross,True,sett,intermediate
a1633818-d320-4da6-8551-ca57f4d865e4,ba9df173-977b-4228-8b16-c540a1f8439e,ee388d47-cc16-4e3d-b2ef-064ac734bcdc,1633681960592,13.4180929,52.4934361,6.6422563,3.1164613,8.327573,9.035526,on bike mount,cyclo cross,True,sett,intermediate
a1633818-d320-4da6-8551-ca57f4d865e4,ba9df173-977b-4228-8b16-c540a1f8439e,f63b5c93-1816-4683-b0c5-bef085e7900a,1633681960642,13.4180522,52.4933791,6.041989,-1.2120281,25.474669,6.298028,on bike mount,cyclo cross,True,sett,intermediate
a1633818-d320-4da6-8551-ca57f4d865e4,ba9df173-977b-4228-8b16-c540a1f8439e,947fad0d-4805-4b4d-8b5a-85b7d8c95233,1633681960693,13.4180522,52.4933791,6.041989,-4.811821,19.470749,4.596016,on bike mount,cyclo cross,True,sett,intermediate
a1633818-d320-4da6-8551-ca57f4d865e4,ba9df173-977b-4228-8b16-c540a1f8439e,642a3fee-f27b-4110-804d-903586e8660a,1633681960743,13.4180522,52.4933791,6.041989,7.4307337,26.874374,0.34120846,on bike mount,cyclo cross,True,sett,intermediate
a1633818-d320-4da6-8551-ca57f4d865e4,ba9df173-977b-4228-8b16-c540a1f8439e,6925b6b6-f310-4dc7-9eae-b40e1260d5a3,1633681960810,13.4180522,52.4933791,6.041989,2.5713058,-22.51629,11.979013,on bike mount,cyclo cross,True,sett,intermediate
a1633818-d320-4da6-8551-ca57f4d865e4,ba9df173-977b-4228-8b16-c540a1f8439e,c6c69d3a-37dc-4ca4-8570-58c489bf2a4c,1633681960860,13.4180522,52.4933791,6.041989,-3.1523001,-15.326213,20.871574,on bike mount,cyclo cross,True,sett,intermediate
a1633818-d320-4da6-8551-ca57f4d865e4,ba9df173-977b-4228-8b16-c540a1f8439e,b0b0713f-0ffc-4c83-82d9-08200e217ae3,1633681960910,13.4180522,52.4933791,6.041989,-1.6813391,-16.477135,-8.893651,on bike mount,cyclo cross,True,sett,intermediate
a1633818-d320-4da6-8551-ca57f4d865e4,ba9df173-977b-4228-8b16-c540a1f8439e,6b76e0ea-576d-42f3-861f-7f29c3225f7a,1633681960977,13.4180522,52.4933791,6.041989,-4.02631,-4.3838644,-10.412178,on bike mount,cyclo cross,True,sett,intermediate
a1633818-d320-4da6-8551-ca57f4d865e4,ba9df173-977b-4228-8b16-c540a1f8439e,3ca93cdf-033f-44d6-864e-5a643c619096,1633681961043,13.4180522,52.4933791,6.041989,-0.37789655,-16.46322,-9.711758,on bike mount,cyclo cross,True,sett,intermediate
a1633818-d320-4da6-8551-ca57f4d865e4,ba9df173-977b-4228-8b16-c540a1f8439e,a32b12cc-47d6-4304-9f47-ac80f3f6e0f1,1633681961093,13.4180522,52.4933791,6.041989,-0.717396,-13.320738,-8.879596,on bike mount,cyclo cross,True,sett,intermediate
