bike_activity_uid,bike_activity_sample_uid,bike_activity_measurement,bike_activity_measurement_timestamp,bike_activity_measurement_lon,bike_activity_measurement_lat,bike_activity_measurement_speed,bike_activity_measurement_accelerometer_x,bike_activity_measurement_accelerometer_y,bike_activity_measurement_accelerometer_z,bike_activity_phone_position,bike_activity_bike_type,bike_activity_flagged_lab_conditions,bike_activity_surface_type,bike_activity_smoothness_type
c788515a-89a8-42a5-9546-82bc5a7be065,5bd5dee6-80b6-4e3c-9c1f-206fbb74a9ee,9dde76d0-f917-45df-8307-fd8d468ee73f,1625682282270,13.4769546,52.4871993,6.5339108,-0.1568861,0.2079277,-0.19372082,in backpack,cyclo cross,False,mixed,mixed
c788515a-89a8-42a5-9546-82bc5a7be065,5bd5dee6-80b6-4e3c-9c1f-206fbb74a9ee,b416cbac-0b4c-4575-bcbd-943bce551846,1625682282321,13.4769546,52.4871993,6.5339108,-0.11830282,-0.15646791,0.62003183,in backpack,cyclo cross,False,mixed,mixed
c788515a-89a8-42a5-9546-82bc5a7be065,5bd5dee6-80b6-4e3c-9c1f-206fbb74a9ee,de8ddc65-6efe-453a-a07c-25dfab6fd643,1625682282371,13.4769546,52.4871993,6.5339108,0.47146225,0.90588665,-0.1184845,in backpack,cyclo cross,False,mixed,mixed
c788515a-89a8-42a5-9546-82bc5a7be065,5bd5dee6-80b6-4e3c-9c1f-206fbb74a9ee,4d82e568-a4c9-4b3b-95c2-da95e10e3564,1625682282421,13.4770006,52.4871392,6.7404914,0.96148205,0.93040943,-1.3688378,in backpack,cyclo cross,False,mixed,mixed
c788515a-89a8-42a5-9546-82bc5a7be065,5bd5dee6-80b6-4e3c-9c1f-206fbb74a9ee,119852c0-2a75-49b5-be53-84ce55490e6c,1625682282471,13.4770006,52.4871392,6.7404914,-0.5136423,-2.5289435,-1.9296179,in backpack,cyclo cross,False,mixed,mixed
c788515a-89a8-42a5-9546-82bc5a7be065,5bd5dee6-80b6-4e3c-9c1f-206fbb74a9ee,e376f898-43f2-4b6d-9a87-8791a9d04c11,1625682282521,13.4770006,52.4871392,6.7404914,0.49646115,-1.2968049,0.06452465,in backpack,cyclo cross,False,mixed,mixed
c788515a-89a8-42a5-9546-82bc5a7be065,5bd5dee6-80b6-4e3c-9c1f-206fbb74a9ee,d5256f1f-829b-4bd4-9ca5-bdebdf2a7794,1625682282570,13.4770006,52.4871392,6.7404914,0.8952277,-1.949388,1.3018975,in backpack,cyclo cross,False,mixed,mixed
c788515a-89a8-42a5-9546-82bc5a7be065,5bd5dee6-80b6-4e3c-9c1f-206fbb74a9ee,d6687c60-b585-4647-a248-682c950e6097,1625682282620,13.4770006,52.4871392,6.7404914,1.551816,0.18520069,1.0867605,in backpack,cyclo cross,False,mixed,mixed
c788515a-89a8-42a5-9546-82bc5a7be065,5bd5dee6-80b6-4e3c-9c1f-206fbb74a9ee,2d8bc34a-97c8-4151-8564-ef71e7df3a76,1625682282672,13.4770006,52.4871392,6.7404914,0.8670621,0.6845789,0.20872688,in backpack,cyclo cross,False,mixed,mixed
c788515a-89a8-42a5-9546-82bc5a7be065,5bd5dee6-80b6-4e3c-9c1f-206fbb74a9ee,532f5ef3-4756-4c33-9fa8-eea94924ef8a,1625682282723,13.4770006,52.4871392,6.7404914,1.1068187,-0.13399076,-0.8418832,in backpack,cyclo cross,False,mixed,mixed
c788515a-89a8-42a5-9546-82bc5a7be065,5bd5dee6-80b6-4e3c-9c1f-206fbb74a9ee,caddc0dc-7fde-4957-a311-870b94d6df6f,1625682282775,13.4770006,52.4871392,6.7404914,0.5602808,-0.7078924,-0.7136798,in backpack,cyclo cross,False,mixed,mixed
c788515a-89a8-42a5-9546-82bc5a7be065,5bd5dee6-80b6-4e3c-9c1f-206fbb74a9ee,6cecee5b-8f0a-4a43-92cb-b16a08d55f86,1625682282826,13.4770006,52.4871392,6.7404914,-0.10658932,-1.7824907,0.6172924,in backpack,cyclo cross,False,mixed,mixed
c788515a-89a8-42a5-9546-82bc5a7be065,5bd5dee6-80b6-4e3c-9c1f-206fbb74a9ee,476e6c42-a2a4-4b93-b83e-b34088c4f531,1625682282876,13.4770006,52.4871392,6.7404914,-0.64714575,0.18568754,0.18146896,in backpack,cyclo cross,False,mixed,mixed
c788515a-89a8-42a5-9546-82bc5a7be065,5bd5dee6-80b6-4e3c-9c1f-206fbb74a9ee,92916bcf-6ead-45ea-acc2-89bc0dc77242,1625682282927,13.4770006,52.4871392,6.7404914,-0.4425826,3.0884829,-0.71970224,in backpack,cyclo cross,False,mixed,mixed
c788515a-89a8-42a5-9546-82bc5a7be065,5bd5dee6-80b6-4e3c-9c1f-206fbb74a9ee,96557863-ccbc-49ee-857f-273122a5a8af,1625682282976,13.4770006,52.4871392,6.7404914,-0.3047359,-0.011716843,-0.36810827,in backpack,cyclo cross,False,mixed,mixed
c788515a-89a8-42a5-9546-82bc5a7be065,5bd5dee6-80b6-4e3c-9c1f-206fbb74a9ee,9582cece-c08d-4b4b-a2f0-525d12af5868,1625682283026,13.4770006,52.4871392,6.7404914,-1.3991857,-2.3760173,0.6432295,in backpack,cyclo cross,False,mixed,mixed
c788515a-89a8-42a5-9546-82bc5a7be065,5bd5dee6-80b6-4e3c-9c1f-206fbb74a9ee,8bdf6fbe-d524-4671-a6ec-847300c8295a,1625682283077,13.4770006,52.4871392,6.7404914,0.09483409,-0.057659626,1.501831,in backpack,cyclo cross,False,mixed,mixed
c788515a-89a8-42a5-9546-82bc5a7be065,5bd5dee6-80b6-4e3c-9c1f-206fbb74a9ee,55d25e35-185e-4dca-8b64-c88bd34f10e4,1625682283127,13.4770006,52.4871392,6.7404914,1.8534236,2.8032432,1.834703,in backpack,cyclo cross,False,mixed,mixed
c788515a-89a8-42a5-9546-82bc5a7be065,5bd5dee6-80b6-4e3c-9c1f-206fbb74a9ee,8b3f7502-925a-4586-a54d-c269282a608d,1625682283177,13.4770006,52.4871392,6.7404914,-0.0057883263,2.3895807,0.3445344,in backpack,cyclo cross,False,mixed,mixed
c788515a-89a8-42a5-9546-82bc5a7be065,5bd5dee6-80b6-4e3c-9c1f-206fbb74a9ee,5276ebfa-3a41-4e04-b71c-a021211ad44d,1625682283227,13.4770006,52.4871392,6.7404914,-0.37123704,1.5282807,-1.3329949,in backpack,cyclo cross,False,mixed,mixed
c788515a-89a8-42a5-9546-82bc5a7be065,5bd5dee6-80b6-4e3c-9c1f-206fbb74a9ee,8ded692d-e230-4d79-8038-62b53c4c6403,1625682283277,13.4770006,52.4871392,6.7404914,-0.9423461,-1.7136626,-0.46998072,in backpack,cyclo cross,False,mixed,mixed
c788515a-89a8-42a5-9546-82bc5a7be065,5bd5dee6-80b6-4e3c-9c1f-206fbb74a9ee,3a5fb775-70e5-4cc0-b92b-3a6ba5b3dc4b,1625682283328,13.4770006,52.4871392,6.7404914,-0.764765,-2.1162755,0.023720264,in backpack,cyclo cross,False,mixed,mixed
c788515a-89a8-42a5-9546-82bc5a7be065,5bd5dee6-80b6-4e3c-9c1f-206fbb74a9ee,d5e43c7e-32fb-4531-b93d-74c964377065,1625682283378,13.4770006,52.4871392,6.7404914,-1.0444903,-0.37460327,1.0363369,in backpack,cyclo cross,False,mixed,mixed
c788515a-89a8-42a5-9546-82bc5a7be065,5bd5dee6-80b6-4e3c-9c1f-206fbb74a9ee,ddf3de8f-d25a-4e82-9196-dab82a0828ae,1625682283429,13.4770528,52.4870789,7.123325,1.4489746,2.7494855,1.1342821,in backpack,cyclo cross,False,mixed,mixed
c788515a-89a8-42a5-9546-82bc5a7be065,5bd5dee6-80b6-4e3c-9c1f-206fbb74a9ee,98822ba5-733c-4f2f-bfd0-4179ccfdc4c8,1625682283480,13.4770528,52.4870789,7.123325,-0.23208046,0.055817127,-0.3054881,in backpack,cyclo cross,False,mixed,mixed
c788515a-89a8-42a5-9546-82bc5a7be065,5bd5dee6-80b6-4e3c-9c1f-206fbb74a9ee,4053ce6d-8cb1-4f2e-8bed-41af198367c7,1625682283530,13.4770528,52.4870789,7.123325,-0.018549442,-1.6460848,-0.022333145,in backpack,cyclo cross,False,mixed,mixed
c788515a-89a8-42a5-9546-82bc5a7be065,5bd5dee6-80b6-4e3c-9c1f-206fbb74a9ee,f635b373-a35d-4cbc-9e4a-a7bac9f8740b,1625682283580,13.4770528,52.4870789,7.123325,0.9071536,-1.4379005,1.5024943,in backpack,cyclo cross,False,mixed,mixed
c788515a-89a8-42a5-9546-82bc5a7be065,5bd5dee6-80b6-4e3c-9c1f-206fbb74a9ee,ad3093cb-9517-48e6-b4c6-0648818438ff,1625682283631,13.4770528,52.4870789,7.123325,1.4134789,-0.5173969,2.5157301,in backpack,cyclo cross,False,mixed,mixed
c788515a-89a8-42a5-9546-82bc5a7be065,5bd5dee6-80b6-4e3c-9c1f-206fbb74a9ee,90c18e32-b887-4b80-a805-a8949272ffc8,1625682283680,13.4770528,52.4870789,7.123325,0.23173904,0.7959771,-0.14819765,in backpack,cyclo cross,False,mixed,mixed
c788515a-89a8-42a5-9546-82bc5a7be065,5bd5dee6-80b6-4e3c-9c1f-206fbb74a9ee,1c87f144-0ec1-4844-bbda-ece16e8792f5,1625682283730,13.4770528,52.4870789,7.123325,-0.72278285,0.7171197,-1.4442339,in backpack,cyclo cross,False,mixed,mixed
c788515a-89a8-42a5-9546-82bc5a7be065,5bd5dee6-80b6-4e3c-9c1f-206fbb74a9ee,17e13b35-b589-4033-894c-818ff284239f,1625682283781,13.4770528,52.4870789,7.123325,-0.5259249,-1.0635576,-1.3316412,in backpack,cyclo cross,False,mixed,mixed
c788515a-89a8-42a5-9546-82bc5a7be065,5bd5dee6-80b6-4e3c-9c1f-206fbb74a9ee,18475771-bd94-412c-ad87-41691779321e,1625682283832,13.4770528,52.4870789,7.123325,-0.6104238,0.91796017,1.0988541,in backpack,cyclo cross,False,mixed,mixed
c788515a-89a8-42a5-9546-82bc5a7be065,5bd5dee6-80b6-4e3c-9c1f-206fbb74a9ee,b79f54d8-30db-40c4-bb40-141573eaf7e4,1625682283882,13.4770528,52.4870789,7.123325,0.52281904,1.4599404,-0.12937212,in backpack,cyclo cross,False,mixed,mixed
c788515a-89a8-42a5-9546-82bc5a7be065,5bd5dee6-80b6-4e3c-9c1f-206fbb74a9ee,f44b8c37-8667-441b-ac0a-efba8b32c4bd,1625682283932,13.4770528,52.4870789,7.123325,-1.4645526,-1.6466062,0.20914078,in backpack,cyclo cross,False,mixed,mixed
c788515a-89a8-42a5-9546-82bc5a7be065,5bd5dee6-80b6-4e3c-9c1f-206fbb74a9ee,e9303094-6f92-44a7-8471-473984915982,1625682283984,13.4770528,52.4870789,7.123325,-3.6331916,-2.1872451,1.6289778,in backpack,cyclo cross,False,mixed,mixed
c788515a-89a8-42a5-9546-82bc5a7be065,5bd5dee6-80b6-4e3c-9c1f-206fbb74a9ee,a9fc4109-cea6-4574-a170-18fa7a850ec4,1625682284033,13.4770528,52.4870789,7.123325,0.8827441,2.7900867,1.9319034,in backpack,cyclo cross,False,mixed,mixed
c788515a-89a8-42a5-9546-82bc5a7be065,5bd5dee6-80b6-4e3c-9c1f-206fbb74a9ee,a558f2df-8978-483d-a793-0e765b6734f7,1625682284083,13.4770528,52.4870789,7.123325,5.1643925,8.266773,1.0118914,in backpack,cyclo cross,False,mixed,mixed
c788515a-89a8-42a5-9546-82bc5a7be065,5bd5dee6-80b6-4e3c-9c1f-206fbb74a9ee,2ed3c8ab-494e-4174-a575-70e01242c5a4,1625682284133,13.4770528,52.4870789,7.123325,-0.5559161,-0.73448896,-1.561913,in backpack,cyclo cross,False,mixed,mixed
c788515a-89a8-42a5-9546-82bc5a7be065,5bd5dee6-80b6-4e3c-9c1f-206fbb74a9ee,4b4c57c6-7640-45a7-a4a7-6afb96a06336,1625682284184,13.4770528,52.4870789,7.123325,-0.6680387,-2.3557062,-0.6106181,in backpack,cyclo cross,False,mixed,mixed
c788515a-89a8-42a5-9546-82bc5a7be065,5bd5dee6-80b6-4e3c-9c1f-206fbb74a9ee,57b0bf96-d0bf-4b7d-ae19-78ae8fa3cee9,1625682284233,13.4770528,52.4870789,7.123325,-0.49730062,-2.3226147,-0.05579853,in backpack,cyclo cross,False,mixed,mixed
c788515a-89a8-42a5-9546-82bc5a7be065,5bd5dee6-80b6-4e3c-9c1f-206fbb74a9ee,24201903-d511-4a17-a836-70fddde612e9,1625682284283,13.4770528,52.4870789,7.123325,-1.3049445,-1.3992426,0.5623169,in backpack,cyclo cross,False,mixed,mixed
c788515a-89a8-42a5-9546-82bc5a7be065,5bd5dee6-80b6-4e3c-9c1f-206fbb74a9ee,7412db30-10df-4551-9fdf-a40db85debe1,1625682284333,13.4770528,52.4870789,7.123325,0.89877033,1.4335594,0.67467546,in backpack,cyclo cross,False,mixed,mixed
c788515a-89a8-42a5-9546-82bc5a7be065,5bd5dee6-80b6-4e3c-9c1f-206fbb74a9ee,712afba3-7fba-4eea-a257-50486f182211,1625682284383,13.4771005,52.4870158,7.0031214,2.5657868,4.920539,0.42083216,in backpack,cyclo cross,False,mixed,mixed
c788515a-89a8-42a5-9546-82bc5a7be065,5bd5dee6-80b6-4e3c-9c1f-206fbb74a9ee,6f7af4eb-5fd1-4b1a-a355-12af55939cf8,1625682284434,13.4771005,52.4870158,7.0031214,2.3076787,1.7886534,-1.986743,in backpack,cyclo cross,False,mixed,mixed
c788515a-89a8-42a5-9546-82bc5a7be065,5bd5dee6-80b6-4e3c-9c1f-206fbb74a9ee,32809f0a-badb-45f3-a625-7be41be013c5,1625682284485,13.4771005,52.4870158,7.0031214,0.61508274,-1.7153287,-0.81709146,in backpack,cyclo cross,False,mixed,mixed
c788515a-89a8-42a5-9546-82bc5a7be065,5bd5dee6-80b6-4e3c-9c1f-206fbb74a9ee,a218ecf2-ef84-4257-83b3-606a821eff4b,1625682284534,13.4771005,52.4870158,7.0031214,-0.3145461,-2.1315346,0.37090874,in backpack,cyclo cross,False,mixed,mixed
c788515a-89a8-42a5-9546-82bc5a7be065,5bd5dee6-80b6-4e3c-9c1f-206fbb74a9ee,541430ac-ceb8-4f9d-94a2-9b785ec78a52,1625682284585,13.4771005,52.4870158,7.0031214,-0.2740121,-3.0556111,1.4254456,in backpack,cyclo cross,False,mixed,mixed
c788515a-89a8-42a5-9546-82bc5a7be065,5bd5dee6-80b6-4e3c-9c1f-206fbb74a9ee,7360e4ee-8054-48d9-b420-d135b58c030d,1625682284635,13.4771005,52.4870158,7.0031214,0.8333993,2.941907,0.84530973,in backpack,cyclo cross,False,mixed,mixed
c788515a-89a8-42a5-9546-82bc5a7be065,5bd5dee6-80b6-4e3c-9c1f-206fbb74a9ee,df167cfd-3d8e-4999-9455-6d4aa4f46bd5,1625682284685,13.4771005,52.4870158,7.0031214,-0.54535913,1.1601477,-0.53458357,in backpack,cyclo cross,False,mixed,mixed
c788515a-89a8-42a5-9546-82bc5a7be065,5bd5dee6-80b6-4e3c-9c1f-206fbb74a9ee,86cdcff5-2467-42a4-9f55-addb7ee36fd6,1625682284737,13.4771005,52.4870158,7.0031214,-1.3938383,-0.4505334,-1.1847057,in backpack,cyclo cross,False,mixed,mixed
c788515a-89a8-42a5-9546-82bc5a7be065,5bd5dee6-80b6-4e3c-9c1f-206fbb74a9ee,d438d055-1d00-4005-a910-87f25d876fe7,1625682284787,13.4771005,52.4870158,7.0031214,-1.7372105,-2.3621984,0.5102806,in backpack,cyclo cross,False,mixed,mixed
c788515a-89a8-42a5-9546-82bc5a7be065,5bd5dee6-80b6-4e3c-9c1f-206fbb74a9ee,4ae9d737-969f-43d5-8eab-6e6f5c25be8d,1625682284836,13.4771005,52.4870158,7.0031214,-0.48795557,-1.1779509,1.8306196,in backpack,cyclo cross,False,mixed,mixed
c788515a-89a8-42a5-9546-82bc5a7be065,5bd5dee6-80b6-4e3c-9c1f-206fbb74a9ee,b717002e-8543-4a82-8f6e-0462d493c5b9,1625682284887,13.4771005,52.4870158,7.0031214,2.0201402,2.4556322,3.6051898,in backpack,cyclo cross,False,mixed,mixed
c788515a-89a8-42a5-9546-82bc5a7be065,5bd5dee6-80b6-4e3c-9c1f-206fbb74a9ee,a1d6a991-95c5-400c-b18e-afd670413eb2,1625682284937,13.4771005,52.4870158,7.0031214,3.8859181,7.8739676,0.11694574,in backpack,cyclo cross,False,mixed,mixed
c788515a-89a8-42a5-9546-82bc5a7be065,5bd5dee6-80b6-4e3c-9c1f-206fbb74a9ee,c5acb48c-5afb-4381-9f16-657f11355f71,1625682284988,13.4771005,52.4870158,7.0031214,-2.1579773,0.25963926,-2.799049,in backpack,cyclo cross,False,mixed,mixed
c788515a-89a8-42a5-9546-82bc5a7be065,5bd5dee6-80b6-4e3c-9c1f-206fbb74a9ee,4784b6e1-6d31-44b4-b5de-4559970b4686,1625682285037,13.4771005,52.4870158,7.0031214,-2.3254626,-3.25698,-0.76419544,in backpack,cyclo cross,False,mixed,mixed
c788515a-89a8-42a5-9546-82bc5a7be065,5bd5dee6-80b6-4e3c-9c1f-206fbb74a9ee,e464b3d0-94df-479e-9c41-c358d252a196,1625682285088,13.4771005,52.4870158,7.0031214,-0.3983147,-0.68826056,0.66695213,in backpack,cyclo cross,False,mixed,mixed
c788515a-89a8-42a5-9546-82bc5a7be065,5bd5dee6-80b6-4e3c-9c1f-206fbb74a9ee,22a1485c-b70f-443e-9378-c18b6ced79a6,1625682285139,13.4771005,52.4870158,7.0031214,0.12022853,0.10377169,-0.29010773,in backpack,cyclo cross,False,mixed,mixed
c788515a-89a8-42a5-9546-82bc5a7be065,5bd5dee6-80b6-4e3c-9c1f-206fbb74a9ee,86676bc7-80c9-4647-ab1c-05e46391f55e,1625682285189,13.4771005,52.4870158,7.0031214,-0.98830104,-0.23820257,-0.01794529,in backpack,cyclo cross,False,mixed,mixed
c788515a-89a8-42a5-9546-82bc5a7be065,5bd5dee6-80b6-4e3c-9c1f-206fbb74a9ee,d8bf9d75-1cb5-4460-9e85-877f577741d3,1625682285240,13.4771005,52.4870158,7.0031214,1.7974114,2.19202,0.27928352,in backpack,cyclo cross,False,mixed,mixed
c788515a-89a8-42a5-9546-82bc5a7be065,5bd5dee6-80b6-4e3c-9c1f-206fbb74a9ee,50209b39-2a6d-4382-ab03-55c72975865d,1625682285289,13.4771005,52.4870158,7.0031214,1.2411685,0.96994686,0.48962688,in backpack,cyclo cross,False,mixed,mixed
c788515a-89a8-42a5-9546-82bc5a7be065,5bd5dee6-80b6-4e3c-9c1f-206fbb74a9ee,e199177d-9ed4-4eb8-8415-f0a511641412,1625682285340,13.4771005,52.4870158,7.0031214,0.41299295,-0.7662864,-0.008199692,in backpack,cyclo cross,False,mixed,mixed
c788515a-89a8-42a5-9546-82bc5a7be065,5bd5dee6-80b6-4e3c-9c1f-206fbb74a9ee,51295c0e-ea38-4fe6-80f7-3c903ec7e5c0,1625682285391,13.4771515,52.4869514,7.4379063,1.3376036,-0.75805235,0.22505188,in backpack,cyclo cross,False,mixed,mixed
c788515a-89a8-42a5-9546-82bc5a7be065,5bd5dee6-80b6-4e3c-9c1f-206fbb74a9ee,6c48bff4-078a-46a2-976d-c6875a9034dc,1625682285441,13.4771515,52.4869514,7.4379063,0.89558315,-0.13097715,0.27878666,in backpack,cyclo cross,False,mixed,mixed
c788515a-89a8-42a5-9546-82bc5a7be065,5bd5dee6-80b6-4e3c-9c1f-206fbb74a9ee,0168aa4b-9def-43b7-b7f0-811eefb92fd1,1625682285492,13.4771515,52.4869514,7.4379063,-1.1829,0.04057026,0.2605791,in backpack,cyclo cross,False,mixed,mixed
c788515a-89a8-42a5-9546-82bc5a7be065,5bd5dee6-80b6-4e3c-9c1f-206fbb74a9ee,68b6e805-5aa9-4852-b8de-acc5ca79a194,1625682285544,13.4771515,52.4869514,7.4379063,-1.1855679,0.14462042,-2.2902508,in backpack,cyclo cross,False,mixed,mixed
c788515a-89a8-42a5-9546-82bc5a7be065,5bd5dee6-80b6-4e3c-9c1f-206fbb74a9ee,701d6e5d-4c03-42f0-a675-2ca5f97c0039,1625682285594,13.4771515,52.4869514,7.4379063,-0.33903503,-0.8486023,0.11241531,in backpack,cyclo cross,False,mixed,mixed
c788515a-89a8-42a5-9546-82bc5a7be065,5bd5dee6-80b6-4e3c-9c1f-206fbb74a9ee,f1c6c1a8-d7a2-49a3-8ba4-32716840e4de,1625682285643,13.4771515,52.4869514,7.4379063,-0.3240831,-0.16790104,0.8925786,in backpack,cyclo cross,False,mixed,mixed
c788515a-89a8-42a5-9546-82bc5a7be065,5bd5dee6-80b6-4e3c-9c1f-206fbb74a9ee,ff23c9e2-1e23-41da-b2c6-f05d34d93e53,1625682285694,13.4771515,52.4869514,7.4379063,0.52655697,1.8472891,0.90137243,in backpack,cyclo cross,False,mixed,mixed
c788515a-89a8-42a5-9546-82bc5a7be065,5bd5dee6-80b6-4e3c-9c1f-206fbb74a9ee,1bf4ae89-2790-4e94-80bc-61a7e2bec520,1625682285745,13.4771515,52.4869514,7.4379063,0.49962163,0.58034325,-0.6534252,in backpack,cyclo cross,False,mixed,mixed
c788515a-89a8-42a5-9546-82bc5a7be065,5bd5dee6-80b6-4e3c-9c1f-206fbb74a9ee,995fc36f-afd6-42a4-b395-59c9f9814e84,1625682285795,13.4771515,52.4869514,7.4379063,-0.098596096,0.058817863,-0.6773348,in backpack,cyclo cross,False,mixed,mixed
c788515a-89a8-42a5-9546-82bc5a7be065,5bd5dee6-80b6-4e3c-9c1f-206fbb74a9ee,0e4a1ee6-8a04-4493-b27a-d147ac4daa36,1625682285846,13.4771515,52.4869514,7.4379063,0.83876204,0.9809232,1.0240278,in backpack,cyclo cross,False,mixed,mixed
c788515a-89a8-42a5-9546-82bc5a7be065,5bd5dee6-80b6-4e3c-9c1f-206fbb74a9ee,85e5ddbc-d34b-48d2-8031-7c4441d68fe3,1625682285897,13.4771515,52.4869514,7.4379063,-0.52699137,-0.013277054,0.5912981,in backpack,cyclo cross,False,mixed,mixed
c788515a-89a8-42a5-9546-82bc5a7be065,5bd5dee6-80b6-4e3c-9c1f-206fbb74a9ee,b0c65cb0-e838-454a-b878-829f29021f49,1625682285947,13.4771515,52.4869514,7.4379063,-1.423745,-0.77063274,-0.13761139,in backpack,cyclo cross,False,mixed,mixed
c788515a-89a8-42a5-9546-82bc5a7be065,5bd5dee6-80b6-4e3c-9c1f-206fbb74a9ee,05e4edfc-cbc4-4f05-9d2e-e6ac56a09af6,1625682285998,13.4771515,52.4869514,7.4379063,-0.35452843,-0.49058533,-1.0341921,in backpack,cyclo cross,False,mixed,mixed
c788515a-89a8-42a5-9546-82bc5a7be065,5bd5dee6-80b6-4e3c-9c1f-206fbb74a9ee,d72b1c97-b7e8-480c-a775-fa0c447203cd,1625682286048,13.4771515,52.4869514,7.4379063,-0.2515707,-0.27863264,0.29485798,in backpack,cyclo cross,False,mixed,mixed
c788515a-89a8-42a5-9546-82bc5a7be065,5bd5dee6-80b6-4e3c-9c1f-206fbb74a9ee,31945cca-7d07-4e1a-b528-c029175fdccb,1625682286099,13.4771515,52.4869514,7.4379063,0.7072513,-0.054287434,1.7870989,in backpack,cyclo cross,False,mixed,mixed
c788515a-89a8-42a5-9546-82bc5a7be065,5bd5dee6-80b6-4e3c-9c1f-206fbb74a9ee,ae082dd1-9d83-4819-9e4b-7ba156baef82,1625682286150,13.4771515,52.4869514,7.4379063,0.22039747,-1.2092156,0.5601578,in backpack,cyclo cross,False,mixed,mixed
c788515a-89a8-42a5-9546-82bc5a7be065,5bd5dee6-80b6-4e3c-9c1f-206fbb74a9ee,92cc7277-fe9f-4790-8a87-7494d101eb50,1625682286200,13.4771515,52.4869514,7.4379063,1.8544259,0.009538174,-0.32273006,in backpack,cyclo cross,False,mixed,mixed
c788515a-89a8-42a5-9546-82bc5a7be065,5bd5dee6-80b6-4e3c-9c1f-206fbb74a9ee,fb7f75fd-a877-4adb-95df-6117cc5fb777,1625682286251,13.4771515,52.4869514,7.4379063,0.82702637,-0.9867172,-0.80514145,in backpack,cyclo cross,False,mixed,mixed
c788515a-89a8-42a5-9546-82bc5a7be065,5bd5dee6-80b6-4e3c-9c1f-206fbb74a9ee,de7d46e9-bc26-442e-b4e2-9b804eb09d79,1625682286300,13.4771515,52.4869514,7.4379063,0.32301664,-0.26667356,0.24859858,in backpack,cyclo cross,False,mixed,mixed
c788515a-89a8-42a5-9546-82bc5a7be065,5bd5dee6-80b6-4e3c-9c1f-206fbb74a9ee,5055e811-f934-4021-98a8-8af9b49d0b5e,1625682286351,13.4771515,52.4869514,7.4379063,1.0885305,0.4722557,0.27621794,in backpack,cyclo cross,False,mixed,mixed
c788515a-89a8-42a5-9546-82bc5a7be065,5bd5dee6-80b6-4e3c-9c1f-206fbb74a9ee,d1bb4a6d-02ef-4973-8e69-cae2db0603d8,1625682286401,13.4771957,52.486887,6.511881,-0.6809101,1.5476685,-1.1556664,in backpack,cyclo cross,False,mixed,mixed
c788515a-89a8-42a5-9546-82bc5a7be065,5bd5dee6-80b6-4e3c-9c1f-206fbb74a9ee,f2ef868a-0727-4e3f-975d-2ebf68d04728,1625682286452,13.4771957,52.486887,6.511881,-1.2312291,-0.42283392,-0.67198515,in backpack,cyclo cross,False,mixed,mixed
c788515a-89a8-42a5-9546-82bc5a7be065,5bd5dee6-80b6-4e3c-9c1f-206fbb74a9ee,12bceecf-becc-4991-a6c7-79cf68f08aa2,1625682286502,13.4771957,52.486887,6.511881,-0.6713841,-1.1635156,0.8700304,in backpack,cyclo cross,False,mixed,mixed
c788515a-89a8-42a5-9546-82bc5a7be065,5bd5dee6-80b6-4e3c-9c1f-206fbb74a9ee,ad21b839-ed22-45fb-933d-b2ff0b162eea,1625682286553,13.4771957,52.486887,6.511881,-0.16642046,-0.8204546,0.61924314,in backpack,cyclo cross,False,mixed,mixed
c788515a-89a8-42a5-9546-82bc5a7be065,5bd5dee6-80b6-4e3c-9c1f-206fbb74a9ee,47c19cb8-3e38-4ae7-87b7-3ac0b66a188d,1625682286603,13.4771957,52.486887,6.511881,0.62864065,-0.17245626,1.3911376,in backpack,cyclo cross,False,mixed,mixed
c788515a-89a8-42a5-9546-82bc5a7be065,5bd5dee6-80b6-4e3c-9c1f-206fbb74a9ee,15bc9209-06dd-499e-8d84-2ab322c40d6c,1625682286653,13.4771957,52.486887,6.511881,0.19058228,1.4747748,1.3980823,in backpack,cyclo cross,False,mixed,mixed
c788515a-89a8-42a5-9546-82bc5a7be065,5bd5dee6-80b6-4e3c-9c1f-206fbb74a9ee,9ec8da0c-bc7c-473a-8cd5-7bc26adfbea8,1625682286704,13.4771957,52.486887,6.511881,0.5890608,2.8523855,0.3267064,in backpack,cyclo cross,False,mixed,mixed
c788515a-89a8-42a5-9546-82bc5a7be065,5bd5dee6-80b6-4e3c-9c1f-206fbb74a9ee,856187b4-65cc-4fb0-aae7-727bde3cbdb9,1625682286753,13.4771957,52.486887,6.511881,0.061738253,1.4132137,-1.1612992,in backpack,cyclo cross,False,mixed,mixed
c788515a-89a8-42a5-9546-82bc5a7be065,5bd5dee6-80b6-4e3c-9c1f-206fbb74a9ee,eff9038c-420d-4513-8c76-4a930a5cf69a,1625682286803,13.4771957,52.486887,6.511881,0.1417458,-1.2753763,-0.6838598,in backpack,cyclo cross,False,mixed,mixed
c788515a-89a8-42a5-9546-82bc5a7be065,5bd5dee6-80b6-4e3c-9c1f-206fbb74a9ee,ebb7e5d3-b670-46d3-93c0-041aab375298,1625682286854,13.4771957,52.486887,6.511881,-0.7536726,-1.8906903,0.0031938553,in backpack,cyclo cross,False,mixed,mixed
c788515a-89a8-42a5-9546-82bc5a7be065,5bd5dee6-80b6-4e3c-9c1f-206fbb74a9ee,5ddc1c0f-84aa-4f97-9013-c34bce5db0c7,1625682286904,13.4771957,52.486887,6.511881,-0.37776732,-0.41039371,-0.34024668,in backpack,cyclo cross,False,mixed,mixed
c788515a-89a8-42a5-9546-82bc5a7be065,5bd5dee6-80b6-4e3c-9c1f-206fbb74a9ee,4ba17cf6-b1f1-48e1-be4d-54f507eac936,1625682286954,13.4771957,52.486887,6.511881,0.25979376,0.6068516,0.31444788,in backpack,cyclo cross,False,mixed,mixed
c788515a-89a8-42a5-9546-82bc5a7be065,5bd5dee6-80b6-4e3c-9c1f-206fbb74a9ee,bc05444b-2ff6-40b3-a264-5ee893dbcc0e,1625682287004,13.4771957,52.486887,6.511881,0.8531728,1.3675632,0.4251113,in backpack,cyclo cross,False,mixed,mixed
c788515a-89a8-42a5-9546-82bc5a7be065,5bd5dee6-80b6-4e3c-9c1f-206fbb74a9ee,105d0afa-d037-44b6-915a-aaf0f0b88a95,1625682287054,13.4771957,52.486887,6.511881,0.10078716,-0.8035078,0.04881239,in backpack,cyclo cross,False,mixed,mixed
c788515a-89a8-42a5-9546-82bc5a7be065,5bd5dee6-80b6-4e3c-9c1f-206fbb74a9ee,939039bc-d911-4725-907e-224a01e64c1b,1625682287104,13.4771957,52.486887,6.511881,0.66451406,-2.5582209,0.77473927,in backpack,cyclo cross,False,mixed,mixed
c788515a-89a8-42a5-9546-82bc5a7be065,5bd5dee6-80b6-4e3c-9c1f-206fbb74a9ee,ed44c53d-50e2-44f5-bbd4-92206397b07b,1625682287154,13.4771957,52.486887,6.511881,2.4199982,1.2990856,-1.0412145,in backpack,cyclo cross,False,mixed,mixed
c788515a-89a8-42a5-9546-82bc5a7be065,5bd5dee6-80b6-4e3c-9c1f-206fbb74a9ee,6a65e1a3-e37f-48bf-8aaf-0e3862dcc475,1625682287204,13.4771957,52.486887,6.511881,0.41884565,-0.5146117,-0.16527939,in backpack,cyclo cross,False,mixed,mixed
c788515a-89a8-42a5-9546-82bc5a7be065,5bd5dee6-80b6-4e3c-9c1f-206fbb74a9ee,3ee88b6b-1a52-4f2f-8395-91ccfaf10e62,1625682287254,13.4771957,52.486887,6.511881,-0.8823676,-1.4059448,-0.31902218,in backpack,cyclo cross,False,mixed,mixed
c788515a-89a8-42a5-9546-82bc5a7be065,5bd5dee6-80b6-4e3c-9c1f-206fbb74a9ee,380afb57-99de-46e0-a6df-676405a13989,1625682287305,13.4771957,52.486887,6.511881,0.14817953,2.7276592,0.37306976,in backpack,cyclo cross,False,mixed,mixed
c788515a-89a8-42a5-9546-82bc5a7be065,5bd5dee6-80b6-4e3c-9c1f-206fbb74a9ee,fd9054f1-8063-4556-8a3f-9d4d897044ba,1625682287355,13.4771957,52.486887,6.511881,0.21681261,1.7077608,0.20149755,in backpack,cyclo cross,False,mixed,mixed
c788515a-89a8-42a5-9546-82bc5a7be065,5bd5dee6-80b6-4e3c-9c1f-206fbb74a9ee,96a03630-664d-4a80-85b1-181255566e70,1625682287404,13.477238,52.4868288,6.653053,-0.7170031,0.796155,-0.6959014,in backpack,cyclo cross,False,mixed,mixed
c788515a-89a8-42a5-9546-82bc5a7be065,5bd5dee6-80b6-4e3c-9c1f-206fbb74a9ee,4eb9917b-0d45-4750-b350-cc3f70556d0d,1625682287454,13.477238,52.4868288,6.653053,-0.37544775,-0.5368271,-0.7124181,in backpack,cyclo cross,False,mixed,mixed
c788515a-89a8-42a5-9546-82bc5a7be065,5bd5dee6-80b6-4e3c-9c1f-206fbb74a9ee,f2069351-ac5a-41a9-b6e5-05b5ebfce498,1625682287505,13.477238,52.4868288,6.653053,-1.2508745,-1.9976332,1.4057713,in backpack,cyclo cross,False,mixed,mixed
c788515a-89a8-42a5-9546-82bc5a7be065,5bd5dee6-80b6-4e3c-9c1f-206fbb74a9ee,ed6dbb00-b4e6-4e2c-99bb-8ea91504b6c2,1625682287557,13.477238,52.4868288,6.653053,-1.4629738,-1.2334108,3.07648,in backpack,cyclo cross,False,mixed,mixed
c788515a-89a8-42a5-9546-82bc5a7be065,5bd5dee6-80b6-4e3c-9c1f-206fbb74a9ee,f6d1e5a2-5892-495a-8b05-513aaef3461a,1625682287606,13.477238,52.4868288,6.653053,2.7539396,6.085951,1.7544289,in backpack,cyclo cross,False,mixed,mixed
c788515a-89a8-42a5-9546-82bc5a7be065,5bd5dee6-80b6-4e3c-9c1f-206fbb74a9ee,2e7932fc-dbc1-4ed3-a2ec-7744032bb906,1625682287656,13.477238,52.4868288,6.653053,-2.0681102,2.7371788,-1.7000198,in backpack,cyclo cross,False,mixed,mixed
c788515a-89a8-42a5-9546-82bc5a7be065,5bd5dee6-80b6-4e3c-9c1f-206fbb74a9ee,e721bde4-30c3-4192-8853-aba5795f1a62,1625682287707,13.477238,52.4868288,6.653053,-4.058997,-5.2748914,-1.9857659,in backpack,cyclo cross,False,mixed,mixed
c788515a-89a8-42a5-9546-82bc5a7be065,5bd5dee6-80b6-4e3c-9c1f-206fbb74a9ee,ec124a19-838b-4d21-9c74-b733397d1dd5,1625682287757,13.477238,52.4868288,6.653053,2.0704856,-0.15928268,-0.5020814,in backpack,cyclo cross,False,mixed,mixed
c788515a-89a8-42a5-9546-82bc5a7be065,5bd5dee6-80b6-4e3c-9c1f-206fbb74a9ee,a5bc1f75-5203-4ec1-86da-0a73cf038557,1625682287807,13.477238,52.4868288,6.653053,0.52100897,1.4060025,0.9972472,in backpack,cyclo cross,False,mixed,mixed
c788515a-89a8-42a5-9546-82bc5a7be065,5bd5dee6-80b6-4e3c-9c1f-206fbb74a9ee,36b5084f-8634-44f2-8609-dcc12cdbb8ce,1625682287858,13.477238,52.4868288,6.653053,-1.9527233,-2.6884181,1.5220175,in backpack,cyclo cross,False,mixed,mixed
c788515a-89a8-42a5-9546-82bc5a7be065,5bd5dee6-80b6-4e3c-9c1f-206fbb74a9ee,7611c465-cc91-472a-97cc-8e6e25f79f3b,1625682287908,13.477238,52.4868288,6.653053,-0.5852301,-0.84669495,2.3050208,in backpack,cyclo cross,False,mixed,mixed
c788515a-89a8-42a5-9546-82bc5a7be065,5bd5dee6-80b6-4e3c-9c1f-206fbb74a9ee,d14cb141-9250-41ea-b986-ef1cf6984597,1625682287959,13.477238,52.4868288,6.653053,1.8759656,2.516665,1.4446359,in backpack,cyclo cross,False,mixed,mixed
c788515a-89a8-42a5-9546-82bc5a7be065,5bd5dee6-80b6-4e3c-9c1f-206fbb74a9ee,543c535d-d599-4264-898a-340f086f1ccf,1625682288009,13.477238,52.4868288,6.653053,0.73077583,2.2430968,-2.912509,in backpack,cyclo cross,False,mixed,mixed
c788515a-89a8-42a5-9546-82bc5a7be065,5bd5dee6-80b6-4e3c-9c1f-206fbb74a9ee,8735e964-fb2d-4a0c-960b-1513ab5f8ce4,1625682288058,13.477238,52.4868288,6.653053,0.12969065,-0.40354443,-3.109765,in backpack,cyclo cross,False,mixed,mixed
c788515a-89a8-42a5-9546-82bc5a7be065,5bd5dee6-80b6-4e3c-9c1f-206fbb74a9ee,cb991dc7-8420-40cc-a15f-c8c2d26c54b4,1625682288108,13.477238,52.4868288,6.653053,0.4935789,-0.9136405,-0.44689226,in backpack,cyclo cross,False,mixed,mixed
c788515a-89a8-42a5-9546-82bc5a7be065,5bd5dee6-80b6-4e3c-9c1f-206fbb74a9ee,8bc82d67-41a2-41f5-a56c-bf396e29a92a,1625682288159,13.477238,52.4868288,6.653053,0.029763222,-0.42656088,-0.14036036,in backpack,cyclo cross,False,mixed,mixed
c788515a-89a8-42a5-9546-82bc5a7be065,5bd5dee6-80b6-4e3c-9c1f-206fbb74a9ee,fd234cbd-f993-4958-b8c1-cc4b5bb3cf88,1625682288209,13.477238,52.4868288,6.653053,-0.99387956,-0.60615635,1.0875921,in backpack,cyclo cross,False,mixed,mixed
c788515a-89a8-42a5-9546-82bc5a7be065,5bd5dee6-80b6-4e3c-9c1f-206fbb74a9ee,485152a2-f089-4330-a6ef-291b8850f1de,1625682288259,13.477238,52.4868288,6.653053,-0.32781148,1.8042936,-0.14741945,in backpack,cyclo cross,False,mixed,mixed
c788515a-89a8-42a5-9546-82bc5a7be065,5bd5dee6-80b6-4e3c-9c1f-206fbb74a9ee,101f5d11-83db-45ae-9c59-e3dde6917898,1625682288309,13.477238,52.4868288,6.653053,-0.33104324,2.489748,-0.29541206,in backpack,cyclo cross,False,mixed,mixed
c788515a-89a8-42a5-9546-82bc5a7be065,5bd5dee6-80b6-4e3c-9c1f-206fbb74a9ee,9d05f1da-614c-4abb-b8c3-d9abb29197e9,1625682288362,13.477238,52.4868288,6.653053,-1.0886958,-2.799334,-0.30953693,in backpack,cyclo cross,False,mixed,mixed
c788515a-89a8-42a5-9546-82bc5a7be065,5bd5dee6-80b6-4e3c-9c1f-206fbb74a9ee,ebe3c9b6-59b1-4102-b862-758c2d0ecd9b,1625682288414,13.4772847,52.4867683,6.520449,-2.0696394,-2.952311,1.8007755,in backpack,cyclo cross,False,mixed,mixed
c788515a-89a8-42a5-9546-82bc5a7be065,5bd5dee6-80b6-4e3c-9c1f-206fbb74a9ee,738dd278-8eda-43e3-baa9-101ed2c72854,1625682288464,13.4772847,52.4867683,6.520449,2.9571831,3.141942,3.2812607,in backpack,cyclo cross,False,mixed,mixed
c788515a-89a8-42a5-9546-82bc5a7be065,5bd5dee6-80b6-4e3c-9c1f-206fbb74a9ee,c0471054-5d6a-4da2-91b9-fd961f38d29b,1625682288515,13.4772847,52.4867683,6.520449,3.9391718,6.450475,0.90174294,in backpack,cyclo cross,False,mixed,mixed
c788515a-89a8-42a5-9546-82bc5a7be065,5bd5dee6-80b6-4e3c-9c1f-206fbb74a9ee,56a0f8d2-27dd-4a73-b129-38d18fa8e911,1625682288565,13.4772847,52.4867683,6.520449,-2.5126967,-0.40275002,-2.4387426,in backpack,cyclo cross,False,mixed,mixed
c788515a-89a8-42a5-9546-82bc5a7be065,5bd5dee6-80b6-4e3c-9c1f-206fbb74a9ee,9ce7671e-8799-4307-b5ee-b8fa80e5e2dd,1625682288614,13.4772847,52.4867683,6.520449,-1.7861772,-1.8810749,-1.8068452,in backpack,cyclo cross,False,mixed,mixed
c788515a-89a8-42a5-9546-82bc5a7be065,5bd5dee6-80b6-4e3c-9c1f-206fbb74a9ee,6dd926d8-1963-4bf7-9249-9a015bcec624,1625682288664,13.4772847,52.4867683,6.520449,0.36764622,-0.34091377,-0.0756011,in backpack,cyclo cross,False,mixed,mixed
c788515a-89a8-42a5-9546-82bc5a7be065,5bd5dee6-80b6-4e3c-9c1f-206fbb74a9ee,a26926d6-67e0-4288-a8f1-007eb8df3771,1625682288714,13.4772847,52.4867683,6.520449,-1.784766,-1.4443407,1.6735353,in backpack,cyclo cross,False,mixed,mixed
c788515a-89a8-42a5-9546-82bc5a7be065,5bd5dee6-80b6-4e3c-9c1f-206fbb74a9ee,956fece1-4105-43e4-b0d3-2be7031df0e0,1625682288765,13.4772847,52.4867683,6.520449,-0.7519958,-0.24945211,2.1366987,in backpack,cyclo cross,False,mixed,mixed
c788515a-89a8-42a5-9546-82bc5a7be065,5bd5dee6-80b6-4e3c-9c1f-206fbb74a9ee,8822ae8e-cdbf-4c60-b8aa-e5b36c81a053,1625682288815,13.4772847,52.4867683,6.520449,2.1422338,2.2391129,1.3441949,in backpack,cyclo cross,False,mixed,mixed
c788515a-89a8-42a5-9546-82bc5a7be065,5bd5dee6-80b6-4e3c-9c1f-206fbb74a9ee,e2b7049d-f062-4c89-bca9-fb3c652ab2cb,1625682288865,13.4772847,52.4867683,6.520449,1.1586599,2.1494656,-1.4746227,in backpack,cyclo cross,False,mixed,mixed
c788515a-89a8-42a5-9546-82bc5a7be065,5bd5dee6-80b6-4e3c-9c1f-206fbb74a9ee,ad968c1e-b963-42d4-9729-deda1a0ffbde,1625682288916,13.4772847,52.4867683,6.520449,0.66143656,-0.5359421,-0.9893317,in backpack,cyclo cross,False,mixed,mixed
c788515a-89a8-42a5-9546-82bc5a7be065,5bd5dee6-80b6-4e3c-9c1f-206fbb74a9ee,5876c7cb-e8bb-4759-9fc0-b819c0250185,1625682288967,13.4772847,52.4867683,6.520449,0.2144146,-1.1411281,0.09912825,in backpack,cyclo cross,False,mixed,mixed
c788515a-89a8-42a5-9546-82bc5a7be065,5bd5dee6-80b6-4e3c-9c1f-206fbb74a9ee,43338e2f-3ae9-4d88-bcd3-26c60a078c1f,1625682289017,13.4772847,52.4867683,6.520449,-0.87611675,-1.3871932,1.9876046,in backpack,cyclo cross,False,mixed,mixed
c788515a-89a8-42a5-9546-82bc5a7be065,5bd5dee6-80b6-4e3c-9c1f-206fbb74a9ee,8c978803-c05b-432f-aac9-fb675a611488,1625682289068,13.4772847,52.4867683,6.520449,-1.4770514,1.6346302,-0.21536016,in backpack,cyclo cross,False,mixed,mixed
c788515a-89a8-42a5-9546-82bc5a7be065,5bd5dee6-80b6-4e3c-9c1f-206fbb74a9ee,a2dbfbbc-0b2e-436a-bba1-68d6203feff3,1625682289117,13.4772847,52.4867683,6.520449,-0.33040595,0.39769077,-0.105285645,in backpack,cyclo cross,False,mixed,mixed
c788515a-89a8-42a5-9546-82bc5a7be065,5bd5dee6-80b6-4e3c-9c1f-206fbb74a9ee,905e432d-c224-4e92-a377-1027c36bd6a7,1625682289167,13.4772847,52.4867683,6.520449,-0.6125214,-0.042238235,-0.57806206,in backpack,cyclo cross,False,mixed,mixed
c788515a-89a8-42a5-9546-82bc5a7be065,5bd5dee6-80b6-4e3c-9c1f-206fbb74a9ee,692c9f51-a638-41ba-87ff-bd6d44811303,1625682289217,13.4772847,52.4867683,6.520449,0.62426496,1.8698835,0.9779763,in backpack,cyclo cross,False,mixed,mixed
c788515a-89a8-42a5-9546-82bc5a7be065,5bd5dee6-80b6-4e3c-9c1f-206fbb74a9ee,c0863ed7-1886-444a-9126-97996147596a,1625682289268,13.4772847,52.4867683,6.520449,0.421144,-0.07674122,0.13727474,in backpack,cyclo cross,False,mixed,mixed
c788515a-89a8-42a5-9546-82bc5a7be065,5bd5dee6-80b6-4e3c-9c1f-206fbb74a9ee,edb8b2d0-dcb1-4944-81e5-3a2acfe2b277,1625682289319,13.4772847,52.4867683,6.520449,-0.5563493,-1.0575681,0.13983679,in backpack,cyclo cross,False,mixed,mixed
c788515a-89a8-42a5-9546-82bc5a7be065,5bd5dee6-80b6-4e3c-9c1f-206fbb74a9ee,e0283369-e48d-45a5-a4dd-aebffb22478d,1625682289368,13.4772847,52.4867683,6.520449,0.51322174,1.3532987,1.4897127,in backpack,cyclo cross,False,mixed,mixed
c788515a-89a8-42a5-9546-82bc5a7be065,5bd5dee6-80b6-4e3c-9c1f-206fbb74a9ee,8bf75b24-abeb-4b39-87ce-3108a968c514,1625682289418,13.4773291,52.4867041,6.888574,2.1485195,4.1886454,-0.191885,in backpack,cyclo cross,False,mixed,mixed
c788515a-89a8-42a5-9546-82bc5a7be065,5bd5dee6-80b6-4e3c-9c1f-206fbb74a9ee,2c11ca5e-558a-4762-ae2d-9a950074e948,1625682289469,13.4773291,52.4867041,6.888574,-0.17655087,0.099236965,-2.0140805,in backpack,cyclo cross,False,mixed,mixed
c788515a-89a8-42a5-9546-82bc5a7be065,5bd5dee6-80b6-4e3c-9c1f-206fbb74a9ee,aca1a683-a01d-4dae-a8e9-22afb3eddb39,1625682289519,13.4773291,52.4867041,6.888574,-0.8895807,-3.007644,-1.2037902,in backpack,cyclo cross,False,mixed,mixed
c788515a-89a8-42a5-9546-82bc5a7be065,5bd5dee6-80b6-4e3c-9c1f-206fbb74a9ee,7e1362f0-f177-4679-a521-b38ea0f20a32,1625682289570,13.4773291,52.4867041,6.888574,-1.1636438,-2.4402812,0.6990142,in backpack,cyclo cross,False,mixed,mixed
c788515a-89a8-42a5-9546-82bc5a7be065,5bd5dee6-80b6-4e3c-9c1f-206fbb74a9ee,7a086df6-4e96-43bc-a5a9-6afc6319f6fb,1625682289621,13.4773291,52.4867041,6.888574,0.56105566,-1.3693261,1.9736104,in backpack,cyclo cross,False,mixed,mixed
c788515a-89a8-42a5-9546-82bc5a7be065,5bd5dee6-80b6-4e3c-9c1f-206fbb74a9ee,a69f1625-5f58-4d15-b2b1-32c5e140a35f,1625682289671,13.4773291,52.4867041,6.888574,1.1060886,1.0204167,1.8332219,in backpack,cyclo cross,False,mixed,mixed
c788515a-89a8-42a5-9546-82bc5a7be065,5bd5dee6-80b6-4e3c-9c1f-206fbb74a9ee,95a724bb-6716-44ae-9b29-c8d370536405,1625682289721,13.4773291,52.4867041,6.888574,1.9462996,2.593933,0.9381819,in backpack,cyclo cross,False,mixed,mixed
c788515a-89a8-42a5-9546-82bc5a7be065,5bd5dee6-80b6-4e3c-9c1f-206fbb74a9ee,65643bac-1af7-41db-aea0-6348cefb9652,1625682289772,13.4773291,52.4867041,6.888574,0.062395573,-0.004799843,-2.51331,in backpack,cyclo cross,False,mixed,mixed
c788515a-89a8-42a5-9546-82bc5a7be065,5bd5dee6-80b6-4e3c-9c1f-206fbb74a9ee,733b83a3-614a-4276-9af3-33e847021626,1625682289822,13.4773291,52.4867041,6.888574,1.2351489,-2.3460722,-0.8286605,in backpack,cyclo cross,False,mixed,mixed
c788515a-89a8-42a5-9546-82bc5a7be065,5bd5dee6-80b6-4e3c-9c1f-206fbb74a9ee,1b7cc4ba-63cd-4739-b1aa-49ce04a8cd3c,1625682289873,13.4773291,52.4867041,6.888574,0.9593525,-2.2978263,-0.16656256,in backpack,cyclo cross,False,mixed,mixed
c788515a-89a8-42a5-9546-82bc5a7be065,5bd5dee6-80b6-4e3c-9c1f-206fbb74a9ee,c754e42d-f507-4baa-98f5-1f346324c009,1625682289923,13.4773291,52.4867041,6.888574,-0.18440723,1.3543963,0.517786,in backpack,cyclo cross,False,mixed,mixed
c788515a-89a8-42a5-9546-82bc5a7be065,5bd5dee6-80b6-4e3c-9c1f-206fbb74a9ee,5acebb28-5ddb-4f85-87e6-df880a703b47,1625682289974,13.4773291,52.4867041,6.888574,-1.4802933,0.14731073,0.16103172,in backpack,cyclo cross,False,mixed,mixed
c788515a-89a8-42a5-9546-82bc5a7be065,5bd5dee6-80b6-4e3c-9c1f-206fbb74a9ee,e9427b35-5a80-4fc5-b427-0458fad087ae,1625682290024,13.4773291,52.4867041,6.888574,-1.7017207,0.764194,0.48480082,in backpack,cyclo cross,False,mixed,mixed
c788515a-89a8-42a5-9546-82bc5a7be065,5bd5dee6-80b6-4e3c-9c1f-206fbb74a9ee,66d44361-3b38-45bd-8ef2-3f9387c87b22,1625682290074,13.4773291,52.4867041,6.888574,1.0142245,2.4029145,1.4767766,in backpack,cyclo cross,False,mixed,mixed
c788515a-89a8-42a5-9546-82bc5a7be065,5bd5dee6-80b6-4e3c-9c1f-206fbb74a9ee,9f224d9e-4852-478d-a511-7772458d4936,1625682290124,13.4773291,52.4867041,6.888574,-0.42586637,-1.0147595,0.4929719,in backpack,cyclo cross,False,mixed,mixed
c788515a-89a8-42a5-9546-82bc5a7be065,5bd5dee6-80b6-4e3c-9c1f-206fbb74a9ee,9a17d0e1-59db-46d4-a4fe-be6738507b85,1625682290174,13.4773291,52.4867041,6.888574,-0.1724348,-0.9713621,1.1120629,in backpack,cyclo cross,False,mixed,mixed
c788515a-89a8-42a5-9546-82bc5a7be065,5bd5dee6-80b6-4e3c-9c1f-206fbb74a9ee,0a1c93b2-cb4c-479a-b923-2a6c0dff5d06,1625682290225,13.4773291,52.4867041,6.888574,0.42183065,0.55356073,1.3332305,in backpack,cyclo cross,False,mixed,mixed
c788515a-89a8-42a5-9546-82bc5a7be065,5bd5dee6-80b6-4e3c-9c1f-206fbb74a9ee,57d611e6-aafb-42cb-be51-4bb48e69f0ed,1625682290276,13.4773291,52.4867041,6.888574,1.6380754,3.677003,0.13577604,in backpack,cyclo cross,False,mixed,mixed
c788515a-89a8-42a5-9546-82bc5a7be065,5bd5dee6-80b6-4e3c-9c1f-206fbb74a9ee,d8411b8a-a720-455c-8e04-c97f8536377d,1625682290326,13.4773291,52.4867041,6.888574,-1.4104712,0.26870966,-2.2042499,in backpack,cyclo cross,False,mixed,mixed
c788515a-89a8-42a5-9546-82bc5a7be065,5bd5dee6-80b6-4e3c-9c1f-206fbb74a9ee,60f878ed-7169-4014-984f-5e81f5b644a7,1625682290376,13.4773815,52.4866408,7.386653,-2.6972773,-2.7828364,-1.1140032,in backpack,cyclo cross,False,mixed,mixed
c788515a-89a8-42a5-9546-82bc5a7be065,5bd5dee6-80b6-4e3c-9c1f-206fbb74a9ee,099533cd-5a29-4063-a71e-a8104c16744f,1625682290427,13.4773815,52.4866408,7.386653,-0.67679405,-0.8773093,1.3351774,in backpack,cyclo cross,False,mixed,mixed
c788515a-89a8-42a5-9546-82bc5a7be065,5bd5dee6-80b6-4e3c-9c1f-206fbb74a9ee,3c753fc5-d6d5-4206-9517-f0ca88c4a4fd,1625682290478,13.4773815,52.4866408,7.386653,2.5261765,3.3416548,0.7369642,in backpack,cyclo cross,False,mixed,mixed
c788515a-89a8-42a5-9546-82bc5a7be065,5bd5dee6-80b6-4e3c-9c1f-206fbb74a9ee,02c875ab-afe9-46d4-a49b-65573d7dc601,1625682290528,13.4773815,52.4866408,7.386653,0.04237938,-1.1635871,-0.6190491,in backpack,cyclo cross,False,mixed,mixed
c788515a-89a8-42a5-9546-82bc5a7be065,5bd5dee6-80b6-4e3c-9c1f-206fbb74a9ee,f907d926-0408-4545-894f-003ff8fc9a69,1625682290579,13.4773815,52.4866408,7.386653,-0.6895883,-1.7857966,-0.75602293,in backpack,cyclo cross,False,mixed,mixed
c788515a-89a8-42a5-9546-82bc5a7be065,5bd5dee6-80b6-4e3c-9c1f-206fbb74a9ee,4bcb6549-02bf-4194-9b16-0c499fefd84c,1625682290630,13.4773815,52.4866408,7.386653,2.309628,1.3191776,0.26601553,in backpack,cyclo cross,False,mixed,mixed
c788515a-89a8-42a5-9546-82bc5a7be065,5bd5dee6-80b6-4e3c-9c1f-206fbb74a9ee,6890d144-7e12-4271-8a2f-449dba03b55f,1625682290681,13.4773815,52.4866408,7.386653,1.5732756,-0.3061366,-0.49241972,in backpack,cyclo cross,False,mixed,mixed
c788515a-89a8-42a5-9546-82bc5a7be065,5bd5dee6-80b6-4e3c-9c1f-206fbb74a9ee,7844a4d8-9861-4a6b-a9bf-c3fcc3e78ac9,1625682290732,13.4773815,52.4866408,7.386653,0.73681164,1.4749489,-1.9259148,in backpack,cyclo cross,False,mixed,mixed
c788515a-89a8-42a5-9546-82bc5a7be065,5bd5dee6-80b6-4e3c-9c1f-206fbb74a9ee,c1236ade-7ad6-4c4c-9102-6383253f0045,1625682290783,13.4773815,52.4866408,7.386653,-1.0184674,-1.7240629,0.5961199,in backpack,cyclo cross,False,mixed,mixed
c788515a-89a8-42a5-9546-82bc5a7be065,5bd5dee6-80b6-4e3c-9c1f-206fbb74a9ee,d92b3b16-d5cf-45d0-b362-1c404c8a8924,1625682290834,13.4773815,52.4866408,7.386653,-0.8271868,-3.1125798,0.30873108,in backpack,cyclo cross,False,mixed,mixed
c788515a-89a8-42a5-9546-82bc5a7be065,5bd5dee6-80b6-4e3c-9c1f-206fbb74a9ee,168ece3b-9b27-4efb-8eac-22bf2cada999,1625682290884,13.4773815,52.4866408,7.386653,-1.2207019,0.6092291,1.2221699,in backpack,cyclo cross,False,mixed,mixed
c788515a-89a8-42a5-9546-82bc5a7be065,5bd5dee6-80b6-4e3c-9c1f-206fbb74a9ee,cbdf227f-7cbc-4a0a-a904-e2f0dc010409,1625682290934,13.4773815,52.4866408,7.386653,1.6670732,3.592023,0.41948652,in backpack,cyclo cross,False,mixed,mixed
c788515a-89a8-42a5-9546-82bc5a7be065,5bd5dee6-80b6-4e3c-9c1f-206fbb74a9ee,ed872dd8-cf38-4617-9558-11f515604b22,1625682290984,13.4773815,52.4866408,7.386653,-0.20988941,0.21477652,-0.79320335,in backpack,cyclo cross,False,mixed,mixed
c788515a-89a8-42a5-9546-82bc5a7be065,5bd5dee6-80b6-4e3c-9c1f-206fbb74a9ee,cf297046-be85-44b0-9ca5-c77fcd3b4e6e,1625682291035,13.4773815,52.4866408,7.386653,0.17159581,-0.31843138,-0.16272306,in backpack,cyclo cross,False,mixed,mixed
c788515a-89a8-42a5-9546-82bc5a7be065,5bd5dee6-80b6-4e3c-9c1f-206fbb74a9ee,3af00bda-29f7-4b18-a11a-56384f4758ae,1625682291086,13.4773815,52.4866408,7.386653,0.31033874,-0.62778044,1.1568794,in backpack,cyclo cross,False,mixed,mixed
c788515a-89a8-42a5-9546-82bc5a7be065,5bd5dee6-80b6-4e3c-9c1f-206fbb74a9ee,48748a1f-33df-4bf6-91b6-ba87c02b8c26,1625682291135,13.4773815,52.4866408,7.386653,-0.59168863,-0.75954723,1.5821099,in backpack,cyclo cross,False,mixed,mixed
c788515a-89a8-42a5-9546-82bc5a7be065,5bd5dee6-80b6-4e3c-9c1f-206fbb74a9ee,06f32333-742f-4a4d-92cd-481ec9de6ba6,1625682291186,13.4773815,52.4866408,7.386653,0.15191078,1.2132444,1.2120748,in backpack,cyclo cross,False,mixed,mixed
c788515a-89a8-42a5-9546-82bc5a7be065,5bd5dee6-80b6-4e3c-9c1f-206fbb74a9ee,2160070e-6fa4-4dfa-98dc-426e718f74c8,1625682291235,13.4773815,52.4866408,7.386653,0.104902506,0.9876919,-0.13854027,in backpack,cyclo cross,False,mixed,mixed
c788515a-89a8-42a5-9546-82bc5a7be065,5bd5dee6-80b6-4e3c-9c1f-206fbb74a9ee,3d11caa6-62c0-4fbe-8f56-021efb49b506,1625682291285,13.4773815,52.4866408,7.386653,-0.796777,-0.33838463,-2.456993,in backpack,cyclo cross,False,mixed,mixed
c788515a-89a8-42a5-9546-82bc5a7be065,5bd5dee6-80b6-4e3c-9c1f-206fbb74a9ee,807e17d9-9225-4bcc-9af9-ad05953320d2,1625682291335,13.4773815,52.4866408,7.386653,-0.20310879,-1.9833732,-0.3924713,in backpack,cyclo cross,False,mixed,mixed
c788515a-89a8-42a5-9546-82bc5a7be065,5bd5dee6-80b6-4e3c-9c1f-206fbb74a9ee,abfaebf5-46fb-47d0-a773-7dbde65db87a,1625682291385,13.4774391,52.4865692,8.005936,0.57220054,-1.7608857,1.349185,in backpack,cyclo cross,False,mixed,mixed
c788515a-89a8-42a5-9546-82bc5a7be065,5bd5dee6-80b6-4e3c-9c1f-206fbb74a9ee,803904e8-8e1e-441f-9e0f-031444c2e9f1,1625682291435,13.4774391,52.4865692,8.005936,1.4938793,0.70013523,0.8203106,in backpack,cyclo cross,False,mixed,mixed
c788515a-89a8-42a5-9546-82bc5a7be065,5bd5dee6-80b6-4e3c-9c1f-206fbb74a9ee,7456d0d3-cd08-4a0f-a4c5-dadf844a839f,1625682291485,13.4774391,52.4865692,8.005936,2.3815718,1.0690536,-0.51683664,in backpack,cyclo cross,False,mixed,mixed
c788515a-89a8-42a5-9546-82bc5a7be065,5bd5dee6-80b6-4e3c-9c1f-206fbb74a9ee,7c3a1840-8c84-4ea0-9060-102d3cd55250,1625682291535,13.4774391,52.4865692,8.005936,0.11475682,-0.5397234,-0.63051414,in backpack,cyclo cross,False,mixed,mixed
c788515a-89a8-42a5-9546-82bc5a7be065,5bd5dee6-80b6-4e3c-9c1f-206fbb74a9ee,e09d62b8-7d12-491e-98d5-ce265903488c,1625682291585,13.4774391,52.4865692,8.005936,0.9817138,-0.42652655,0.16946125,in backpack,cyclo cross,False,mixed,mixed
c788515a-89a8-42a5-9546-82bc5a7be065,5bd5dee6-80b6-4e3c-9c1f-206fbb74a9ee,c3f48896-fec2-4c09-81fb-fc88a080f154,1625682291636,13.4774391,52.4865692,8.005936,0.31648207,-1.0606933,0.13499594,in backpack,cyclo cross,False,mixed,mixed
c788515a-89a8-42a5-9546-82bc5a7be065,5bd5dee6-80b6-4e3c-9c1f-206fbb74a9ee,8b08bb8a-dded-491c-bc1a-72cf3d3fe341,1625682291687,13.4774391,52.4865692,8.005936,-0.5337117,-0.83186865,-0.5475688,in backpack,cyclo cross,False,mixed,mixed
c788515a-89a8-42a5-9546-82bc5a7be065,5bd5dee6-80b6-4e3c-9c1f-206fbb74a9ee,150a8a0e-588b-4685-aaad-1ccb2ef9badc,1625682291738,13.4774391,52.4865692,8.005936,-0.56101656,0.20576286,-0.15787792,in backpack,cyclo cross,False,mixed,mixed
c788515a-89a8-42a5-9546-82bc5a7be065,5bd5dee6-80b6-4e3c-9c1f-206fbb74a9ee,bcbca139-ba54-4aa9-9827-1c7a62da3092,1625682291787,13.4774391,52.4865692,8.005936,0.6626291,2.6871471,0.30935144,in backpack,cyclo cross,False,mixed,mixed
c788515a-89a8-42a5-9546-82bc5a7be065,5bd5dee6-80b6-4e3c-9c1f-206fbb74a9ee,77e6f844-f467-4db5-b87f-6eab7efd9e12,1625682291838,13.4774391,52.4865692,8.005936,0.10053587,0.60210466,-0.15357494,in backpack,cyclo cross,False,mixed,mixed
c788515a-89a8-42a5-9546-82bc5a7be065,5bd5dee6-80b6-4e3c-9c1f-206fbb74a9ee,19375ae1-2a7e-4750-a3f6-5149d8cb4b56,1625682291889,13.4774391,52.4865692,8.005936,0.38018346,-0.5975976,-0.64348936,in backpack,cyclo cross,False,mixed,mixed
c788515a-89a8-42a5-9546-82bc5a7be065,5bd5dee6-80b6-4e3c-9c1f-206fbb74a9ee,da35f0f5-c378-4f12-b9f4-5e0ee7a73116,1625682291939,13.4774391,52.4865692,8.005936,-0.48142505,-1.1521864,1.0664968,in backpack,cyclo cross,False,mixed,mixed
c788515a-89a8-42a5-9546-82bc5a7be065,5bd5dee6-80b6-4e3c-9c1f-206fbb74a9ee,6d3600db-bcc7-42a3-9734-967b53fe8dff,1625682291990,13.4774391,52.4865692,8.005936,-0.28337407,-0.15081024,1.4229419,in backpack,cyclo cross,False,mixed,mixed
c788515a-89a8-42a5-9546-82bc5a7be065,5bd5dee6-80b6-4e3c-9c1f-206fbb74a9ee,910fec03-556c-481b-993a-6fe58fddacef,1625682292039,13.4774391,52.4865692,8.005936,0.35064435,1.714828,1.8516772,in backpack,cyclo cross,False,mixed,mixed
c788515a-89a8-42a5-9546-82bc5a7be065,5bd5dee6-80b6-4e3c-9c1f-206fbb74a9ee,ea33773a-0208-4290-af12-d88b47fcde44,1625682292089,13.4774391,52.4865692,8.005936,-0.28542113,0.83970165,-0.06174326,in backpack,cyclo cross,False,mixed,mixed
c788515a-89a8-42a5-9546-82bc5a7be065,5bd5dee6-80b6-4e3c-9c1f-206fbb74a9ee,08377452-478f-4cf6-b71c-815a1a4e62ce,1625682292140,13.4774391,52.4865692,8.005936,-0.3719654,-0.34894657,-2.3216996,in backpack,cyclo cross,False,mixed,mixed
c788515a-89a8-42a5-9546-82bc5a7be065,5bd5dee6-80b6-4e3c-9c1f-206fbb74a9ee,c08fd426-2879-462f-940c-0cd5702c7356,1625682292189,13.4774391,52.4865692,8.005936,0.6103356,-1.5132389,-1.4349132,in backpack,cyclo cross,False,mixed,mixed
c788515a-89a8-42a5-9546-82bc5a7be065,5bd5dee6-80b6-4e3c-9c1f-206fbb74a9ee,beed7de0-09ce-429d-a72c-a1e42e6b0d79,1625682292240,13.4774391,52.4865692,8.005936,1.0830605,-0.5122447,0.62528753,in backpack,cyclo cross,False,mixed,mixed
c788515a-89a8-42a5-9546-82bc5a7be065,5bd5dee6-80b6-4e3c-9c1f-206fbb74a9ee,a3b051a1-1e4d-4950-bb49-9212f93634a0,1625682292290,13.4774391,52.4865692,8.005936,1.5633659,-0.0860219,1.2432342,in backpack,cyclo cross,False,mixed,mixed
c788515a-89a8-42a5-9546-82bc5a7be065,5bd5dee6-80b6-4e3c-9c1f-206fbb74a9ee,905f4535-2dd5-40f4-8cad-9b3a880690f7,1625682292341,13.4774391,52.4865692,8.005936,0.70073175,-0.760582,0.6556587,in backpack,cyclo cross,False,mixed,mixed
c788515a-89a8-42a5-9546-82bc5a7be065,5bd5dee6-80b6-4e3c-9c1f-206fbb74a9ee,35b99f61-1bf8-4891-a7a5-072f87f58d21,1625682292391,13.4774872,52.4864991,7.3099694,0.7391453,0.24430752,-0.08466673,in backpack,cyclo cross,False,mixed,mixed
c788515a-89a8-42a5-9546-82bc5a7be065,5bd5dee6-80b6-4e3c-9c1f-206fbb74a9ee,a1b13e3b-a4ca-4434-9741-9a1013dde585,1625682292442,13.4774872,52.4864991,7.3099694,1.1191435,-0.70640564,0.2248168,in backpack,cyclo cross,False,mixed,mixed
c788515a-89a8-42a5-9546-82bc5a7be065,5bd5dee6-80b6-4e3c-9c1f-206fbb74a9ee,abb24b16-2417-45f9-83c5-a5518c0a6c7e,1625682292492,13.4774872,52.4864991,7.3099694,0.35313082,-0.3598156,-0.2475295,in backpack,cyclo cross,False,mixed,mixed
c788515a-89a8-42a5-9546-82bc5a7be065,5bd5dee6-80b6-4e3c-9c1f-206fbb74a9ee,59341712-7e5d-4b06-bd3b-8330e20512d1,1625682292542,13.4774872,52.4864991,7.3099694,-0.9282367,0.5753045,-1.2479858,in backpack,cyclo cross,False,mixed,mixed
c788515a-89a8-42a5-9546-82bc5a7be065,5bd5dee6-80b6-4e3c-9c1f-206fbb74a9ee,a08a937b-5d45-4a6c-a027-b0f4c6adc44f,1625682292592,13.4774872,52.4864991,7.3099694,-1.0451823,-0.5747094,-0.5440302,in backpack,cyclo cross,False,mixed,mixed
c788515a-89a8-42a5-9546-82bc5a7be065,5bd5dee6-80b6-4e3c-9c1f-206fbb74a9ee,730d1892-0e92-4e83-ae8e-5b04471a1fd0,1625682292642,13.4774872,52.4864991,7.3099694,-1.0764842,0.6405773,0.8047857,in backpack,cyclo cross,False,mixed,mixed
c788515a-89a8-42a5-9546-82bc5a7be065,5bd5dee6-80b6-4e3c-9c1f-206fbb74a9ee,e6b1ab4f-0efd-425e-b574-0debbfe66aed,1625682292692,13.4774872,52.4864991,7.3099694,0.38525248,1.7338071,1.79074,in backpack,cyclo cross,False,mixed,mixed
c788515a-89a8-42a5-9546-82bc5a7be065,5bd5dee6-80b6-4e3c-9c1f-206fbb74a9ee,f57f5be4-23f5-478b-946c-9149f9627f13,1625682292742,13.4774872,52.4864991,7.3099694,0.47027707,1.5846891,1.4847498,in backpack,cyclo cross,False,mixed,mixed
c788515a-89a8-42a5-9546-82bc5a7be065,5bd5dee6-80b6-4e3c-9c1f-206fbb74a9ee,2e6872c9-0a21-49c9-bb0f-7b9c535f876f,1625682292793,13.4774872,52.4864991,7.3099694,0.29274726,0.9736986,0.16065931,in backpack,cyclo cross,False,mixed,mixed
c788515a-89a8-42a5-9546-82bc5a7be065,5bd5dee6-80b6-4e3c-9c1f-206fbb74a9ee,d3304b07-9d3a-4e89-b6ee-d26963c188e3,1625682292843,13.4774872,52.4864991,7.3099694,-0.6609154,-0.7532673,0.22977829,in backpack,cyclo cross,False,mixed,mixed
c788515a-89a8-42a5-9546-82bc5a7be065,5bd5dee6-80b6-4e3c-9c1f-206fbb74a9ee,f79b0268-e0b9-4d8b-b6e5-8ddca23af8ac,1625682292894,13.4774872,52.4864991,7.3099694,-0.44448733,-0.58216953,0.71658707,in backpack,cyclo cross,False,mixed,mixed
c788515a-89a8-42a5-9546-82bc5a7be065,5bd5dee6-80b6-4e3c-9c1f-206fbb74a9ee,2f28de9e-96be-442f-9b12-a276bcf36944,1625682292943,13.4774872,52.4864991,7.3099694,0.13771343,1.228281,1.0010757,in backpack,cyclo cross,False,mixed,mixed
c788515a-89a8-42a5-9546-82bc5a7be065,5bd5dee6-80b6-4e3c-9c1f-206fbb74a9ee,9b6893e5-5fac-43f9-8d9e-9b8ae532d11f,1625682292993,13.4774872,52.4864991,7.3099694,-0.07000327,1.1298938,-1.204989,in backpack,cyclo cross,False,mixed,mixed
c788515a-89a8-42a5-9546-82bc5a7be065,5bd5dee6-80b6-4e3c-9c1f-206fbb74a9ee,de54057b-de35-476e-9bf1-3da268d3cf39,1625682293044,13.4774872,52.4864991,7.3099694,-1.9288893,-1.8957739,-1.6266451,in backpack,cyclo cross,False,mixed,mixed
c788515a-89a8-42a5-9546-82bc5a7be065,5bd5dee6-80b6-4e3c-9c1f-206fbb74a9ee,e06a57c7-3b0c-43ef-9969-c80cc2aca4c2,1625682293094,13.4774872,52.4864991,7.3099694,0.110219,-0.33849192,0.35443497,in backpack,cyclo cross,False,mixed,mixed
c788515a-89a8-42a5-9546-82bc5a7be065,5bd5dee6-80b6-4e3c-9c1f-206fbb74a9ee,dfa35c22-ac63-4bc8-8afa-5c64ba821c5a,1625682293145,13.4774872,52.4864991,7.3099694,1.572156,0.20880651,0.9816079,in backpack,cyclo cross,False,mixed,mixed
c788515a-89a8-42a5-9546-82bc5a7be065,5bd5dee6-80b6-4e3c-9c1f-206fbb74a9ee,4de1c910-a5b4-4ff3-ae24-616124813c12,1625682293196,13.4774872,52.4864991,7.3099694,1.3782239,0.9439564,-0.29038382,in backpack,cyclo cross,False,mixed,mixed
c788515a-89a8-42a5-9546-82bc5a7be065,5bd5dee6-80b6-4e3c-9c1f-206fbb74a9ee,ffe9e631-fbd7-477e-9f63-5f22ac17ca79,1625682293245,13.4774872,52.4864991,7.3099694,0.63665104,0.39375925,-1.271389,in backpack,cyclo cross,False,mixed,mixed
c788515a-89a8-42a5-9546-82bc5a7be065,5bd5dee6-80b6-4e3c-9c1f-206fbb74a9ee,b9c80be0-bdaa-42f4-a2bc-8a041ac50ebe,1625682293295,13.4774872,52.4864991,7.3099694,0.29540682,-1.0095162,0.4151373,in backpack,cyclo cross,False,mixed,mixed
c788515a-89a8-42a5-9546-82bc5a7be065,5bd5dee6-80b6-4e3c-9c1f-206fbb74a9ee,156f9541-b62a-4b78-950d-b1776726b28c,1625682293345,13.4774872,52.4864991,7.3099694,1.0812273,1.3762469,0.110854626,in backpack,cyclo cross,False,mixed,mixed
c788515a-89a8-42a5-9546-82bc5a7be065,5bd5dee6-80b6-4e3c-9c1f-206fbb74a9ee,779ad4bf-9b4c-4690-b270-168d416107f2,1625682293396,13.4775428,52.4864386,6.721021,-0.6482694,0.17897463,-0.89038706,in backpack,cyclo cross,False,mixed,mixed
c788515a-89a8-42a5-9546-82bc5a7be065,5bd5dee6-80b6-4e3c-9c1f-206fbb74a9ee,1f4a8a06-95a0-471f-b716-21b997820f98,1625682293445,13.4775428,52.4864386,6.721021,-2.3412957,-1.4620962,-0.5518055,in backpack,cyclo cross,False,mixed,mixed
c788515a-89a8-42a5-9546-82bc5a7be065,5bd5dee6-80b6-4e3c-9c1f-206fbb74a9ee,a9483bb4-5fc9-4e7c-b418-4fec9dc3bd63,1625682293496,13.4775428,52.4864386,6.721021,-1.9006833,0.53097534,0.78910637,in backpack,cyclo cross,False,mixed,mixed
c788515a-89a8-42a5-9546-82bc5a7be065,5bd5dee6-80b6-4e3c-9c1f-206fbb74a9ee,22dbbc26-b583-456b-b3e4-287ef21a79d3,1625682293546,13.4775428,52.4864386,6.721021,0.070683956,1.0403576,1.1045623,in backpack,cyclo cross,False,mixed,mixed
c788515a-89a8-42a5-9546-82bc5a7be065,5bd5dee6-80b6-4e3c-9c1f-206fbb74a9ee,d55c4421-1d9a-4e52-a2f4-ff8cfac9bf7a,1625682293597,13.4775428,52.4864386,6.721021,0.2173605,0.629447,0.5507097,in backpack,cyclo cross,False,mixed,mixed
c788515a-89a8-42a5-9546-82bc5a7be065,5bd5dee6-80b6-4e3c-9c1f-206fbb74a9ee,4f1019bb-c357-4eca-8a58-b4f6885295e0,1625682293647,13.4775428,52.4864386,6.721021,1.161408,2.1940784,0.7883115,in backpack,cyclo cross,False,mixed,mixed
c788515a-89a8-42a5-9546-82bc5a7be065,5bd5dee6-80b6-4e3c-9c1f-206fbb74a9ee,6f879b5d-7f9e-487c-8421-87c4c799cb32,1625682293697,13.4775428,52.4864386,6.721021,-1.1519368,-1.1037045,0.28699827,in backpack,cyclo cross,False,mixed,mixed
c788515a-89a8-42a5-9546-82bc5a7be065,5bd5dee6-80b6-4e3c-9c1f-206fbb74a9ee,13d780dd-e2af-47e1-9d19-ae6934d9fd44,1625682293747,13.4775428,52.4864386,6.721021,-1.4132018,-0.36294174,0.3761735,in backpack,cyclo cross,False,mixed,mixed
c788515a-89a8-42a5-9546-82bc5a7be065,5bd5dee6-80b6-4e3c-9c1f-206fbb74a9ee,6a75b8be-8908-4e9b-a1c1-638af6b43ccc,1625682293798,13.4775428,52.4864386,6.721021,1.6965365,3.219224,-0.39093494,in backpack,cyclo cross,False,mixed,mixed
c788515a-89a8-42a5-9546-82bc5a7be065,5bd5dee6-80b6-4e3c-9c1f-206fbb74a9ee,88430b3a-cdfa-4708-b62b-6c2a4e2bc387,1625682293847,13.4775428,52.4864386,6.721021,-1.9208374,-1.5225716,-0.19051218,in backpack,cyclo cross,False,mixed,mixed
c788515a-89a8-42a5-9546-82bc5a7be065,5bd5dee6-80b6-4e3c-9c1f-206fbb74a9ee,ad3f2dc6-8b6f-4b3e-a2d1-36656917590c,1625682293897,13.4775428,52.4864386,6.721021,-0.83153653,-1.1778469,-0.25644636,in backpack,cyclo cross,False,mixed,mixed
c788515a-89a8-42a5-9546-82bc5a7be065,5bd5dee6-80b6-4e3c-9c1f-206fbb74a9ee,3574db59-0114-413e-8c87-91999c5c832c,1625682293947,13.4775428,52.4864386,6.721021,0.6904049,0.20853186,-0.016187668,in backpack,cyclo cross,False,mixed,mixed
c788515a-89a8-42a5-9546-82bc5a7be065,5bd5dee6-80b6-4e3c-9c1f-206fbb74a9ee,61f827a1-8bc7-435e-af29-295a9bb42aae,1625682293997,13.4775428,52.4864386,6.721021,-0.71672153,-1.0499735,1.5426729,in backpack,cyclo cross,False,mixed,mixed
c788515a-89a8-42a5-9546-82bc5a7be065,5bd5dee6-80b6-4e3c-9c1f-206fbb74a9ee,114d6c1a-5a1b-4728-9e43-080778484214,1625682294047,13.4775428,52.4864386,6.721021,1.4429975,1.1528482,0.6295457,in backpack,cyclo cross,False,mixed,mixed
c788515a-89a8-42a5-9546-82bc5a7be065,5bd5dee6-80b6-4e3c-9c1f-206fbb74a9ee,d1be1d94-1529-47fa-bd78-1ec597bac94a,1625682294098,13.4775428,52.4864386,6.721021,3.579072,4.925962,-1.6842594,in backpack,cyclo cross,False,mixed,mixed
c788515a-89a8-42a5-9546-82bc5a7be065,5bd5dee6-80b6-4e3c-9c1f-206fbb74a9ee,f632ee7e-d536-450b-a1f4-c84e401730f1,1625682294149,13.4775428,52.4864386,6.721021,-0.8517556,-3.1058812,-1.8784266,in backpack,cyclo cross,False,mixed,mixed
c788515a-89a8-42a5-9546-82bc5a7be065,5bd5dee6-80b6-4e3c-9c1f-206fbb74a9ee,5baa0e51-df9a-46d6-b2d3-ca105d39839c,1625682294200,13.4775428,52.4864386,6.721021,-1.4650775,-3.8651004,1.3373756,in backpack,cyclo cross,False,mixed,mixed
c788515a-89a8-42a5-9546-82bc5a7be065,5bd5dee6-80b6-4e3c-9c1f-206fbb74a9ee,31b08f2e-2e09-428d-9af3-6908f2dfe832,1625682294250,13.4775428,52.4864386,6.721021,0.86811876,1.4317722,0.047841072,in backpack,cyclo cross,False,mixed,mixed
c788515a-89a8-42a5-9546-82bc5a7be065,5bd5dee6-80b6-4e3c-9c1f-206fbb74a9ee,dab00f53-8646-4051-adfb-00dadc090abc,1625682294301,13.4775428,52.4864386,6.721021,0.43086624,1.330368,-0.24866152,in backpack,cyclo cross,False,mixed,mixed
c788515a-89a8-42a5-9546-82bc5a7be065,5bd5dee6-80b6-4e3c-9c1f-206fbb74a9ee,67a62974-89f7-484b-af36-51f7c69c9923,1625682294352,13.4775428,52.4864386,6.721021,-2.0975175,-1.4707823,-0.9150586,in backpack,cyclo cross,False,mixed,mixed
c788515a-89a8-42a5-9546-82bc5a7be065,5bd5dee6-80b6-4e3c-9c1f-206fbb74a9ee,0bc2e492-a7e2-46d6-b53e-3e5f0d0fa7ff,1625682294403,13.4776064,52.486381,6.6921873,-0.26321697,2.9720688,1.0128436,in backpack,cyclo cross,False,mixed,mixed
c788515a-89a8-42a5-9546-82bc5a7be065,5bd5dee6-80b6-4e3c-9c1f-206fbb74a9ee,49d56ff9-be4c-472c-b867-02d31ef36f70,1625682294453,13.4776064,52.486381,6.6921873,0.42312407,0.64315414,0.2369132,in backpack,cyclo cross,False,mixed,mixed
c788515a-89a8-42a5-9546-82bc5a7be065,5bd5dee6-80b6-4e3c-9c1f-206fbb74a9ee,f9829e15-0393-4d99-80f0-e04a37d388e3,1625682294504,13.4776064,52.486381,6.6921873,-0.54689074,-0.6002617,0.5177007,in backpack,cyclo cross,False,mixed,mixed
c788515a-89a8-42a5-9546-82bc5a7be065,5bd5dee6-80b6-4e3c-9c1f-206fbb74a9ee,9edaff58-3789-4928-b05a-0ff829dfbd65,1625682294554,13.4776064,52.486381,6.6921873,0.19985032,0.40411234,1.4496698,in backpack,cyclo cross,False,mixed,mixed
c788515a-89a8-42a5-9546-82bc5a7be065,5bd5dee6-80b6-4e3c-9c1f-206fbb74a9ee,4f42dfa8-977f-4818-8479-979ef8cfc544,1625682294605,13.4776064,52.486381,6.6921873,0.12971473,0.79428816,0.668067,in backpack,cyclo cross,False,mixed,mixed
c788515a-89a8-42a5-9546-82bc5a7be065,5bd5dee6-80b6-4e3c-9c1f-206fbb74a9ee,f7001a7d-e6aa-4318-8e55-a3039f7c6e6d,1625682294655,13.4776064,52.486381,6.6921873,-0.42563033,1.0383224,-0.20753384,in backpack,cyclo cross,False,mixed,mixed
c788515a-89a8-42a5-9546-82bc5a7be065,5bd5dee6-80b6-4e3c-9c1f-206fbb74a9ee,1bdaf5ff-38df-41eb-b79f-920db70b6deb,1625682294705,13.4776064,52.486381,6.6921873,-1.1435795,-0.06679058,-1.4735847,in backpack,cyclo cross,False,mixed,mixed
c788515a-89a8-42a5-9546-82bc5a7be065,5bd5dee6-80b6-4e3c-9c1f-206fbb74a9ee,de1e4456-cdc6-4210-bcea-00b93052013d,1625682294756,13.4776064,52.486381,6.6921873,-0.51689553,-0.9615655,-1.1849623,in backpack,cyclo cross,False,mixed,mixed
c788515a-89a8-42a5-9546-82bc5a7be065,5bd5dee6-80b6-4e3c-9c1f-206fbb74a9ee,e4d14fcc-0ff0-4f38-bbcc-206c1ad7a01d,1625682294806,13.4776064,52.486381,6.6921873,-0.090396404,-1.0429664,0.5569787,in backpack,cyclo cross,False,mixed,mixed
c788515a-89a8-42a5-9546-82bc5a7be065,a5081e76-072e-4bce-9f13-56edced59f8a,9582e34b-ec7d-425e-8d6f-7ad4144ffbf1,1625682294674,13.4776064,52.486381,6.6921873,-0.6102848,0.52104664,-0.8017473,in backpack,cyclo cross,False,mixed,mixed
c788515a-89a8-42a5-9546-82bc5a7be065,a5081e76-072e-4bce-9f13-56edced59f8a,9ef87933-668c-4c10-a477-19ea571e6b0d,1625682294725,13.4776064,52.486381,6.6921873,-0.69496083,-0.4975829,-1.6453066,in backpack,cyclo cross,False,mixed,mixed
c788515a-89a8-42a5-9546-82bc5a7be065,a5081e76-072e-4bce-9f13-56edced59f8a,50d3a3ab-f676-4e4d-bca0-32924d27d23c,1625682294776,13.4776064,52.486381,6.6921873,-0.2370131,-0.9833646,-0.67471313,in backpack,cyclo cross,False,mixed,mixed
c788515a-89a8-42a5-9546-82bc5a7be065,a5081e76-072e-4bce-9f13-56edced59f8a,ae949580-c09c-497c-a839-3ee80d323c67,1625682294826,13.4776064,52.486381,6.6921873,0.21382761,-0.7158022,0.89388895,in backpack,cyclo cross,False,mixed,mixed
c788515a-89a8-42a5-9546-82bc5a7be065,a5081e76-072e-4bce-9f13-56edced59f8a,eb5b79bf-95b7-4964-bc40-7cfa2264645d,1625682294877,13.4776064,52.486381,6.6921873,0.68866634,0.45826054,0.778893,in backpack,cyclo cross,False,mixed,mixed
c788515a-89a8-42a5-9546-82bc5a7be065,a5081e76-072e-4bce-9f13-56edced59f8a,d552171a-ded3-4912-86b5-ff1887fc68ba,1625682294927,13.4776064,52.486381,6.6921873,1.4384074,1.4193454,-0.055517673,in backpack,cyclo cross,False,mixed,mixed
c788515a-89a8-42a5-9546-82bc5a7be065,a5081e76-072e-4bce-9f13-56edced59f8a,1e199671-f66e-4f61-8a2a-6b0a28fc0e53,1625682294977,13.4776064,52.486381,6.6921873,0.80532646,0.6098776,-0.9848552,in backpack,cyclo cross,False,mixed,mixed
c788515a-89a8-42a5-9546-82bc5a7be065,a5081e76-072e-4bce-9f13-56edced59f8a,f4013d47-d820-4ed2-b52e-f5db79c27b31,1625682295027,13.4776064,52.486381,6.6921873,0.6034894,-0.8010402,-0.3014207,in backpack,cyclo cross,False,mixed,mixed
c788515a-89a8-42a5-9546-82bc5a7be065,a5081e76-072e-4bce-9f13-56edced59f8a,5df484d3-67fc-49ae-9ec2-fc6dcc97329a,1625682295077,13.4776064,52.486381,6.6921873,0.29930305,-1.4104743,0.28329277,in backpack,cyclo cross,False,mixed,mixed
c788515a-89a8-42a5-9546-82bc5a7be065,a5081e76-072e-4bce-9f13-56edced59f8a,f585fc6b-37c9-43f7-97c2-b9ac7897e662,1625682295127,13.4776064,52.486381,6.6921873,-0.47708178,0.13569641,-0.41088343,in backpack,cyclo cross,False,mixed,mixed
c788515a-89a8-42a5-9546-82bc5a7be065,a5081e76-072e-4bce-9f13-56edced59f8a,7955bf41-87da-407f-acd6-24592604f254,1625682295177,13.4776064,52.486381,6.6921873,-0.66185427,1.1051459,-0.59816885,in backpack,cyclo cross,False,mixed,mixed
c788515a-89a8-42a5-9546-82bc5a7be065,a5081e76-072e-4bce-9f13-56edced59f8a,14ebff5c-87b6-4bb8-b04d-9ba81d0361b3,1625682295227,13.4776064,52.486381,6.6921873,-0.7125418,-0.40506792,0.0029416084,in backpack,cyclo cross,False,mixed,mixed
c788515a-89a8-42a5-9546-82bc5a7be065,a5081e76-072e-4bce-9f13-56edced59f8a,d6b6160f-2e40-4031-a91a-d85a1c497961,1625682295278,13.4776064,52.486381,6.6921873,-0.5253775,-0.85085773,0.63697195,in backpack,cyclo cross,False,mixed,mixed
c788515a-89a8-42a5-9546-82bc5a7be065,a5081e76-072e-4bce-9f13-56edced59f8a,817e92d9-a93a-46f9-85fe-cc5bdbd724dc,1625682295329,13.4776064,52.486381,6.6921873,1.264916,0.7902117,1.2093511,in backpack,cyclo cross,False,mixed,mixed
c788515a-89a8-42a5-9546-82bc5a7be065,a5081e76-072e-4bce-9f13-56edced59f8a,3e33f5d3-189b-400a-97cc-0b7f53ccbb6a,1625682295378,13.4776663,52.4863201,7.168762,0.8888948,0.91405725,0.507967,in backpack,cyclo cross,False,mixed,mixed
c788515a-89a8-42a5-9546-82bc5a7be065,a5081e76-072e-4bce-9f13-56edced59f8a,2eec5fcc-da07-464a-85f7-a63043e40f3f,1625682295428,13.4776663,52.4863201,7.168762,-0.68134356,-0.36950922,0.098680496,in backpack,cyclo cross,False,mixed,mixed
c788515a-89a8-42a5-9546-82bc5a7be065,a5081e76-072e-4bce-9f13-56edced59f8a,b82091f1-ae90-4379-890b-bd6670edad2e,1625682295478,13.4776663,52.4863201,7.168762,-0.29247737,0.38974,0.8849211,in backpack,cyclo cross,False,mixed,mixed
c788515a-89a8-42a5-9546-82bc5a7be065,a5081e76-072e-4bce-9f13-56edced59f8a,789e5ee8-8f39-4489-9f3f-fa35ca01cbaf,1625682295528,13.4776663,52.4863201,7.168762,0.030708313,0.43304396,0.7300434,in backpack,cyclo cross,False,mixed,mixed
c788515a-89a8-42a5-9546-82bc5a7be065,a5081e76-072e-4bce-9f13-56edced59f8a,b425d49d-e1cf-417a-b764-157260ee6cb5,1625682295579,13.4776663,52.4863201,7.168762,-0.48827505,0.07591486,-0.3915062,in backpack,cyclo cross,False,mixed,mixed
c788515a-89a8-42a5-9546-82bc5a7be065,a5081e76-072e-4bce-9f13-56edced59f8a,a4285d1c-3332-477e-8b06-2ef107bacff3,1625682295628,13.4776663,52.4863201,7.168762,-0.5082202,-1.1596937,-1.8911157,in backpack,cyclo cross,False,mixed,mixed
c788515a-89a8-42a5-9546-82bc5a7be065,a5081e76-072e-4bce-9f13-56edced59f8a,454d4f0b-d0fd-41d4-ac09-d53377920da1,1625682295678,13.4776663,52.4863201,7.168762,-0.8822663,-2.815365,0.20921516,in backpack,cyclo cross,False,mixed,mixed
c788515a-89a8-42a5-9546-82bc5a7be065,a5081e76-072e-4bce-9f13-56edced59f8a,92c5b8e9-72fc-4954-9ebc-4f887b78ad79,1625682295730,13.4776663,52.4863201,7.168762,0.04961419,-0.6513381,1.2889807,in backpack,cyclo cross,False,mixed,mixed
c788515a-89a8-42a5-9546-82bc5a7be065,a5081e76-072e-4bce-9f13-56edced59f8a,313bb9b6-8243-4fad-ac40-7242a908b77d,1625682295780,13.4776663,52.4863201,7.168762,1.6114297,2.331791,0.4810648,in backpack,cyclo cross,False,mixed,mixed
c788515a-89a8-42a5-9546-82bc5a7be065,a5081e76-072e-4bce-9f13-56edced59f8a,3cb87340-67a3-4a7d-b6c7-c10b9bbe65e3,1625682295830,13.4776663,52.4863201,7.168762,0.8725438,1.6977892,-1.4570374,in backpack,cyclo cross,False,mixed,mixed
c788515a-89a8-42a5-9546-82bc5a7be065,a5081e76-072e-4bce-9f13-56edced59f8a,0df1c046-2040-4bd8-9dcf-3cb9d6bf3084,1625682295881,13.4776663,52.4863201,7.168762,-0.44737363,-1.4242253,-1.2042651,in backpack,cyclo cross,False,mixed,mixed
c788515a-89a8-42a5-9546-82bc5a7be065,a5081e76-072e-4bce-9f13-56edced59f8a,0e822576-6612-4df5-bc26-2f89d0a32d79,1625682295931,13.4776663,52.4863201,7.168762,1.217803,-1.2962542,0.5721369,in backpack,cyclo cross,False,mixed,mixed
c788515a-89a8-42a5-9546-82bc5a7be065,a5081e76-072e-4bce-9f13-56edced59f8a,c46863f8-f750-4dc5-876e-4cc94ecd05f1,1625682295982,13.4776663,52.4863201,7.168762,0.39560843,-1.089776,0.3367176,in backpack,cyclo cross,False,mixed,mixed
c788515a-89a8-42a5-9546-82bc5a7be065,a5081e76-072e-4bce-9f13-56edced59f8a,29dd6ab3-4685-4bef-843f-a6a6bc00829e,1625682296031,13.4776663,52.4863201,7.168762,-1.2106283,1.2074003,-0.95743465,in backpack,cyclo cross,False,mixed,mixed
c788515a-89a8-42a5-9546-82bc5a7be065,a5081e76-072e-4bce-9f13-56edced59f8a,e7798126-bc4e-47b6-887a-80d6b56f541a,1625682296081,13.4776663,52.4863201,7.168762,-0.82537484,0.93445396,-0.54298306,in backpack,cyclo cross,False,mixed,mixed
c788515a-89a8-42a5-9546-82bc5a7be065,a5081e76-072e-4bce-9f13-56edced59f8a,bb0527c1-505f-4f41-8b13-56269f20e66d,1625682296132,13.4776663,52.4863201,7.168762,-0.7038908,0.27723026,0.75582266,in backpack,cyclo cross,False,mixed,mixed
c788515a-89a8-42a5-9546-82bc5a7be065,a5081e76-072e-4bce-9f13-56edced59f8a,8544ab83-85b2-4ddc-9615-6e1b14133b57,1625682296182,13.4776663,52.4863201,7.168762,-0.04793787,-0.5100193,1.3224602,in backpack,cyclo cross,False,mixed,mixed
c788515a-89a8-42a5-9546-82bc5a7be065,a5081e76-072e-4bce-9f13-56edced59f8a,8e650ba1-357c-416f-9f08-b8220faa1980,1625682296232,13.4776663,52.4863201,7.168762,0.22198582,0.1731019,0.68341017,in backpack,cyclo cross,False,mixed,mixed
c788515a-89a8-42a5-9546-82bc5a7be065,a5081e76-072e-4bce-9f13-56edced59f8a,20bc1a39-12ad-4557-b35a-5742fa788e76,1625682296282,13.4776663,52.4863201,7.168762,0.11087847,0.8585777,0.49472094,in backpack,cyclo cross,False,mixed,mixed
c788515a-89a8-42a5-9546-82bc5a7be065,a5081e76-072e-4bce-9f13-56edced59f8a,4fa7bb3f-4f06-4e17-b277-b607dfa20ad2,1625682296332,13.4776663,52.4863201,7.168762,0.08893561,0.9494715,0.49887514,in backpack,cyclo cross,False,mixed,mixed
c788515a-89a8-42a5-9546-82bc5a7be065,a5081e76-072e-4bce-9f13-56edced59f8a,555f2761-187d-48d2-8a8d-f95c2e6fec38,1625682296383,13.4777301,52.4862585,7.8303127,0.2468965,0.97061443,-0.8380065,in backpack,cyclo cross,False,mixed,mixed
c788515a-89a8-42a5-9546-82bc5a7be065,a5081e76-072e-4bce-9f13-56edced59f8a,6f8db56b-9fe2-42ba-a414-6caa18a40821,1625682296434,13.4777301,52.4862585,7.8303127,-0.06443882,-0.70685625,-1.274652,in backpack,cyclo cross,False,mixed,mixed
c788515a-89a8-42a5-9546-82bc5a7be065,a5081e76-072e-4bce-9f13-56edced59f8a,ac80c41b-cea4-44d9-86b9-2123425df252,1625682296485,13.4777301,52.4862585,7.8303127,-0.52472496,-1.871448,-0.9859948,in backpack,cyclo cross,False,mixed,mixed
c788515a-89a8-42a5-9546-82bc5a7be065,a5081e76-072e-4bce-9f13-56edced59f8a,0bd96964-9d9d-4e0d-898a-fcf1e923ac96,1625682296535,13.4777301,52.4862585,7.8303127,-0.44200134,-0.65244627,0.5839567,in backpack,cyclo cross,False,mixed,mixed
c788515a-89a8-42a5-9546-82bc5a7be065,a5081e76-072e-4bce-9f13-56edced59f8a,5e379b91-852c-4fb4-9a79-74d63bd0c1b5,1625682296584,13.4777301,52.4862585,7.8303127,2.423142,2.4896388,1.1668801,in backpack,cyclo cross,False,mixed,mixed
c788515a-89a8-42a5-9546-82bc5a7be065,a5081e76-072e-4bce-9f13-56edced59f8a,a01f631b-545a-45d7-97f3-e39365584068,1625682296634,13.4777301,52.4862585,7.8303127,0.32265663,0.34150076,-0.9412384,in backpack,cyclo cross,False,mixed,mixed
c788515a-89a8-42a5-9546-82bc5a7be065,a5081e76-072e-4bce-9f13-56edced59f8a,16f765dd-082b-4c39-9724-656dca5fa222,1625682296685,13.4777301,52.4862585,7.8303127,0.29426718,-1.7053163,-0.6689763,in backpack,cyclo cross,False,mixed,mixed
c788515a-89a8-42a5-9546-82bc5a7be065,a5081e76-072e-4bce-9f13-56edced59f8a,b673dabb-0f3b-435c-82c0-fb4602fa8b5d,1625682296735,13.4777301,52.4862585,7.8303127,0.5569129,-2.4939413,0.7584071,in backpack,cyclo cross,False,mixed,mixed
c788515a-89a8-42a5-9546-82bc5a7be065,a5081e76-072e-4bce-9f13-56edced59f8a,58432842-db0f-45a0-952b-2559d66fe919,1625682296786,13.4777301,52.4862585,7.8303127,0.79882145,-0.3248968,1.224052,in backpack,cyclo cross,False,mixed,mixed
c788515a-89a8-42a5-9546-82bc5a7be065,a5081e76-072e-4bce-9f13-56edced59f8a,6f2b9715-ce13-4022-a718-7941ca21a772,1625682296835,13.4777301,52.4862585,7.8303127,1.3047695,1.2050037,1.1403675,in backpack,cyclo cross,False,mixed,mixed
c788515a-89a8-42a5-9546-82bc5a7be065,a5081e76-072e-4bce-9f13-56edced59f8a,97243c0f-f2f6-40b7-888c-48faf4407490,1625682296886,13.4777301,52.4862585,7.8303127,-0.6667659,2.162284,-1.2562933,in backpack,cyclo cross,False,mixed,mixed
c788515a-89a8-42a5-9546-82bc5a7be065,a5081e76-072e-4bce-9f13-56edced59f8a,0a4aa4fe-045e-4f05-9e41-298a40ea2b26,1625682296937,13.4777301,52.4862585,7.8303127,-1.6394662,0.3040619,-2.620819,in backpack,cyclo cross,False,mixed,mixed
c788515a-89a8-42a5-9546-82bc5a7be065,a5081e76-072e-4bce-9f13-56edced59f8a,c92f214b-a8f7-401f-b482-1faa746af1d4,1625682296989,13.4777301,52.4862585,7.8303127,-1.5065764,-2.7623272,0.29041958,in backpack,cyclo cross,False,mixed,mixed
c788515a-89a8-42a5-9546-82bc5a7be065,a5081e76-072e-4bce-9f13-56edced59f8a,6e03d523-37ff-45c6-a781-4f16ca41a756,1625682297039,13.4777301,52.4862585,7.8303127,-0.17139912,-0.8956642,1.7592587,in backpack,cyclo cross,False,mixed,mixed
c788515a-89a8-42a5-9546-82bc5a7be065,a5081e76-072e-4bce-9f13-56edced59f8a,04ce6253-1886-40c8-82a2-ac4099194eeb,1625682297090,13.4777301,52.4862585,7.8303127,1.212734,1.572947,1.4272833,in backpack,cyclo cross,False,mixed,mixed
c788515a-89a8-42a5-9546-82bc5a7be065,a5081e76-072e-4bce-9f13-56edced59f8a,6fe60791-7c53-4815-b585-7b33a198ad68,1625682297140,13.4777301,52.4862585,7.8303127,-0.21589756,2.6628127,0.82048416,in backpack,cyclo cross,False,mixed,mixed
c788515a-89a8-42a5-9546-82bc5a7be065,a5081e76-072e-4bce-9f13-56edced59f8a,8924ea40-b5b0-4951-9aa6-6cebf5471a51,1625682297191,13.4777301,52.4862585,7.8303127,-1.1584496,0.42366743,0.32629633,in backpack,cyclo cross,False,mixed,mixed
c788515a-89a8-42a5-9546-82bc5a7be065,a5081e76-072e-4bce-9f13-56edced59f8a,c15516c1-fa87-4ecc-8353-8c8c2832b3d4,1625682297240,13.4777301,52.4862585,7.8303127,0.6033368,1.232048,0.83298206,in backpack,cyclo cross,False,mixed,mixed
c788515a-89a8-42a5-9546-82bc5a7be065,a5081e76-072e-4bce-9f13-56edced59f8a,1f2ffd11-6769-4701-8115-1d94e1007464,1625682297290,13.4777301,52.4862585,7.8303127,0.9884658,0.86078167,-1.1180005,in backpack,cyclo cross,False,mixed,mixed
c788515a-89a8-42a5-9546-82bc5a7be065,a5081e76-072e-4bce-9f13-56edced59f8a,a054960c-fdf9-4614-beef-ab785c549387,1625682297340,13.4777301,52.4862585,7.8303127,-0.43055773,-1.0159187,-2.6363983,in backpack,cyclo cross,False,mixed,mixed
c788515a-89a8-42a5-9546-82bc5a7be065,a5081e76-072e-4bce-9f13-56edced59f8a,da57a78d-7342-406f-94f2-8cc10f389d49,1625682297391,13.477794,52.4861923,7.5266037,-0.87031484,-2.1857293,-0.5823145,in backpack,cyclo cross,False,mixed,mixed
c788515a-89a8-42a5-9546-82bc5a7be065,a5081e76-072e-4bce-9f13-56edced59f8a,c37bc708-3d2a-44b7-8f5a-037725e9b0dc,1625682297442,13.477794,52.4861923,7.5266037,-0.3928969,-0.973577,0.31449842,in backpack,cyclo cross,False,mixed,mixed
c788515a-89a8-42a5-9546-82bc5a7be065,a5081e76-072e-4bce-9f13-56edced59f8a,52bd0127-95a2-4a47-9c39-f9e99bd1af9e,1625682297493,13.477794,52.4861923,7.5266037,4.050919,4.880267,2.6491127,in backpack,cyclo cross,False,mixed,mixed
c788515a-89a8-42a5-9546-82bc5a7be065,a5081e76-072e-4bce-9f13-56edced59f8a,00931677-828f-40c0-a763-336e7b716377,1625682297544,13.477794,52.4861923,7.5266037,0.90013456,0.5263958,-0.37118483,in backpack,cyclo cross,False,mixed,mixed
c788515a-89a8-42a5-9546-82bc5a7be065,a5081e76-072e-4bce-9f13-56edced59f8a,a2ec186d-091a-4afb-96e8-44c3d3670225,1625682297594,13.477794,52.4861923,7.5266037,-1.0544922,-2.4452984,-3.4840627,in backpack,cyclo cross,False,mixed,mixed
c788515a-89a8-42a5-9546-82bc5a7be065,a5081e76-072e-4bce-9f13-56edced59f8a,2c46aef7-0c12-4081-aa3f-1df39ff6ae8b,1625682297644,13.477794,52.4861923,7.5266037,0.1279645,-3.0460167,0.20531607,in backpack,cyclo cross,False,mixed,mixed
c788515a-89a8-42a5-9546-82bc5a7be065,a5081e76-072e-4bce-9f13-56edced59f8a,37f903a3-bccd-4194-9bdc-09229db21a80,1625682297694,13.477794,52.4861923,7.5266037,0.3989625,-1.5624061,1.1814241,in backpack,cyclo cross,False,mixed,mixed
c788515a-89a8-42a5-9546-82bc5a7be065,a5081e76-072e-4bce-9f13-56edced59f8a,02cc4795-3f89-49ba-b529-7af6f843d312,1625682297745,13.477794,52.4861923,7.5266037,1.6499848,4.808386,0.7302351,in backpack,cyclo cross,False,mixed,mixed
c788515a-89a8-42a5-9546-82bc5a7be065,a5081e76-072e-4bce-9f13-56edced59f8a,1a45e49c-c90e-4694-b397-b9bba9848c41,1625682297794,13.477794,52.4861923,7.5266037,-0.5266793,0.5786247,-1.2253933,in backpack,cyclo cross,False,mixed,mixed
c788515a-89a8-42a5-9546-82bc5a7be065,a5081e76-072e-4bce-9f13-56edced59f8a,7613e6e8-9eb6-40a2-b479-a6c48e0689fc,1625682297844,13.477794,52.4861923,7.5266037,-0.7763791,-0.56558466,-0.29028034,in backpack,cyclo cross,False,mixed,mixed
c788515a-89a8-42a5-9546-82bc5a7be065,a5081e76-072e-4bce-9f13-56edced59f8a,6da92c04-7907-4fc8-b8ee-ca249dffaf59,1625682297895,13.477794,52.4861923,7.5266037,-0.32419968,-1.473968,1.5522313,in backpack,cyclo cross,False,mixed,mixed
c788515a-89a8-42a5-9546-82bc5a7be065,a5081e76-072e-4bce-9f13-56edced59f8a,36cbea66-341f-4347-be4f-c33761b80010,1625682297944,13.477794,52.4861923,7.5266037,0.06314969,-0.9437976,0.8225579,in backpack,cyclo cross,False,mixed,mixed
c788515a-89a8-42a5-9546-82bc5a7be065,a5081e76-072e-4bce-9f13-56edced59f8a,6a4d4e58-ae48-4477-a115-4bd03ba495a2,1625682297994,13.477794,52.4861923,7.5266037,0.57579327,0.03234625,1.1958084,in backpack,cyclo cross,False,mixed,mixed
c788515a-89a8-42a5-9546-82bc5a7be065,a5081e76-072e-4bce-9f13-56edced59f8a,3a2dc69e-24dd-48b4-994a-622461fff81f,1625682298044,13.477794,52.4861923,7.5266037,1.2990749,2.410606,1.6771469,in backpack,cyclo cross,False,mixed,mixed
c788515a-89a8-42a5-9546-82bc5a7be065,a5081e76-072e-4bce-9f13-56edced59f8a,80994058-703a-47c8-9dce-cf2d555a6db3,1625682298095,13.477794,52.4861923,7.5266037,0.25759292,2.6842852,-0.47294188,in backpack,cyclo cross,False,mixed,mixed
c788515a-89a8-42a5-9546-82bc5a7be065,a5081e76-072e-4bce-9f13-56edced59f8a,c8fa0cf9-2ebf-46d9-8db6-ef29fcb37669,1625682298144,13.477794,52.4861923,7.5266037,-0.14320326,1.0773201,-2.1750326,in backpack,cyclo cross,False,mixed,mixed
c788515a-89a8-42a5-9546-82bc5a7be065,a5081e76-072e-4bce-9f13-56edced59f8a,baf3c576-2cae-452b-923a-447fe2180225,1625682298195,13.477794,52.4861923,7.5266037,-0.61278296,-1.5158901,-0.6284437,in backpack,cyclo cross,False,mixed,mixed
c788515a-89a8-42a5-9546-82bc5a7be065,a5081e76-072e-4bce-9f13-56edced59f8a,f6360276-88fb-4de7-8582-178be838e576,1625682298247,13.477794,52.4861923,7.5266037,-0.7892227,-0.89247036,0.11115885,in backpack,cyclo cross,False,mixed,mixed
c788515a-89a8-42a5-9546-82bc5a7be065,a5081e76-072e-4bce-9f13-56edced59f8a,42f14522-49a4-4b4b-8c68-3ac06dce785b,1625682298297,13.477794,52.4861923,7.5266037,-0.13894987,-0.1702733,0.52083015,in backpack,cyclo cross,False,mixed,mixed
c788515a-89a8-42a5-9546-82bc5a7be065,a5081e76-072e-4bce-9f13-56edced59f8a,2f84e509-fc2b-4f32-8ae9-f2e9df025fab,1625682298347,13.477794,52.4861923,7.5266037,0.20345235,0.8818846,1.5136108,in backpack,cyclo cross,False,mixed,mixed
c788515a-89a8-42a5-9546-82bc5a7be065,a5081e76-072e-4bce-9f13-56edced59f8a,5f635e72-977d-4cea-bdb5-ebeeb995ae4a,1625682298397,13.4778573,52.4861282,6.7217617,1.8331218,2.3140879,0.6048269,in backpack,cyclo cross,False,mixed,mixed
c788515a-89a8-42a5-9546-82bc5a7be065,a5081e76-072e-4bce-9f13-56edced59f8a,c1445a55-2bf6-4fea-a0d9-edfe64dddfa3,1625682298447,13.4778573,52.4861282,6.7217617,0.01905322,-0.8256564,-0.47964764,in backpack,cyclo cross,False,mixed,mixed
c788515a-89a8-42a5-9546-82bc5a7be065,a5081e76-072e-4bce-9f13-56edced59f8a,9223002c-1223-4d66-ae18-4d0cd97319c8,1625682298497,13.4778573,52.4861282,6.7217617,0.80101967,-0.9333339,-0.5897112,in backpack,cyclo cross,False,mixed,mixed
c788515a-89a8-42a5-9546-82bc5a7be065,a5081e76-072e-4bce-9f13-56edced59f8a,ce240be0-631d-4e9e-bb3b-fc92f4a7926f,1625682298547,13.4778573,52.4861282,6.7217617,1.0791168,-0.30596972,-0.06086731,in backpack,cyclo cross,False,mixed,mixed
c788515a-89a8-42a5-9546-82bc5a7be065,a5081e76-072e-4bce-9f13-56edced59f8a,525670fe-bf2b-490c-a9b7-d734416ba485,1625682298597,13.4778573,52.4861282,6.7217617,-0.14449024,-0.33386517,0.27932215,in backpack,cyclo cross,False,mixed,mixed
c788515a-89a8-42a5-9546-82bc5a7be065,a5081e76-072e-4bce-9f13-56edced59f8a,3e84395b-c3f2-40f5-aaaa-bdd19e97e9ca,1625682298648,13.4778573,52.4861282,6.7217617,-1.0454807,-0.46147633,-1.117394,in backpack,cyclo cross,False,mixed,mixed
c788515a-89a8-42a5-9546-82bc5a7be065,a5081e76-072e-4bce-9f13-56edced59f8a,1bf9cc32-18ef-4f90-b716-23c504568756,1625682298697,13.4778573,52.4861282,6.7217617,0.16435719,1.0028481,-0.40903473,in backpack,cyclo cross,False,mixed,mixed
c788515a-89a8-42a5-9546-82bc5a7be065,a5081e76-072e-4bce-9f13-56edced59f8a,2d3b4af2-c225-4977-810b-d305354babe8,1625682298748,13.4778573,52.4861282,6.7217617,-0.121619225,0.2292614,0.3495202,in backpack,cyclo cross,False,mixed,mixed
c788515a-89a8-42a5-9546-82bc5a7be065,a5081e76-072e-4bce-9f13-56edced59f8a,3b122c22-6702-492c-b91e-461bd14e1646,1625682298799,13.4778573,52.4861282,6.7217617,-0.6149447,0.45692968,0.51361084,in backpack,cyclo cross,False,mixed,mixed
c788515a-89a8-42a5-9546-82bc5a7be065,a5081e76-072e-4bce-9f13-56edced59f8a,624d0d49-a474-4d9b-94af-73a86d3e9434,1625682298848,13.4778573,52.4861282,6.7217617,-0.23240566,-0.41318464,0.20605803,in backpack,cyclo cross,False,mixed,mixed
c788515a-89a8-42a5-9546-82bc5a7be065,a5081e76-072e-4bce-9f13-56edced59f8a,dcb0b0dd-f9f7-4165-bb21-a7811545e003,1625682298899,13.4778573,52.4861282,6.7217617,-0.3045752,0.1306591,0.43716812,in backpack,cyclo cross,False,mixed,mixed
c788515a-89a8-42a5-9546-82bc5a7be065,a5081e76-072e-4bce-9f13-56edced59f8a,c778fa03-7d38-47d9-931e-d9c7724165ed,1625682298948,13.4778573,52.4861282,6.7217617,-0.021816015,0.91283464,0.49931002,in backpack,cyclo cross,False,mixed,mixed
c788515a-89a8-42a5-9546-82bc5a7be065,a5081e76-072e-4bce-9f13-56edced59f8a,57e56c2a-b756-4a8f-86f8-c1bf996f393e,1625682298998,13.4778573,52.4861282,6.7217617,0.024671316,2.3713722,0.4312663,in backpack,cyclo cross,False,mixed,mixed
c788515a-89a8-42a5-9546-82bc5a7be065,a5081e76-072e-4bce-9f13-56edced59f8a,5daa940b-13c4-43d1-8a2b-167ddd7944c9,1625682299048,13.4778573,52.4861282,6.7217617,-0.39201236,0.46258402,-0.151752,in backpack,cyclo cross,False,mixed,mixed
c788515a-89a8-42a5-9546-82bc5a7be065,a5081e76-072e-4bce-9f13-56edced59f8a,6898573e-ca05-4c8c-9ae1-84903e386882,1625682299098,13.4778573,52.4861282,6.7217617,0.29512835,-0.1363616,-1.3505921,in backpack,cyclo cross,False,mixed,mixed
c788515a-89a8-42a5-9546-82bc5a7be065,a5081e76-072e-4bce-9f13-56edced59f8a,454001da-15da-475b-bd20-c71b92a9ae82,1625682299148,13.4778573,52.4861282,6.7217617,1.1560278,0.17341757,-1.3150444,in backpack,cyclo cross,False,mixed,mixed
c788515a-89a8-42a5-9546-82bc5a7be065,a5081e76-072e-4bce-9f13-56edced59f8a,e3b14c41-2320-4ccb-b7ba-1fea097587cc,1625682299199,13.4778573,52.4861282,6.7217617,-0.7008581,-1.824029,0.37692738,in backpack,cyclo cross,False,mixed,mixed
c788515a-89a8-42a5-9546-82bc5a7be065,a5081e76-072e-4bce-9f13-56edced59f8a,3e761156-e4bc-44c5-894f-c76978f35bc1,1625682299248,13.4778573,52.4861282,6.7217617,-0.6216564,-2.187926,1.4324517,in backpack,cyclo cross,False,mixed,mixed
c788515a-89a8-42a5-9546-82bc5a7be065,a5081e76-072e-4bce-9f13-56edced59f8a,aa6b8344-f0c3-45bd-b65f-bfd67ed56cb3,1625682299299,13.4778573,52.4861282,6.7217617,0.6792145,-0.25878668,2.4639397,in backpack,cyclo cross,False,mixed,mixed
c788515a-89a8-42a5-9546-82bc5a7be065,a5081e76-072e-4bce-9f13-56edced59f8a,e761c726-f9ba-4dbb-94f5-6f8d49e2af3a,1625682299348,13.4778573,52.4861282,6.7217617,1.275856,0.37291718,1.1052079,in backpack,cyclo cross,False,mixed,mixed
c788515a-89a8-42a5-9546-82bc5a7be065,a5081e76-072e-4bce-9f13-56edced59f8a,fdc0e043-e885-4068-bb95-e4366c7aa46d,1625682299398,13.4779185,52.4860676,7.2418127,-2.1225367,-1.3950114,0.7130885,in backpack,cyclo cross,False,mixed,mixed
c788515a-89a8-42a5-9546-82bc5a7be065,a5081e76-072e-4bce-9f13-56edced59f8a,42c7096c-a6ba-4507-9c4f-ea6adcc0dfb4,1625682299449,13.4779185,52.4860676,7.2418127,1.9716549,-0.11458063,-0.06435728,in backpack,cyclo cross,False,mixed,mixed
c788515a-89a8-42a5-9546-82bc5a7be065,a5081e76-072e-4bce-9f13-56edced59f8a,ac721ce9-fcf1-4186-af50-1472e5780557,1625682299498,13.4779185,52.4860676,7.2418127,1.6449475,5.179599,-2.6450472,in backpack,cyclo cross,False,mixed,mixed
c788515a-89a8-42a5-9546-82bc5a7be065,a5081e76-072e-4bce-9f13-56edced59f8a,21dddf0a-4b55-4424-a8bc-c1fa4952e4da,1625682299548,13.4779185,52.4860676,7.2418127,1.2324967,2.1893358,-4.188809,in backpack,cyclo cross,False,mixed,mixed
c788515a-89a8-42a5-9546-82bc5a7be065,a5081e76-072e-4bce-9f13-56edced59f8a,5f6825a4-7201-4541-a981-da2b0b7b8b8e,1625682299598,13.4779185,52.4860676,7.2418127,-3.6034968,-4.5759435,0.7877469,in backpack,cyclo cross,False,mixed,mixed
c788515a-89a8-42a5-9546-82bc5a7be065,a5081e76-072e-4bce-9f13-56edced59f8a,efa25873-bc41-4bcd-bd35-f4d04d1744ab,1625682299648,13.4779185,52.4860676,7.2418127,-3.3404922,-3.5761325,1.9494863,in backpack,cyclo cross,False,mixed,mixed
c788515a-89a8-42a5-9546-82bc5a7be065,a5081e76-072e-4bce-9f13-56edced59f8a,8412164d-af41-4bc1-8730-668f4e7ac8d2,1625682299698,13.4779185,52.4860676,7.2418127,1.2938828,1.777997,3.5002007,in backpack,cyclo cross,False,mixed,mixed
c788515a-89a8-42a5-9546-82bc5a7be065,a5081e76-072e-4bce-9f13-56edced59f8a,67bac133-6a14-47b2-8ba3-bb39e5362af0,1625682299749,13.4779185,52.4860676,7.2418127,4.374566,6.491338,4.0870333,in backpack,cyclo cross,False,mixed,mixed
c788515a-89a8-42a5-9546-82bc5a7be065,a5081e76-072e-4bce-9f13-56edced59f8a,1be6e46f-6a95-4fd1-b78a-c7bf0bfa0d68,1625682299799,13.4779185,52.4860676,7.2418127,-0.7667366,2.0537858,0.56401014,in backpack,cyclo cross,False,mixed,mixed
c788515a-89a8-42a5-9546-82bc5a7be065,a5081e76-072e-4bce-9f13-56edced59f8a,5e8e33f8-5228-4878-bc01-1c870a3007bc,1625682299850,13.4779185,52.4860676,7.2418127,-0.81090105,0.33439827,-2.7672968,in backpack,cyclo cross,False,mixed,mixed
c788515a-89a8-42a5-9546-82bc5a7be065,a5081e76-072e-4bce-9f13-56edced59f8a,4c0215f2-9347-4af9-a27b-a7aee9df5262,1625682299900,13.4779185,52.4860676,7.2418127,-0.32688737,-1.5906737,-0.3711686,in backpack,cyclo cross,False,mixed,mixed
c788515a-89a8-42a5-9546-82bc5a7be065,a5081e76-072e-4bce-9f13-56edced59f8a,3aa71a4b-384e-467a-a5d3-87035e04f54c,1625682299951,13.4779185,52.4860676,7.2418127,-1.9887697,-2.735843,0.9822073,in backpack,cyclo cross,False,mixed,mixed
c788515a-89a8-42a5-9546-82bc5a7be065,a5081e76-072e-4bce-9f13-56edced59f8a,4620d224-2b4e-4b7e-88d6-d88da35a54dc,1625682300001,13.4779185,52.4860676,7.2418127,0.49855518,1.7014046,0.22816849,in backpack,cyclo cross,False,mixed,mixed
c788515a-89a8-42a5-9546-82bc5a7be065,a5081e76-072e-4bce-9f13-56edced59f8a,507cca95-4b8a-41f0-92f9-770c8923e5d3,1625682300052,13.4779185,52.4860676,7.2418127,0.86979437,4.013464,-0.7479515,in backpack,cyclo cross,False,mixed,mixed
c788515a-89a8-42a5-9546-82bc5a7be065,a5081e76-072e-4bce-9f13-56edced59f8a,864f2154-751e-4a56-86be-eef984e7b340,1625682300102,13.4779185,52.4860676,7.2418127,-0.373374,-0.61196804,-1.0782151,in backpack,cyclo cross,False,mixed,mixed
c788515a-89a8-42a5-9546-82bc5a7be065,a5081e76-072e-4bce-9f13-56edced59f8a,1c4c442b-a260-482d-9ba1-774aaada0a52,1625682300151,13.4779185,52.4860676,7.2418127,1.0496235,-0.41654253,0.2313466,in backpack,cyclo cross,False,mixed,mixed
c788515a-89a8-42a5-9546-82bc5a7be065,a5081e76-072e-4bce-9f13-56edced59f8a,5d370f32-20af-43ac-8a19-367e38982ea6,1625682300201,13.4779185,52.4860676,7.2418127,1.0789871,-0.08734274,0.2611475,in backpack,cyclo cross,False,mixed,mixed
c788515a-89a8-42a5-9546-82bc5a7be065,a5081e76-072e-4bce-9f13-56edced59f8a,0373c40c-e45c-4eb9-b3f5-11b291135970,1625682300252,13.4779185,52.4860676,7.2418127,1.1999235,0.8133702,-1.0658355,in backpack,cyclo cross,False,mixed,mixed
c788515a-89a8-42a5-9546-82bc5a7be065,a5081e76-072e-4bce-9f13-56edced59f8a,32be7bc8-262d-4908-a8d4-c5f9266d9d7f,1625682300302,13.4779185,52.4860676,7.2418127,-0.099901676,-0.63165617,0.060195923,in backpack,cyclo cross,False,mixed,mixed
c788515a-89a8-42a5-9546-82bc5a7be065,a5081e76-072e-4bce-9f13-56edced59f8a,0a60d9b5-573a-4ea8-8eb3-30cc0d2439f4,1625682300354,13.4779185,52.4860676,7.2418127,-0.6271918,-0.9321952,-0.13351774,in backpack,cyclo cross,False,mixed,mixed
c788515a-89a8-42a5-9546-82bc5a7be065,a5081e76-072e-4bce-9f13-56edced59f8a,24cea3b2-1499-47d5-ac06-c7b1e6f5a901,1625682300404,13.4779185,52.4860676,7.2418127,-0.2722957,0.9694514,0.42972612,in backpack,cyclo cross,False,mixed,mixed
c788515a-89a8-42a5-9546-82bc5a7be065,a5081e76-072e-4bce-9f13-56edced59f8a,5296e522-5642-4262-b2b8-f83f741ba846,1625682300454,13.4779798,52.4860022,7.2096796,-0.21604538,0.3122053,-0.48091412,in backpack,cyclo cross,False,mixed,mixed
c788515a-89a8-42a5-9546-82bc5a7be065,a5081e76-072e-4bce-9f13-56edced59f8a,296036bf-6c3a-434a-95a4-9ec89b9d3e69,1625682300504,13.4779798,52.4860022,7.2096796,-0.32284784,0.10558605,-0.60317993,in backpack,cyclo cross,False,mixed,mixed
c788515a-89a8-42a5-9546-82bc5a7be065,a5081e76-072e-4bce-9f13-56edced59f8a,e1f268d8-c7b7-4266-a859-114a0f8ccc9e,1625682300555,13.4779798,52.4860022,7.2096796,0.9061539,0.0506773,0.0010786057,in backpack,cyclo cross,False,mixed,mixed
c788515a-89a8-42a5-9546-82bc5a7be065,a5081e76-072e-4bce-9f13-56edced59f8a,44f82e05-368d-4ccc-84a9-a78fd6d54cb2,1625682300605,13.4779798,52.4860022,7.2096796,0.027407885,-2.3332071,0.59872293,in backpack,cyclo cross,False,mixed,mixed
c788515a-89a8-42a5-9546-82bc5a7be065,a5081e76-072e-4bce-9f13-56edced59f8a,88dc5ac7-8eac-4cbb-ae84-6dd24658ef10,1625682300654,13.4779798,52.4860022,7.2096796,0.59530354,-0.77399874,1.4068341,in backpack,cyclo cross,False,mixed,mixed
c788515a-89a8-42a5-9546-82bc5a7be065,a5081e76-072e-4bce-9f13-56edced59f8a,748189dc-7ac6-462e-aedb-0653e94e8483,1625682300705,13.4779798,52.4860022,7.2096796,0.88541317,1.7501698,2.1406891,in backpack,cyclo cross,False,mixed,mixed
c788515a-89a8-42a5-9546-82bc5a7be065,a5081e76-072e-4bce-9f13-56edced59f8a,91f38b90-28bd-497a-971b-3a2673dafee1,1625682300755,13.4779798,52.4860022,7.2096796,-0.7463198,0.8548198,0.7141452,in backpack,cyclo cross,False,mixed,mixed
c788515a-89a8-42a5-9546-82bc5a7be065,a5081e76-072e-4bce-9f13-56edced59f8a,07148137-c9bb-486c-a822-42bd4a629051,1625682300805,13.4779798,52.4860022,7.2096796,-0.86592364,0.5578327,-0.5188875,in backpack,cyclo cross,False,mixed,mixed
c788515a-89a8-42a5-9546-82bc5a7be065,a5081e76-072e-4bce-9f13-56edced59f8a,d6e81047-c1b8-403d-bc3d-2c0d1626bace,1625682300855,13.4779798,52.4860022,7.2096796,0.23833513,0.88447857,-1.3302488,in backpack,cyclo cross,False,mixed,mixed
c788515a-89a8-42a5-9546-82bc5a7be065,a5081e76-072e-4bce-9f13-56edced59f8a,cf178afe-9bb7-4507-893f-2cf567ca64e8,1625682300905,13.4779798,52.4860022,7.2096796,0.58894205,0.052749634,-2.3268456,in backpack,cyclo cross,False,mixed,mixed
c788515a-89a8-42a5-9546-82bc5a7be065,a5081e76-072e-4bce-9f13-56edced59f8a,ce2d0722-1029-4bf4-b180-7d50541b5e7b,1625682300956,13.4779798,52.4860022,7.2096796,-0.36625028,-1.6563087,0.1091671,in backpack,cyclo cross,False,mixed,mixed
c788515a-89a8-42a5-9546-82bc5a7be065,a5081e76-072e-4bce-9f13-56edced59f8a,a19e006d-764b-42ae-83f7-c47eabad4d37,1625682301005,13.4779798,52.4860022,7.2096796,0.6112237,-0.55794287,1.03088,in backpack,cyclo cross,False,mixed,mixed
c788515a-89a8-42a5-9546-82bc5a7be065,a5081e76-072e-4bce-9f13-56edced59f8a,e181dc19-0b12-4c89-835c-e8cff86d7dc9,1625682301056,13.4779798,52.4860022,7.2096796,1.4664164,1.5480552,0.9534211,in backpack,cyclo cross,False,mixed,mixed
c788515a-89a8-42a5-9546-82bc5a7be065,a5081e76-072e-4bce-9f13-56edced59f8a,7f5cc98e-3163-4347-b9dc-5fda95946cb7,1625682301107,13.4779798,52.4860022,7.2096796,-0.0629673,-0.18854761,-0.57662725,in backpack,cyclo cross,False,mixed,mixed
c788515a-89a8-42a5-9546-82bc5a7be065,a5081e76-072e-4bce-9f13-56edced59f8a,d7dae709-71ba-486c-9d9d-36f62e4add2e,1625682301157,13.4779798,52.4860022,7.2096796,0.25182104,-0.91816807,-0.48455954,in backpack,cyclo cross,False,mixed,mixed
c788515a-89a8-42a5-9546-82bc5a7be065,a5081e76-072e-4bce-9f13-56edced59f8a,68aa3bcc-e707-4349-a8dd-9c9735e130bb,1625682301207,13.4779798,52.4860022,7.2096796,3.07765,0.44833136,0.24494457,in backpack,cyclo cross,False,mixed,mixed
c788515a-89a8-42a5-9546-82bc5a7be065,a5081e76-072e-4bce-9f13-56edced59f8a,b830fbb2-092a-401b-934a-66e22d9afc91,1625682301257,13.4779798,52.4860022,7.2096796,1.0766997,-0.5040355,0.03933716,in backpack,cyclo cross,False,mixed,mixed
c788515a-89a8-42a5-9546-82bc5a7be065,a5081e76-072e-4bce-9f13-56edced59f8a,6a3bc953-8451-457c-a0ad-e77e9db5ba9a,1625682301308,13.4779798,52.4860022,7.2096796,-0.6929209,-1.1350107,-1.2903771,in backpack,cyclo cross,False,mixed,mixed
c788515a-89a8-42a5-9546-82bc5a7be065,a5081e76-072e-4bce-9f13-56edced59f8a,f1e703a7-6433-4cda-8c5b-7ffb175f31c0,1625682301358,13.4779798,52.4860022,7.2096796,-1.5100876,-1.0366764,-0.45385075,in backpack,cyclo cross,False,mixed,mixed
c788515a-89a8-42a5-9546-82bc5a7be065,a5081e76-072e-4bce-9f13-56edced59f8a,81aa6461-7dd5-433f-ac80-86429399d1f7,1625682301408,13.478033,52.4859418,6.8992844,-0.94188404,-0.52956724,0.5769925,in backpack,cyclo cross,False,mixed,mixed
c788515a-89a8-42a5-9546-82bc5a7be065,a5081e76-072e-4bce-9f13-56edced59f8a,0e6c4fe6-9caf-4665-8649-7e79a1bf04e9,1625682301458,13.478033,52.4859418,6.8992844,-0.8606255,-0.20350504,1.7496395,in backpack,cyclo cross,False,mixed,mixed
c788515a-89a8-42a5-9546-82bc5a7be065,a5081e76-072e-4bce-9f13-56edced59f8a,8c2e157b-6356-4dfa-ac14-24977842505d,1625682301508,13.478033,52.4859418,6.8992844,0.91033936,1.1049204,1.9706907,in backpack,cyclo cross,False,mixed,mixed
c788515a-89a8-42a5-9546-82bc5a7be065,a5081e76-072e-4bce-9f13-56edced59f8a,82b1cad8-972d-4f7d-a647-0495bc4e1ff7,1625682301558,13.478033,52.4859418,6.8992844,1.125812,1.6844358,1.1397033,in backpack,cyclo cross,False,mixed,mixed
c788515a-89a8-42a5-9546-82bc5a7be065,a5081e76-072e-4bce-9f13-56edced59f8a,1cfa4554-8a66-4d31-be91-99f30ed73eb5,1625682301608,13.478033,52.4859418,6.8992844,-0.20272136,-0.6850815,0.7089529,in backpack,cyclo cross,False,mixed,mixed
c788515a-89a8-42a5-9546-82bc5a7be065,a5081e76-072e-4bce-9f13-56edced59f8a,6d15c81e-7be9-4a89-897a-9203efc41f40,1625682301659,13.478033,52.4859418,6.8992844,-0.531234,-0.50511885,0.2877941,in backpack,cyclo cross,False,mixed,mixed
c788515a-89a8-42a5-9546-82bc5a7be065,a5081e76-072e-4bce-9f13-56edced59f8a,1f100397-e1cc-4e9a-ba14-f3fe6309852d,1625682301709,13.478033,52.4859418,6.8992844,0.4206004,1.0869641,-0.25583076,in backpack,cyclo cross,False,mixed,mixed
c788515a-89a8-42a5-9546-82bc5a7be065,a5081e76-072e-4bce-9f13-56edced59f8a,6fa87625-5946-4b93-ae75-cd99487973f4,1625682301759,13.478033,52.4859418,6.8992844,-0.2341218,-0.12310505,-1.0282612,in backpack,cyclo cross,False,mixed,mixed
c788515a-89a8-42a5-9546-82bc5a7be065,a5081e76-072e-4bce-9f13-56edced59f8a,8c6761fb-6b96-4a8b-bec9-33fa7d925ff4,1625682301809,13.478033,52.4859418,6.8992844,-0.24234152,0.980865,-1.5247688,in backpack,cyclo cross,False,mixed,mixed
c788515a-89a8-42a5-9546-82bc5a7be065,a5081e76-072e-4bce-9f13-56edced59f8a,b932c8fc-0d2a-47ad-a3c7-7ab89feeb411,1625682301859,13.478033,52.4859418,6.8992844,0.61261415,0.06907463,-0.5207844,in backpack,cyclo cross,False,mixed,mixed
c788515a-89a8-42a5-9546-82bc5a7be065,a5081e76-072e-4bce-9f13-56edced59f8a,2fc73a53-875a-48cc-ab4f-a2ce757e1309,1625682301910,13.478033,52.4859418,6.8992844,-0.031615734,-1.022603,0.24599457,in backpack,cyclo cross,False,mixed,mixed
c788515a-89a8-42a5-9546-82bc5a7be065,a5081e76-072e-4bce-9f13-56edced59f8a,a5d5fcb8-7064-499c-b5eb-a9c123bde45d,1625682301960,13.478033,52.4859418,6.8992844,-0.10386872,-0.851861,1.2933061,in backpack,cyclo cross,False,mixed,mixed
c788515a-89a8-42a5-9546-82bc5a7be065,a5081e76-072e-4bce-9f13-56edced59f8a,ccdb27c1-4faf-46e1-bbe1-dd3f7fd64233,1625682302010,13.478033,52.4859418,6.8992844,1.5442872,0.13204145,1.2630625,in backpack,cyclo cross,False,mixed,mixed
c788515a-89a8-42a5-9546-82bc5a7be065,a5081e76-072e-4bce-9f13-56edced59f8a,b706c2da-fadf-48f8-ab0a-5264f639b352,1625682302061,13.478033,52.4859418,6.8992844,0.5254388,0.40133238,0.102211,in backpack,cyclo cross,False,mixed,mixed
c788515a-89a8-42a5-9546-82bc5a7be065,a5081e76-072e-4bce-9f13-56edced59f8a,3b39f0fb-0f8e-4f41-93b8-6d9b66e2df4a,1625682302111,13.478033,52.4859418,6.8992844,0.75674343,0.73458624,-0.68062687,in backpack,cyclo cross,False,mixed,mixed
c788515a-89a8-42a5-9546-82bc5a7be065,a5081e76-072e-4bce-9f13-56edced59f8a,8002faaf-5533-4ed7-aa28-f61e92136048,1625682302162,13.478033,52.4859418,6.8992844,-0.14287972,-1.0517268,-0.7014737,in backpack,cyclo cross,False,mixed,mixed
c788515a-89a8-42a5-9546-82bc5a7be065,a5081e76-072e-4bce-9f13-56edced59f8a,167074f6-3f13-4f89-a711-fde57b6ba25c,1625682302213,13.478033,52.4859418,6.8992844,-1.3376873,-0.6211066,-1.0986929,in backpack,cyclo cross,False,mixed,mixed
c788515a-89a8-42a5-9546-82bc5a7be065,a5081e76-072e-4bce-9f13-56edced59f8a,bc713150-b1b3-4138-bf9d-c3031a23f2a0,1625682302263,13.478033,52.4859418,6.8992844,-0.58266115,-0.5092225,-1.0817113,in backpack,cyclo cross,False,mixed,mixed
c788515a-89a8-42a5-9546-82bc5a7be065,a5081e76-072e-4bce-9f13-56edced59f8a,882a7bd3-954f-49de-b8df-963f3b85e135,1625682302313,13.478033,52.4859418,6.8992844,-0.10209322,-0.36565447,-0.13371754,in backpack,cyclo cross,False,mixed,mixed
c788515a-89a8-42a5-9546-82bc5a7be065,a5081e76-072e-4bce-9f13-56edced59f8a,426de7cd-2744-42ed-a8ad-61c0cb5a7862,1625682302364,13.478033,52.4859418,6.8992844,1.3686771,2.2662425,1.2721171,in backpack,cyclo cross,False,mixed,mixed
c788515a-89a8-42a5-9546-82bc5a7be065,a5081e76-072e-4bce-9f13-56edced59f8a,d5b64a72-38b4-4ae6-baed-4936eb669920,1625682302415,13.4780918,52.4858819,7.1830487,1.4033599,2.2329383,1.2509809,in backpack,cyclo cross,False,mixed,mixed
c788515a-89a8-42a5-9546-82bc5a7be065,a5081e76-072e-4bce-9f13-56edced59f8a,8dff1c1a-783f-4a4e-b8f1-068db9c663d3,1625682302465,13.4780918,52.4858819,7.1830487,-0.79885125,-0.5624361,-0.31083822,in backpack,cyclo cross,False,mixed,mixed
c788515a-89a8-42a5-9546-82bc5a7be065,a5081e76-072e-4bce-9f13-56edced59f8a,ceef3b87-e7ff-46bc-9471-4d71f4a6d0d0,1625682302516,13.4780918,52.4858819,7.1830487,-2.113617,-2.7104456,-0.07329559,in backpack,cyclo cross,False,mixed,mixed
c788515a-89a8-42a5-9546-82bc5a7be065,a5081e76-072e-4bce-9f13-56edced59f8a,1db5169e-d32d-4a12-9b79-fca53573ab6f,1625682302565,13.4780918,52.4858819,7.1830487,-0.5643182,-0.8447046,1.2991266,in backpack,cyclo cross,False,mixed,mixed
c788515a-89a8-42a5-9546-82bc5a7be065,a5081e76-072e-4bce-9f13-56edced59f8a,6d6b9c42-fd44-4de1-a2ac-079359562c7f,1625682302616,13.4780918,52.4858819,7.1830487,0.52787066,2.325327,1.9466062,in backpack,cyclo cross,False,mixed,mixed
c788515a-89a8-42a5-9546-82bc5a7be065,a5081e76-072e-4bce-9f13-56edced59f8a,20396881-d07d-4726-be59-e45fffd61271,1625682302666,13.4780918,52.4858819,7.1830487,1.1551929,4.52209,-2.0750122,in backpack,cyclo cross,False,mixed,mixed
c788515a-89a8-42a5-9546-82bc5a7be065,a5081e76-072e-4bce-9f13-56edced59f8a,4faa79b4-9682-4ab1-9e17-78d0464c3fbb,1625682302717,13.4780918,52.4858819,7.1830487,-1.2684822,-1.558167,-2.5238776,in backpack,cyclo cross,False,mixed,mixed
c788515a-89a8-42a5-9546-82bc5a7be065,a5081e76-072e-4bce-9f13-56edced59f8a,fcad66c1-cfe3-489a-921e-1d3d11bf9ea7,1625682302767,13.4780918,52.4858819,7.1830487,-0.48080373,-2.6614602,0.40144587,in backpack,cyclo cross,False,mixed,mixed
c788515a-89a8-42a5-9546-82bc5a7be065,a5081e76-072e-4bce-9f13-56edced59f8a,13cf85e3-b763-406d-ac0a-452155318b38,1625682302818,13.4780918,52.4858819,7.1830487,1.2038403,0.7318783,2.6465402,in backpack,cyclo cross,False,mixed,mixed
c788515a-89a8-42a5-9546-82bc5a7be065,a5081e76-072e-4bce-9f13-56edced59f8a,088ca9dc-7d8f-484e-b111-9180458894a3,1625682302867,13.4780918,52.4858819,7.1830487,0.7245517,0.44627905,1.5684419,in backpack,cyclo cross,False,mixed,mixed
c788515a-89a8-42a5-9546-82bc5a7be065,a5081e76-072e-4bce-9f13-56edced59f8a,e20dd254-d50f-495f-8f9a-aeb6d37cc886,1625682302917,13.4780918,52.4858819,7.1830487,-0.11942148,-0.32914543,0.121986866,in backpack,cyclo cross,False,mixed,mixed
c788515a-89a8-42a5-9546-82bc5a7be065,a5081e76-072e-4bce-9f13-56edced59f8a,7c2c2e67-7af2-4f28-9087-1edaf5d8a10a,1625682302967,13.4780918,52.4858819,7.1830487,0.65402126,1.6372108,-0.86550903,in backpack,cyclo cross,False,mixed,mixed
c788515a-89a8-42a5-9546-82bc5a7be065,a5081e76-072e-4bce-9f13-56edced59f8a,2e02ada8-19aa-41e3-9fdc-1a66ec233342,1625682303018,13.4780918,52.4858819,7.1830487,0.09672785,-1.5855827,0.7318096,in backpack,cyclo cross,False,mixed,mixed
c788515a-89a8-42a5-9546-82bc5a7be065,a5081e76-072e-4bce-9f13-56edced59f8a,dc2ed6d0-51e1-44a5-8656-c89c6bac5afb,1625682303068,13.4780918,52.4858819,7.1830487,-1.1593711,-3.2667634,-0.22491598,in backpack,cyclo cross,False,mixed,mixed
c788515a-89a8-42a5-9546-82bc5a7be065,a5081e76-072e-4bce-9f13-56edced59f8a,029eab37-a0da-401b-8d9e-1368ddf1bc3b,1625682303117,13.4780918,52.4858819,7.1830487,-1.3581388,2.3901248,-0.36675453,in backpack,cyclo cross,False,mixed,mixed
c788515a-89a8-42a5-9546-82bc5a7be065,a5081e76-072e-4bce-9f13-56edced59f8a,54ab19e6-c9c4-49b2-a9ae-7fd6f1327ed2,1625682303168,13.4780918,52.4858819,7.1830487,0.15416193,1.7280254,-0.3564005,in backpack,cyclo cross,False,mixed,mixed
c788515a-89a8-42a5-9546-82bc5a7be065,a5081e76-072e-4bce-9f13-56edced59f8a,e87a0761-93a7-4b26-80dd-8b0be3adc736,1625682303218,13.4780918,52.4858819,7.1830487,-1.4359837,0.81453466,0.20873165,in backpack,cyclo cross,False,mixed,mixed
c788515a-89a8-42a5-9546-82bc5a7be065,a5081e76-072e-4bce-9f13-56edced59f8a,1358b000-7a4a-48c4-b192-b4d4526f87d3,1625682303269,13.4780918,52.4858819,7.1830487,0.7381606,2.7455988,1.5551972,in backpack,cyclo cross,False,mixed,mixed
c788515a-89a8-42a5-9546-82bc5a7be065,a5081e76-072e-4bce-9f13-56edced59f8a,c26ffce1-e639-43e7-853e-dfd0460552b6,1625682303318,13.4780918,52.4858819,7.1830487,0.4026904,1.3250637,1.2618146,in backpack,cyclo cross,False,mixed,mixed
c788515a-89a8-42a5-9546-82bc5a7be065,a5081e76-072e-4bce-9f13-56edced59f8a,a7472a25-ee8f-4f5c-a585-df62004e23a0,1625682303370,13.4780918,52.4858819,7.1830487,-1.7344832,0.12283754,0.81225157,in backpack,cyclo cross,False,mixed,mixed
c788515a-89a8-42a5-9546-82bc5a7be065,a5081e76-072e-4bce-9f13-56edced59f8a,f0253e01-46b4-4105-a88f-e9ba5bc0ad2c,1625682303419,13.4781625,52.4858293,6.6361775,-1.8270743,0.5598197,1.1497617,in backpack,cyclo cross,False,mixed,mixed
c788515a-89a8-42a5-9546-82bc5a7be065,a5081e76-072e-4bce-9f13-56edced59f8a,dd8d64fd-8272-4044-9a7a-c5b34821dc91,1625682303469,13.4781625,52.4858293,6.6361775,-0.35941172,2.2245502,0.9986892,in backpack,cyclo cross,False,mixed,mixed
c788515a-89a8-42a5-9546-82bc5a7be065,a5081e76-072e-4bce-9f13-56edced59f8a,77f15050-835c-4324-a7d3-0b301f55a276,1625682303520,13.4781625,52.4858293,6.6361775,-0.7891967,1.37399,0.13403654,in backpack,cyclo cross,False,mixed,mixed
c788515a-89a8-42a5-9546-82bc5a7be065,a5081e76-072e-4bce-9f13-56edced59f8a,318b91d3-8c5f-4f88-a587-9aa739971e63,1625682303570,13.4781625,52.4858293,6.6361775,-0.67771053,0.7053561,-0.96745825,in backpack,cyclo cross,False,mixed,mixed
c788515a-89a8-42a5-9546-82bc5a7be065,a5081e76-072e-4bce-9f13-56edced59f8a,f2af54aa-0c8c-4ed8-959c-498577e6ac13,1625682303619,13.4781625,52.4858293,6.6361775,-0.26809978,-0.21756554,-0.6078787,in backpack,cyclo cross,False,mixed,mixed
c788515a-89a8-42a5-9546-82bc5a7be065,a5081e76-072e-4bce-9f13-56edced59f8a,2bfe10ed-2f48-4516-9f0b-47ae25276115,1625682303670,13.4781625,52.4858293,6.6361775,-0.29993296,-1.0220699,0.46707106,in backpack,cyclo cross,False,mixed,mixed
c788515a-89a8-42a5-9546-82bc5a7be065,a5081e76-072e-4bce-9f13-56edced59f8a,7300c5e5-d4c4-4c3f-9219-a3e4bf17ee66,1625682303720,13.4781625,52.4858293,6.6361775,-0.3145311,-0.027565956,0.95894957,in backpack,cyclo cross,False,mixed,mixed
c788515a-89a8-42a5-9546-82bc5a7be065,a5081e76-072e-4bce-9f13-56edced59f8a,11bb0646-4107-47e1-9810-6c4e7ea1ecb4,1625682303771,13.4781625,52.4858293,6.6361775,0.4570923,0.9386411,1.1593137,in backpack,cyclo cross,False,mixed,mixed
c788515a-89a8-42a5-9546-82bc5a7be065,a5081e76-072e-4bce-9f13-56edced59f8a,181ffa1e-dd6a-4e51-9258-9efee375a709,1625682303821,13.4781625,52.4858293,6.6361775,0.47865915,0.45812368,0.37784243,in backpack,cyclo cross,False,mixed,mixed
c788515a-89a8-42a5-9546-82bc5a7be065,a5081e76-072e-4bce-9f13-56edced59f8a,546180cd-a0b1-4487-8ff3-29f0fa797744,1625682303871,13.4781625,52.4858293,6.6361775,0.85618305,1.0174847,-0.24016857,in backpack,cyclo cross,False,mixed,mixed
c788515a-89a8-42a5-9546-82bc5a7be065,a5081e76-072e-4bce-9f13-56edced59f8a,d095ac67-9a23-4409-b1b4-fc983bdaf0b5,1625682303922,13.4781625,52.4858293,6.6361775,0.8961282,0.43865442,-0.29542685,in backpack,cyclo cross,False,mixed,mixed
c788515a-89a8-42a5-9546-82bc5a7be065,a5081e76-072e-4bce-9f13-56edced59f8a,3177affd-a280-4b3b-82b2-7f45e873d798,1625682303972,13.4781625,52.4858293,6.6361775,-0.70013714,-0.5983329,-1.1513987,in backpack,cyclo cross,False,mixed,mixed
c788515a-89a8-42a5-9546-82bc5a7be065,a5081e76-072e-4bce-9f13-56edced59f8a,2184020f-0a04-47a1-9c30-6b50c3fcc25e,1625682304022,13.4781625,52.4858293,6.6361775,-1.4586718,-1.41851,-0.80230474,in backpack,cyclo cross,False,mixed,mixed
c788515a-89a8-42a5-9546-82bc5a7be065,a5081e76-072e-4bce-9f13-56edced59f8a,c703eebc-cf78-4af8-b182-1f4f16e8d092,1625682304073,13.4781625,52.4858293,6.6361775,-0.8012998,-0.2226181,1.2171159,in backpack,cyclo cross,False,mixed,mixed
c788515a-89a8-42a5-9546-82bc5a7be065,a5081e76-072e-4bce-9f13-56edced59f8a,98395683-44da-4e9c-b985-fb55e9f24394,1625682304123,13.4781625,52.4858293,6.6361775,-0.65336204,1.6090302,2.1114364,in backpack,cyclo cross,False,mixed,mixed
c788515a-89a8-42a5-9546-82bc5a7be065,a5081e76-072e-4bce-9f13-56edced59f8a,bffd2189-11dc-496d-aaf7-0036010d6b68,1625682304174,13.4781625,52.4858293,6.6361775,0.54482174,2.4609761,1.7986784,in backpack,cyclo cross,False,mixed,mixed
c788515a-89a8-42a5-9546-82bc5a7be065,a5081e76-072e-4bce-9f13-56edced59f8a,3f1993ec-ada3-46b5-8919-8b30c1916a1a,1625682304223,13.4781625,52.4858293,6.6361775,1.0299368,1.5624156,0.65015125,in backpack,cyclo cross,False,mixed,mixed
c788515a-89a8-42a5-9546-82bc5a7be065,a5081e76-072e-4bce-9f13-56edced59f8a,bbd5b0b1-0961-4c2e-85c1-bf0febcbb4ac,1625682304274,13.4781625,52.4858293,6.6361775,0.69744945,-0.22772312,-0.86665297,in backpack,cyclo cross,False,mixed,mixed
c788515a-89a8-42a5-9546-82bc5a7be065,a5081e76-072e-4bce-9f13-56edced59f8a,bd666973-250f-4366-9f66-40c74e3d6084,1625682304324,13.4781625,52.4858293,6.6361775,-0.61141646,-2.2821865,-0.089672565,in backpack,cyclo cross,False,mixed,mixed
c788515a-89a8-42a5-9546-82bc5a7be065,a5081e76-072e-4bce-9f13-56edced59f8a,a784ca35-5576-4d5c-9108-0ad1ed8166da,1625682304373,13.4781625,52.4858293,6.6361775,-0.50926757,-1.1069641,0.59373,in backpack,cyclo cross,False,mixed,mixed
c788515a-89a8-42a5-9546-82bc5a7be065,a5081e76-072e-4bce-9f13-56edced59f8a,4ef181f7-7b3c-4e42-8928-00641b340710,1625682304423,13.478234,52.4857831,6.687288,0.5014968,2.5230312,0.5358076,in backpack,cyclo cross,False,mixed,mixed
c788515a-89a8-42a5-9546-82bc5a7be065,a5081e76-072e-4bce-9f13-56edced59f8a,82ba809f-3ca1-4218-9ce4-300e03687879,1625682304473,13.478234,52.4857831,6.687288,-0.53988814,1.2633176,-2.3554783,in backpack,cyclo cross,False,mixed,mixed
c788515a-89a8-42a5-9546-82bc5a7be065,a5081e76-072e-4bce-9f13-56edced59f8a,ed388f23-934e-46bb-87ff-1822e88c98d7,1625682304524,13.478234,52.4857831,6.687288,-0.67458797,-2.4125698,-0.3497305,in backpack,cyclo cross,False,mixed,mixed
c788515a-89a8-42a5-9546-82bc5a7be065,a5081e76-072e-4bce-9f13-56edced59f8a,81f0392e-f2e3-47c0-bb14-27b94d9549a7,1625682304574,13.478234,52.4857831,6.687288,1.6278684,-0.95372677,0.64710283,in backpack,cyclo cross,False,mixed,mixed
c788515a-89a8-42a5-9546-82bc5a7be065,a5081e76-072e-4bce-9f13-56edced59f8a,f27c0445-747d-42aa-9875-13a1c20aeb4e,1625682304625,13.478234,52.4857831,6.687288,0.7568557,-0.13648224,1.1811647,in backpack,cyclo cross,False,mixed,mixed
c788515a-89a8-42a5-9546-82bc5a7be065,a5081e76-072e-4bce-9f13-56edced59f8a,f8a45ed3-ea67-41cb-b624-c928e1331ccc,1625682304675,13.478234,52.4857831,6.687288,0.8297472,-1.428113,0.78148985,in backpack,cyclo cross,False,mixed,mixed
c788515a-89a8-42a5-9546-82bc5a7be065,a5081e76-072e-4bce-9f13-56edced59f8a,f299df2d-abff-402f-ab3b-7b99d32ff4b1,1625682304726,13.478234,52.4857831,6.687288,1.8526316,1.1272049,0.7225599,in backpack,cyclo cross,False,mixed,mixed
c788515a-89a8-42a5-9546-82bc5a7be065,a5081e76-072e-4bce-9f13-56edced59f8a,76d708d5-5863-4fbc-a4af-c1d08a9faffb,1625682304777,13.478234,52.4857831,6.687288,0.96402264,0.5952935,-0.289124,in backpack,cyclo cross,False,mixed,mixed
c788515a-89a8-42a5-9546-82bc5a7be065,a5081e76-072e-4bce-9f13-56edced59f8a,f5c005e8-02a7-4639-bb25-d771b9e9d721,1625682304828,13.478234,52.4857831,6.687288,-0.95607483,-1.5735664,-0.7286196,in backpack,cyclo cross,False,mixed,mixed
c788515a-89a8-42a5-9546-82bc5a7be065,a5081e76-072e-4bce-9f13-56edced59f8a,d2b05549-3820-43f8-8025-163e50b313dd,1625682304877,13.478234,52.4857831,6.687288,-1.3567244,-1.2322078,-1.5921917,in backpack,cyclo cross,False,mixed,mixed
c788515a-89a8-42a5-9546-82bc5a7be065,a5081e76-072e-4bce-9f13-56edced59f8a,a2297662-daac-452d-ba79-a1df1a623fa6,1625682304928,13.478234,52.4857831,6.687288,-0.18910265,0.7897148,-0.24962854,in backpack,cyclo cross,False,mixed,mixed
c788515a-89a8-42a5-9546-82bc5a7be065,a5081e76-072e-4bce-9f13-56edced59f8a,104aa289-4316-410b-8f3e-016322d88320,1625682304979,13.478234,52.4857831,6.687288,0.08475304,0.96043825,0.43358374,in backpack,cyclo cross,False,mixed,mixed
c788515a-89a8-42a5-9546-82bc5a7be065,a5081e76-072e-4bce-9f13-56edced59f8a,f4cc2191-dfa7-49cd-9205-f6ab99906ea6,1625682305030,13.478234,52.4857831,6.687288,0.46403718,1.237608,0.9543228,in backpack,cyclo cross,False,mixed,mixed
c788515a-89a8-42a5-9546-82bc5a7be065,a5081e76-072e-4bce-9f13-56edced59f8a,3fd0a5d8-bc17-419e-8709-001f0491a29d,1625682305080,13.478234,52.4857831,6.687288,1.3554244,1.9283509,0.038713455,in backpack,cyclo cross,False,mixed,mixed
c788515a-89a8-42a5-9546-82bc5a7be065,a5081e76-072e-4bce-9f13-56edced59f8a,db49f746-f6c4-4a41-adc0-ca9d4189f1c4,1625682305130,13.478234,52.4857831,6.687288,-0.6904447,-1.3723807,-0.5900707,in backpack,cyclo cross,False,mixed,mixed
c788515a-89a8-42a5-9546-82bc5a7be065,a5081e76-072e-4bce-9f13-56edced59f8a,650e5668-0dcf-497d-bdc2-10c77f879836,1625682305180,13.478234,52.4857831,6.687288,-1.1443869,-2.240776,0.67538977,in backpack,cyclo cross,False,mixed,mixed
c788515a-89a8-42a5-9546-82bc5a7be065,a5081e76-072e-4bce-9f13-56edced59f8a,626ccec6-b343-48e9-8a0a-3dc85e6197a9,1625682305230,13.478234,52.4857831,6.687288,-0.08752203,0.44214153,1.8419375,in backpack,cyclo cross,False,mixed,mixed
c788515a-89a8-42a5-9546-82bc5a7be065,a5081e76-072e-4bce-9f13-56edced59f8a,36def59f-0400-4cbc-a16b-58910a2286e6,1625682305280,13.478234,52.4857831,6.687288,0.59164286,2.575859,-0.03276205,in backpack,cyclo cross,False,mixed,mixed
c788515a-89a8-42a5-9546-82bc5a7be065,a5081e76-072e-4bce-9f13-56edced59f8a,267e1c4b-5be9-4d8e-b1b9-9643ef587aa9,1625682305330,13.478234,52.4857831,6.687288,-0.47896075,0.27209044,-2.1200366,in backpack,cyclo cross,False,mixed,mixed
c788515a-89a8-42a5-9546-82bc5a7be065,a5081e76-072e-4bce-9f13-56edced59f8a,d78483dc-7cfa-4aaa-a35b-831da6c273c5,1625682305381,13.4782978,52.4857373,6.537156,-0.46075916,-1.6466193,-1.4021263,in backpack,cyclo cross,False,mixed,mixed
c788515a-89a8-42a5-9546-82bc5a7be065,a5081e76-072e-4bce-9f13-56edced59f8a,1107e5a1-aced-4bb9-8170-7e146faef568,1625682305431,13.4782978,52.4857373,6.537156,0.38404512,-1.5870051,0.7366905,in backpack,cyclo cross,False,mixed,mixed
c788515a-89a8-42a5-9546-82bc5a7be065,a5081e76-072e-4bce-9f13-56edced59f8a,3ef44489-9494-418b-88eb-2389e67b040c,1625682305481,13.4782978,52.4857373,6.537156,1.1209838,-0.23687458,1.5017061,in backpack,cyclo cross,False,mixed,mixed
c788515a-89a8-42a5-9546-82bc5a7be065,a5081e76-072e-4bce-9f13-56edced59f8a,d2de89bf-97b5-4951-816f-4b992becc13d,1625682305532,13.4782978,52.4857373,6.537156,2.1221004,1.2845807,0.42321062,in backpack,cyclo cross,False,mixed,mixed
c788515a-89a8-42a5-9546-82bc5a7be065,a5081e76-072e-4bce-9f13-56edced59f8a,ea437691-7661-4c6a-b506-da06e9deadc9,1625682305582,13.4782978,52.4857373,6.537156,0.39624882,-0.12589931,-0.6916952,in backpack,cyclo cross,False,mixed,mixed
c788515a-89a8-42a5-9546-82bc5a7be065,a5081e76-072e-4bce-9f13-56edced59f8a,5609dfe1-0c69-4b3f-b847-79c54db4f6a3,1625682305633,13.4782978,52.4857373,6.537156,1.2098792,-0.6116767,-0.3735938,in backpack,cyclo cross,False,mixed,mixed
c788515a-89a8-42a5-9546-82bc5a7be065,a5081e76-072e-4bce-9f13-56edced59f8a,34cf7429-c50b-4438-8936-8ec0d9654838,1625682305683,13.4782978,52.4857373,6.537156,1.8679438,-0.96238995,-0.1146121,in backpack,cyclo cross,False,mixed,mixed
c788515a-89a8-42a5-9546-82bc5a7be065,a5081e76-072e-4bce-9f13-56edced59f8a,0dae2ba8-a252-48c0-b639-a27d0444b8bb,1625682305734,13.4782978,52.4857373,6.537156,0.24707127,-0.4460702,-0.47979546,in backpack,cyclo cross,False,mixed,mixed
c788515a-89a8-42a5-9546-82bc5a7be065,a5081e76-072e-4bce-9f13-56edced59f8a,8e5a6311-680d-4172-bc54-290da30935ee,1625682305783,13.4782978,52.4857373,6.537156,-0.7679527,-1.0414276,-0.5881219,in backpack,cyclo cross,False,mixed,mixed
c788515a-89a8-42a5-9546-82bc5a7be065,a5081e76-072e-4bce-9f13-56edced59f8a,c5259d86-3cc0-47cc-98bd-6c9612c23b11,1625682305834,13.4782978,52.4857373,6.537156,-0.84493494,-0.5533352,0.081065655,in backpack,cyclo cross,False,mixed,mixed
c788515a-89a8-42a5-9546-82bc5a7be065,a5081e76-072e-4bce-9f13-56edced59f8a,f801bf7d-6dde-4484-8ed7-2c2f42c2aa54,1625682305885,13.4782978,52.4857373,6.537156,0.21294999,1.0628753,0.664783,in backpack,cyclo cross,False,mixed,mixed
c788515a-89a8-42a5-9546-82bc5a7be065,a5081e76-072e-4bce-9f13-56edced59f8a,372f9cd4-b433-4e81-a622-190e390ea343,1625682305936,13.4782978,52.4857373,6.537156,0.35941577,1.2285576,0.42160988,in backpack,cyclo cross,False,mixed,mixed
c788515a-89a8-42a5-9546-82bc5a7be065,a5081e76-072e-4bce-9f13-56edced59f8a,b4e7e632-39f1-4f81-a238-9f653e8fdfaf,1625682305986,13.4782978,52.4857373,6.537156,-0.0024969578,0.24218655,-0.20060587,in backpack,cyclo cross,False,mixed,mixed
c788515a-89a8-42a5-9546-82bc5a7be065,a5081e76-072e-4bce-9f13-56edced59f8a,6098c4c5-dd8b-4a42-a6c3-3147eb711334,1625682306037,13.4782978,52.4857373,6.537156,0.23966956,-0.7929077,0.24535179,in backpack,cyclo cross,False,mixed,mixed
c788515a-89a8-42a5-9546-82bc5a7be065,a5081e76-072e-4bce-9f13-56edced59f8a,fbbee9f6-a160-4ab1-b4b2-9268b45870e3,1625682306088,13.4782978,52.4857373,6.537156,-0.16581082,-0.60611534,0.66199875,in backpack,cyclo cross,False,mixed,mixed
c788515a-89a8-42a5-9546-82bc5a7be065,a5081e76-072e-4bce-9f13-56edced59f8a,2d6ab9fd-3e7f-45f8-8ff6-a8ccaeb1e7fa,1625682306137,13.4782978,52.4857373,6.537156,0.9417138,1.3294487,-0.03340721,in backpack,cyclo cross,False,mixed,mixed
c788515a-89a8-42a5-9546-82bc5a7be065,a5081e76-072e-4bce-9f13-56edced59f8a,37193799-312a-4bd4-920b-f776a9524d8c,1625682306187,13.4782978,52.4857373,6.537156,-0.1264379,0.63271666,-1.4391937,in backpack,cyclo cross,False,mixed,mixed
c788515a-89a8-42a5-9546-82bc5a7be065,a5081e76-072e-4bce-9f13-56edced59f8a,0eb11e97-8843-4ee0-bc64-3bc875031f55,1625682306238,13.4782978,52.4857373,6.537156,-1.0672174,-0.46994925,-1.6841545,in backpack,cyclo cross,False,mixed,mixed
c788515a-89a8-42a5-9546-82bc5a7be065,a5081e76-072e-4bce-9f13-56edced59f8a,58ae4d05-627b-4c5d-8cc7-f4f75fcb7de5,1625682306288,13.4782978,52.4857373,6.537156,0.7599044,0.16198874,0.39076853,in backpack,cyclo cross,False,mixed,mixed
c788515a-89a8-42a5-9546-82bc5a7be065,a5081e76-072e-4bce-9f13-56edced59f8a,a353689f-450b-422d-a355-08e7ed5c9498,1625682306338,13.4782978,52.4857373,6.537156,0.5168967,-0.57958364,1.325263,in backpack,cyclo cross,False,mixed,mixed
c788515a-89a8-42a5-9546-82bc5a7be065,a5081e76-072e-4bce-9f13-56edced59f8a,3dbfb6ab-c678-4d2b-956d-6c54d4ce86e7,1625682306388,13.4783549,52.4856836,7.0546384,0.010781765,-0.5778403,0.28554726,in backpack,cyclo cross,False,mixed,mixed
c788515a-89a8-42a5-9546-82bc5a7be065,a5081e76-072e-4bce-9f13-56edced59f8a,c2b9632b-2f21-4aab-92c3-91e74f446bc7,1625682306439,13.4783549,52.4856836,7.0546384,0.78008556,-0.5616908,0.015561581,in backpack,cyclo cross,False,mixed,mixed
c788515a-89a8-42a5-9546-82bc5a7be065,a5081e76-072e-4bce-9f13-56edced59f8a,6e01b65e-9016-4594-88a8-57052e1a14ce,1625682306488,13.4783549,52.4856836,7.0546384,-0.47380614,-1.4686341,0.90153646,in backpack,cyclo cross,False,mixed,mixed
c788515a-89a8-42a5-9546-82bc5a7be065,a5081e76-072e-4bce-9f13-56edced59f8a,71afc696-1df2-418e-8f96-9a4cea5ec33e,1625682306538,13.4783549,52.4856836,7.0546384,1.1229982,1.4020867,0.13301945,in backpack,cyclo cross,False,mixed,mixed
c788515a-89a8-42a5-9546-82bc5a7be065,a5081e76-072e-4bce-9f13-56edced59f8a,7600684a-337e-4114-adcc-c90987b47deb,1625682306587,13.4783549,52.4856836,7.0546384,-0.0981431,1.6968093,-1.7030959,in backpack,cyclo cross,False,mixed,mixed
c788515a-89a8-42a5-9546-82bc5a7be065,a5081e76-072e-4bce-9f13-56edced59f8a,2bdeb327-07e7-440d-84c2-39fb20d3e3d1,1625682306637,13.4783549,52.4856836,7.0546384,-1.7530193,-1.3877783,-1.1914568,in backpack,cyclo cross,False,mixed,mixed
c788515a-89a8-42a5-9546-82bc5a7be065,a5081e76-072e-4bce-9f13-56edced59f8a,6bf63251-411d-4c66-a813-87d4dcbcaad5,1625682306687,13.4783549,52.4856836,7.0546384,-0.9339049,-1.4047575,0.24162912,in backpack,cyclo cross,False,mixed,mixed
c788515a-89a8-42a5-9546-82bc5a7be065,a5081e76-072e-4bce-9f13-56edced59f8a,6cd81bb7-b6df-4671-899d-270e4951b68d,1625682306737,13.4783549,52.4856836,7.0546384,-0.1412673,0.9776449,2.285869,in backpack,cyclo cross,False,mixed,mixed
c788515a-89a8-42a5-9546-82bc5a7be065,a5081e76-072e-4bce-9f13-56edced59f8a,d97c690f-a14a-4908-93c7-45cd9fd41fb8,1625682306788,13.4783549,52.4856836,7.0546384,1.1192031,2.6255107,1.1064277,in backpack,cyclo cross,False,mixed,mixed
c788515a-89a8-42a5-9546-82bc5a7be065,a5081e76-072e-4bce-9f13-56edced59f8a,f2a97341-8569-4e1f-aa22-1a8b3d7589fe,1625682306838,13.4783549,52.4856836,7.0546384,-0.63035727,0.50451946,-0.032600403,in backpack,cyclo cross,False,mixed,mixed
c788515a-89a8-42a5-9546-82bc5a7be065,a5081e76-072e-4bce-9f13-56edced59f8a,1aea9b41-6868-4245-a2bf-ebdf3b8c4c42,1625682306888,13.4783549,52.4856836,7.0546384,-1.2085869,-1.4265475,-0.058518887,in backpack,cyclo cross,False,mixed,mixed
c788515a-89a8-42a5-9546-82bc5a7be065,a5081e76-072e-4bce-9f13-56edced59f8a,e1c127f9-f002-479a-84b8-e965699679f8,1625682306939,13.4783549,52.4856836,7.0546384,-0.04895878,-0.5849376,0.9044361,in backpack,cyclo cross,False,mixed,mixed
c788515a-89a8-42a5-9546-82bc5a7be065,a5081e76-072e-4bce-9f13-56edced59f8a,07ace8b5-6c06-4037-be2d-1fad6bd53c74,1625682306989,13.4783549,52.4856836,7.0546384,0.2698393,1.2663765,0.54086685,in backpack,cyclo cross,False,mixed,mixed
c788515a-89a8-42a5-9546-82bc5a7be065,a5081e76-072e-4bce-9f13-56edced59f8a,5b5cc12e-e4ff-4ae3-b60b-d26b9622bfa5,1625682307040,13.4783549,52.4856836,7.0546384,-0.952111,0.61622477,-0.5596037,in backpack,cyclo cross,False,mixed,mixed
c788515a-89a8-42a5-9546-82bc5a7be065,a5081e76-072e-4bce-9f13-56edced59f8a,0a906441-6784-4136-89f8-745728142d55,1625682307090,13.4783549,52.4856836,7.0546384,-1.045784,0.14295864,-1.614007,in backpack,cyclo cross,False,mixed,mixed
c788515a-89a8-42a5-9546-82bc5a7be065,a5081e76-072e-4bce-9f13-56edced59f8a,28dbcac1-a9cd-4f26-b055-f32880aa76fa,1625682307141,13.4783549,52.4856836,7.0546384,-0.059936285,-0.17352152,0.25437832,in backpack,cyclo cross,False,mixed,mixed
c788515a-89a8-42a5-9546-82bc5a7be065,a5081e76-072e-4bce-9f13-56edced59f8a,12ecbb83-7cf2-48c5-952d-8079b069ec46,1625682307191,13.4783549,52.4856836,7.0546384,0.7996664,0.7451496,1.2645893,in backpack,cyclo cross,False,mixed,mixed
