bike_activity_uid,bike_activity_sample_uid,bike_activity_measurement,bike_activity_measurement_timestamp,bike_activity_measurement_lon,bike_activity_measurement_lat,bike_activity_measurement_speed,bike_activity_measurement_accelerometer_x,bike_activity_measurement_accelerometer_y,bike_activity_measurement_accelerometer_z,bike_activity_phone_position,bike_activity_bike_type,bike_activity_flagged_lab_conditions,bike_activity_surface_type,bike_activity_smoothness_type
04637ac9-cd72-4d58-b97c-c1d2dedb6953,39e3e5bf-8389-44ef-9b5f-5308f207e5df,e5c59d5b-6dda-4ef0-9843-319d165c8eef,1633860891110,13.4946077,52.4819429,4.5916343,-0.14363128,0.7354646,1.9377546,on bike mount,cyclo cross,True,fine gravel,good
04637ac9-cd72-4d58-b97c-c1d2dedb6953,39e3e5bf-8389-44ef-9b5f-5308f207e5df,8259a334-f441-4c36-b3ec-1277c1ec0d28,1633860891176,13.4946077,52.4819429,4.5916343,1.242169,-1.4114476,0.3095026,on bike mount,cyclo cross,True,fine gravel,good
04637ac9-cd72-4d58-b97c-c1d2dedb6953,39e3e5bf-8389-44ef-9b5f-5308f207e5df,0ea03e1d-6731-4d9a-a46f-50cfca9f32a7,1633860891227,13.4946077,52.4819429,4.5916343,0.16037424,-1.7905658,12.417415,on bike mount,cyclo cross,True,fine gravel,good
04637ac9-cd72-4d58-b97c-c1d2dedb6953,39e3e5bf-8389-44ef-9b5f-5308f207e5df,75efa949-a973-43cc-b825-945c0fe763d1,1633860891294,13.4946077,52.4819429,4.5916343,0.6062838,1.0333257,0.9860716,on bike mount,cyclo cross,True,fine gravel,good
04637ac9-cd72-4d58-b97c-c1d2dedb6953,39e3e5bf-8389-44ef-9b5f-5308f207e5df,c4e35c5c-563b-40bf-9aae-9e68b24202d8,1633860891360,13.4946077,52.4819429,4.5916343,0.15509726,1.2071202,-1.5564642,on bike mount,cyclo cross,True,fine gravel,good
04637ac9-cd72-4d58-b97c-c1d2dedb6953,39e3e5bf-8389-44ef-9b5f-5308f207e5df,66040899-79e7-460a-96ba-99178c1b2923,1633860891411,13.4946077,52.4819429,4.5916343,1.345464,-3.6308045,2.2780228,on bike mount,cyclo cross,True,fine gravel,good
04637ac9-cd72-4d58-b97c-c1d2dedb6953,39e3e5bf-8389-44ef-9b5f-5308f207e5df,8db01012-abb9-41bc-a064-4fd60daa6288,1633860891461,13.4946077,52.4819429,4.5916343,0.32241067,-3.4767241,-2.6552377,on bike mount,cyclo cross,True,fine gravel,good
04637ac9-cd72-4d58-b97c-c1d2dedb6953,39e3e5bf-8389-44ef-9b5f-5308f207e5df,45936955-f16c-43fd-8788-9aef44c3adb8,1633860891511,13.4946077,52.4819429,4.5916343,-0.3154726,-0.010438919,-1.1191583,on bike mount,cyclo cross,True,fine gravel,good
04637ac9-cd72-4d58-b97c-c1d2dedb6953,39e3e5bf-8389-44ef-9b5f-5308f207e5df,f501ab84-bcd9-4059-bf8c-670e87fb54d6,1633860891578,13.4946077,52.4819429,4.5916343,1.8293394,2.9857545,0.6786556,on bike mount,cyclo cross,True,fine gravel,good
04637ac9-cd72-4d58-b97c-c1d2dedb6953,39e3e5bf-8389-44ef-9b5f-5308f207e5df,fda80813-26a1-4b27-8f0b-8e445862d37a,1633860891628,13.4946077,52.4819429,4.5916343,1.9178959,-3.480682,0.54596806,on bike mount,cyclo cross,True,fine gravel,good
04637ac9-cd72-4d58-b97c-c1d2dedb6953,39e3e5bf-8389-44ef-9b5f-5308f207e5df,99860a94-7a01-470e-ae2a-73d40f5bc463,1633860891695,13.4946077,52.4819429,4.5916343,0.45908374,1.4119563,-1.9811997,on bike mount,cyclo cross,True,fine gravel,good
04637ac9-cd72-4d58-b97c-c1d2dedb6953,39e3e5bf-8389-44ef-9b5f-5308f207e5df,3eaa78fb-dd49-4a96-b312-021b3bd6e6d9,1633860891745,13.4946077,52.4819429,4.5916343,-0.1171605,0.2367146,-1.0795851,on bike mount,cyclo cross,True,fine gravel,good
04637ac9-cd72-4d58-b97c-c1d2dedb6953,39e3e5bf-8389-44ef-9b5f-5308f207e5df,97889d3b-177f-4285-86cd-0d11e4848664,1633860891812,13.4946077,52.4819429,4.5916343,-0.43417102,1.8366752,-2.166212,on bike mount,cyclo cross,True,fine gravel,good
04637ac9-cd72-4d58-b97c-c1d2dedb6953,39e3e5bf-8389-44ef-9b5f-5308f207e5df,77663493-66b1-4bc8-a467-3f9ffcdfe85e,1633860891862,13.4946077,52.4819429,4.5916343,-0.60888606,5.7730403,0.012961388,on bike mount,cyclo cross,True,fine gravel,good
04637ac9-cd72-4d58-b97c-c1d2dedb6953,39e3e5bf-8389-44ef-9b5f-5308f207e5df,abd11fb8-593e-484e-82c6-e63c1d16d589,1633860891928,13.4946077,52.4819429,4.5916343,-0.0020966195,-2.5954895,-3.1211429,on bike mount,cyclo cross,True,fine gravel,good
04637ac9-cd72-4d58-b97c-c1d2dedb6953,39e3e5bf-8389-44ef-9b5f-5308f207e5df,4a8e2ec4-dafe-459c-a072-0c61235a1d3b,1633860891995,13.4946251,52.4819014,4.6110334,-0.6128418,-1.9511142,0.30531025,on bike mount,cyclo cross,True,fine gravel,good
04637ac9-cd72-4d58-b97c-c1d2dedb6953,39e3e5bf-8389-44ef-9b5f-5308f207e5df,6603e831-5eea-413b-b4a9-85c518b36683,1633860892045,13.4946251,52.4819014,4.6110334,0.6121002,-1.4889545,-0.08301544,on bike mount,cyclo cross,True,fine gravel,good
04637ac9-cd72-4d58-b97c-c1d2dedb6953,39e3e5bf-8389-44ef-9b5f-5308f207e5df,4fd91aa4-89ae-4697-a5ae-247f8ad3b700,1633860892096,13.4946251,52.4819014,4.6110334,0.37593645,-2.6722503,-2.5120034,on bike mount,cyclo cross,True,fine gravel,good
04637ac9-cd72-4d58-b97c-c1d2dedb6953,39e3e5bf-8389-44ef-9b5f-5308f207e5df,65715180-79e4-4d11-828d-1f6211ee934d,1633860892163,13.4946251,52.4819014,4.6110334,-0.8567834,-0.6386175,4.762129,on bike mount,cyclo cross,True,fine gravel,good
04637ac9-cd72-4d58-b97c-c1d2dedb6953,39e3e5bf-8389-44ef-9b5f-5308f207e5df,22c7d6d3-5ab0-4aca-81c9-d276210cbab9,1633860892213,13.4946251,52.4819014,4.6110334,-0.21150446,-1.6411824,-9.005441,on bike mount,cyclo cross,True,fine gravel,good
04637ac9-cd72-4d58-b97c-c1d2dedb6953,39e3e5bf-8389-44ef-9b5f-5308f207e5df,40a99f68-265a-4e2d-b1a8-e3d50aa4675b,1633860892263,13.4946251,52.4819014,4.6110334,-0.47051486,-1.1638434,7.2021503,on bike mount,cyclo cross,True,fine gravel,good
04637ac9-cd72-4d58-b97c-c1d2dedb6953,39e3e5bf-8389-44ef-9b5f-5308f207e5df,8cb1f8ab-121b-49ee-9884-530ff8b9833b,1633860892330,13.4946251,52.4819014,4.6110334,-1.4450054,-0.31931186,0.5875101,on bike mount,cyclo cross,True,fine gravel,good
04637ac9-cd72-4d58-b97c-c1d2dedb6953,39e3e5bf-8389-44ef-9b5f-5308f207e5df,a9bd6e85-4de4-4c13-a635-f4683e28983b,1633860892396,13.4946251,52.4819014,4.6110334,-0.00014227629,2.5776033,-0.2140398,on bike mount,cyclo cross,True,fine gravel,good
04637ac9-cd72-4d58-b97c-c1d2dedb6953,39e3e5bf-8389-44ef-9b5f-5308f207e5df,3f22b0c2-d0d7-4608-ae38-657887ed1372,1633860892447,13.4946251,52.4819014,4.6110334,-0.022806525,-2.7735374,-1.8039298,on bike mount,cyclo cross,True,fine gravel,good
04637ac9-cd72-4d58-b97c-c1d2dedb6953,39e3e5bf-8389-44ef-9b5f-5308f207e5df,71b55b6a-7404-4359-a5a8-ca8e7e664d4f,1633860892513,13.4946251,52.4819014,4.6110334,0.0042098463,0.6367376,1.428154,on bike mount,cyclo cross,True,fine gravel,good
04637ac9-cd72-4d58-b97c-c1d2dedb6953,39e3e5bf-8389-44ef-9b5f-5308f207e5df,8cbe2812-8a71-4ade-84d4-308df343e432,1633860892563,13.4946251,52.4819014,4.6110334,-0.53811836,1.4423056,3.3535929,on bike mount,cyclo cross,True,fine gravel,good
04637ac9-cd72-4d58-b97c-c1d2dedb6953,39e3e5bf-8389-44ef-9b5f-5308f207e5df,bcf7ae26-1d44-4df3-8c95-e57d3d055bdd,1633860892614,13.4946251,52.4819014,4.6110334,0.857577,-2.948053,-7.0465655,on bike mount,cyclo cross,True,fine gravel,good
04637ac9-cd72-4d58-b97c-c1d2dedb6953,39e3e5bf-8389-44ef-9b5f-5308f207e5df,bf0a8607-d680-472e-9dd7-440f78175793,1633860892681,13.4946251,52.4819014,4.6110334,0.3846683,-0.30964804,-1.8219476,on bike mount,cyclo cross,True,fine gravel,good
04637ac9-cd72-4d58-b97c-c1d2dedb6953,39e3e5bf-8389-44ef-9b5f-5308f207e5df,c979dd99-c2a4-4650-9dad-302e7ac6ee7b,1633860892731,13.4946251,52.4819014,4.6110334,-0.3627093,-1.7293135,0.99714375,on bike mount,cyclo cross,True,fine gravel,good
04637ac9-cd72-4d58-b97c-c1d2dedb6953,39e3e5bf-8389-44ef-9b5f-5308f207e5df,287bf91a-a5c5-450f-bdc4-9c0d5f383b30,1633860892798,13.4946251,52.4819014,4.6110334,-0.77838945,-2.5289125,1.604949,on bike mount,cyclo cross,True,fine gravel,good
04637ac9-cd72-4d58-b97c-c1d2dedb6953,39e3e5bf-8389-44ef-9b5f-5308f207e5df,dcabf5e8-9568-4f6a-badf-f403ec230abc,1633860892848,13.4946251,52.4819014,4.6110334,0.35816061,-0.056760788,0.6884842,on bike mount,cyclo cross,True,fine gravel,good
04637ac9-cd72-4d58-b97c-c1d2dedb6953,39e3e5bf-8389-44ef-9b5f-5308f207e5df,2e81cf10-f399-4e55-b065-227b317b47be,1633860892915,13.4946251,52.4819014,4.6110334,0.40313554,-1.2855475,-2.0401993,on bike mount,cyclo cross,True,fine gravel,good
04637ac9-cd72-4d58-b97c-c1d2dedb6953,39e3e5bf-8389-44ef-9b5f-5308f207e5df,76933e1f-b83d-400f-be1a-72132fab3476,1633860892964,13.4946371,52.4818699,4.2244153,0.05951354,-1.3044086,0.5117159,on bike mount,cyclo cross,True,fine gravel,good
04637ac9-cd72-4d58-b97c-c1d2dedb6953,39e3e5bf-8389-44ef-9b5f-5308f207e5df,54513078-1bba-4b6d-80bf-685726b10ad3,1633860893015,13.4946371,52.4818699,4.2244153,0.21631807,0.14355993,-2.0796843,on bike mount,cyclo cross,True,fine gravel,good
04637ac9-cd72-4d58-b97c-c1d2dedb6953,39e3e5bf-8389-44ef-9b5f-5308f207e5df,37bf248f-50ef-4670-b7e1-c644dedbe83a,1633860893082,13.4946371,52.4818699,4.2244153,-0.2800723,1.6496975,-2.4378734,on bike mount,cyclo cross,True,fine gravel,good
04637ac9-cd72-4d58-b97c-c1d2dedb6953,39e3e5bf-8389-44ef-9b5f-5308f207e5df,826118be-e2f8-4f5b-a398-4b70ecc10bf8,1633860893132,13.4946371,52.4818699,4.2244153,0.71745247,-1.0536115,0.7208967,on bike mount,cyclo cross,True,fine gravel,good
04637ac9-cd72-4d58-b97c-c1d2dedb6953,39e3e5bf-8389-44ef-9b5f-5308f207e5df,05f307e7-cb8a-4811-801c-96871969b5af,1633860893182,13.4946371,52.4818699,4.2244153,-0.5784192,0.5600846,-2.931295,on bike mount,cyclo cross,True,fine gravel,good
04637ac9-cd72-4d58-b97c-c1d2dedb6953,39e3e5bf-8389-44ef-9b5f-5308f207e5df,5e49b763-85ea-4bcb-997a-c000ed02bc24,1633860893249,13.4946371,52.4818699,4.2244153,0.45431417,0.43280315,-1.4922404,on bike mount,cyclo cross,True,fine gravel,good
04637ac9-cd72-4d58-b97c-c1d2dedb6953,39e3e5bf-8389-44ef-9b5f-5308f207e5df,aaa5be11-9f71-4214-a293-466e2021cb27,1633860893316,13.4946371,52.4818699,4.2244153,-0.5984299,-2.9858057,-0.13824368,on bike mount,cyclo cross,True,fine gravel,good
04637ac9-cd72-4d58-b97c-c1d2dedb6953,39e3e5bf-8389-44ef-9b5f-5308f207e5df,2c63b124-62a5-45a5-b692-16ea091f006f,1633860893366,13.4946371,52.4818699,4.2244153,0.30799815,1.6854239,-1.0813951,on bike mount,cyclo cross,True,fine gravel,good
04637ac9-cd72-4d58-b97c-c1d2dedb6953,39e3e5bf-8389-44ef-9b5f-5308f207e5df,4d844459-a2fd-4fbe-a6d3-0ac5f8a6b9af,1633860893433,13.4946371,52.4818699,4.2244153,-0.5880822,2.0118282,1.6129284,on bike mount,cyclo cross,True,fine gravel,good
04637ac9-cd72-4d58-b97c-c1d2dedb6953,39e3e5bf-8389-44ef-9b5f-5308f207e5df,038ecd53-a293-4125-8939-3fc988f830e5,1633860893483,13.4946371,52.4818699,4.2244153,-0.07661347,1.5671511,3.8470373,on bike mount,cyclo cross,True,fine gravel,good
04637ac9-cd72-4d58-b97c-c1d2dedb6953,39e3e5bf-8389-44ef-9b5f-5308f207e5df,6913d8f1-b845-49e1-98eb-5103d296044c,1633860893533,13.4946371,52.4818699,4.2244153,0.3300284,-2.8537297,1.9312639,on bike mount,cyclo cross,True,fine gravel,good
04637ac9-cd72-4d58-b97c-c1d2dedb6953,39e3e5bf-8389-44ef-9b5f-5308f207e5df,50fccb7d-e98f-456c-8aee-2cdafad3cc72,1633860893600,13.4946371,52.4818699,4.2244153,-0.8548652,2.4188132,1.7916107,on bike mount,cyclo cross,True,fine gravel,good
04637ac9-cd72-4d58-b97c-c1d2dedb6953,39e3e5bf-8389-44ef-9b5f-5308f207e5df,c2a00bc6-9acb-4948-9f47-a7a13089673b,1633860893650,13.4946371,52.4818699,4.2244153,0.93731904,2.01394,7.07666,on bike mount,cyclo cross,True,fine gravel,good
04637ac9-cd72-4d58-b97c-c1d2dedb6953,39e3e5bf-8389-44ef-9b5f-5308f207e5df,543f5555-b1ac-40a4-b0af-4a36224b16e5,1633860893700,13.4946371,52.4818699,4.2244153,1.0740738,1.0083764,-1.6472082,on bike mount,cyclo cross,True,fine gravel,good
04637ac9-cd72-4d58-b97c-c1d2dedb6953,39e3e5bf-8389-44ef-9b5f-5308f207e5df,3332c70d-4ece-4b15-95f7-282435e6b994,1633860893767,13.4946371,52.4818699,4.2244153,0.5872316,-3.067901,-0.53296566,on bike mount,cyclo cross,True,fine gravel,good
04637ac9-cd72-4d58-b97c-c1d2dedb6953,39e3e5bf-8389-44ef-9b5f-5308f207e5df,3db5b673-5393-4cf8-9fc7-dbf3b956556d,1633860893817,13.4946371,52.4818699,4.2244153,1.1721772,2.8687787,4.3409405,on bike mount,cyclo cross,True,fine gravel,good
04637ac9-cd72-4d58-b97c-c1d2dedb6953,39e3e5bf-8389-44ef-9b5f-5308f207e5df,f107a096-ce3b-47dd-af15-a8c648a4375f,1633860893884,13.4946371,52.4818699,4.2244153,-1.6383467,0.7954626,-3.1327114,on bike mount,cyclo cross,True,fine gravel,good
04637ac9-cd72-4d58-b97c-c1d2dedb6953,39e3e5bf-8389-44ef-9b5f-5308f207e5df,a4e679b9-4747-4ffa-9a83-fbb7ee1cf8c1,1633860893951,13.4946537,52.4818254,4.3212285,-0.012183547,-1.0253332,-0.53112507,on bike mount,cyclo cross,True,fine gravel,good
04637ac9-cd72-4d58-b97c-c1d2dedb6953,39e3e5bf-8389-44ef-9b5f-5308f207e5df,f170c946-6f3e-4400-8d2e-a106d2fd4082,1633860894000,13.4946537,52.4818254,4.3212285,0.50239867,1.9079483,-5.7017865,on bike mount,cyclo cross,True,fine gravel,good
04637ac9-cd72-4d58-b97c-c1d2dedb6953,39e3e5bf-8389-44ef-9b5f-5308f207e5df,6c583606-a8e1-4d90-a2af-c9baf617cebb,1633860894051,13.4946537,52.4818254,4.3212285,0.90710235,0.36238337,2.4702826,on bike mount,cyclo cross,True,fine gravel,good
04637ac9-cd72-4d58-b97c-c1d2dedb6953,39e3e5bf-8389-44ef-9b5f-5308f207e5df,0f02bdbc-c5a5-4772-b56b-40343440f33f,1633860894118,13.4946537,52.4818254,4.3212285,0.187705,1.5890636,-3.142828,on bike mount,cyclo cross,True,fine gravel,good
04637ac9-cd72-4d58-b97c-c1d2dedb6953,39e3e5bf-8389-44ef-9b5f-5308f207e5df,92e73736-1ec2-40d1-8e0e-1e4cdddf2de3,1633860894168,13.4946537,52.4818254,4.3212285,-0.8529482,4.0412674,-1.6014829,on bike mount,cyclo cross,True,fine gravel,good
04637ac9-cd72-4d58-b97c-c1d2dedb6953,39e3e5bf-8389-44ef-9b5f-5308f207e5df,c745e268-3a35-4566-b0a5-3e28260027ad,1633860894235,13.4946537,52.4818254,4.3212285,0.0018017814,1.0403004,-5.6250706,on bike mount,cyclo cross,True,fine gravel,good
04637ac9-cd72-4d58-b97c-c1d2dedb6953,39e3e5bf-8389-44ef-9b5f-5308f207e5df,0490dbf3-1a7d-4ebe-b50d-1db82d567655,1633860894285,13.4946537,52.4818254,4.3212285,-1.0153162,-0.8072455,1.7989073,on bike mount,cyclo cross,True,fine gravel,good
04637ac9-cd72-4d58-b97c-c1d2dedb6953,39e3e5bf-8389-44ef-9b5f-5308f207e5df,58fefe96-936d-482f-8de2-4414f429b6db,1633860894352,13.4946537,52.4818254,4.3212285,-0.7066592,3.5186944,2.9695158,on bike mount,cyclo cross,True,fine gravel,good
04637ac9-cd72-4d58-b97c-c1d2dedb6953,39e3e5bf-8389-44ef-9b5f-5308f207e5df,b1ab7269-31d3-47fc-84a9-37f002263d4f,1633860894418,13.4946537,52.4818254,4.3212285,0.11222184,-0.25761032,2.4404144,on bike mount,cyclo cross,True,fine gravel,good
04637ac9-cd72-4d58-b97c-c1d2dedb6953,39e3e5bf-8389-44ef-9b5f-5308f207e5df,98304cf7-082f-4a5c-b0ff-e27ecf75375e,1633860894468,13.4946537,52.4818254,4.3212285,-0.6304558,1.3869791,1.2177134,on bike mount,cyclo cross,True,fine gravel,good
04637ac9-cd72-4d58-b97c-c1d2dedb6953,39e3e5bf-8389-44ef-9b5f-5308f207e5df,68bbe09e-dad1-4e15-b4b3-202d286edf22,1633860894519,13.4946537,52.4818254,4.3212285,0.65230536,-3.5861244,2.741521,on bike mount,cyclo cross,True,fine gravel,good
04637ac9-cd72-4d58-b97c-c1d2dedb6953,39e3e5bf-8389-44ef-9b5f-5308f207e5df,efbbed60-b1ed-493f-956d-acd73f3961ae,1633860894586,13.4946537,52.4818254,4.3212285,0.8641679,-0.5016861,-5.272873,on bike mount,cyclo cross,True,fine gravel,good
04637ac9-cd72-4d58-b97c-c1d2dedb6953,39e3e5bf-8389-44ef-9b5f-5308f207e5df,c92f560f-1ba5-4dd2-8a8e-346bd86dbd70,1633860894636,13.4946537,52.4818254,4.3212285,0.41180807,0.96903324,4.5248365,on bike mount,cyclo cross,True,fine gravel,good
04637ac9-cd72-4d58-b97c-c1d2dedb6953,39e3e5bf-8389-44ef-9b5f-5308f207e5df,359c886f-ea12-4967-b02a-0d565fc55a5b,1633860894686,13.4946537,52.4818254,4.3212285,0.10217041,-0.1265285,-2.6113005,on bike mount,cyclo cross,True,fine gravel,good
04637ac9-cd72-4d58-b97c-c1d2dedb6953,39e3e5bf-8389-44ef-9b5f-5308f207e5df,33073d17-0561-4ea9-b65e-70fa39d9eb1d,1633860894753,13.4946537,52.4818254,4.3212285,0.2955049,1.5446959,4.2888174,on bike mount,cyclo cross,True,fine gravel,good
04637ac9-cd72-4d58-b97c-c1d2dedb6953,39e3e5bf-8389-44ef-9b5f-5308f207e5df,5b96e8f3-6fad-40b6-a249-815ce1641e13,1633860894819,13.4946537,52.4818254,4.3212285,-0.2568078,-1.1348463,5.697955,on bike mount,cyclo cross,True,fine gravel,good
04637ac9-cd72-4d58-b97c-c1d2dedb6953,39e3e5bf-8389-44ef-9b5f-5308f207e5df,bff2eeb5-b9c0-4d7d-8f70-3523849794b8,1633860894870,13.4946537,52.4818254,4.3212285,-0.17639026,1.1124206,-2.158607,on bike mount,cyclo cross,True,fine gravel,good
04637ac9-cd72-4d58-b97c-c1d2dedb6953,39e3e5bf-8389-44ef-9b5f-5308f207e5df,cd204522-1569-40ad-9925-9d40e6814136,1633860894920,13.4946712,52.4817838,4.3339686,-1.2282408,-0.4462061,2.7700138,on bike mount,cyclo cross,True,fine gravel,good
04637ac9-cd72-4d58-b97c-c1d2dedb6953,39e3e5bf-8389-44ef-9b5f-5308f207e5df,ca5a8067-1dd3-4c97-990b-d3b716d8b735,1633860894986,13.4946712,52.4817838,4.3339686,-0.19710974,0.13090324,-1.5075169,on bike mount,cyclo cross,True,fine gravel,good
04637ac9-cd72-4d58-b97c-c1d2dedb6953,39e3e5bf-8389-44ef-9b5f-5308f207e5df,c95ff8c4-e879-4009-b290-eac3d61700be,1633860895053,13.4946712,52.4817838,4.3339686,-0.03109312,0.37386513,-1.2071667,on bike mount,cyclo cross,True,fine gravel,good
04637ac9-cd72-4d58-b97c-c1d2dedb6953,39e3e5bf-8389-44ef-9b5f-5308f207e5df,eb9936b3-971e-47a6-bd76-d1142548cd04,1633860895103,13.4946712,52.4817838,4.3339686,-2.171952,-1.3341743,4.758482,on bike mount,cyclo cross,True,fine gravel,good
04637ac9-cd72-4d58-b97c-c1d2dedb6953,39e3e5bf-8389-44ef-9b5f-5308f207e5df,7568e6ad-baff-4e83-ba85-cd6e882041ca,1633860895154,13.4946712,52.4817838,4.3339686,-0.18139441,-3.7021017,-2.118659,on bike mount,cyclo cross,True,fine gravel,good
04637ac9-cd72-4d58-b97c-c1d2dedb6953,39e3e5bf-8389-44ef-9b5f-5308f207e5df,3f57425d-6185-4f66-93ed-0d8b64909cdd,1633860895204,13.4946712,52.4817838,4.3339686,-0.07464266,-0.6874163,-0.06961441,on bike mount,cyclo cross,True,fine gravel,good
04637ac9-cd72-4d58-b97c-c1d2dedb6953,39e3e5bf-8389-44ef-9b5f-5308f207e5df,78c3c517-6f3d-4c02-894e-acf14e4ce9e3,1633860895254,13.4946712,52.4817838,4.3339686,-1.5115018,-2.1095185,3.123105,on bike mount,cyclo cross,True,fine gravel,good
04637ac9-cd72-4d58-b97c-c1d2dedb6953,39e3e5bf-8389-44ef-9b5f-5308f207e5df,c0f90733-855d-4f55-bfc7-a4d182af801a,1633860895321,13.4946712,52.4817838,4.3339686,-2.0963335,1.5387168,3.2386408,on bike mount,cyclo cross,True,fine gravel,good
04637ac9-cd72-4d58-b97c-c1d2dedb6953,39e3e5bf-8389-44ef-9b5f-5308f207e5df,f27cc33d-bc4e-47b9-a9d0-854fac2d825d,1633860895388,13.4946712,52.4817838,4.3339686,0.04456067,-1.9912558,0.31433678,on bike mount,cyclo cross,True,fine gravel,good
04637ac9-cd72-4d58-b97c-c1d2dedb6953,39e3e5bf-8389-44ef-9b5f-5308f207e5df,817d86b0-03c4-4b43-bbed-ca5f36875bd2,1633860895438,13.4946712,52.4817838,4.3339686,0.17297721,2.4311042,3.876892,on bike mount,cyclo cross,True,fine gravel,good
04637ac9-cd72-4d58-b97c-c1d2dedb6953,39e3e5bf-8389-44ef-9b5f-5308f207e5df,2566d772-c9b4-46b8-a241-3b459763b5f8,1633860895504,13.4946712,52.4817838,4.3339686,-0.68710744,-2.5197518,0.45575523,on bike mount,cyclo cross,True,fine gravel,good
04637ac9-cd72-4d58-b97c-c1d2dedb6953,39e3e5bf-8389-44ef-9b5f-5308f207e5df,b7423163-e7b9-4e18-8249-25ca866acf51,1633860895555,13.4946712,52.4817838,4.3339686,-1.7436491,-3.4091763,1.494051,on bike mount,cyclo cross,True,fine gravel,good
04637ac9-cd72-4d58-b97c-c1d2dedb6953,39e3e5bf-8389-44ef-9b5f-5308f207e5df,8222a00b-4973-4246-b339-8a62b20bfc05,1633860895622,13.4946712,52.4817838,4.3339686,1.3769205,-2.314669,-4.124961,on bike mount,cyclo cross,True,fine gravel,good
04637ac9-cd72-4d58-b97c-c1d2dedb6953,39e3e5bf-8389-44ef-9b5f-5308f207e5df,cae50b3d-df7b-4f99-aec5-4b24ab74b26b,1633860895672,13.4946712,52.4817838,4.3339686,0.31795967,-0.019315004,-6.02063,on bike mount,cyclo cross,True,fine gravel,good
04637ac9-cd72-4d58-b97c-c1d2dedb6953,39e3e5bf-8389-44ef-9b5f-5308f207e5df,f23a9db2-e868-4649-be11-c613182f9039,1633860895722,13.4946712,52.4817838,4.3339686,0.1546691,2.3254814,-0.6961479,on bike mount,cyclo cross,True,fine gravel,good
04637ac9-cd72-4d58-b97c-c1d2dedb6953,39e3e5bf-8389-44ef-9b5f-5308f207e5df,0621fb3b-bb96-467d-8826-4a5832904fd1,1633860895789,13.4946712,52.4817838,4.3339686,-0.16802087,2.633113,2.4615536,on bike mount,cyclo cross,True,fine gravel,good
04637ac9-cd72-4d58-b97c-c1d2dedb6953,39e3e5bf-8389-44ef-9b5f-5308f207e5df,4baa11ca-3592-45b8-a735-6b3d0ddfa4a8,1633860895839,13.4946712,52.4817838,4.3339686,-0.20799692,-5.111435,-1.1768503,on bike mount,cyclo cross,True,fine gravel,good
04637ac9-cd72-4d58-b97c-c1d2dedb6953,39e3e5bf-8389-44ef-9b5f-5308f207e5df,5144a5e2-9f29-4683-8619-2dccfe9537d2,1633860895905,13.4946875,52.481744,4.3285966,-0.64793485,3.3629541,-1.9014058,on bike mount,cyclo cross,True,fine gravel,good
04637ac9-cd72-4d58-b97c-c1d2dedb6953,39e3e5bf-8389-44ef-9b5f-5308f207e5df,cf741def-9803-48e5-a35d-146251f175d0,1633860895956,13.4946875,52.481744,4.3285966,-0.38816857,4.0629683,5.4465113,on bike mount,cyclo cross,True,fine gravel,good
04637ac9-cd72-4d58-b97c-c1d2dedb6953,39e3e5bf-8389-44ef-9b5f-5308f207e5df,63648302-720d-48ed-b675-43d2bb9e5b20,1633860896022,13.4946875,52.481744,4.3285966,-0.8173186,0.057142496,-1.4624615,on bike mount,cyclo cross,True,fine gravel,good
04637ac9-cd72-4d58-b97c-c1d2dedb6953,39e3e5bf-8389-44ef-9b5f-5308f207e5df,c71a5da3-9b2a-4cd7-8be5-5c187d57c994,1633860896072,13.4946875,52.481744,4.3285966,0.54445297,0.06903505,4.908435,on bike mount,cyclo cross,True,fine gravel,good
04637ac9-cd72-4d58-b97c-c1d2dedb6953,39e3e5bf-8389-44ef-9b5f-5308f207e5df,d5780681-25fb-4494-9f3b-cf59c4d22648,1633860896123,13.4946875,52.481744,4.3285966,0.34817046,-1.1783192,-6.323104,on bike mount,cyclo cross,True,fine gravel,good
04637ac9-cd72-4d58-b97c-c1d2dedb6953,39e3e5bf-8389-44ef-9b5f-5308f207e5df,7b044cc9-ddc2-45cc-8200-a91c45712d8e,1633860896190,13.4946875,52.481744,4.3285966,2.9813251,1.4277308,-3.33848,on bike mount,cyclo cross,True,fine gravel,good
04637ac9-cd72-4d58-b97c-c1d2dedb6953,39e3e5bf-8389-44ef-9b5f-5308f207e5df,5d1352f6-846c-4b5b-82ee-bcbc4df83171,1633860896240,13.4946875,52.481744,4.3285966,2.7332625,1.1038327,6.5124674,on bike mount,cyclo cross,True,fine gravel,good
04637ac9-cd72-4d58-b97c-c1d2dedb6953,39e3e5bf-8389-44ef-9b5f-5308f207e5df,06b2e2b1-93bb-436e-9645-13720e0dbf64,1633860896307,13.4946875,52.481744,4.3285966,-1.8857944,1.6951718,2.4325333,on bike mount,cyclo cross,True,fine gravel,good
04637ac9-cd72-4d58-b97c-c1d2dedb6953,39e3e5bf-8389-44ef-9b5f-5308f207e5df,1eb7014b-4840-4940-96e8-bd8d0d8addaa,1633860896357,13.4946875,52.481744,4.3285966,0.30936307,0.9345083,-3.3005977,on bike mount,cyclo cross,True,fine gravel,good
04637ac9-cd72-4d58-b97c-c1d2dedb6953,39e3e5bf-8389-44ef-9b5f-5308f207e5df,1fd1c56d-f46d-4950-945d-328799f860fc,1633860896424,13.4946875,52.481744,4.3285966,-0.57367456,-3.9382844,-1.9272642,on bike mount,cyclo cross,True,fine gravel,good
04637ac9-cd72-4d58-b97c-c1d2dedb6953,39e3e5bf-8389-44ef-9b5f-5308f207e5df,89706b21-9038-486d-92e8-75b2b9793e8d,1633860896490,13.4946875,52.481744,4.3285966,-0.07908654,1.8438392,-2.388177,on bike mount,cyclo cross,True,fine gravel,good
04637ac9-cd72-4d58-b97c-c1d2dedb6953,39e3e5bf-8389-44ef-9b5f-5308f207e5df,5bd5d0ae-cfd9-4eb9-b212-d724807e6829,1633860896541,13.4946875,52.481744,4.3285966,-0.15322047,0.86743,1.197609,on bike mount,cyclo cross,True,fine gravel,good
04637ac9-cd72-4d58-b97c-c1d2dedb6953,39e3e5bf-8389-44ef-9b5f-5308f207e5df,22b8a6ba-0f4d-4b4e-9275-5a181c21e4e5,1633860896590,13.4946998,52.4817161,4.2811317,-1.2490921,-1.4999734,-4.1920223,on bike mount,cyclo cross,True,fine gravel,good
04637ac9-cd72-4d58-b97c-c1d2dedb6953,39e3e5bf-8389-44ef-9b5f-5308f207e5df,517dfea9-5d89-4e4e-b07b-ea4d2cfbd304,1633860896641,13.4946998,52.4817161,4.2811317,-0.25476277,-2.4394858,-5.989383,on bike mount,cyclo cross,True,fine gravel,good
04637ac9-cd72-4d58-b97c-c1d2dedb6953,39e3e5bf-8389-44ef-9b5f-5308f207e5df,5d5cc3de-4833-4858-87ab-26c1766b6d90,1633860896708,13.4946998,52.4817161,4.2811317,0.44769028,0.89799356,-5.5131483,on bike mount,cyclo cross,True,fine gravel,good
04637ac9-cd72-4d58-b97c-c1d2dedb6953,39e3e5bf-8389-44ef-9b5f-5308f207e5df,84a39862-a78b-42d4-8d85-5128c7eb4f06,1633860896758,13.4946998,52.4817161,4.2811317,0.8937679,1.2570219,0.1696186,on bike mount,cyclo cross,True,fine gravel,good
04637ac9-cd72-4d58-b97c-c1d2dedb6953,39e3e5bf-8389-44ef-9b5f-5308f207e5df,c6366258-b2dd-4ee9-902f-4d95bb22465f,1633860896825,13.4946998,52.4817161,4.2811317,-0.10427958,2.3017907,2.2726278,on bike mount,cyclo cross,True,fine gravel,good
04637ac9-cd72-4d58-b97c-c1d2dedb6953,39e3e5bf-8389-44ef-9b5f-5308f207e5df,3cb7180e-10d1-4877-adf0-ea7ab080781b,1633860896892,13.4946998,52.4817161,4.2811317,-0.35117263,0.33225894,0.3707838,on bike mount,cyclo cross,True,fine gravel,good
04637ac9-cd72-4d58-b97c-c1d2dedb6953,39e3e5bf-8389-44ef-9b5f-5308f207e5df,cd95bfd9-2e88-4057-bf9b-f4f60cf058bf,1633860896958,13.4946998,52.4817161,4.2811317,0.024444848,0.8548939,1.6715412,on bike mount,cyclo cross,True,fine gravel,good
04637ac9-cd72-4d58-b97c-c1d2dedb6953,39e3e5bf-8389-44ef-9b5f-5308f207e5df,e6e26482-272b-472e-a09c-da729be3ece8,1633860897009,13.4946998,52.4817161,4.2811317,-0.18120003,-4.5147567,-2.6388216,on bike mount,cyclo cross,True,fine gravel,good
04637ac9-cd72-4d58-b97c-c1d2dedb6953,39e3e5bf-8389-44ef-9b5f-5308f207e5df,e388f066-63ce-4b63-96c0-c64fee8e3e75,1633860897075,13.4946998,52.4817161,4.2811317,0.62070954,0.017515898,1.4819279,on bike mount,cyclo cross,True,fine gravel,good
04637ac9-cd72-4d58-b97c-c1d2dedb6953,39e3e5bf-8389-44ef-9b5f-5308f207e5df,19ff1089-58de-4a6a-81fd-ab6ff5d56b71,1633860897125,13.4946998,52.4817161,4.2811317,1.4620063,-2.823147,4.3061905,on bike mount,cyclo cross,True,fine gravel,good
04637ac9-cd72-4d58-b97c-c1d2dedb6953,39e3e5bf-8389-44ef-9b5f-5308f207e5df,59f3328f-7e93-41a6-96ca-4daf172d28dd,1633860897176,13.4946998,52.4817161,4.2811317,-0.44717652,-2.037055,5.245845,on bike mount,cyclo cross,True,fine gravel,good
04637ac9-cd72-4d58-b97c-c1d2dedb6953,39e3e5bf-8389-44ef-9b5f-5308f207e5df,6037b3e3-5e5e-4e43-90bf-ef8f27a7767b,1633860897242,13.4946998,52.4817161,4.2811317,0.0031551719,2.0831127,0.5053568,on bike mount,cyclo cross,True,fine gravel,good
04637ac9-cd72-4d58-b97c-c1d2dedb6953,39e3e5bf-8389-44ef-9b5f-5308f207e5df,bc1dc8b8-80c0-432f-a847-9a0fb5f57802,1633860897293,13.4946998,52.4817161,4.2811317,2.1194892,-2.5708344,3.2484026,on bike mount,cyclo cross,True,fine gravel,good
04637ac9-cd72-4d58-b97c-c1d2dedb6953,39e3e5bf-8389-44ef-9b5f-5308f207e5df,60060d89-93cf-4bac-8b56-d66d5a97f9c1,1633860897343,13.4946998,52.4817161,4.2811317,-0.6700499,-3.9532545,-0.43048668,on bike mount,cyclo cross,True,fine gravel,good
04637ac9-cd72-4d58-b97c-c1d2dedb6953,39e3e5bf-8389-44ef-9b5f-5308f207e5df,f36506d8-cf71-4e88-93be-4dc39ec91ae7,1633860897410,13.494718,52.4816909,4.2299995,1.7027562,-1.4940321,2.348837,on bike mount,cyclo cross,True,fine gravel,good
04637ac9-cd72-4d58-b97c-c1d2dedb6953,39e3e5bf-8389-44ef-9b5f-5308f207e5df,9f05038d-1ff7-4d47-b869-07b5a470553a,1633860897459,13.494718,52.4816909,4.2299995,1.997165,-1.6548529,-2.7182932,on bike mount,cyclo cross,True,fine gravel,good
04637ac9-cd72-4d58-b97c-c1d2dedb6953,39e3e5bf-8389-44ef-9b5f-5308f207e5df,01c5b7aa-820e-4347-ada5-fc7f2307e9e3,1633860897510,13.494718,52.4816909,4.2299995,0.49129343,1.2690704,1.5371428,on bike mount,cyclo cross,True,fine gravel,good
04637ac9-cd72-4d58-b97c-c1d2dedb6953,39e3e5bf-8389-44ef-9b5f-5308f207e5df,5f3115c0-88af-4798-8780-94a3af3c088a,1633860897577,13.494718,52.4816909,4.2299995,-1.0318267,2.6968646,6.277872,on bike mount,cyclo cross,True,fine gravel,good
04637ac9-cd72-4d58-b97c-c1d2dedb6953,39e3e5bf-8389-44ef-9b5f-5308f207e5df,b884e0e0-3c5d-44a8-adb4-cd896d506397,1633860897643,13.494718,52.4816909,4.2299995,0.783043,-0.8043456,3.0181818,on bike mount,cyclo cross,True,fine gravel,good
04637ac9-cd72-4d58-b97c-c1d2dedb6953,39e3e5bf-8389-44ef-9b5f-5308f207e5df,87b868b0-7403-40d7-8348-cd6450da1a4b,1633860897694,13.494718,52.4816909,4.2299995,-0.38064218,-1.0766256,0.18039131,on bike mount,cyclo cross,True,fine gravel,good
04637ac9-cd72-4d58-b97c-c1d2dedb6953,39e3e5bf-8389-44ef-9b5f-5308f207e5df,1a1232ef-f3ea-47d3-9367-5f25e1ddd1ff,1633860897744,13.494718,52.4816909,4.2299995,-0.15021223,0.8276787,2.327672,on bike mount,cyclo cross,True,fine gravel,good
04637ac9-cd72-4d58-b97c-c1d2dedb6953,39e3e5bf-8389-44ef-9b5f-5308f207e5df,fb8a6ebc-ee63-405f-8bd9-a90cad09704a,1633860897794,13.494718,52.4816909,4.2299995,-0.9684423,4.631315,-0.2832861,on bike mount,cyclo cross,True,fine gravel,good
04637ac9-cd72-4d58-b97c-c1d2dedb6953,39e3e5bf-8389-44ef-9b5f-5308f207e5df,990c52ed-a390-4a50-8185-2d14e01a59eb,1633860897861,13.494718,52.4816909,4.2299995,-0.29908562,0.89899015,-1.8995633,on bike mount,cyclo cross,True,fine gravel,good
04637ac9-cd72-4d58-b97c-c1d2dedb6953,39e3e5bf-8389-44ef-9b5f-5308f207e5df,fb4a996c-a61d-49d0-ac87-8cd1be1737fb,1633860897927,13.4947344,52.481672,4.2215843,1.0091358,-0.045144796,1.7627287,on bike mount,cyclo cross,True,fine gravel,good
04637ac9-cd72-4d58-b97c-c1d2dedb6953,39e3e5bf-8389-44ef-9b5f-5308f207e5df,80a95cc2-e728-4a62-a3c1-a654521245ee,1633860897977,13.4947344,52.481672,4.2215843,-0.30862743,-3.0888796,-1.1126499,on bike mount,cyclo cross,True,fine gravel,good
04637ac9-cd72-4d58-b97c-c1d2dedb6953,39e3e5bf-8389-44ef-9b5f-5308f207e5df,33cb53c2-d360-44bf-acdf-c1771914f3d9,1633860898028,13.4947344,52.481672,4.2215843,0.37196013,0.5519266,-1.6223168,on bike mount,cyclo cross,True,fine gravel,good
04637ac9-cd72-4d58-b97c-c1d2dedb6953,39e3e5bf-8389-44ef-9b5f-5308f207e5df,b60c9dbf-facf-499c-84bc-75354cbd95b8,1633860898095,13.4947344,52.481672,4.2215843,2.043681,-0.11618519,2.1622353,on bike mount,cyclo cross,True,fine gravel,good
04637ac9-cd72-4d58-b97c-c1d2dedb6953,39e3e5bf-8389-44ef-9b5f-5308f207e5df,77520565-6488-44dd-a71f-cdbb6cd0d9d5,1633860898145,13.4947344,52.481672,4.2215843,0.92963564,-1.402809,2.3400974,on bike mount,cyclo cross,True,fine gravel,good
04637ac9-cd72-4d58-b97c-c1d2dedb6953,39e3e5bf-8389-44ef-9b5f-5308f207e5df,8660d06f-5378-4ee1-bafd-8f1446d204f4,1633860898195,13.4947344,52.481672,4.2215843,-0.03890544,0.075814724,5.823493,on bike mount,cyclo cross,True,fine gravel,good
04637ac9-cd72-4d58-b97c-c1d2dedb6953,39e3e5bf-8389-44ef-9b5f-5308f207e5df,b1055873-4794-476e-a8db-5426e603f87a,1633860898262,13.4947344,52.481672,4.2215843,-0.87971187,-1.0747596,-2.742591,on bike mount,cyclo cross,True,fine gravel,good
04637ac9-cd72-4d58-b97c-c1d2dedb6953,39e3e5bf-8389-44ef-9b5f-5308f207e5df,747ebb30-ff5c-4db2-beb1-b86f577c900c,1633860898328,13.4947344,52.481672,4.2215843,0.2516435,-0.08522344,-2.2198334,on bike mount,cyclo cross,True,fine gravel,good
04637ac9-cd72-4d58-b97c-c1d2dedb6953,39e3e5bf-8389-44ef-9b5f-5308f207e5df,c500b27f-2447-41d7-bfca-67193333bc6d,1633860898379,13.4947344,52.481672,4.2215843,0.0015565753,2.1003776,0.13619137,on bike mount,cyclo cross,True,fine gravel,good
04637ac9-cd72-4d58-b97c-c1d2dedb6953,39e3e5bf-8389-44ef-9b5f-5308f207e5df,68c0f92b-e856-45bc-9ca3-8ee32267ac5e,1633860898445,13.4947344,52.481672,4.2215843,0.1515042,-3.9773493,3.5151787,on bike mount,cyclo cross,True,fine gravel,good
04637ac9-cd72-4d58-b97c-c1d2dedb6953,39e3e5bf-8389-44ef-9b5f-5308f207e5df,8ac81550-cf07-4923-968e-8f92fb01cc85,1633860898496,13.4947344,52.481672,4.2215843,-1.1383802,0.025125504,0.6905985,on bike mount,cyclo cross,True,fine gravel,good
04637ac9-cd72-4d58-b97c-c1d2dedb6953,39e3e5bf-8389-44ef-9b5f-5308f207e5df,190a0097-4ee7-4195-b214-85727818d908,1633860898608,13.4947344,52.481672,4.2215843,0.60215765,-2.0397959,0.5826578,on bike mount,cyclo cross,True,fine gravel,good
04637ac9-cd72-4d58-b97c-c1d2dedb6953,39e3e5bf-8389-44ef-9b5f-5308f207e5df,4fd85785-e089-4c13-8824-c9e860fde41c,1633860898663,13.4947344,52.481672,4.2215843,-1.1343918,3.150929,-1.4185104,on bike mount,cyclo cross,True,fine gravel,good
04637ac9-cd72-4d58-b97c-c1d2dedb6953,39e3e5bf-8389-44ef-9b5f-5308f207e5df,5101f342-c307-48a5-9dc7-7c5afbe5a565,1633860898729,13.4947528,52.4816466,4.2221165,0.5331134,-4.0820274,8.038043,on bike mount,cyclo cross,True,fine gravel,good
04637ac9-cd72-4d58-b97c-c1d2dedb6953,39e3e5bf-8389-44ef-9b5f-5308f207e5df,71341ea8-512f-4b68-ba9b-4ad5fcce7836,1633860898780,13.4947528,52.4816466,4.2221165,-0.51218617,0.4873116,0.69188213,on bike mount,cyclo cross,True,fine gravel,good
04637ac9-cd72-4d58-b97c-c1d2dedb6953,39e3e5bf-8389-44ef-9b5f-5308f207e5df,86923943-895c-4e3d-9a00-28c3da036a74,1633860898830,13.4947528,52.4816466,4.2221165,-3.2096093,0.65394926,3.2104998,on bike mount,cyclo cross,True,fine gravel,good
04637ac9-cd72-4d58-b97c-c1d2dedb6953,39e3e5bf-8389-44ef-9b5f-5308f207e5df,455c6878-0009-4064-b3db-815a8e1fa27c,1633860898897,13.4947528,52.4816466,4.2221165,-0.2567808,-1.0167031,-1.4600859,on bike mount,cyclo cross,True,fine gravel,good
04637ac9-cd72-4d58-b97c-c1d2dedb6953,39e3e5bf-8389-44ef-9b5f-5308f207e5df,03b7bd33-1aef-4fd1-95a6-a4511005be7e,1633860898963,13.4947528,52.4816466,4.2221165,-1.5846962,-1.9484874,5.7173243,on bike mount,cyclo cross,True,fine gravel,good
04637ac9-cd72-4d58-b97c-c1d2dedb6953,39e3e5bf-8389-44ef-9b5f-5308f207e5df,8c4de8a8-91b6-458e-afd8-0e5b3d62d7c2,1633860899014,13.4947528,52.4816466,4.2221165,-0.7978732,-1.731355,1.9735308,on bike mount,cyclo cross,True,fine gravel,good
04637ac9-cd72-4d58-b97c-c1d2dedb6953,39e3e5bf-8389-44ef-9b5f-5308f207e5df,42f42fb8-cfd3-44da-90ce-0646784abaae,1633860899064,13.4947528,52.4816466,4.2221165,1.2350464,-0.90056777,-2.0196724,on bike mount,cyclo cross,True,fine gravel,good
04637ac9-cd72-4d58-b97c-c1d2dedb6953,39e3e5bf-8389-44ef-9b5f-5308f207e5df,fa0f6e59-0ae0-48a5-b6fd-99778a86968a,1633860899131,13.4947528,52.4816466,4.2221165,-0.70318437,-0.8798671,8.385709,on bike mount,cyclo cross,True,fine gravel,good
04637ac9-cd72-4d58-b97c-c1d2dedb6953,39e3e5bf-8389-44ef-9b5f-5308f207e5df,db4bc519-6cfb-4fe2-9342-441e587faf55,1633860899181,13.4947528,52.4816466,4.2221165,1.8472706,-3.8290234,3.7899017,on bike mount,cyclo cross,True,fine gravel,good
04637ac9-cd72-4d58-b97c-c1d2dedb6953,39e3e5bf-8389-44ef-9b5f-5308f207e5df,cb25f3f9-9977-47c4-9028-c77841090559,1633860899247,13.4947528,52.4816466,4.2221165,-1.3422518,1.7139153,-2.354673,on bike mount,cyclo cross,True,fine gravel,good
04637ac9-cd72-4d58-b97c-c1d2dedb6953,39e3e5bf-8389-44ef-9b5f-5308f207e5df,08e8cec3-adaf-4600-952c-4d68adecdf95,1633860899298,13.4947528,52.4816466,4.2221165,-0.96823406,0.58675814,2.8223991,on bike mount,cyclo cross,True,fine gravel,good
04637ac9-cd72-4d58-b97c-c1d2dedb6953,39e3e5bf-8389-44ef-9b5f-5308f207e5df,602cb2ae-58f4-49df-b5cd-77a663785713,1633860899364,13.4947528,52.4816466,4.2221165,0.6949479,1.5471172,1.2506094,on bike mount,cyclo cross,True,fine gravel,good
04637ac9-cd72-4d58-b97c-c1d2dedb6953,39e3e5bf-8389-44ef-9b5f-5308f207e5df,1e9e1a6d-83a5-40d2-a1ec-37e6e8c81a3d,1633860899415,13.4947528,52.4816466,4.2221165,-0.4855495,-1.6290658,-2.1511097,on bike mount,cyclo cross,True,fine gravel,good
04637ac9-cd72-4d58-b97c-c1d2dedb6953,39e3e5bf-8389-44ef-9b5f-5308f207e5df,4d22d6de-05ad-4938-b90e-49c78fb35436,1633860899465,13.4947528,52.4816466,4.2221165,0.098962784,-3.445597,1.7070675,on bike mount,cyclo cross,True,fine gravel,good
04637ac9-cd72-4d58-b97c-c1d2dedb6953,39e3e5bf-8389-44ef-9b5f-5308f207e5df,9cb50a8a-ddab-4def-ad49-04c6d4f6e6b6,1633860899532,13.4947528,52.4816466,4.2221165,-0.43742645,-0.48931336,2.1164837,on bike mount,cyclo cross,True,fine gravel,good
04637ac9-cd72-4d58-b97c-c1d2dedb6953,39e3e5bf-8389-44ef-9b5f-5308f207e5df,49e3023e-3b3e-4a3e-bd7c-7133d7a261d8,1633860899599,13.4947528,52.4816466,4.2221165,-0.37842563,3.5338678,0.7344227,on bike mount,cyclo cross,True,fine gravel,good
04637ac9-cd72-4d58-b97c-c1d2dedb6953,39e3e5bf-8389-44ef-9b5f-5308f207e5df,c5ef519d-6036-4e37-b1c7-f48db5f5c8fe,1633860899649,13.4947528,52.4816466,4.2221165,0.41259414,-1.6636403,-0.061984062,on bike mount,cyclo cross,True,fine gravel,good
04637ac9-cd72-4d58-b97c-c1d2dedb6953,39e3e5bf-8389-44ef-9b5f-5308f207e5df,67bfb1c6-b0bf-45bf-beba-baa27cca05cc,1633860899716,13.4947528,52.4816466,4.2221165,0.8967267,0.6101732,3.8572092,on bike mount,cyclo cross,True,fine gravel,good
04637ac9-cd72-4d58-b97c-c1d2dedb6953,39e3e5bf-8389-44ef-9b5f-5308f207e5df,bf27aa6a-a45b-42f1-aa10-12535c18dd6b,1633860899782,13.4947528,52.4816466,4.2221165,-0.72587335,-1.0651834,-1.1434255,on bike mount,cyclo cross,True,fine gravel,good
04637ac9-cd72-4d58-b97c-c1d2dedb6953,39e3e5bf-8389-44ef-9b5f-5308f207e5df,b39b9948-b9d8-4bdc-88c2-5502d529e7b7,1633860899833,13.4947528,52.4816466,4.2221165,0.7228156,-3.8216083,3.7518768,on bike mount,cyclo cross,True,fine gravel,good
04637ac9-cd72-4d58-b97c-c1d2dedb6953,39e3e5bf-8389-44ef-9b5f-5308f207e5df,8a53249c-5572-4c45-b310-c7e1c4d2ebf0,1633860899899,13.4947738,52.4816002,4.2595806,0.9009596,0.46269774,-0.20396328,on bike mount,cyclo cross,True,fine gravel,good
04637ac9-cd72-4d58-b97c-c1d2dedb6953,39e3e5bf-8389-44ef-9b5f-5308f207e5df,d2b2007b-4cee-49b3-ae2d-3c141a28e91f,1633860899966,13.4947738,52.4816002,4.2595806,-0.69510144,0.6803255,-1.5978246,on bike mount,cyclo cross,True,fine gravel,good
04637ac9-cd72-4d58-b97c-c1d2dedb6953,39e3e5bf-8389-44ef-9b5f-5308f207e5df,7d21ab1d-7d66-4c97-b7c7-b28763cfde14,1633860900033,13.4947738,52.4816002,4.2595806,2.1865625,5.913166,-5.3835754,on bike mount,cyclo cross,True,fine gravel,good
04637ac9-cd72-4d58-b97c-c1d2dedb6953,39e3e5bf-8389-44ef-9b5f-5308f207e5df,b61b2a6a-2798-400f-8fb4-38ac516cf0ac,1633860900100,13.4947738,52.4816002,4.2595806,-2.275458,-0.7592995,1.3144274,on bike mount,cyclo cross,True,fine gravel,good
04637ac9-cd72-4d58-b97c-c1d2dedb6953,39e3e5bf-8389-44ef-9b5f-5308f207e5df,0170edad-8ed0-4b0a-b6a8-2741de77a893,1633860900166,13.4947738,52.4816002,4.2595806,-2.3618667,0.5216713,1.091857,on bike mount,cyclo cross,True,fine gravel,good
04637ac9-cd72-4d58-b97c-c1d2dedb6953,39e3e5bf-8389-44ef-9b5f-5308f207e5df,f9923f29-28a0-4b27-b639-a4079b17a3e5,1633860900217,13.4947738,52.4816002,4.2595806,-0.11483375,-4.1485586,2.9918709,on bike mount,cyclo cross,True,fine gravel,good
04637ac9-cd72-4d58-b97c-c1d2dedb6953,39e3e5bf-8389-44ef-9b5f-5308f207e5df,5d8c80bd-0d86-4344-ab8e-c3fbcb9486dc,1633860900267,13.4947738,52.4816002,4.2595806,-0.9980215,2.8344793,-4.5124116,on bike mount,cyclo cross,True,fine gravel,good
04637ac9-cd72-4d58-b97c-c1d2dedb6953,39e3e5bf-8389-44ef-9b5f-5308f207e5df,4a6b672c-43b9-44a4-b408-8b879eb40485,1633860900334,13.4947738,52.4816002,4.2595806,-0.8911654,1.7784572,-4.8615866,on bike mount,cyclo cross,True,fine gravel,good
04637ac9-cd72-4d58-b97c-c1d2dedb6953,39e3e5bf-8389-44ef-9b5f-5308f207e5df,f78f11b5-2cfb-4210-b667-fb4c930c6d5f,1633860900384,13.4947738,52.4816002,4.2595806,1.0629762,4.216484,-7.179367,on bike mount,cyclo cross,True,fine gravel,good
04637ac9-cd72-4d58-b97c-c1d2dedb6953,39e3e5bf-8389-44ef-9b5f-5308f207e5df,6740b2d1-68ad-40f2-b0ba-cac1031bb0a2,1633860900451,13.4947738,52.4816002,4.2595806,1.4987713,3.652543,-3.8044968,on bike mount,cyclo cross,True,fine gravel,good
04637ac9-cd72-4d58-b97c-c1d2dedb6953,39e3e5bf-8389-44ef-9b5f-5308f207e5df,ddbc0363-9f0f-48f3-898b-973407314db1,1633860900518,13.4947738,52.4816002,4.2595806,2.089323,-1.0746741,-3.2010736,on bike mount,cyclo cross,True,fine gravel,good
04637ac9-cd72-4d58-b97c-c1d2dedb6953,39e3e5bf-8389-44ef-9b5f-5308f207e5df,18552e03-fa84-47fb-a5f2-348b5bfd6eac,1633860900584,13.4947738,52.4816002,4.2595806,0.89630044,0.7145014,0.33117962,on bike mount,cyclo cross,True,fine gravel,good
04637ac9-cd72-4d58-b97c-c1d2dedb6953,39e3e5bf-8389-44ef-9b5f-5308f207e5df,16346b64-c718-4537-b154-6a19cef30c84,1633860900635,13.4947738,52.4816002,4.2595806,2.2607725,-0.06312227,0.99607277,on bike mount,cyclo cross,True,fine gravel,good
04637ac9-cd72-4d58-b97c-c1d2dedb6953,39e3e5bf-8389-44ef-9b5f-5308f207e5df,0be531ae-512f-45df-9d8a-e1a8331856a5,1633860900685,13.4947738,52.4816002,4.2595806,2.3900414,-0.5165138,3.2260485,on bike mount,cyclo cross,True,fine gravel,good
04637ac9-cd72-4d58-b97c-c1d2dedb6953,39e3e5bf-8389-44ef-9b5f-5308f207e5df,60a54583-3cc2-45f7-8737-72053319484c,1633860900735,13.4947738,52.4816002,4.2595806,1.8594567,-0.07454848,0.4838419,on bike mount,cyclo cross,True,fine gravel,good
04637ac9-cd72-4d58-b97c-c1d2dedb6953,39e3e5bf-8389-44ef-9b5f-5308f207e5df,331564f8-eb8a-4e40-9dba-76fd91912a47,1633860900802,13.4947738,52.4816002,4.2595806,2.4530737,-1.9508681,-3.451288,on bike mount,cyclo cross,True,fine gravel,good
04637ac9-cd72-4d58-b97c-c1d2dedb6953,39e3e5bf-8389-44ef-9b5f-5308f207e5df,8b379255-3d56-46fa-92ca-e9f5694c7f27,1633860900852,13.4947738,52.4816002,4.2595806,1.6126761,-3.8181353,2.1851635,on bike mount,cyclo cross,True,fine gravel,good
04637ac9-cd72-4d58-b97c-c1d2dedb6953,39e3e5bf-8389-44ef-9b5f-5308f207e5df,522e7ce6-875b-4b2f-8665-d13bb1503b77,1633860900918,13.4947738,52.4816002,4.2595806,-3.2880948,6.9766827,-2.7297883,on bike mount,cyclo cross,True,fine gravel,good
04637ac9-cd72-4d58-b97c-c1d2dedb6953,39e3e5bf-8389-44ef-9b5f-5308f207e5df,f7350cb4-6afe-42e7-bfda-aa99f4f37f7b,1633860900969,13.4947895,52.4815522,4.3247743,0.9986262,4.3837457,-1.1158438,on bike mount,cyclo cross,True,fine gravel,good
04637ac9-cd72-4d58-b97c-c1d2dedb6953,39e3e5bf-8389-44ef-9b5f-5308f207e5df,ae6724cc-1259-42a0-9fd7-aea8b5ea56f8,1633860901019,13.4947895,52.4815522,4.3247743,0.41164267,5.911131,-4.7004995,on bike mount,cyclo cross,True,fine gravel,good
04637ac9-cd72-4d58-b97c-c1d2dedb6953,39e3e5bf-8389-44ef-9b5f-5308f207e5df,7b170fe1-1e9e-41ac-a6d4-ee280f8352de,1633860901086,13.4947895,52.4815522,4.3247743,-1.2306384,-0.17716241,-2.878924,on bike mount,cyclo cross,True,fine gravel,good
04637ac9-cd72-4d58-b97c-c1d2dedb6953,39e3e5bf-8389-44ef-9b5f-5308f207e5df,63a58ba5-bc68-4b50-a642-2e6074b1c4ec,1633860901153,13.4947895,52.4815522,4.3247743,1.6120062,0.85341454,-8.091026,on bike mount,cyclo cross,True,fine gravel,good
04637ac9-cd72-4d58-b97c-c1d2dedb6953,39e3e5bf-8389-44ef-9b5f-5308f207e5df,ab5b3d2d-d3e5-4f8f-a79f-6c00f73955d4,1633860901220,13.4947895,52.4815522,4.3247743,2.011698,-4.942067,-1.4006767,on bike mount,cyclo cross,True,fine gravel,good
04637ac9-cd72-4d58-b97c-c1d2dedb6953,39e3e5bf-8389-44ef-9b5f-5308f207e5df,d2d59ec6-0c94-4340-b5b1-65034840f51b,1633860901286,13.4947895,52.4815522,4.3247743,-1.2650797,-3.3325615,4.9005957,on bike mount,cyclo cross,True,fine gravel,good
04637ac9-cd72-4d58-b97c-c1d2dedb6953,39e3e5bf-8389-44ef-9b5f-5308f207e5df,359793b4-6454-43ed-a057-f9f27ed3d2d5,1633860901336,13.4947895,52.4815522,4.3247743,-1.0876193,4.5547323,-6.62892,on bike mount,cyclo cross,True,fine gravel,good
04637ac9-cd72-4d58-b97c-c1d2dedb6953,39e3e5bf-8389-44ef-9b5f-5308f207e5df,9b70b97c-df0d-4be3-8088-ed5e391abff8,1633860901387,13.4947895,52.4815522,4.3247743,0.564827,4.4566975,4.9407263,on bike mount,cyclo cross,True,fine gravel,good
04637ac9-cd72-4d58-b97c-c1d2dedb6953,39e3e5bf-8389-44ef-9b5f-5308f207e5df,a31ba25e-24f9-4991-ad86-221beb1eac65,1633860901453,13.4947895,52.4815522,4.3247743,-0.63427436,0.46116877,7.657563,on bike mount,cyclo cross,True,fine gravel,good
04637ac9-cd72-4d58-b97c-c1d2dedb6953,39e3e5bf-8389-44ef-9b5f-5308f207e5df,07f56f1a-2db1-400b-934a-a5706944ca73,1633860901504,13.4947895,52.4815522,4.3247743,-1.0839854,1.9089923,2.9364586,on bike mount,cyclo cross,True,fine gravel,good
04637ac9-cd72-4d58-b97c-c1d2dedb6953,39e3e5bf-8389-44ef-9b5f-5308f207e5df,2a062de9-f2cc-4293-8a80-316cf9a66c5e,1633860901554,13.4947895,52.4815522,4.3247743,-2.2940226,2.773344,-1.5339279,on bike mount,cyclo cross,True,fine gravel,good
04637ac9-cd72-4d58-b97c-c1d2dedb6953,39e3e5bf-8389-44ef-9b5f-5308f207e5df,5b2d73ce-bd82-4e51-a76c-557ef242de3e,1633860901621,13.4947895,52.4815522,4.3247743,-0.15525794,1.6943855,-2.9599419,on bike mount,cyclo cross,True,fine gravel,good
04637ac9-cd72-4d58-b97c-c1d2dedb6953,39e3e5bf-8389-44ef-9b5f-5308f207e5df,a660cdff-7d1f-46c5-938e-2c113d710c3b,1633860901688,13.4947895,52.4815522,4.3247743,1.4313896,0.10795689,2.9242954,on bike mount,cyclo cross,True,fine gravel,good
04637ac9-cd72-4d58-b97c-c1d2dedb6953,39e3e5bf-8389-44ef-9b5f-5308f207e5df,be823ea0-19da-4473-86ed-ed9ab48c45f9,1633860901738,13.4947895,52.4815522,4.3247743,-3.413917,-0.4556942,7.6155596,on bike mount,cyclo cross,True,fine gravel,good
04637ac9-cd72-4d58-b97c-c1d2dedb6953,39e3e5bf-8389-44ef-9b5f-5308f207e5df,a10c1612-b9c5-460a-930c-2f041de25f3b,1633860901805,13.4947895,52.4815522,4.3247743,-0.9069207,-1.3247151,2.695116,on bike mount,cyclo cross,True,fine gravel,good
04637ac9-cd72-4d58-b97c-c1d2dedb6953,39e3e5bf-8389-44ef-9b5f-5308f207e5df,1fc1b8bc-dba5-4f17-a522-aef6b751d8a3,1633860901855,13.4947895,52.4815522,4.3247743,2.8506293,3.1364307,-0.59861946,on bike mount,cyclo cross,True,fine gravel,good
04637ac9-cd72-4d58-b97c-c1d2dedb6953,39e3e5bf-8389-44ef-9b5f-5308f207e5df,a1d00b30-e9a0-464b-a542-6f08aa147120,1633860901921,13.4947895,52.4815522,4.3247743,1.1296738,2.9369636,-2.441195,on bike mount,cyclo cross,True,fine gravel,good
04637ac9-cd72-4d58-b97c-c1d2dedb6953,39e3e5bf-8389-44ef-9b5f-5308f207e5df,d2d7e55c-5664-445e-a76c-89579a063ee0,1633860901972,13.4948036,52.4815035,4.4704733,1.5185648,1.1858816,4.245639,on bike mount,cyclo cross,True,fine gravel,good
04637ac9-cd72-4d58-b97c-c1d2dedb6953,39e3e5bf-8389-44ef-9b5f-5308f207e5df,cb2084bc-cf61-49e0-bb4b-27c0f7173d14,1633860902038,13.4948036,52.4815035,4.4704733,-4.903129,-0.8777883,4.4127893,on bike mount,cyclo cross,True,fine gravel,good
04637ac9-cd72-4d58-b97c-c1d2dedb6953,39e3e5bf-8389-44ef-9b5f-5308f207e5df,4f864bf7-8d66-487c-970b-0fe11a87d00f,1633860902105,13.4948036,52.4815035,4.4704733,0.62829655,1.170136,-2.8617125,on bike mount,cyclo cross,True,fine gravel,good
04637ac9-cd72-4d58-b97c-c1d2dedb6953,39e3e5bf-8389-44ef-9b5f-5308f207e5df,cce4a87e-aba8-4124-8364-791522d55a3a,1633860902172,13.4948036,52.4815035,4.4704733,-1.0330045,-6.0513887,2.0733757,on bike mount,cyclo cross,True,fine gravel,good
04637ac9-cd72-4d58-b97c-c1d2dedb6953,39e3e5bf-8389-44ef-9b5f-5308f207e5df,97f0abfa-5545-41a7-b001-b5019d662284,1633860902239,13.4948036,52.4815035,4.4704733,0.1263001,-5.428624,1.3423929,on bike mount,cyclo cross,True,fine gravel,good
04637ac9-cd72-4d58-b97c-c1d2dedb6953,39e3e5bf-8389-44ef-9b5f-5308f207e5df,aa231d39-c529-4b22-b7b9-f2793d0f1a1b,1633860902305,13.4948036,52.4815035,4.4704733,0.22719556,2.7419767,-0.1783247,on bike mount,cyclo cross,True,fine gravel,good
04637ac9-cd72-4d58-b97c-c1d2dedb6953,39e3e5bf-8389-44ef-9b5f-5308f207e5df,5d6a064a-05b8-4423-82bb-662388a75759,1633860902356,13.4948036,52.4815035,4.4704733,0.3352875,-0.89006877,-0.030633926,on bike mount,cyclo cross,True,fine gravel,good
04637ac9-cd72-4d58-b97c-c1d2dedb6953,39e3e5bf-8389-44ef-9b5f-5308f207e5df,2a88e71d-a897-4584-95ab-2c4e4d2dc1e6,1633860902406,13.4948036,52.4815035,4.4704733,0.39784908,-2.6175761,-0.8563442,on bike mount,cyclo cross,True,fine gravel,good
04637ac9-cd72-4d58-b97c-c1d2dedb6953,39e3e5bf-8389-44ef-9b5f-5308f207e5df,b64474e3-fbc0-4bd4-8ea0-d88fefadd7c3,1633860902473,13.4948036,52.4815035,4.4704733,-0.16289724,1.1433308,-6.116823,on bike mount,cyclo cross,True,fine gravel,good
04637ac9-cd72-4d58-b97c-c1d2dedb6953,39e3e5bf-8389-44ef-9b5f-5308f207e5df,4c7af9c6-e5a2-4caa-a41d-ec72c01c3227,1633860902523,13.4948036,52.4815035,4.4704733,1.825147,1.0215182,4.9282265,on bike mount,cyclo cross,True,fine gravel,good
04637ac9-cd72-4d58-b97c-c1d2dedb6953,39e3e5bf-8389-44ef-9b5f-5308f207e5df,da4d95ba-c449-4a1e-97ce-9c79f35893c4,1633860902590,13.4948036,52.4815035,4.4704733,0.8092774,2.4376497,-0.2958126,on bike mount,cyclo cross,True,fine gravel,good
04637ac9-cd72-4d58-b97c-c1d2dedb6953,39e3e5bf-8389-44ef-9b5f-5308f207e5df,bc25a144-e0a1-40ac-81b2-3aa641418a06,1633860902640,13.4948036,52.4815035,4.4704733,0.3647722,3.887661,-0.14693308,on bike mount,cyclo cross,True,fine gravel,good
04637ac9-cd72-4d58-b97c-c1d2dedb6953,39e3e5bf-8389-44ef-9b5f-5308f207e5df,3b393004-bc1c-4e46-800f-4a9da8fce201,1633860902690,13.4948036,52.4815035,4.4704733,0.23373692,4.4163194,1.4250803,on bike mount,cyclo cross,True,fine gravel,good
04637ac9-cd72-4d58-b97c-c1d2dedb6953,39e3e5bf-8389-44ef-9b5f-5308f207e5df,193e9894-c0f2-462a-90d5-f85d71a0de11,1633860902757,13.4948036,52.4815035,4.4704733,1.2966803,0.46400094,5.372779,on bike mount,cyclo cross,True,fine gravel,good
04637ac9-cd72-4d58-b97c-c1d2dedb6953,b9c5fa32-3c40-460c-9a31-a33150b046af,81030728-4bfd-4ae5-9519-f2feb36cf066,1633860898547,13.4947344,52.481672,4.2215843,-0.01198858,-0.67076397,-0.8357897,on bike mount,cyclo cross,True,fine gravel,good
04637ac9-cd72-4d58-b97c-c1d2dedb6953,b9c5fa32-3c40-460c-9a31-a33150b046af,0e811b72-27b3-4443-8478-7375940501ee,1633860898609,13.4947344,52.481672,4.2215843,0.77988195,-0.90659356,-0.03414631,on bike mount,cyclo cross,True,fine gravel,good
04637ac9-cd72-4d58-b97c-c1d2dedb6953,b9c5fa32-3c40-460c-9a31-a33150b046af,0a084944-8e5e-4737-a3dd-f831b81215d8,1633860898665,13.4947344,52.481672,4.2215843,-0.8696649,1.5385971,1.467639,on bike mount,cyclo cross,True,fine gravel,good
04637ac9-cd72-4d58-b97c-c1d2dedb6953,b9c5fa32-3c40-460c-9a31-a33150b046af,6ce2f69a-ac97-4f19-9e3e-0d8cbcd9363d,1633860898730,13.4947528,52.4816466,4.2221165,0.5331134,-4.0820274,8.038043,on bike mount,cyclo cross,True,fine gravel,good
04637ac9-cd72-4d58-b97c-c1d2dedb6953,b9c5fa32-3c40-460c-9a31-a33150b046af,f2e29226-fe11-43ba-b268-4c9c2b8a1e77,1633860898797,13.4947528,52.4816466,4.2221165,-1.9022131,-2.3859737,-1.5819759,on bike mount,cyclo cross,True,fine gravel,good
04637ac9-cd72-4d58-b97c-c1d2dedb6953,b9c5fa32-3c40-460c-9a31-a33150b046af,8f0302cb-d3ab-4b50-8a57-8655d1ba085e,1633860898847,13.4947528,52.4816466,4.2221165,-0.053926677,-0.3417418,2.1871357,on bike mount,cyclo cross,True,fine gravel,good
04637ac9-cd72-4d58-b97c-c1d2dedb6953,b9c5fa32-3c40-460c-9a31-a33150b046af,8061a7e1-f7c2-4bd6-aa85-9f1bd2bda972,1633860898914,13.4947528,52.4816466,4.2221165,0.696172,0.23035383,-7.4980726,on bike mount,cyclo cross,True,fine gravel,good
04637ac9-cd72-4d58-b97c-c1d2dedb6953,b9c5fa32-3c40-460c-9a31-a33150b046af,f2a838f7-3fe2-4067-8185-82756d0ac0cf,1633860898964,13.4947528,52.4816466,4.2221165,-1.5846962,-1.9484874,5.7173243,on bike mount,cyclo cross,True,fine gravel,good
04637ac9-cd72-4d58-b97c-c1d2dedb6953,b9c5fa32-3c40-460c-9a31-a33150b046af,0e35ab35-e3b7-49dc-84a9-b8cb166e62fd,1633860899030,13.4947528,52.4816466,4.2221165,0.52749455,0.5043855,0.5255909,on bike mount,cyclo cross,True,fine gravel,good
04637ac9-cd72-4d58-b97c-c1d2dedb6953,b9c5fa32-3c40-460c-9a31-a33150b046af,9e290b4e-e440-48f2-9299-f819a36a1884,1633860899081,13.4947528,52.4816466,4.2221165,0.52485406,-2.5698285,3.0690851,on bike mount,cyclo cross,True,fine gravel,good
04637ac9-cd72-4d58-b97c-c1d2dedb6953,b9c5fa32-3c40-460c-9a31-a33150b046af,1dec3247-2f41-491e-b701-c261adaf7796,1633860899147,13.4947528,52.4816466,4.2221165,-2.5591211,2.8065557,1.7026081,on bike mount,cyclo cross,True,fine gravel,good
04637ac9-cd72-4d58-b97c-c1d2dedb6953,b9c5fa32-3c40-460c-9a31-a33150b046af,3048721a-7fdb-4902-ac02-4e47ca8ff80e,1633860899198,13.4947528,52.4816466,4.2221165,-0.5663981,2.0332732,-0.18365288,on bike mount,cyclo cross,True,fine gravel,good
04637ac9-cd72-4d58-b97c-c1d2dedb6953,b9c5fa32-3c40-460c-9a31-a33150b046af,ec3ee2d1-2aed-4ba9-b371-2c35a4ef8676,1633860899264,13.4947528,52.4816466,4.2221165,0.24237245,-2.3045475,-0.8716707,on bike mount,cyclo cross,True,fine gravel,good
04637ac9-cd72-4d58-b97c-c1d2dedb6953,b9c5fa32-3c40-460c-9a31-a33150b046af,749bde3b-583e-4ff7-8d71-1756ddd5932b,1633860899315,13.4947528,52.4816466,4.2221165,-0.46979403,-2.4031777,-0.23248577,on bike mount,cyclo cross,True,fine gravel,good
04637ac9-cd72-4d58-b97c-c1d2dedb6953,b9c5fa32-3c40-460c-9a31-a33150b046af,6fb052fb-02d6-4da7-aeab-6f0e1d747c93,1633860899365,13.4947528,52.4816466,4.2221165,0.4424126,0.27135777,0.56307316,on bike mount,cyclo cross,True,fine gravel,good
04637ac9-cd72-4d58-b97c-c1d2dedb6953,b9c5fa32-3c40-460c-9a31-a33150b046af,4bf24aca-4182-405e-ae1b-c22bce805d41,1633860899432,13.4947528,52.4816466,4.2221165,-0.009912595,-1.4063619,-1.1515484,on bike mount,cyclo cross,True,fine gravel,good
04637ac9-cd72-4d58-b97c-c1d2dedb6953,b9c5fa32-3c40-460c-9a31-a33150b046af,f90b7386-5fae-49ae-b72c-8b6f222f66a9,1633860899498,13.4947528,52.4816466,4.2221165,-0.23277733,-2.8632197,-0.9538169,on bike mount,cyclo cross,True,fine gravel,good
04637ac9-cd72-4d58-b97c-c1d2dedb6953,b9c5fa32-3c40-460c-9a31-a33150b046af,5b4bbc79-1fee-4fc7-bd1e-38922429b2dc,1633860899549,13.4947528,52.4816466,4.2221165,-2.0114353,2.0893202,-1.8850584,on bike mount,cyclo cross,True,fine gravel,good
04637ac9-cd72-4d58-b97c-c1d2dedb6953,b9c5fa32-3c40-460c-9a31-a33150b046af,2392136f-13c8-440e-916a-a44949b2ade4,1633860899599,13.4947528,52.4816466,4.2221165,-0.37842563,3.5338678,0.7344227,on bike mount,cyclo cross,True,fine gravel,good
04637ac9-cd72-4d58-b97c-c1d2dedb6953,b9c5fa32-3c40-460c-9a31-a33150b046af,916c52e2-b9eb-4933-b5ad-a52b6ca2a3a7,1633860899666,13.4947528,52.4816466,4.2221165,-0.1869816,1.4806666,-1.2298365,on bike mount,cyclo cross,True,fine gravel,good
04637ac9-cd72-4d58-b97c-c1d2dedb6953,b9c5fa32-3c40-460c-9a31-a33150b046af,468b7314-5868-4638-a67b-a29d4a0a7451,1633860899732,13.4947528,52.4816466,4.2221165,-0.26661462,-2.8091862,-3.2644968,on bike mount,cyclo cross,True,fine gravel,good
04637ac9-cd72-4d58-b97c-c1d2dedb6953,b9c5fa32-3c40-460c-9a31-a33150b046af,b4a28cbb-16a4-4386-a576-9a46915a50c2,1633860899783,13.4947528,52.4816466,4.2221165,-0.92059565,-0.22940397,-0.4992056,on bike mount,cyclo cross,True,fine gravel,good
04637ac9-cd72-4d58-b97c-c1d2dedb6953,b9c5fa32-3c40-460c-9a31-a33150b046af,a86d4c75-9569-4d45-a100-b5cb172c5eda,1633860899849,13.4947528,52.4816466,4.2221165,-0.89998204,3.053771,2.2385273,on bike mount,cyclo cross,True,fine gravel,good
04637ac9-cd72-4d58-b97c-c1d2dedb6953,b9c5fa32-3c40-460c-9a31-a33150b046af,409e0848-c8de-4131-b6ec-92db5b0a656a,1633860899916,13.4947738,52.4816002,4.2595806,0.6900881,-1.6644632,1.0891752,on bike mount,cyclo cross,True,fine gravel,good
04637ac9-cd72-4d58-b97c-c1d2dedb6953,b9c5fa32-3c40-460c-9a31-a33150b046af,3c27e606-0f91-4a3c-a7b8-f6450b40efb2,1633860899983,13.4947738,52.4816002,4.2595806,0.17623125,-2.42533,1.7023392,on bike mount,cyclo cross,True,fine gravel,good
04637ac9-cd72-4d58-b97c-c1d2dedb6953,b9c5fa32-3c40-460c-9a31-a33150b046af,f076f057-2dcd-4d46-8c5f-3a22fd2623d7,1633860900050,13.4947738,52.4816002,4.2595806,2.0479677,1.3072109,-2.9169016,on bike mount,cyclo cross,True,fine gravel,good
04637ac9-cd72-4d58-b97c-c1d2dedb6953,b9c5fa32-3c40-460c-9a31-a33150b046af,16a82683-01e6-4b38-bab7-549088858ef4,1633860900100,13.4947738,52.4816002,4.2595806,-0.9838655,-2.3638046,0.8747549,on bike mount,cyclo cross,True,fine gravel,good
04637ac9-cd72-4d58-b97c-c1d2dedb6953,b9c5fa32-3c40-460c-9a31-a33150b046af,dbf7b5e1-14a1-47ea-9e88-9d7d9c92ed5e,1633860900167,13.4947738,52.4816002,4.2595806,-2.3618667,0.5216713,1.091857,on bike mount,cyclo cross,True,fine gravel,good
04637ac9-cd72-4d58-b97c-c1d2dedb6953,b9c5fa32-3c40-460c-9a31-a33150b046af,73dc9ad6-9af5-48fe-ba3e-10ec8cc13a58,1633860900234,13.4947738,52.4816002,4.2595806,0.76268154,2.1839564,0.87515545,on bike mount,cyclo cross,True,fine gravel,good
04637ac9-cd72-4d58-b97c-c1d2dedb6953,b9c5fa32-3c40-460c-9a31-a33150b046af,27d438f9-dbc9-4aea-a963-f4f2333263af,1633860900284,13.4947738,52.4816002,4.2595806,1.4668057,-3.9597096,-2.234095,on bike mount,cyclo cross,True,fine gravel,good
04637ac9-cd72-4d58-b97c-c1d2dedb6953,b9c5fa32-3c40-460c-9a31-a33150b046af,612f4022-55f3-4d5e-9749-00730b050a4a,1633860900334,13.4947738,52.4816002,4.2595806,-0.8911654,1.7784572,-4.8615866,on bike mount,cyclo cross,True,fine gravel,good
04637ac9-cd72-4d58-b97c-c1d2dedb6953,b9c5fa32-3c40-460c-9a31-a33150b046af,e89ed248-b236-4617-8183-c3e32fc88dad,1633860900401,13.4947738,52.4816002,4.2595806,0.9793304,-2.5406306,-1.2475109,on bike mount,cyclo cross,True,fine gravel,good
04637ac9-cd72-4d58-b97c-c1d2dedb6953,b9c5fa32-3c40-460c-9a31-a33150b046af,d72a4009-04c5-4867-b4e6-9b548bc03ef0,1633860900467,13.4947738,52.4816002,4.2595806,-0.17141218,-2.2254155,0.39955235,on bike mount,cyclo cross,True,fine gravel,good
04637ac9-cd72-4d58-b97c-c1d2dedb6953,b9c5fa32-3c40-460c-9a31-a33150b046af,bf1b909d-e6c0-4c49-a2bc-57fa57b8e1ee,1633860900518,13.4947738,52.4816002,4.2595806,2.089323,-1.0746741,-3.2010736,on bike mount,cyclo cross,True,fine gravel,good
04637ac9-cd72-4d58-b97c-c1d2dedb6953,b9c5fa32-3c40-460c-9a31-a33150b046af,2166b646-6d87-4a07-8bdd-9cd923ff0dbc,1633860900585,13.4947738,52.4816002,4.2595806,0.89630044,0.7145014,0.33117962,on bike mount,cyclo cross,True,fine gravel,good
04637ac9-cd72-4d58-b97c-c1d2dedb6953,b9c5fa32-3c40-460c-9a31-a33150b046af,ab3efd8f-4f43-4096-a8a3-cf49a0c6e0de,1633860900651,13.4947738,52.4816002,4.2595806,0.8983247,0.01926136,2.6115322,on bike mount,cyclo cross,True,fine gravel,good
04637ac9-cd72-4d58-b97c-c1d2dedb6953,b9c5fa32-3c40-460c-9a31-a33150b046af,0faef437-d5f6-424f-865d-234befb9f4de,1633860900702,13.4947738,52.4816002,4.2595806,0.57524025,-0.9166546,1.9005013,on bike mount,cyclo cross,True,fine gravel,good
04637ac9-cd72-4d58-b97c-c1d2dedb6953,b9c5fa32-3c40-460c-9a31-a33150b046af,475fd284-4d41-4e87-83a7-1e5bad515328,1633860900752,13.4947738,52.4816002,4.2595806,0.14492291,-5.486315,3.0770426,on bike mount,cyclo cross,True,fine gravel,good
04637ac9-cd72-4d58-b97c-c1d2dedb6953,b9c5fa32-3c40-460c-9a31-a33150b046af,6774924a-d321-4379-90f9-fff863110240,1633860900819,13.4947738,52.4816002,4.2595806,0.7944783,-2.9884713,5.4256306,on bike mount,cyclo cross,True,fine gravel,good
04637ac9-cd72-4d58-b97c-c1d2dedb6953,b9c5fa32-3c40-460c-9a31-a33150b046af,fc76e206-d41d-4e8f-ace1-38f45e88db70,1633860900869,13.4947738,52.4816002,4.2595806,0.29054034,0.102906466,9.511473,on bike mount,cyclo cross,True,fine gravel,good
04637ac9-cd72-4d58-b97c-c1d2dedb6953,b9c5fa32-3c40-460c-9a31-a33150b046af,0439b766-c4be-4fea-a54f-b9067ad3fd9e,1633860900935,13.4947895,52.4815522,4.3247743,0.47855383,-4.621741,-2.2612581,on bike mount,cyclo cross,True,fine gravel,good
04637ac9-cd72-4d58-b97c-c1d2dedb6953,b9c5fa32-3c40-460c-9a31-a33150b046af,aa53a7ac-c725-4695-90df-33bf22250b12,1633860901002,13.4947895,52.4815522,4.3247743,-1.2282937,-4.861519,3.7753859,on bike mount,cyclo cross,True,fine gravel,good
04637ac9-cd72-4d58-b97c-c1d2dedb6953,b9c5fa32-3c40-460c-9a31-a33150b046af,d4aa5f77-f7bc-4668-8f49-93d8a7a2eaf9,1633860901069,13.4947895,52.4815522,4.3247743,-0.31702965,-2.4822862,0.23340034,on bike mount,cyclo cross,True,fine gravel,good
04637ac9-cd72-4d58-b97c-c1d2dedb6953,b9c5fa32-3c40-460c-9a31-a33150b046af,6437e4bd-9367-48bc-aa71-8fb05cdf9d5c,1633860901136,13.4947895,52.4815522,4.3247743,1.5607296,-0.17913365,10.440826,on bike mount,cyclo cross,True,fine gravel,good
04637ac9-cd72-4d58-b97c-c1d2dedb6953,b9c5fa32-3c40-460c-9a31-a33150b046af,ada7e14a-4fcd-471f-b174-44c019b2a01f,1633860901203,13.4947895,52.4815522,4.3247743,-1.4414167,1.7950263,-2.306594,on bike mount,cyclo cross,True,fine gravel,good
04637ac9-cd72-4d58-b97c-c1d2dedb6953,b9c5fa32-3c40-460c-9a31-a33150b046af,0d6a344d-9b53-4dbc-8d47-b36b37f44dfa,1633860901253,13.4947895,52.4815522,4.3247743,0.47587955,-2.8252413,-0.033989906,on bike mount,cyclo cross,True,fine gravel,good
04637ac9-cd72-4d58-b97c-c1d2dedb6953,b9c5fa32-3c40-460c-9a31-a33150b046af,f4c0f3ea-0d90-42d1-874a-1f7490856595,1633860901320,13.4947895,52.4815522,4.3247743,0.29551083,-2.3597946,-0.28299427,on bike mount,cyclo cross,True,fine gravel,good
04637ac9-cd72-4d58-b97c-c1d2dedb6953,b9c5fa32-3c40-460c-9a31-a33150b046af,4cc9b0e3-574e-4127-b8c2-e27314f1059a,1633860901386,13.4947895,52.4815522,4.3247743,0.564827,4.4566975,4.9407263,on bike mount,cyclo cross,True,fine gravel,good
04637ac9-cd72-4d58-b97c-c1d2dedb6953,b9c5fa32-3c40-460c-9a31-a33150b046af,0f15802f-e96e-4daf-a122-6aee39bab8ac,1633860901437,13.4947895,52.4815522,4.3247743,1.5328664,0.7131202,-2.8405232,on bike mount,cyclo cross,True,fine gravel,good
04637ac9-cd72-4d58-b97c-c1d2dedb6953,b9c5fa32-3c40-460c-9a31-a33150b046af,42193de5-b124-4ce6-ace1-a6357ec2615a,1633860901487,13.4947895,52.4815522,4.3247743,-0.13536108,-2.024835,2.2447834,on bike mount,cyclo cross,True,fine gravel,good
