bike_activity_uid,bike_activity_sample_uid,bike_activity_measurement,bike_activity_measurement_timestamp,bike_activity_measurement_lon,bike_activity_measurement_lat,bike_activity_measurement_speed,bike_activity_measurement_accelerometer_x,bike_activity_measurement_accelerometer_y,bike_activity_measurement_accelerometer_z,bike_activity_phone_position,bike_activity_bike_type,bike_activity_flagged_lab_conditions,bike_activity_surface_type,bike_activity_smoothness_type
3faace6f-0b01-4744-9bde-e67e56dddb49,6f6d1315-1b8a-4c47-aae3-c49487ba15b4,4e68fa6c-cde0-4804-be2d-3b9bbf94c4af,1634144773745,13.4353135,52.4941176,5.461121,14.760794,-4.3848763,-22.192112,on bike mount,cyclo cross,True,sett,intermediate
3faace6f-0b01-4744-9bde-e67e56dddb49,6f6d1315-1b8a-4c47-aae3-c49487ba15b4,3676ebf5-99c6-4582-9921-10f3ed40e60f,1634144773795,13.4353135,52.4941176,5.461121,3.401947,-5.152227,-8.695229,on bike mount,cyclo cross,True,sett,intermediate
3faace6f-0b01-4744-9bde-e67e56dddb49,6f6d1315-1b8a-4c47-aae3-c49487ba15b4,7eabb592-476d-4a20-8eaa-ad351ffc00a5,1634144773845,13.4353135,52.4941176,5.461121,-5.2198772,-1.4757929,23.906973,on bike mount,cyclo cross,True,sett,intermediate
3faace6f-0b01-4744-9bde-e67e56dddb49,6f6d1315-1b8a-4c47-aae3-c49487ba15b4,6aab9137-e1ee-40ba-89ed-9e8ef14d901b,1634144773896,13.4353135,52.4941176,5.461121,-0.90153396,47.101448,-18.616114,on bike mount,cyclo cross,True,sett,intermediate
3faace6f-0b01-4744-9bde-e67e56dddb49,6f6d1315-1b8a-4c47-aae3-c49487ba15b4,ebbd7bf4-ed54-4dd7-b027-68b00c480eea,1634144773946,13.4353135,52.4941176,5.461121,-5.414214,-0.34656596,-16.052814,on bike mount,cyclo cross,True,sett,intermediate
3faace6f-0b01-4744-9bde-e67e56dddb49,6f6d1315-1b8a-4c47-aae3-c49487ba15b4,251fb966-ce5c-490a-a366-dee9bb43a119,1634144773996,13.4353135,52.4941176,5.461121,2.9483256,10.051915,-15.72319,on bike mount,cyclo cross,True,sett,intermediate
3faace6f-0b01-4744-9bde-e67e56dddb49,6f6d1315-1b8a-4c47-aae3-c49487ba15b4,23ca06e6-19b5-40e0-98a0-cf375a25b9d3,1634144774046,13.4353135,52.4941176,5.461121,1.3649406,-2.3189032,4.3018856,on bike mount,cyclo cross,True,sett,intermediate
3faace6f-0b01-4744-9bde-e67e56dddb49,6f6d1315-1b8a-4c47-aae3-c49487ba15b4,70a753b3-6ef5-46f5-a39e-55ed282584b6,1634144774097,13.4353135,52.4941176,5.461121,1.161102,2.6356554,-9.306183,on bike mount,cyclo cross,True,sett,intermediate
3faace6f-0b01-4744-9bde-e67e56dddb49,6f6d1315-1b8a-4c47-aae3-c49487ba15b4,49e56425-e1ed-4a56-8cdb-deacd3efdb23,1634144774147,13.4353135,52.4941176,5.461121,9.861317,-16.779655,13.152222,on bike mount,cyclo cross,True,sett,intermediate
3faace6f-0b01-4744-9bde-e67e56dddb49,6f6d1315-1b8a-4c47-aae3-c49487ba15b4,0a46a527-c43f-4121-94ba-70909611eb64,1634144774197,13.4353135,52.4941176,5.461121,5.2409625,-23.856977,8.002361,on bike mount,cyclo cross,True,sett,intermediate
3faace6f-0b01-4744-9bde-e67e56dddb49,6f6d1315-1b8a-4c47-aae3-c49487ba15b4,d580659a-698e-43d1-8419-39207e6fec54,1634144774248,13.4353135,52.4941176,5.461121,3.005029,12.147835,-7.8967814,on bike mount,cyclo cross,True,sett,intermediate
3faace6f-0b01-4744-9bde-e67e56dddb49,6f6d1315-1b8a-4c47-aae3-c49487ba15b4,d4f97c63-5d32-4784-b668-2a61d9042f0e,1634144774313,13.4353135,52.4941176,5.461121,4.9688377,-16.066313,1.1437826,on bike mount,cyclo cross,True,sett,intermediate
3faace6f-0b01-4744-9bde-e67e56dddb49,6f6d1315-1b8a-4c47-aae3-c49487ba15b4,dc3e5d4c-8665-4229-bb5c-79e31c1497b3,1634144774363,13.4353135,52.4941176,5.461121,-7.2431507,-3.870902,22.410131,on bike mount,cyclo cross,True,sett,intermediate
3faace6f-0b01-4744-9bde-e67e56dddb49,6f6d1315-1b8a-4c47-aae3-c49487ba15b4,a28b5c59-c5e9-4a8a-aece-3cde703b9d8d,1634144774413,13.4353135,52.4941176,5.461121,-4.0719333,-16.156876,0.53077126,on bike mount,cyclo cross,True,sett,intermediate
3faace6f-0b01-4744-9bde-e67e56dddb49,6f6d1315-1b8a-4c47-aae3-c49487ba15b4,b0289f95-6564-4d0d-ad7c-71a513f548d9,1634144774464,13.4353135,52.4941176,5.461121,-3.6798248,7.5977125,-10.910615,on bike mount,cyclo cross,True,sett,intermediate
3faace6f-0b01-4744-9bde-e67e56dddb49,6f6d1315-1b8a-4c47-aae3-c49487ba15b4,f52241c1-ab19-461a-9c53-b2fa6b292250,1634144774515,13.4353819,52.4940963,5.6092443,6.2840815,12.437246,-33.681747,on bike mount,cyclo cross,True,sett,intermediate
3faace6f-0b01-4744-9bde-e67e56dddb49,6f6d1315-1b8a-4c47-aae3-c49487ba15b4,958817ee-fbe2-4f64-8198-33d8cb939751,1634144774580,13.4353819,52.4940963,5.6092443,-1.754796,-8.031991,-11.050867,on bike mount,cyclo cross,True,sett,intermediate
3faace6f-0b01-4744-9bde-e67e56dddb49,6f6d1315-1b8a-4c47-aae3-c49487ba15b4,a28340df-71e2-49e1-81e4-f92858001d4c,1634144774630,13.4353819,52.4940963,5.6092443,2.0583603,7.525052,9.508402,on bike mount,cyclo cross,True,sett,intermediate
3faace6f-0b01-4744-9bde-e67e56dddb49,6f6d1315-1b8a-4c47-aae3-c49487ba15b4,26457994-3e29-4236-92b7-c7b30aaf1fab,1634144774680,13.4353819,52.4940963,5.6092443,-4.0167923,-10.853529,13.291897,on bike mount,cyclo cross,True,sett,intermediate
3faace6f-0b01-4744-9bde-e67e56dddb49,6f6d1315-1b8a-4c47-aae3-c49487ba15b4,0642a8cd-03b6-4084-b2ad-2b7112cf5761,1634144774730,13.4353819,52.4940963,5.6092443,0.36244166,-0.31744364,-31.510738,on bike mount,cyclo cross,True,sett,intermediate
3faace6f-0b01-4744-9bde-e67e56dddb49,6f6d1315-1b8a-4c47-aae3-c49487ba15b4,70e474ca-2e7d-4560-894a-94d536809af2,1634144774781,13.4353819,52.4940963,5.6092443,-1.7046752,1.5602365,-30.59177,on bike mount,cyclo cross,True,sett,intermediate
3faace6f-0b01-4744-9bde-e67e56dddb49,6f6d1315-1b8a-4c47-aae3-c49487ba15b4,19f2cace-adb5-4757-9f26-16432c88d9e0,1634144774830,13.4353819,52.4940963,5.6092443,1.5527922,0.8397198,18.202076,on bike mount,cyclo cross,True,sett,intermediate
3faace6f-0b01-4744-9bde-e67e56dddb49,6f6d1315-1b8a-4c47-aae3-c49487ba15b4,72f273b9-d27f-4b8f-bc5e-c26e9ab706ca,1634144774882,13.4353819,52.4940963,5.6092443,1.5377439,4.7068586,-15.2598,on bike mount,cyclo cross,True,sett,intermediate
3faace6f-0b01-4744-9bde-e67e56dddb49,6f6d1315-1b8a-4c47-aae3-c49487ba15b4,8660b4bc-9246-43e5-b62a-b83986a475e5,1634144774932,13.4353819,52.4940963,5.6092443,-8.196832,-19.130642,-35.101807,on bike mount,cyclo cross,True,sett,intermediate
3faace6f-0b01-4744-9bde-e67e56dddb49,6f6d1315-1b8a-4c47-aae3-c49487ba15b4,5dce95da-4190-46dc-bef9-2fe26acd4acb,1634144774982,13.4353819,52.4940963,5.6092443,-5.148084,-12.372223,-22.020992,on bike mount,cyclo cross,True,sett,intermediate
3faace6f-0b01-4744-9bde-e67e56dddb49,6f6d1315-1b8a-4c47-aae3-c49487ba15b4,e64bfb62-5f5e-4e92-a4cf-7e5839b5e2e5,1634144775047,13.4353819,52.4940963,5.6092443,2.5269327,-46.39261,-5.2975597,on bike mount,cyclo cross,True,sett,intermediate
3faace6f-0b01-4744-9bde-e67e56dddb49,6f6d1315-1b8a-4c47-aae3-c49487ba15b4,d6fcd752-af67-4d59-b01f-0bbc0e4b597c,1634144775098,13.4353819,52.4940963,5.6092443,-5.098122,7.874015,-15.993683,on bike mount,cyclo cross,True,sett,intermediate
3faace6f-0b01-4744-9bde-e67e56dddb49,6f6d1315-1b8a-4c47-aae3-c49487ba15b4,41a359c6-ad3e-4aed-8133-83ff91efe56f,1634144775148,13.4353819,52.4940963,5.6092443,-0.24654785,-11.006163,-8.326399,on bike mount,cyclo cross,True,sett,intermediate
3faace6f-0b01-4744-9bde-e67e56dddb49,6f6d1315-1b8a-4c47-aae3-c49487ba15b4,0b19d168-5d26-4ba5-91cc-96d4e5a195ac,1634144775199,13.4353819,52.4940963,5.6092443,12.534751,4.811161,3.050046,on bike mount,cyclo cross,True,sett,intermediate
3faace6f-0b01-4744-9bde-e67e56dddb49,6f6d1315-1b8a-4c47-aae3-c49487ba15b4,20091e92-affe-484b-bf43-8be1c69599e4,1634144775250,13.4353819,52.4940963,5.6092443,3.8645933,-16.182285,3.6527233,on bike mount,cyclo cross,True,sett,intermediate
3faace6f-0b01-4744-9bde-e67e56dddb49,6f6d1315-1b8a-4c47-aae3-c49487ba15b4,60a096c2-9667-4886-9626-bff42b50565c,1634144775300,13.4353819,52.4940963,5.6092443,-11.954798,-9.836969,-3.8065286,on bike mount,cyclo cross,True,sett,intermediate
3faace6f-0b01-4744-9bde-e67e56dddb49,6f6d1315-1b8a-4c47-aae3-c49487ba15b4,f38a70d8-f482-4939-8e1f-4020e3acb513,1634144775367,13.4353819,52.4940963,5.6092443,4.8178434,-1.6204555,6.410653,on bike mount,cyclo cross,True,sett,intermediate
3faace6f-0b01-4744-9bde-e67e56dddb49,6f6d1315-1b8a-4c47-aae3-c49487ba15b4,612f7a93-0c41-49bd-bf5c-ea798aed9e96,1634144775432,13.4353819,52.4940963,5.6092443,-2.6655717,6.861765,16.17095,on bike mount,cyclo cross,True,sett,intermediate
3faace6f-0b01-4744-9bde-e67e56dddb49,6f6d1315-1b8a-4c47-aae3-c49487ba15b4,5bf240fe-9ac7-4aec-af49-e6cf65fa7ae9,1634144775484,13.4354477,52.4940712,5.608598,-1.0531884,5.7609997,15.752874,on bike mount,cyclo cross,True,sett,intermediate
3faace6f-0b01-4744-9bde-e67e56dddb49,6f6d1315-1b8a-4c47-aae3-c49487ba15b4,f1faafb6-a5fa-4c47-a38d-2c668e67fe3a,1634144775534,13.4354477,52.4940712,5.608598,-0.6054417,28.174646,-12.847404,on bike mount,cyclo cross,True,sett,intermediate
3faace6f-0b01-4744-9bde-e67e56dddb49,6f6d1315-1b8a-4c47-aae3-c49487ba15b4,b85ccffd-c31b-4a7f-a360-e310736fd713,1634144775601,13.4354477,52.4940712,5.608598,12.9228325,15.949612,-37.58968,on bike mount,cyclo cross,True,sett,intermediate
3faace6f-0b01-4744-9bde-e67e56dddb49,6f6d1315-1b8a-4c47-aae3-c49487ba15b4,c8a5166a-1e05-438a-9472-ef119517053e,1634144775650,13.4354477,52.4940712,5.608598,-12.783348,19.69134,-7.304723,on bike mount,cyclo cross,True,sett,intermediate
3faace6f-0b01-4744-9bde-e67e56dddb49,6f6d1315-1b8a-4c47-aae3-c49487ba15b4,24bb5baf-40ee-4f6c-ac7c-2f6a7d76e002,1634144775701,13.4354477,52.4940712,5.608598,6.2163615,-5.8078537,-17.071964,on bike mount,cyclo cross,True,sett,intermediate
3faace6f-0b01-4744-9bde-e67e56dddb49,6f6d1315-1b8a-4c47-aae3-c49487ba15b4,9af1b01a-d798-4ab4-b84c-25fd95e77973,1634144775750,13.4354477,52.4940712,5.608598,1.9944783,59.482727,-10.8489895,on bike mount,cyclo cross,True,sett,intermediate
3faace6f-0b01-4744-9bde-e67e56dddb49,6f6d1315-1b8a-4c47-aae3-c49487ba15b4,e1bbc629-0e44-425e-92aa-47c37b5b7c0f,1634144775801,13.4354477,52.4940712,5.608598,1.7541791,6.971068,-23.400127,on bike mount,cyclo cross,True,sett,intermediate
3faace6f-0b01-4744-9bde-e67e56dddb49,6f6d1315-1b8a-4c47-aae3-c49487ba15b4,c60d971a-3247-4674-ba98-0f1cb65d4058,1634144775851,13.4354477,52.4940712,5.608598,-5.967424,-16.929573,5.836131,on bike mount,cyclo cross,True,sett,intermediate
3faace6f-0b01-4744-9bde-e67e56dddb49,6f6d1315-1b8a-4c47-aae3-c49487ba15b4,d6b65d86-374a-4fa8-b502-e9749d5a0f13,1634144775902,13.4354477,52.4940712,5.608598,-6.7398276,-9.866001,-27.040472,on bike mount,cyclo cross,True,sett,intermediate
3faace6f-0b01-4744-9bde-e67e56dddb49,6f6d1315-1b8a-4c47-aae3-c49487ba15b4,fc62c5d0-d500-424d-b0ac-ae12de3ed257,1634144775968,13.4354477,52.4940712,5.608598,-3.294142,-1.56689,5.102436,on bike mount,cyclo cross,True,sett,intermediate
3faace6f-0b01-4744-9bde-e67e56dddb49,6f6d1315-1b8a-4c47-aae3-c49487ba15b4,3c4b8cb0-a63d-42df-8fee-a2c84e33a3a4,1634144776019,13.4354477,52.4940712,5.608598,0.79111624,10.023476,21.029493,on bike mount,cyclo cross,True,sett,intermediate
3faace6f-0b01-4744-9bde-e67e56dddb49,6f6d1315-1b8a-4c47-aae3-c49487ba15b4,e8bdc516-ce40-4b39-9c25-696bc3153028,1634144776085,13.4354477,52.4940712,5.608598,3.924348,-34.77335,14.597622,on bike mount,cyclo cross,True,sett,intermediate
3faace6f-0b01-4744-9bde-e67e56dddb49,6f6d1315-1b8a-4c47-aae3-c49487ba15b4,70554cb6-46e4-4992-90da-b4fd5a5dda94,1634144776135,13.4354477,52.4940712,5.608598,-1.0463814,4.5340023,-30.369024,on bike mount,cyclo cross,True,sett,intermediate
3faace6f-0b01-4744-9bde-e67e56dddb49,6f6d1315-1b8a-4c47-aae3-c49487ba15b4,c1e95d28-099f-4438-be11-f36046f428eb,1634144776186,13.4354477,52.4940712,5.608598,2.0731673,-36.23716,6.2149725,on bike mount,cyclo cross,True,sett,intermediate
3faace6f-0b01-4744-9bde-e67e56dddb49,6f6d1315-1b8a-4c47-aae3-c49487ba15b4,72b692a7-e8d0-430b-a76e-4e2d0ab0b9b9,1634144776235,13.4354477,52.4940712,5.608598,-9.8118925,5.319786,-13.8978,on bike mount,cyclo cross,True,sett,intermediate
3faace6f-0b01-4744-9bde-e67e56dddb49,6f6d1315-1b8a-4c47-aae3-c49487ba15b4,1c603dff-5397-4ea3-acce-7966771a692e,1634144776286,13.4354477,52.4940712,5.608598,9.169308,1.0873127,14.510798,on bike mount,cyclo cross,True,sett,intermediate
3faace6f-0b01-4744-9bde-e67e56dddb49,6f6d1315-1b8a-4c47-aae3-c49487ba15b4,f4983b6b-6fdd-4060-b9ba-18c64210878d,1634144776336,13.4354477,52.4940712,5.608598,3.7157135,-2.8655386,-15.474045,on bike mount,cyclo cross,True,sett,intermediate
3faace6f-0b01-4744-9bde-e67e56dddb49,6f6d1315-1b8a-4c47-aae3-c49487ba15b4,c592c04e-6169-4823-a947-e536e68d77ea,1634144776386,13.4354477,52.4940712,5.608598,-6.3491483,-8.463084,4.165819,on bike mount,cyclo cross,True,sett,intermediate
3faace6f-0b01-4744-9bde-e67e56dddb49,6f6d1315-1b8a-4c47-aae3-c49487ba15b4,e20f2538-4878-4386-98ef-2958feba022c,1634144776437,13.4354477,52.4940712,5.608598,0.2944801,3.3728576,-3.6721334,on bike mount,cyclo cross,True,sett,intermediate
3faace6f-0b01-4744-9bde-e67e56dddb49,6f6d1315-1b8a-4c47-aae3-c49487ba15b4,c926a01f-5584-41c9-a97d-026d81e4085e,1634144776503,13.4354477,52.4940712,5.608598,-1.9071548,-9.414991,17.991255,on bike mount,cyclo cross,True,sett,intermediate
3faace6f-0b01-4744-9bde-e67e56dddb49,6f6d1315-1b8a-4c47-aae3-c49487ba15b4,bbf0b104-5364-4521-9e80-6f39a97a3abb,1634144776552,13.4355157,52.4940547,5.036527,2.0131445,-2.9908893,-3.5311036,on bike mount,cyclo cross,True,sett,intermediate
3faace6f-0b01-4744-9bde-e67e56dddb49,6f6d1315-1b8a-4c47-aae3-c49487ba15b4,be322a90-7e0f-4a87-901c-f503319b471d,1634144776603,13.4355157,52.4940547,5.036527,-1.3560787,20.939405,-20.123251,on bike mount,cyclo cross,True,sett,intermediate
3faace6f-0b01-4744-9bde-e67e56dddb49,6f6d1315-1b8a-4c47-aae3-c49487ba15b4,ae355ae2-65e4-46e4-84ee-b68fe5aa4d12,1634144776654,13.4355157,52.4940547,5.036527,6.035328,-16.885635,12.265209,on bike mount,cyclo cross,True,sett,intermediate
3faace6f-0b01-4744-9bde-e67e56dddb49,6f6d1315-1b8a-4c47-aae3-c49487ba15b4,f15b9a2c-9751-4523-ad3e-25f12938c23f,1634144776705,13.4355157,52.4940547,5.036527,13.843916,-5.1615834,2.8326664,on bike mount,cyclo cross,True,sett,intermediate
3faace6f-0b01-4744-9bde-e67e56dddb49,6f6d1315-1b8a-4c47-aae3-c49487ba15b4,0bda55b9-de3f-4369-9e99-4a56643d0d77,1634144776770,13.4355157,52.4940547,5.036527,14.68579,-22.729286,15.778315,on bike mount,cyclo cross,True,sett,intermediate
3faace6f-0b01-4744-9bde-e67e56dddb49,6f6d1315-1b8a-4c47-aae3-c49487ba15b4,edb2efe6-2f5a-45d7-b888-95ac00063fe3,1634144776821,13.4355157,52.4940547,5.036527,-1.1138504,21.367847,-16.948679,on bike mount,cyclo cross,True,sett,intermediate
3faace6f-0b01-4744-9bde-e67e56dddb49,6f6d1315-1b8a-4c47-aae3-c49487ba15b4,ad64a713-2316-46f9-82f1-b11a4a218ffa,1634144776871,13.4355157,52.4940547,5.036527,1.8863256,-12.884737,12.819281,on bike mount,cyclo cross,True,sett,intermediate
3faace6f-0b01-4744-9bde-e67e56dddb49,6f6d1315-1b8a-4c47-aae3-c49487ba15b4,8216dafb-5ee4-4fcc-b231-0080e152648f,1634144776921,13.4355157,52.4940547,5.036527,5.5685616,-43.52654,-2.0326843,on bike mount,cyclo cross,True,sett,intermediate
3faace6f-0b01-4744-9bde-e67e56dddb49,6f6d1315-1b8a-4c47-aae3-c49487ba15b4,760bb427-cc06-4f99-809a-ff2fa9b4abe6,1634144776971,13.4355157,52.4940547,5.036527,-1.0543205,0.079813,7.7309914,on bike mount,cyclo cross,True,sett,intermediate
3faace6f-0b01-4744-9bde-e67e56dddb49,6f6d1315-1b8a-4c47-aae3-c49487ba15b4,8ad74761-ebb3-46eb-b871-f3a40fa4c48f,1634144777021,13.4355157,52.4940547,5.036527,1.4910041,-1.0132027,14.584026,on bike mount,cyclo cross,True,sett,intermediate
3faace6f-0b01-4744-9bde-e67e56dddb49,6f6d1315-1b8a-4c47-aae3-c49487ba15b4,79368c40-d311-4fd9-abb6-aa14faaa72f2,1634144777072,13.4355157,52.4940547,5.036527,-0.5122384,-2.1836476,-9.646701,on bike mount,cyclo cross,True,sett,intermediate
3faace6f-0b01-4744-9bde-e67e56dddb49,6f6d1315-1b8a-4c47-aae3-c49487ba15b4,3a3b6e4b-ed89-4f3b-ab26-cefbf8eb7a31,1634144777123,13.4355157,52.4940547,5.036527,-0.961292,-2.7394323,18.672638,on bike mount,cyclo cross,True,sett,intermediate
3faace6f-0b01-4744-9bde-e67e56dddb49,6f6d1315-1b8a-4c47-aae3-c49487ba15b4,0e0e5742-f306-4e24-8cf9-bfd72b8946cb,1634144777173,13.4355157,52.4940547,5.036527,4.218758,-45.89567,32.183807,on bike mount,cyclo cross,True,sett,intermediate
3faace6f-0b01-4744-9bde-e67e56dddb49,6f6d1315-1b8a-4c47-aae3-c49487ba15b4,45951d83-b107-4688-b582-6014d1c24344,1634144777240,13.4355157,52.4940547,5.036527,4.7418613,14.5774,-13.048634,on bike mount,cyclo cross,True,sett,intermediate
3faace6f-0b01-4744-9bde-e67e56dddb49,6f6d1315-1b8a-4c47-aae3-c49487ba15b4,04d0faf7-a6fa-446a-abd9-df78fc266415,1634144777289,13.4355157,52.4940547,5.036527,-0.52464575,-13.0211115,8.731422,on bike mount,cyclo cross,True,sett,intermediate
3faace6f-0b01-4744-9bde-e67e56dddb49,6f6d1315-1b8a-4c47-aae3-c49487ba15b4,25f340f3-1758-43cd-9876-f9ebf8bd0e31,1634144777339,13.4355157,52.4940547,5.036527,-2.3004112,-4.0787177,-7.447942,on bike mount,cyclo cross,True,sett,intermediate
3faace6f-0b01-4744-9bde-e67e56dddb49,6f6d1315-1b8a-4c47-aae3-c49487ba15b4,54ca8f9e-a0ea-4489-99ca-9246d2ec0143,1634144777389,13.4355157,52.4940547,5.036527,6.756816,8.845249,-5.551212,on bike mount,cyclo cross,True,sett,intermediate
3faace6f-0b01-4744-9bde-e67e56dddb49,6f6d1315-1b8a-4c47-aae3-c49487ba15b4,8b153517-93ac-4396-9f05-9cb6a20d5238,1634144777440,13.4355157,52.4940547,5.036527,-4.082715,-3.4021685,-18.25437,on bike mount,cyclo cross,True,sett,intermediate
3faace6f-0b01-4744-9bde-e67e56dddb49,6f6d1315-1b8a-4c47-aae3-c49487ba15b4,c037b6eb-92cc-438e-a1b2-49fb32aa57b0,1634144777507,13.4355157,52.4940547,5.036527,-0.51211584,-21.529774,16.969765,on bike mount,cyclo cross,True,sett,intermediate
3faace6f-0b01-4744-9bde-e67e56dddb49,6f6d1315-1b8a-4c47-aae3-c49487ba15b4,94cb99aa-194b-4e84-9785-d788ec0707cb,1634144777572,13.4355579,52.4940606,4.993926,-1.9193454,4.947492,-13.852523,on bike mount,cyclo cross,True,sett,intermediate
3faace6f-0b01-4744-9bde-e67e56dddb49,6f6d1315-1b8a-4c47-aae3-c49487ba15b4,5ee101a0-3ad4-4aa3-9f19-89f5f58c3d53,1634144777623,13.4355579,52.4940606,4.993926,10.202234,23.96208,-12.00537,on bike mount,cyclo cross,True,sett,intermediate
3faace6f-0b01-4744-9bde-e67e56dddb49,6f6d1315-1b8a-4c47-aae3-c49487ba15b4,8f4274c7-8588-43f2-b85e-016ada01d73c,1634144777674,13.4355579,52.4940606,4.993926,-4.2305675,-8.927877,10.535329,on bike mount,cyclo cross,True,sett,intermediate
3faace6f-0b01-4744-9bde-e67e56dddb49,6f6d1315-1b8a-4c47-aae3-c49487ba15b4,7df670a1-7d25-4caa-9cba-2092387fe03f,1634144777723,13.4355579,52.4940606,4.993926,-3.6852694,12.328649,20.207727,on bike mount,cyclo cross,True,sett,intermediate
3faace6f-0b01-4744-9bde-e67e56dddb49,6f6d1315-1b8a-4c47-aae3-c49487ba15b4,10587fb7-59bb-42fa-8d36-132a27519b37,1634144777774,13.4355579,52.4940606,4.993926,7.588421,-14.277144,13.67421,on bike mount,cyclo cross,True,sett,intermediate
3faace6f-0b01-4744-9bde-e67e56dddb49,6f6d1315-1b8a-4c47-aae3-c49487ba15b4,af43a42c-9397-442e-8718-187e076a1266,1634144777825,13.4355579,52.4940606,4.993926,-2.8364596,1.1927946,-12.975794,on bike mount,cyclo cross,True,sett,intermediate
3faace6f-0b01-4744-9bde-e67e56dddb49,6f6d1315-1b8a-4c47-aae3-c49487ba15b4,677e835b-d22e-4f1e-9c04-167b0829afdb,1634144777891,13.4355579,52.4940606,4.993926,0.38256168,11.025023,-2.376832,on bike mount,cyclo cross,True,sett,intermediate
3faace6f-0b01-4744-9bde-e67e56dddb49,6f6d1315-1b8a-4c47-aae3-c49487ba15b4,ab8cea40-000c-4f26-a410-4e41d7c13b25,1634144777957,13.4355579,52.4940606,4.993926,-0.22720754,16.904186,-2.0872307,on bike mount,cyclo cross,True,sett,intermediate
3faace6f-0b01-4744-9bde-e67e56dddb49,6f6d1315-1b8a-4c47-aae3-c49487ba15b4,2c23845c-30b4-4edd-9aa7-ace156e00d82,1634144778008,13.4355579,52.4940606,4.993926,3.6446896,2.36384,4.1242313,on bike mount,cyclo cross,True,sett,intermediate
3faace6f-0b01-4744-9bde-e67e56dddb49,6f6d1315-1b8a-4c47-aae3-c49487ba15b4,aa20417f-1608-4efd-9fde-1055c7775b9b,1634144778057,13.4355579,52.4940606,4.993926,5.4526143,17.550154,-10.668099,on bike mount,cyclo cross,True,sett,intermediate
3faace6f-0b01-4744-9bde-e67e56dddb49,6f6d1315-1b8a-4c47-aae3-c49487ba15b4,c5e69ea0-7fce-4ad1-8dac-390e82bb5fd5,1634144778108,13.4355579,52.4940606,4.993926,-5.7698164,27.625345,-11.097934,on bike mount,cyclo cross,True,sett,intermediate
3faace6f-0b01-4744-9bde-e67e56dddb49,6f6d1315-1b8a-4c47-aae3-c49487ba15b4,9a26a5d9-4936-495a-b460-2961c923a80a,1634144778158,13.4355579,52.4940606,4.993926,5.772936,-23.143734,-2.2240915,on bike mount,cyclo cross,True,sett,intermediate
3faace6f-0b01-4744-9bde-e67e56dddb49,6f6d1315-1b8a-4c47-aae3-c49487ba15b4,28a91e9f-65f7-414b-a19e-2dcbc912c9cd,1634144778209,13.4355579,52.4940606,4.993926,3.0556695,9.519079,21.944075,on bike mount,cyclo cross,True,sett,intermediate
3faace6f-0b01-4744-9bde-e67e56dddb49,6f6d1315-1b8a-4c47-aae3-c49487ba15b4,bc2cd657-69af-4eea-b24c-c6cc7502de8f,1634144778259,13.4355579,52.4940606,4.993926,-5.410172,8.476438,-10.824759,on bike mount,cyclo cross,True,sett,intermediate
3faace6f-0b01-4744-9bde-e67e56dddb49,6f6d1315-1b8a-4c47-aae3-c49487ba15b4,8d4140c7-0efe-4262-9b92-8d4f0df54a13,1634144778309,13.4355579,52.4940606,4.993926,-10.319822,-1.6774225,-24.821112,on bike mount,cyclo cross,True,sett,intermediate
3faace6f-0b01-4744-9bde-e67e56dddb49,6f6d1315-1b8a-4c47-aae3-c49487ba15b4,41a8b10d-c3c6-444d-a9dc-a3ea6e345820,1634144778376,13.4355579,52.4940606,4.993926,2.3166802,-4.531911,-17.6105,on bike mount,cyclo cross,True,sett,intermediate
3faace6f-0b01-4744-9bde-e67e56dddb49,6f6d1315-1b8a-4c47-aae3-c49487ba15b4,26a5b81e-3e81-468c-a4d0-682d491eaeaf,1634144778425,13.4355579,52.4940606,4.993926,-0.0008369088,5.817198,27.018597,on bike mount,cyclo cross,True,sett,intermediate
3faace6f-0b01-4744-9bde-e67e56dddb49,6f6d1315-1b8a-4c47-aae3-c49487ba15b4,990f136a-8731-4fbf-b7f5-65fc21aa5857,1634144778476,13.4355579,52.4940606,4.993926,2.2950616,-21.96078,21.898205,on bike mount,cyclo cross,True,sett,intermediate
3faace6f-0b01-4744-9bde-e67e56dddb49,6f6d1315-1b8a-4c47-aae3-c49487ba15b4,d415b8a5-fd42-43c7-9b08-677937ce66ad,1634144778526,13.4356347,52.4940353,5.5151124,-11.065554,12.754621,-20.211548,on bike mount,cyclo cross,True,sett,intermediate
3faace6f-0b01-4744-9bde-e67e56dddb49,6f6d1315-1b8a-4c47-aae3-c49487ba15b4,d07637b7-47cb-417c-934c-06fb34cd44e9,1634144778592,13.4356347,52.4940353,5.5151124,-1.8775992,-1.1829281,-5.904256,on bike mount,cyclo cross,True,sett,intermediate
3faace6f-0b01-4744-9bde-e67e56dddb49,6f6d1315-1b8a-4c47-aae3-c49487ba15b4,1df8ad62-17b8-4fcb-a5d2-24effb2ec38c,1634144778643,13.4356347,52.4940353,5.5151124,-6.374278,13.330879,-3.3654084,on bike mount,cyclo cross,True,sett,intermediate
3faace6f-0b01-4744-9bde-e67e56dddb49,6f6d1315-1b8a-4c47-aae3-c49487ba15b4,5cb06e8a-58ae-4ad2-baaf-d9c2a23375f5,1634144778693,13.4356347,52.4940353,5.5151124,5.4269443,-25.246613,27.975464,on bike mount,cyclo cross,True,sett,intermediate
3faace6f-0b01-4744-9bde-e67e56dddb49,6f6d1315-1b8a-4c47-aae3-c49487ba15b4,ee03dae7-7e13-4e1e-aa88-96ac9b69ba64,1634144778743,13.4356347,52.4940353,5.5151124,-7.4836636,-0.15259218,-16.879627,on bike mount,cyclo cross,True,sett,intermediate
3faace6f-0b01-4744-9bde-e67e56dddb49,6f6d1315-1b8a-4c47-aae3-c49487ba15b4,a7fbb3ae-f69a-414b-a10f-13906037b668,1634144778793,13.4356347,52.4940353,5.5151124,6.499339,-12.598022,10.803457,on bike mount,cyclo cross,True,sett,intermediate
3faace6f-0b01-4744-9bde-e67e56dddb49,6f6d1315-1b8a-4c47-aae3-c49487ba15b4,44133177-a2a4-4e26-a261-7bba59bc0427,1634144778844,13.4356347,52.4940353,5.5151124,2.4664145,-55.091602,19.468542,on bike mount,cyclo cross,True,sett,intermediate
3faace6f-0b01-4744-9bde-e67e56dddb49,6f6d1315-1b8a-4c47-aae3-c49487ba15b4,07e15f45-6f83-4096-8463-3d76e9877ea4,1634144778893,13.4356347,52.4940353,5.5151124,-2.888663,8.030973,-14.905438,on bike mount,cyclo cross,True,sett,intermediate
3faace6f-0b01-4744-9bde-e67e56dddb49,6f6d1315-1b8a-4c47-aae3-c49487ba15b4,131c4fa0-ee0b-40cc-a1b7-d2f3378950dd,1634144778943,13.4356347,52.4940353,5.5151124,8.029218,14.354057,-4.8711743,on bike mount,cyclo cross,True,sett,intermediate
3faace6f-0b01-4744-9bde-e67e56dddb49,6f6d1315-1b8a-4c47-aae3-c49487ba15b4,d06d4c1c-e30c-4a48-a7a2-69685d4f134e,1634144778993,13.4356347,52.4940353,5.5151124,7.4535832,-17.785355,7.932309,on bike mount,cyclo cross,True,sett,intermediate
3faace6f-0b01-4744-9bde-e67e56dddb49,6f6d1315-1b8a-4c47-aae3-c49487ba15b4,885ec60c-e07e-419d-800d-9966851e36dd,1634144779043,13.4356347,52.4940353,5.5151124,-0.6479567,19.72852,-9.636673,on bike mount,cyclo cross,True,sett,intermediate
3faace6f-0b01-4744-9bde-e67e56dddb49,6f6d1315-1b8a-4c47-aae3-c49487ba15b4,43459625-365b-49c0-92ec-f3f2524119b4,1634144779093,13.4356347,52.4940353,5.5151124,0.14572698,-0.11275458,5.2740145,on bike mount,cyclo cross,True,sett,intermediate
3faace6f-0b01-4744-9bde-e67e56dddb49,6f6d1315-1b8a-4c47-aae3-c49487ba15b4,1f6c0805-978f-4aca-8e99-ff1d5e7cf19e,1634144779144,13.4356347,52.4940353,5.5151124,-14.223055,16.580559,12.503857,on bike mount,cyclo cross,True,sett,intermediate
3faace6f-0b01-4744-9bde-e67e56dddb49,6f6d1315-1b8a-4c47-aae3-c49487ba15b4,56d8ea48-9e10-4e6e-a57d-6f271c7e6745,1634144779195,13.4356347,52.4940353,5.5151124,1.1894702,5.242409,0.10157299,on bike mount,cyclo cross,True,sett,intermediate
3faace6f-0b01-4744-9bde-e67e56dddb49,6f6d1315-1b8a-4c47-aae3-c49487ba15b4,5d176309-e1e0-4db5-95ac-ff3c1fc16949,1634144779261,13.4356347,52.4940353,5.5151124,5.716858,4.1117563,-15.452105,on bike mount,cyclo cross,True,sett,intermediate
3faace6f-0b01-4744-9bde-e67e56dddb49,6f6d1315-1b8a-4c47-aae3-c49487ba15b4,86cd4fb3-912f-4d1e-8681-dcbe1860dafd,1634144779311,13.4356347,52.4940353,5.5151124,13.879736,26.13012,-25.101858,on bike mount,cyclo cross,True,sett,intermediate
3faace6f-0b01-4744-9bde-e67e56dddb49,6f6d1315-1b8a-4c47-aae3-c49487ba15b4,23b863c3-ce5c-4af1-8096-1a712a4355d4,1634144779362,13.4356347,52.4940353,5.5151124,-11.280802,-8.452026,21.694036,on bike mount,cyclo cross,True,sett,intermediate
3faace6f-0b01-4744-9bde-e67e56dddb49,6f6d1315-1b8a-4c47-aae3-c49487ba15b4,54d0c43c-fa27-4746-a2b7-a4049322c54a,1634144779412,13.4356347,52.4940353,5.5151124,1.4724109,-14.000416,32.231438,on bike mount,cyclo cross,True,sett,intermediate
3faace6f-0b01-4744-9bde-e67e56dddb49,6f6d1315-1b8a-4c47-aae3-c49487ba15b4,de574739-10bc-4dff-9e13-d6890ff71e53,1634144779475,13.4356347,52.4940353,5.5151124,-0.25036258,22.93174,-20.534498,on bike mount,cyclo cross,True,sett,intermediate
3faace6f-0b01-4744-9bde-e67e56dddb49,6f6d1315-1b8a-4c47-aae3-c49487ba15b4,9bcde6c1-4658-4af3-a46e-0ebb0085ed4f,1634144779528,13.4357119,52.4940101,5.623622,0.9724492,8.6480875,-9.712302,on bike mount,cyclo cross,True,sett,intermediate
3faace6f-0b01-4744-9bde-e67e56dddb49,6f6d1315-1b8a-4c47-aae3-c49487ba15b4,f7768277-7994-4683-96c5-3c514777d862,1634144779579,13.4357119,52.4940101,5.623622,0.54737085,-6.3330426,10.92639,on bike mount,cyclo cross,True,sett,intermediate
3faace6f-0b01-4744-9bde-e67e56dddb49,6f6d1315-1b8a-4c47-aae3-c49487ba15b4,2161ddcd-8959-4ea4-85eb-e29f87c67187,1634144779630,13.4357119,52.4940101,5.623622,-1.545674,1.0200806,-6.076273,on bike mount,cyclo cross,True,sett,intermediate
3faace6f-0b01-4744-9bde-e67e56dddb49,6f6d1315-1b8a-4c47-aae3-c49487ba15b4,99c599fb-d5f5-495d-87f4-6534a19ad7ca,1634144779679,13.4357119,52.4940101,5.623622,2.649169,15.728781,4.68178,on bike mount,cyclo cross,True,sett,intermediate
3faace6f-0b01-4744-9bde-e67e56dddb49,6f6d1315-1b8a-4c47-aae3-c49487ba15b4,744870af-0796-44fe-9477-0aaea892fe58,1634144779728,13.4357119,52.4940101,5.623622,-1.0241774,16.678238,1.4422317,on bike mount,cyclo cross,True,sett,intermediate
3faace6f-0b01-4744-9bde-e67e56dddb49,6f6d1315-1b8a-4c47-aae3-c49487ba15b4,85381ace-55fb-4669-a7ee-afbb3eda016f,1634144779780,13.4357119,52.4940101,5.623622,-1.3645837,-8.004947,-3.6056852,on bike mount,cyclo cross,True,sett,intermediate
3faace6f-0b01-4744-9bde-e67e56dddb49,6f6d1315-1b8a-4c47-aae3-c49487ba15b4,21435f77-3538-43ed-bf77-26ff9fc420c5,1634144779845,13.4357119,52.4940101,5.623622,4.86123,-36.41261,6.9559946,on bike mount,cyclo cross,True,sett,intermediate
3faace6f-0b01-4744-9bde-e67e56dddb49,6f6d1315-1b8a-4c47-aae3-c49487ba15b4,5ead19d1-971f-4431-a369-0a53d2dc4ada,1634144779896,13.4357119,52.4940101,5.623622,-3.2227576,1.4862123,-14.801281,on bike mount,cyclo cross,True,sett,intermediate
3faace6f-0b01-4744-9bde-e67e56dddb49,6f6d1315-1b8a-4c47-aae3-c49487ba15b4,066acafe-d141-4584-a31a-1e6b8e84fc77,1634144779947,13.4357119,52.4940101,5.623622,1.4808234,4.979209,11.2542,on bike mount,cyclo cross,True,sett,intermediate
3faace6f-0b01-4744-9bde-e67e56dddb49,6f6d1315-1b8a-4c47-aae3-c49487ba15b4,11fd57a6-4a16-4860-9102-837ceb78f000,1634144779997,13.4357119,52.4940101,5.623622,1.7687343,-26.432041,2.0837421,on bike mount,cyclo cross,True,sett,intermediate
3faace6f-0b01-4744-9bde-e67e56dddb49,6f6d1315-1b8a-4c47-aae3-c49487ba15b4,703b4e5a-f0a7-4553-9bf6-35ef7d529d7e,1634144780064,13.4357119,52.4940101,5.623622,2.4944909,-17.47266,10.607508,on bike mount,cyclo cross,True,sett,intermediate
3faace6f-0b01-4744-9bde-e67e56dddb49,6f6d1315-1b8a-4c47-aae3-c49487ba15b4,8aef76e3-b148-452e-b5b4-7eeefca71d38,1634144780114,13.4357119,52.4940101,5.623622,1.1374469,12.142436,-7.7492456,on bike mount,cyclo cross,True,sett,intermediate
3faace6f-0b01-4744-9bde-e67e56dddb49,6f6d1315-1b8a-4c47-aae3-c49487ba15b4,9901e8b3-1e20-4287-961b-82cf40b5d981,1634144780164,13.4357119,52.4940101,5.623622,-25.080017,-10.938564,15.947817,on bike mount,cyclo cross,True,sett,intermediate
3faace6f-0b01-4744-9bde-e67e56dddb49,6f6d1315-1b8a-4c47-aae3-c49487ba15b4,2195cd60-bfcf-4648-a6f4-42c725e052ca,1634144780215,13.4357119,52.4940101,5.623622,8.376741,-5.9254456,33.79381,on bike mount,cyclo cross,True,sett,intermediate
3faace6f-0b01-4744-9bde-e67e56dddb49,6f6d1315-1b8a-4c47-aae3-c49487ba15b4,ca0abece-5f47-4898-a570-ad11c36db056,1634144780264,13.4357119,52.4940101,5.623622,-7.971445,-0.57217646,-17.234886,on bike mount,cyclo cross,True,sett,intermediate
3faace6f-0b01-4744-9bde-e67e56dddb49,6f6d1315-1b8a-4c47-aae3-c49487ba15b4,2e149332-e2e8-4f3b-8ffa-285f1656c62b,1634144780314,13.4357119,52.4940101,5.623622,-12.710775,17.184364,-24.90511,on bike mount,cyclo cross,True,sett,intermediate
3faace6f-0b01-4744-9bde-e67e56dddb49,6f6d1315-1b8a-4c47-aae3-c49487ba15b4,833130f1-a17c-47d7-9890-0d502926a93d,1634144780365,13.4357119,52.4940101,5.623622,-0.38859934,-26.790184,3.007865,on bike mount,cyclo cross,True,sett,intermediate
3faace6f-0b01-4744-9bde-e67e56dddb49,6f6d1315-1b8a-4c47-aae3-c49487ba15b4,69019844-56e5-4286-a4c9-fe11238573f1,1634144780430,13.4357119,52.4940101,5.623622,4.6338463,-8.0701275,36.76548,on bike mount,cyclo cross,True,sett,intermediate
3faace6f-0b01-4744-9bde-e67e56dddb49,6f6d1315-1b8a-4c47-aae3-c49487ba15b4,fff6cddd-03e4-44f1-a9b4-4ba4a7f20bf2,1634144780482,13.4357119,52.4940101,5.623622,-5.44093,5.030226,-21.841078,on bike mount,cyclo cross,True,sett,intermediate
3faace6f-0b01-4744-9bde-e67e56dddb49,6f6d1315-1b8a-4c47-aae3-c49487ba15b4,6a304946-62eb-4c75-8f8c-eb5fd17b4123,1634144780547,13.4357906,52.4939876,5.8473616,-5.830547,11.4875,-11.479734,on bike mount,cyclo cross,True,sett,intermediate
3faace6f-0b01-4744-9bde-e67e56dddb49,6f6d1315-1b8a-4c47-aae3-c49487ba15b4,8ec91dc1-bb86-479e-885a-df49afe7eec4,1634144780598,13.4357906,52.4939876,5.8473616,6.848632,-9.449728,11.416611,on bike mount,cyclo cross,True,sett,intermediate
3faace6f-0b01-4744-9bde-e67e56dddb49,6f6d1315-1b8a-4c47-aae3-c49487ba15b4,0c058cb2-a1ae-490f-a5de-7d548dd80d12,1634144780647,13.4357906,52.4939876,5.8473616,5.233767,3.3258,21.064047,on bike mount,cyclo cross,True,sett,intermediate
3faace6f-0b01-4744-9bde-e67e56dddb49,6f6d1315-1b8a-4c47-aae3-c49487ba15b4,8e84d717-8ce3-47ab-810f-4c34e98fb66a,1634144780699,13.4357906,52.4939876,5.8473616,-13.002695,7.909788,-20.772575,on bike mount,cyclo cross,True,sett,intermediate
3faace6f-0b01-4744-9bde-e67e56dddb49,6f6d1315-1b8a-4c47-aae3-c49487ba15b4,478acc5e-5e1e-4347-9c72-93c1f7b3effa,1634144780765,13.4357906,52.4939876,5.8473616,1.9353665,22.829876,-15.786547,on bike mount,cyclo cross,True,sett,intermediate
3faace6f-0b01-4744-9bde-e67e56dddb49,6f6d1315-1b8a-4c47-aae3-c49487ba15b4,0d5ce200-ba4d-40f1-9030-70265db456e3,1634144780815,13.4357906,52.4939876,5.8473616,37.33349,-18.520544,1.3101101,on bike mount,cyclo cross,True,sett,intermediate
3faace6f-0b01-4744-9bde-e67e56dddb49,6f6d1315-1b8a-4c47-aae3-c49487ba15b4,f1fc7d76-466a-4b1c-8153-61d779874748,1634144780865,13.4357906,52.4939876,5.8473616,11.711311,-22.72355,26.552242,on bike mount,cyclo cross,True,sett,intermediate
3faace6f-0b01-4744-9bde-e67e56dddb49,6f6d1315-1b8a-4c47-aae3-c49487ba15b4,bb3815d3-3745-4da2-92c3-3775cd9449a3,1634144780915,13.4357906,52.4939876,5.8473616,-17.994473,17.18368,-20.440228,on bike mount,cyclo cross,True,sett,intermediate
3faace6f-0b01-4744-9bde-e67e56dddb49,6f6d1315-1b8a-4c47-aae3-c49487ba15b4,747ca23f-8b1e-4e1a-bbb2-2da674c15633,1634144780966,13.4357906,52.4939876,5.8473616,1.6284453,-4.3936906,20.44252,on bike mount,cyclo cross,True,sett,intermediate
3faace6f-0b01-4744-9bde-e67e56dddb49,6f6d1315-1b8a-4c47-aae3-c49487ba15b4,a728640f-3810-4eed-b709-8e1720c06967,1634144781017,13.4357906,52.4939876,5.8473616,26.73742,-23.96199,55.817947,on bike mount,cyclo cross,True,sett,intermediate
3faace6f-0b01-4744-9bde-e67e56dddb49,6f6d1315-1b8a-4c47-aae3-c49487ba15b4,bd005690-a089-4395-9c9f-2c6ea42b54bc,1634144781066,13.4357906,52.4939876,5.8473616,-44.079433,6.572855,-20.796,on bike mount,cyclo cross,True,sett,intermediate
3faace6f-0b01-4744-9bde-e67e56dddb49,6f6d1315-1b8a-4c47-aae3-c49487ba15b4,6937ae75-2493-4a6e-90f0-0ca04c605688,1634144781117,13.4357906,52.4939876,5.8473616,1.2972211,5.538625,-11.244898,on bike mount,cyclo cross,True,sett,intermediate
3faace6f-0b01-4744-9bde-e67e56dddb49,6f6d1315-1b8a-4c47-aae3-c49487ba15b4,5ea630cd-5d2d-4023-8911-b475b2ba43ea,1634144781183,13.4357906,52.4939876,5.8473616,5.250452,-18.689735,-2.3059106,on bike mount,cyclo cross,True,sett,intermediate
3faace6f-0b01-4744-9bde-e67e56dddb49,6f6d1315-1b8a-4c47-aae3-c49487ba15b4,492d3fc3-9a49-492d-a2f2-f9fd6f25fbeb,1634144781233,13.4357906,52.4939876,5.8473616,16.10986,-44.34192,21.763979,on bike mount,cyclo cross,True,sett,intermediate
3faace6f-0b01-4744-9bde-e67e56dddb49,6f6d1315-1b8a-4c47-aae3-c49487ba15b4,4ad70d1f-d5c2-41a9-a150-cafe6ee62284,1634144781284,13.4357906,52.4939876,5.8473616,-21.76088,13.925782,-26.780987,on bike mount,cyclo cross,True,sett,intermediate
3faace6f-0b01-4744-9bde-e67e56dddb49,6f6d1315-1b8a-4c47-aae3-c49487ba15b4,16dc547a-d0ed-4fb0-802a-01ba2fa5771d,1634144781350,13.4357906,52.4939876,5.8473616,7.2234783,-1.2436616,9.065279,on bike mount,cyclo cross,True,sett,intermediate
3faace6f-0b01-4744-9bde-e67e56dddb49,6f6d1315-1b8a-4c47-aae3-c49487ba15b4,6ae164cb-39d7-4052-bf52-f3c2fb838f76,1634144781401,13.4357906,52.4939876,5.8473616,-2.7478895,6.0069585,-22.015472,on bike mount,cyclo cross,True,sett,intermediate
3faace6f-0b01-4744-9bde-e67e56dddb49,6f6d1315-1b8a-4c47-aae3-c49487ba15b4,a982f95a-97cf-4724-baab-c6639267a297,1634144781451,13.4357906,52.4939876,5.8473616,19.941553,3.7029595,2.3372211,on bike mount,cyclo cross,True,sett,intermediate
3faace6f-0b01-4744-9bde-e67e56dddb49,6f6d1315-1b8a-4c47-aae3-c49487ba15b4,569e0ad8-b902-48e2-830a-7ab88271178d,1634144781501,13.4358687,52.4939666,5.623784,22.067722,-5.276637,61.17679,on bike mount,cyclo cross,True,sett,intermediate
3faace6f-0b01-4744-9bde-e67e56dddb49,6f6d1315-1b8a-4c47-aae3-c49487ba15b4,60818d36-a746-4bec-8064-ea69df239928,1634144781567,13.4358687,52.4939666,5.623784,-20.740637,6.217389,22.97787,on bike mount,cyclo cross,True,sett,intermediate
3faace6f-0b01-4744-9bde-e67e56dddb49,6f6d1315-1b8a-4c47-aae3-c49487ba15b4,63e9cfda-43d3-4af8-a6f0-178e36b9de3f,1634144781617,13.4358687,52.4939666,5.623784,7.8486547,-15.427696,11.184912,on bike mount,cyclo cross,True,sett,intermediate
3faace6f-0b01-4744-9bde-e67e56dddb49,6f6d1315-1b8a-4c47-aae3-c49487ba15b4,de2bf0b5-ab37-47da-b15d-16ecd20bd5a1,1634144781667,13.4358687,52.4939666,5.623784,-11.242372,17.512001,-16.896439,on bike mount,cyclo cross,True,sett,intermediate
3faace6f-0b01-4744-9bde-e67e56dddb49,6f6d1315-1b8a-4c47-aae3-c49487ba15b4,5362e024-64eb-451d-bad3-d05766d19ac0,1634144781717,13.4358687,52.4939666,5.623784,-13.530449,13.755789,-14.742328,on bike mount,cyclo cross,True,sett,intermediate
3faace6f-0b01-4744-9bde-e67e56dddb49,6f6d1315-1b8a-4c47-aae3-c49487ba15b4,77219ca0-6066-4441-a401-a969dae28d90,1634144781767,13.4358687,52.4939666,5.623784,0.39080918,4.658841,22.07256,on bike mount,cyclo cross,True,sett,intermediate
3faace6f-0b01-4744-9bde-e67e56dddb49,6f6d1315-1b8a-4c47-aae3-c49487ba15b4,cad05973-a632-40f3-b4d3-110bc5835f94,1634144781819,13.4358687,52.4939666,5.623784,-14.605245,15.615612,-24.137636,on bike mount,cyclo cross,True,sett,intermediate
3faace6f-0b01-4744-9bde-e67e56dddb49,6f6d1315-1b8a-4c47-aae3-c49487ba15b4,db5a3dd6-6415-4430-867b-c1b50f3ba474,1634144781885,13.4358687,52.4939666,5.623784,1.346884,-15.597446,16.984781,on bike mount,cyclo cross,True,sett,intermediate
3faace6f-0b01-4744-9bde-e67e56dddb49,6f6d1315-1b8a-4c47-aae3-c49487ba15b4,73ec441d-4289-4b31-8f26-28824c44ffea,1634144781935,13.4358687,52.4939666,5.623784,23.934534,-61.57168,2.5039644,on bike mount,cyclo cross,True,sett,intermediate
3faace6f-0b01-4744-9bde-e67e56dddb49,6f6d1315-1b8a-4c47-aae3-c49487ba15b4,c7ef6ad2-b815-4189-99ad-21894556156f,1634144781986,13.4358687,52.4939666,5.623784,-15.344085,30.588001,-5.64069,on bike mount,cyclo cross,True,sett,intermediate
3faace6f-0b01-4744-9bde-e67e56dddb49,6f6d1315-1b8a-4c47-aae3-c49487ba15b4,db131c1f-f435-4ec5-8884-c1be6af7fc61,1634144782051,13.4358687,52.4939666,5.623784,6.1653934,-36.39447,-4.0311403,on bike mount,cyclo cross,True,sett,intermediate
3faace6f-0b01-4744-9bde-e67e56dddb49,6f6d1315-1b8a-4c47-aae3-c49487ba15b4,edf5897a-a81c-49f7-a289-50bc88448076,1634144782103,13.4358687,52.4939666,5.623784,-9.329733,11.466149,-4.0769687,on bike mount,cyclo cross,True,sett,intermediate
3faace6f-0b01-4744-9bde-e67e56dddb49,6f6d1315-1b8a-4c47-aae3-c49487ba15b4,71aef3a8-5818-4766-9bab-2c1212280238,1634144782153,13.4358687,52.4939666,5.623784,7.217583,-9.768513,-16.245922,on bike mount,cyclo cross,True,sett,intermediate
3faace6f-0b01-4744-9bde-e67e56dddb49,6f6d1315-1b8a-4c47-aae3-c49487ba15b4,6d2f1d2d-88e5-436a-9de6-8bb4b638a20a,1634144782203,13.4358687,52.4939666,5.623784,20.42387,-29.18818,33.137604,on bike mount,cyclo cross,True,sett,intermediate
3faace6f-0b01-4744-9bde-e67e56dddb49,6f6d1315-1b8a-4c47-aae3-c49487ba15b4,32627ff6-0d7a-4508-bd0e-5b7037aba56f,1634144782252,13.4358687,52.4939666,5.623784,8.795656,-20.383501,1.827199,on bike mount,cyclo cross,True,sett,intermediate
3faace6f-0b01-4744-9bde-e67e56dddb49,6f6d1315-1b8a-4c47-aae3-c49487ba15b4,00dfbca6-e009-4343-ae27-d2440262bd73,1634144782303,13.4358687,52.4939666,5.623784,-5.935561,3.6592941,-6.0799947,on bike mount,cyclo cross,True,sett,intermediate
3faace6f-0b01-4744-9bde-e67e56dddb49,6f6d1315-1b8a-4c47-aae3-c49487ba15b4,6b66cb71-4ead-4046-8d47-2288afd9ddda,1634144782354,13.4358687,52.4939666,5.623784,-1.1247623,-3.8382516,-15.999814,on bike mount,cyclo cross,True,sett,intermediate
3faace6f-0b01-4744-9bde-e67e56dddb49,6f6d1315-1b8a-4c47-aae3-c49487ba15b4,d170b80a-2a5d-444d-af38-684d9cdf6fe4,1634144782420,13.4358687,52.4939666,5.623784,-4.37879,34.99794,-22.242569,on bike mount,cyclo cross,True,sett,intermediate
3faace6f-0b01-4744-9bde-e67e56dddb49,6f6d1315-1b8a-4c47-aae3-c49487ba15b4,d99c3307-ab1e-41dc-a2ab-2ad5a08c7b08,1634144782471,13.4358687,52.4939666,5.623784,-11.737299,2.2858448,-22.718216,on bike mount,cyclo cross,True,sett,intermediate
3faace6f-0b01-4744-9bde-e67e56dddb49,6f6d1315-1b8a-4c47-aae3-c49487ba15b4,947cc020-8880-416c-a650-cb1a08d07a70,1634144782520,13.4359524,52.4939426,6.93257,-1.9439301,4.2718506,2.2064695,on bike mount,cyclo cross,True,sett,intermediate
3faace6f-0b01-4744-9bde-e67e56dddb49,6f6d1315-1b8a-4c47-aae3-c49487ba15b4,06dab1f3-08ad-43e5-8975-1eb4cb8ed688,1634144782571,13.4359524,52.4939426,6.93257,4.763252,-43.709663,20.609604,on bike mount,cyclo cross,True,sett,intermediate
3faace6f-0b01-4744-9bde-e67e56dddb49,6f6d1315-1b8a-4c47-aae3-c49487ba15b4,dd568d0e-9849-4b22-a480-a33fde99e682,1634144782637,13.4359524,52.4939426,6.93257,-10.710074,20.674484,-4.4194746,on bike mount,cyclo cross,True,sett,intermediate
3faace6f-0b01-4744-9bde-e67e56dddb49,6f6d1315-1b8a-4c47-aae3-c49487ba15b4,9e4768d1-37cb-4740-9764-dcfb3e33312b,1634144782688,13.4359524,52.4939426,6.93257,-3.9610188,0.8230171,-17.00399,on bike mount,cyclo cross,True,sett,intermediate
3faace6f-0b01-4744-9bde-e67e56dddb49,6f6d1315-1b8a-4c47-aae3-c49487ba15b4,27f1ee2e-0e26-410a-bdde-5cbdb6ba3ead,1634144782738,13.4359524,52.4939426,6.93257,7.850975,-14.2388115,23.586235,on bike mount,cyclo cross,True,sett,intermediate
3faace6f-0b01-4744-9bde-e67e56dddb49,6f6d1315-1b8a-4c47-aae3-c49487ba15b4,abf69a36-9ab5-44fc-9cdf-5ef4d798a7d8,1634144782787,13.4359524,52.4939426,6.93257,7.7982283,-9.679312,14.966073,on bike mount,cyclo cross,True,sett,intermediate
3faace6f-0b01-4744-9bde-e67e56dddb49,6f6d1315-1b8a-4c47-aae3-c49487ba15b4,08ea19c0-84cf-45e3-8be3-3643f0235edc,1634144782838,13.4359524,52.4939426,6.93257,8.369868,12.790226,-15.069134,on bike mount,cyclo cross,True,sett,intermediate
3faace6f-0b01-4744-9bde-e67e56dddb49,6f6d1315-1b8a-4c47-aae3-c49487ba15b4,692607f9-f58f-47c1-aac0-ba2927339d9a,1634144782888,13.4359524,52.4939426,6.93257,-1.5377072,15.912705,-18.266396,on bike mount,cyclo cross,True,sett,intermediate
3faace6f-0b01-4744-9bde-e67e56dddb49,6f6d1315-1b8a-4c47-aae3-c49487ba15b4,0d95a977-61ee-43ed-b92c-16acb17d0810,1634144782938,13.4359524,52.4939426,6.93257,-4.870947,-6.3755307,-12.1059475,on bike mount,cyclo cross,True,sett,intermediate
3faace6f-0b01-4744-9bde-e67e56dddb49,6f6d1315-1b8a-4c47-aae3-c49487ba15b4,ed20f7a3-66b5-46c7-9d41-7105bbc74a65,1634144782989,13.4359524,52.4939426,6.93257,-2.716902,-11.363094,14.094332,on bike mount,cyclo cross,True,sett,intermediate
3faace6f-0b01-4744-9bde-e67e56dddb49,6f6d1315-1b8a-4c47-aae3-c49487ba15b4,6da16859-dc90-4e6d-9187-51800dcbf9f5,1634144783056,13.4359524,52.4939426,6.93257,-1.972448,23.453276,11.655726,on bike mount,cyclo cross,True,sett,intermediate
3faace6f-0b01-4744-9bde-e67e56dddb49,6f6d1315-1b8a-4c47-aae3-c49487ba15b4,db9e89ab-3dc7-4c31-ab92-e34639ca87cd,1634144783106,13.4359524,52.4939426,6.93257,-0.82068884,-17.215689,18.10794,on bike mount,cyclo cross,True,sett,intermediate
3faace6f-0b01-4744-9bde-e67e56dddb49,6f6d1315-1b8a-4c47-aae3-c49487ba15b4,a988a7c4-047f-4c60-8466-e265acb7c376,1634144783156,13.4359524,52.4939426,6.93257,0.8345047,-4.631626,-19.897942,on bike mount,cyclo cross,True,sett,intermediate
3faace6f-0b01-4744-9bde-e67e56dddb49,6f6d1315-1b8a-4c47-aae3-c49487ba15b4,fef4862c-f5c2-4943-aec7-b9c9e478ad0b,1634144783206,13.4359524,52.4939426,6.93257,15.462659,18.536068,21.397343,on bike mount,cyclo cross,True,sett,intermediate
3faace6f-0b01-4744-9bde-e67e56dddb49,6f6d1315-1b8a-4c47-aae3-c49487ba15b4,8f6eace6-d271-427a-abdb-c0d07f1a7645,1634144783272,13.4359524,52.4939426,6.93257,1.4365072,-34.395287,18.291409,on bike mount,cyclo cross,True,sett,intermediate
3faace6f-0b01-4744-9bde-e67e56dddb49,6f6d1315-1b8a-4c47-aae3-c49487ba15b4,93b64124-a52b-4830-a1b4-b4090303d6f6,1634144783323,13.4359524,52.4939426,6.93257,5.242977,-1.1210079,2.571259,on bike mount,cyclo cross,True,sett,intermediate
3faace6f-0b01-4744-9bde-e67e56dddb49,6f6d1315-1b8a-4c47-aae3-c49487ba15b4,3f829c21-3ddd-4104-be21-2dd8a7874c02,1634144783389,13.4359524,52.4939426,6.93257,0.19724277,-2.3867512,9.633163,on bike mount,cyclo cross,True,sett,intermediate
3faace6f-0b01-4744-9bde-e67e56dddb49,6f6d1315-1b8a-4c47-aae3-c49487ba15b4,9cc5c00d-25a5-456a-a0e7-242a890d8ceb,1634144783440,13.4359524,52.4939426,6.93257,-3.3977735,1.6048837,-9.3130665,on bike mount,cyclo cross,True,sett,intermediate
3faace6f-0b01-4744-9bde-e67e56dddb49,6f6d1315-1b8a-4c47-aae3-c49487ba15b4,9406ded3-5b9f-4213-b6ae-a33399dcb3f8,1634144783507,13.4360383,52.4939158,5.932398,2.3915987,4.846347,-2.8868494,on bike mount,cyclo cross,True,sett,intermediate
3faace6f-0b01-4744-9bde-e67e56dddb49,6f6d1315-1b8a-4c47-aae3-c49487ba15b4,5e60c7ed-5b97-45ff-8443-5e79b3b1a01b,1634144783557,13.4360383,52.4939158,5.932398,1.8473443,-9.375498,17.904129,on bike mount,cyclo cross,True,sett,intermediate
3faace6f-0b01-4744-9bde-e67e56dddb49,6f6d1315-1b8a-4c47-aae3-c49487ba15b4,2bd9e5f1-4a19-4a3e-9312-96371ac3dd0a,1634144783622,13.4360383,52.4939158,5.932398,-4.7219048,15.544842,11.622385,on bike mount,cyclo cross,True,sett,intermediate
3faace6f-0b01-4744-9bde-e67e56dddb49,6f6d1315-1b8a-4c47-aae3-c49487ba15b4,439b0dc5-9bd6-4301-88fc-95f7c79d9b3a,1634144783673,13.4360383,52.4939158,5.932398,0.59235483,-2.6188326,-0.55989695,on bike mount,cyclo cross,True,sett,intermediate
3faace6f-0b01-4744-9bde-e67e56dddb49,6f6d1315-1b8a-4c47-aae3-c49487ba15b4,8d6bd784-9a0e-472a-a0c1-b65d7857f6b5,1634144783724,13.4360383,52.4939158,5.932398,0.82552516,-1.0530286,-2.9356394,on bike mount,cyclo cross,True,sett,intermediate
3faace6f-0b01-4744-9bde-e67e56dddb49,6f6d1315-1b8a-4c47-aae3-c49487ba15b4,b852bb14-5262-4ce6-afab-50d574d158ff,1634144783774,13.4360383,52.4939158,5.932398,-6.51084,2.2410588,5.36246,on bike mount,cyclo cross,True,sett,intermediate
3faace6f-0b01-4744-9bde-e67e56dddb49,6f6d1315-1b8a-4c47-aae3-c49487ba15b4,81d11d56-73b5-4fd7-b397-a6a8fe6baa24,1634144783826,13.4360383,52.4939158,5.932398,-2.6267865,7.8826876,21.905796,on bike mount,cyclo cross,True,sett,intermediate
3faace6f-0b01-4744-9bde-e67e56dddb49,6f6d1315-1b8a-4c47-aae3-c49487ba15b4,d74091e6-2351-4333-ad05-46c51e1eac05,1634144783875,13.4360383,52.4939158,5.932398,0.051317543,-2.4876773,-16.81589,on bike mount,cyclo cross,True,sett,intermediate
3faace6f-0b01-4744-9bde-e67e56dddb49,6f6d1315-1b8a-4c47-aae3-c49487ba15b4,99418b7f-54eb-439a-8bec-1fa361d91f04,1634144783942,13.4360383,52.4939158,5.932398,1.9081167,-2.7210417,-19.48654,on bike mount,cyclo cross,True,sett,intermediate
3faace6f-0b01-4744-9bde-e67e56dddb49,6f6d1315-1b8a-4c47-aae3-c49487ba15b4,71c38dca-0cc2-43e9-87eb-375e06b48992,1634144783993,13.4360383,52.4939158,5.932398,-15.982109,-4.170516,36.1421,on bike mount,cyclo cross,True,sett,intermediate
3faace6f-0b01-4744-9bde-e67e56dddb49,6f6d1315-1b8a-4c47-aae3-c49487ba15b4,a25ea609-e765-484f-b9b9-7e53ab0e6fc6,1634144784058,13.4360383,52.4939158,5.932398,-1.7141153,-33.5899,23.20387,on bike mount,cyclo cross,True,sett,intermediate
3faace6f-0b01-4744-9bde-e67e56dddb49,6f6d1315-1b8a-4c47-aae3-c49487ba15b4,f0afa53f-e477-48f3-941e-5e8a3ba7f73f,1634144784109,13.4360383,52.4939158,5.932398,3.0624146,18.40969,-12.000455,on bike mount,cyclo cross,True,sett,intermediate
3faace6f-0b01-4744-9bde-e67e56dddb49,6f6d1315-1b8a-4c47-aae3-c49487ba15b4,663f3a25-a15f-4702-ae0b-2b0dd7c4df06,1634144784160,13.4360383,52.4939158,5.932398,-13.533528,15.6014595,13.075143,on bike mount,cyclo cross,True,sett,intermediate
3faace6f-0b01-4744-9bde-e67e56dddb49,6f6d1315-1b8a-4c47-aae3-c49487ba15b4,5ea6a7d7-241d-4323-adc1-2cd9de279df4,1634144784210,13.4360383,52.4939158,5.932398,1.410141,6.941166,-2.2469351,on bike mount,cyclo cross,True,sett,intermediate
3faace6f-0b01-4744-9bde-e67e56dddb49,6f6d1315-1b8a-4c47-aae3-c49487ba15b4,27ff141c-3be0-485f-a087-b0b797e1de6e,1634144784275,13.4360383,52.4939158,5.932398,3.7261984,38.302628,-22.365232,on bike mount,cyclo cross,True,sett,intermediate
3faace6f-0b01-4744-9bde-e67e56dddb49,6f6d1315-1b8a-4c47-aae3-c49487ba15b4,547e031d-cb27-4a67-b152-7b6180570804,1634144784325,13.4360383,52.4939158,5.932398,-5.55505,15.256308,-0.633286,on bike mount,cyclo cross,True,sett,intermediate
3faace6f-0b01-4744-9bde-e67e56dddb49,6f6d1315-1b8a-4c47-aae3-c49487ba15b4,a657fa00-dde8-4db8-a463-985e98f57038,1634144784378,13.4360383,52.4939158,5.932398,2.6230147,3.9003267,-10.733544,on bike mount,cyclo cross,True,sett,intermediate
3faace6f-0b01-4744-9bde-e67e56dddb49,6f6d1315-1b8a-4c47-aae3-c49487ba15b4,3be09540-c217-40a8-98fb-2ef4bd7a27d8,1634144784443,13.4360383,52.4939158,5.932398,-2.2482219,8.4445,-11.102411,on bike mount,cyclo cross,True,sett,intermediate
3faace6f-0b01-4744-9bde-e67e56dddb49,6f6d1315-1b8a-4c47-aae3-c49487ba15b4,2eb585e2-64da-41fb-bb58-facaba27400e,1634144784493,13.4361141,52.4938879,5.741492,8.908733,4.7275133,-1.1686735,on bike mount,cyclo cross,True,sett,intermediate
3faace6f-0b01-4744-9bde-e67e56dddb49,6f6d1315-1b8a-4c47-aae3-c49487ba15b4,f4f4873b-aa4c-46b9-8466-e6c0ba712a26,1634144784544,13.4361141,52.4938879,5.741492,4.701331,9.029884,4.349271,on bike mount,cyclo cross,True,sett,intermediate
3faace6f-0b01-4744-9bde-e67e56dddb49,6f6d1315-1b8a-4c47-aae3-c49487ba15b4,5ccb5109-acc2-4a42-8d81-09b29352ff88,1634144784610,13.4361141,52.4938879,5.741492,1.8914782,-11.943229,4.2633,on bike mount,cyclo cross,True,sett,intermediate
3faace6f-0b01-4744-9bde-e67e56dddb49,6f6d1315-1b8a-4c47-aae3-c49487ba15b4,a00c5816-9223-4c1a-b34a-6b0cdb6c8672,1634144784675,13.4361141,52.4938879,5.741492,1.945175,2.0950446,-3.5173402,on bike mount,cyclo cross,True,sett,intermediate
3faace6f-0b01-4744-9bde-e67e56dddb49,6f6d1315-1b8a-4c47-aae3-c49487ba15b4,2dff4de2-5f4c-4900-a9a1-d2b3f7aed77c,1634144784725,13.4361141,52.4938879,5.741492,-0.48763216,-1.5108628,3.5382204,on bike mount,cyclo cross,True,sett,intermediate
3faace6f-0b01-4744-9bde-e67e56dddb49,6f6d1315-1b8a-4c47-aae3-c49487ba15b4,4b954bf9-62db-4baf-b2df-7f8768a91726,1634144784776,13.4361141,52.4938879,5.741492,2.9843926,-23.65363,16.152193,on bike mount,cyclo cross,True,sett,intermediate
3faace6f-0b01-4744-9bde-e67e56dddb49,6f6d1315-1b8a-4c47-aae3-c49487ba15b4,99c4a0ab-fadf-41db-9a65-189699b715fa,1634144784827,13.4361141,52.4938879,5.741492,-0.19497317,27.46555,-12.698481,on bike mount,cyclo cross,True,sett,intermediate
3faace6f-0b01-4744-9bde-e67e56dddb49,6f6d1315-1b8a-4c47-aae3-c49487ba15b4,cd222e54-1ce7-413a-ae2c-3a40996691d4,1634144784877,13.4361141,52.4938879,5.741492,1.701433,8.808764,5.7024946,on bike mount,cyclo cross,True,sett,intermediate
3faace6f-0b01-4744-9bde-e67e56dddb49,6f6d1315-1b8a-4c47-aae3-c49487ba15b4,09716cd4-512a-40ba-87fc-a0841559c97d,1634144784927,13.4361141,52.4938879,5.741492,2.7914884,5.0429296,16.45212,on bike mount,cyclo cross,True,sett,intermediate
3faace6f-0b01-4744-9bde-e67e56dddb49,6f6d1315-1b8a-4c47-aae3-c49487ba15b4,4e5d6781-e6bc-48d0-97a7-c9df9d28d619,1634144784978,13.4361141,52.4938879,5.741492,2.5525417,-9.99795,-17.997265,on bike mount,cyclo cross,True,sett,intermediate
3faace6f-0b01-4744-9bde-e67e56dddb49,6f6d1315-1b8a-4c47-aae3-c49487ba15b4,e55d0b88-1816-46b2-99cd-a7eb367564ea,1634144785027,13.4361141,52.4938879,5.741492,8.048086,3.6509511,-1.4659252,on bike mount,cyclo cross,True,sett,intermediate
3faace6f-0b01-4744-9bde-e67e56dddb49,6f6d1315-1b8a-4c47-aae3-c49487ba15b4,d57de88a-574f-4087-a679-f9b767b41687,1634144785078,13.4361141,52.4938879,5.741492,7.1633244,7.229635,-9.115521,on bike mount,cyclo cross,True,sett,intermediate
3faace6f-0b01-4744-9bde-e67e56dddb49,6f6d1315-1b8a-4c47-aae3-c49487ba15b4,ad28c70b-340c-40c7-9388-280fea13f131,1634144785129,13.4361141,52.4938879,5.741492,2.0764158,-5.2928615,6.815757,on bike mount,cyclo cross,True,sett,intermediate
3faace6f-0b01-4744-9bde-e67e56dddb49,6f6d1315-1b8a-4c47-aae3-c49487ba15b4,12ae9167-0f1e-42ad-a546-a245e27ab282,1634144785179,13.4361141,52.4938879,5.741492,-7.655508,-11.928936,8.337182,on bike mount,cyclo cross,True,sett,intermediate
3faace6f-0b01-4744-9bde-e67e56dddb49,6f6d1315-1b8a-4c47-aae3-c49487ba15b4,ec81ce32-b8cc-49c7-8db2-b0793653caa3,1634144785229,13.4361141,52.4938879,5.741492,1.4418919,12.913696,2.715601,on bike mount,cyclo cross,True,sett,intermediate
3faace6f-0b01-4744-9bde-e67e56dddb49,6f6d1315-1b8a-4c47-aae3-c49487ba15b4,e2ec46d5-368d-4a0a-b5aa-0f577d0a64dc,1634144785295,13.4361141,52.4938879,5.741492,-1.462546,5.5840807,-6.7726517,on bike mount,cyclo cross,True,sett,intermediate
3faace6f-0b01-4744-9bde-e67e56dddb49,6f6d1315-1b8a-4c47-aae3-c49487ba15b4,986fcbb4-9644-428f-b3a6-2346953149f8,1634144785347,13.4361141,52.4938879,5.741492,0.60252285,-4.732902,2.461625,on bike mount,cyclo cross,True,sett,intermediate
3faace6f-0b01-4744-9bde-e67e56dddb49,6f6d1315-1b8a-4c47-aae3-c49487ba15b4,ece81893-ef61-4612-a9fa-fb69e24812e5,1634144785412,13.4361141,52.4938879,5.741492,-2.1585355,-3.1255865,-2.035843,on bike mount,cyclo cross,True,sett,intermediate
3faace6f-0b01-4744-9bde-e67e56dddb49,6f6d1315-1b8a-4c47-aae3-c49487ba15b4,e2715188-a195-4987-923c-ed83ad092ccc,1634144785464,13.4361141,52.4938879,5.741492,3.1050642,4.374548,9.101939,on bike mount,cyclo cross,True,sett,intermediate
3faace6f-0b01-4744-9bde-e67e56dddb49,6f6d1315-1b8a-4c47-aae3-c49487ba15b4,0c157f8e-a8c0-472f-9cbe-f0bbdafe55c9,1634144785527,13.4361824,52.49387,4.5037436,2.3005614,-19.68306,9.810148,on bike mount,cyclo cross,True,sett,intermediate
3faace6f-0b01-4744-9bde-e67e56dddb49,6f6d1315-1b8a-4c47-aae3-c49487ba15b4,3c43859a-06bf-480e-85ce-f800b4121d47,1634144785579,13.4361824,52.49387,4.5037436,1.751131,-3.5359757,-11.532495,on bike mount,cyclo cross,True,sett,intermediate
3faace6f-0b01-4744-9bde-e67e56dddb49,6f6d1315-1b8a-4c47-aae3-c49487ba15b4,58875e44-fd95-46b1-9c1f-8fce42fa43dd,1634144785629,13.4361824,52.49387,4.5037436,-4.396116,7.679468,11.202512,on bike mount,cyclo cross,True,sett,intermediate
3faace6f-0b01-4744-9bde-e67e56dddb49,6f6d1315-1b8a-4c47-aae3-c49487ba15b4,9519ed51-8a6d-461e-b4dd-c9eb62f39bf8,1634144785679,13.4361824,52.49387,4.5037436,-0.40651023,15.752043,8.218273,on bike mount,cyclo cross,True,sett,intermediate
3faace6f-0b01-4744-9bde-e67e56dddb49,6f6d1315-1b8a-4c47-aae3-c49487ba15b4,f0a73544-45b4-490c-9cb9-f58c050a61bd,1634144785729,13.4361824,52.49387,4.5037436,-4.922038,2.8802986,-22.782476,on bike mount,cyclo cross,True,sett,intermediate
3faace6f-0b01-4744-9bde-e67e56dddb49,a493a79b-f994-4fc5-8a27-08695c74a5e0,5e014353-9a69-4a5f-94db-c3e66572583b,1634144783824,13.4360383,52.4939158,5.932398,-2.6267865,7.8826876,21.905796,on bike mount,cyclo cross,True,sett,intermediate
3faace6f-0b01-4744-9bde-e67e56dddb49,a493a79b-f994-4fc5-8a27-08695c74a5e0,27c31c4c-64f3-4dba-9c8f-14fb612ee50d,1634144783875,13.4360383,52.4939158,5.932398,0.051317543,-2.4876773,-16.81589,on bike mount,cyclo cross,True,sett,intermediate
3faace6f-0b01-4744-9bde-e67e56dddb49,a493a79b-f994-4fc5-8a27-08695c74a5e0,5eb5c68d-4bff-4ee6-8311-c60217c7d303,1634144783940,13.4360383,52.4939158,5.932398,5.555905,-8.2335415,-14.016275,on bike mount,cyclo cross,True,sett,intermediate
3faace6f-0b01-4744-9bde-e67e56dddb49,a493a79b-f994-4fc5-8a27-08695c74a5e0,ec0efaf3-0416-499f-a264-7871ecdd6288,1634144783991,13.4360383,52.4939158,5.932398,-11.097671,13.996193,35.63111,on bike mount,cyclo cross,True,sett,intermediate
3faace6f-0b01-4744-9bde-e67e56dddb49,a493a79b-f994-4fc5-8a27-08695c74a5e0,89306134-4203-4e61-8d83-6e9adeb1f37d,1634144784042,13.4360383,52.4939158,5.932398,5.127173,15.50423,-23.733803,on bike mount,cyclo cross,True,sett,intermediate
3faace6f-0b01-4744-9bde-e67e56dddb49,a493a79b-f994-4fc5-8a27-08695c74a5e0,fbb4fbab-c326-4c8b-af72-60c55b9ce971,1634144784093,13.4360383,52.4939158,5.932398,1.5170883,-3.6358364,12.624231,on bike mount,cyclo cross,True,sett,intermediate
3faace6f-0b01-4744-9bde-e67e56dddb49,a493a79b-f994-4fc5-8a27-08695c74a5e0,98954102-2e72-4131-8f64-2f66b95894ac,1634144784159,13.4360383,52.4939158,5.932398,-9.509747,24.987282,19.68619,on bike mount,cyclo cross,True,sett,intermediate
3faace6f-0b01-4744-9bde-e67e56dddb49,a493a79b-f994-4fc5-8a27-08695c74a5e0,dde08454-322d-43e5-8a37-966b56072845,1634144784209,13.4360383,52.4939158,5.932398,-0.8957061,13.748882,-20.293266,on bike mount,cyclo cross,True,sett,intermediate
3faace6f-0b01-4744-9bde-e67e56dddb49,a493a79b-f994-4fc5-8a27-08695c74a5e0,751ba1e6-83e9-4b6d-a28e-1d3493edd8de,1634144784258,13.4360383,52.4939158,5.932398,-5.586362,-6.749113,1.1040277,on bike mount,cyclo cross,True,sett,intermediate
3faace6f-0b01-4744-9bde-e67e56dddb49,a493a79b-f994-4fc5-8a27-08695c74a5e0,b4e9780b-93af-4b9c-a03c-f46197fdff51,1634144784310,13.4360383,52.4939158,5.932398,-3.0144083,-35.45557,12.872647,on bike mount,cyclo cross,True,sett,intermediate
3faace6f-0b01-4744-9bde-e67e56dddb49,a493a79b-f994-4fc5-8a27-08695c74a5e0,b1c06cd0-f721-47bf-9329-49eaad2463c5,1634144784376,13.4360383,52.4939158,5.932398,0.8761034,3.9070363,-23.267738,on bike mount,cyclo cross,True,sett,intermediate
3faace6f-0b01-4744-9bde-e67e56dddb49,a493a79b-f994-4fc5-8a27-08695c74a5e0,3791db51-9b3e-4b8f-84b7-cbfc7db67e96,1634144784427,13.4360383,52.4939158,5.932398,0.81139654,6.437112,18.348412,on bike mount,cyclo cross,True,sett,intermediate
3faace6f-0b01-4744-9bde-e67e56dddb49,a493a79b-f994-4fc5-8a27-08695c74a5e0,6a88032f-5a20-4c0d-8583-3522750f79d9,1634144784480,13.4360383,52.4939158,5.932398,1.4850116,-14.017108,2.790145,on bike mount,cyclo cross,True,sett,intermediate
3faace6f-0b01-4744-9bde-e67e56dddb49,a493a79b-f994-4fc5-8a27-08695c74a5e0,a5142b01-4e6c-40f8-a205-a01142804ccb,1634144784542,13.4361141,52.4938879,5.741492,3.847095,3.6349983,-10.608328,on bike mount,cyclo cross,True,sett,intermediate
3faace6f-0b01-4744-9bde-e67e56dddb49,a493a79b-f994-4fc5-8a27-08695c74a5e0,f4a54eaa-206f-49d1-8629-5b22438926b8,1634144784593,13.4361141,52.4938879,5.741492,0.21673651,-3.9209416,-18.331951,on bike mount,cyclo cross,True,sett,intermediate
3faace6f-0b01-4744-9bde-e67e56dddb49,a493a79b-f994-4fc5-8a27-08695c74a5e0,1f1228a8-cbe5-4199-817f-79051078bc7c,1634144784644,13.4361141,52.4938879,5.741492,0.10134947,-2.281374,2.7205734,on bike mount,cyclo cross,True,sett,intermediate
3faace6f-0b01-4744-9bde-e67e56dddb49,a493a79b-f994-4fc5-8a27-08695c74a5e0,f7284e1f-3223-4044-83cd-f3b3fc33c143,1634144784694,13.4361141,52.4938879,5.741492,-3.3053722,1.483277,-2.516316,on bike mount,cyclo cross,True,sett,intermediate
3faace6f-0b01-4744-9bde-e67e56dddb49,a493a79b-f994-4fc5-8a27-08695c74a5e0,3c4466a6-29ef-4139-9b95-29fe9d5c7d36,1634144784744,13.4361141,52.4938879,5.741492,-5.744233,-8.447848,-1.4774172,on bike mount,cyclo cross,True,sett,intermediate
3faace6f-0b01-4744-9bde-e67e56dddb49,a493a79b-f994-4fc5-8a27-08695c74a5e0,1d9a14df-60c0-4e64-afec-10b79afaf930,1634144784794,13.4361141,52.4938879,5.741492,0.9687223,-0.2049532,-5.430985,on bike mount,cyclo cross,True,sett,intermediate
3faace6f-0b01-4744-9bde-e67e56dddb49,a493a79b-f994-4fc5-8a27-08695c74a5e0,1673af73-ed53-4cc2-8ace-c46226a0970d,1634144784860,13.4361141,52.4938879,5.741492,1.2161926,-15.548349,-6.4915266,on bike mount,cyclo cross,True,sett,intermediate
3faace6f-0b01-4744-9bde-e67e56dddb49,a493a79b-f994-4fc5-8a27-08695c74a5e0,d8e05c07-a399-41d3-8981-9f06670e2c3d,1634144784910,13.4361141,52.4938879,5.741492,-3.218413,-8.020536,5.7235327,on bike mount,cyclo cross,True,sett,intermediate
3faace6f-0b01-4744-9bde-e67e56dddb49,a493a79b-f994-4fc5-8a27-08695c74a5e0,711a844e-d09f-4666-b4f6-b958eb6ae8c2,1634144784960,13.4361141,52.4938879,5.741492,2.6489983,8.160653,-8.576695,on bike mount,cyclo cross,True,sett,intermediate
3faace6f-0b01-4744-9bde-e67e56dddb49,a493a79b-f994-4fc5-8a27-08695c74a5e0,edaed529-aa65-452d-8b1e-2ca683724a65,1634144785010,13.4361141,52.4938879,5.741492,-3.668937,-19.109911,23.782175,on bike mount,cyclo cross,True,sett,intermediate
3faace6f-0b01-4744-9bde-e67e56dddb49,a493a79b-f994-4fc5-8a27-08695c74a5e0,b26c36d7-3e3d-4302-8f70-7f7c440faf5e,1634144785060,13.4361141,52.4938879,5.741492,-2.486777,-4.8197746,-20.472044,on bike mount,cyclo cross,True,sett,intermediate
3faace6f-0b01-4744-9bde-e67e56dddb49,a493a79b-f994-4fc5-8a27-08695c74a5e0,6453646a-367e-4285-bab9-b2383b853c5b,1634144785110,13.4361141,52.4938879,5.741492,-13.20208,10.025423,-2.8250942,on bike mount,cyclo cross,True,sett,intermediate
