bike_activity_uid,bike_activity_sample_uid,bike_activity_measurement,bike_activity_measurement_timestamp,bike_activity_measurement_lon,bike_activity_measurement_lat,bike_activity_measurement_speed,bike_activity_measurement_accelerometer_x,bike_activity_measurement_accelerometer_y,bike_activity_measurement_accelerometer_z,bike_activity_phone_position,bike_activity_bike_type,bike_activity_flagged_lab_conditions,bike_activity_surface_type,bike_activity_smoothness_type
5498723f-e9db-4ceb-87f2-261fce45fb13,1ec6b1f8-4674-4c01-a136-c81d4a665ef1,130bd155-850a-46d4-b40e-ef307c140685,1633153497228,13.43663,52.4937745,4.4973288,-1.2658293,6.8894224,15.4002495,on bike mount,cyclo cross,True,sett,intermediate
5498723f-e9db-4ceb-87f2-261fce45fb13,1ec6b1f8-4674-4c01-a136-c81d4a665ef1,d2e2dd00-9322-41fb-a9b4-4f2b09575571,1633153497278,13.43663,52.4937745,4.4973288,4.1166487,11.5242605,-20.527985,on bike mount,cyclo cross,True,sett,intermediate
5498723f-e9db-4ceb-87f2-261fce45fb13,1ec6b1f8-4674-4c01-a136-c81d4a665ef1,4a3629c9-33de-4fa9-ac88-1608966d40c6,1633153497344,13.43663,52.4937745,4.4973288,-2.5431378,10.78186,-1.8172145,on bike mount,cyclo cross,True,sett,intermediate
5498723f-e9db-4ceb-87f2-261fce45fb13,1ec6b1f8-4674-4c01-a136-c81d4a665ef1,67581e10-c409-4853-804d-0072b5371115,1633153497411,13.43663,52.4937745,4.4973288,-1.5365064,-22.104637,12.014339,on bike mount,cyclo cross,True,sett,intermediate
5498723f-e9db-4ceb-87f2-261fce45fb13,1ec6b1f8-4674-4c01-a136-c81d4a665ef1,84b66a90-f706-4e38-9198-f71681375edc,1633153497478,13.43663,52.4937745,4.4973288,1.8607144,-8.894009,-7.908449,on bike mount,cyclo cross,True,sett,intermediate
5498723f-e9db-4ceb-87f2-261fce45fb13,1ec6b1f8-4674-4c01-a136-c81d4a665ef1,475fac5a-cd68-4650-88fd-83bfd47b65a1,1633153497545,13.43663,52.4937745,4.4973288,-0.1532555,-6.728339,2.7815914,on bike mount,cyclo cross,True,sett,intermediate
5498723f-e9db-4ceb-87f2-261fce45fb13,1ec6b1f8-4674-4c01-a136-c81d4a665ef1,3fa33abf-ebd9-4e18-89c6-e8e29b1a8c9c,1633153497612,13.43663,52.4937745,4.4973288,-6.7844405,-9.539431,6.788562,on bike mount,cyclo cross,True,sett,intermediate
5498723f-e9db-4ceb-87f2-261fce45fb13,1ec6b1f8-4674-4c01-a136-c81d4a665ef1,ca875102-97a1-4b1d-9592-5609d68f5278,1633153497678,13.4366753,52.4937689,3.722015,2.1816638,15.592025,-6.2018437,on bike mount,cyclo cross,True,sett,intermediate
5498723f-e9db-4ceb-87f2-261fce45fb13,1ec6b1f8-4674-4c01-a136-c81d4a665ef1,47e8bcf9-2f18-4ebe-a81c-6cf6e03a1120,1633153497745,13.4366753,52.4937689,3.722015,-1.66787,-2.5459929,5.277562,on bike mount,cyclo cross,True,sett,intermediate
5498723f-e9db-4ceb-87f2-261fce45fb13,1ec6b1f8-4674-4c01-a136-c81d4a665ef1,05354681-de02-4b80-8061-817a0793f219,1633153497812,13.4366753,52.4937689,3.722015,-5.6572986,13.306322,-8.651496,on bike mount,cyclo cross,True,sett,intermediate
5498723f-e9db-4ceb-87f2-261fce45fb13,1ec6b1f8-4674-4c01-a136-c81d4a665ef1,72d71aba-3e90-4dd8-9161-3042b3ba215d,1633153497879,13.4366753,52.4937689,3.722015,-4.4528537,-26.628935,21.893826,on bike mount,cyclo cross,True,sett,intermediate
5498723f-e9db-4ceb-87f2-261fce45fb13,1ec6b1f8-4674-4c01-a136-c81d4a665ef1,ecfc5fd5-b809-4866-9949-18d802f6dfa2,1633153497946,13.4366753,52.4937689,3.722015,0.28896618,-2.9770212,-3.41025,on bike mount,cyclo cross,True,sett,intermediate
5498723f-e9db-4ceb-87f2-261fce45fb13,1ec6b1f8-4674-4c01-a136-c81d4a665ef1,20326dd5-4829-4ac2-bc68-5c7da8858549,1633153497995,13.4366753,52.4937689,3.722015,-1.4581857,5.027818,9.771345,on bike mount,cyclo cross,True,sett,intermediate
5498723f-e9db-4ceb-87f2-261fce45fb13,1ec6b1f8-4674-4c01-a136-c81d4a665ef1,dbb76340-3cb3-4041-bc1f-aa25f30fa945,1633153498045,13.4366753,52.4937689,3.722015,5.4828076,1.6720915,-3.5169911,on bike mount,cyclo cross,True,sett,intermediate
5498723f-e9db-4ceb-87f2-261fce45fb13,1ec6b1f8-4674-4c01-a136-c81d4a665ef1,fe3260d7-6d98-4dae-987f-b69501fe1438,1633153498096,13.4366753,52.4937689,3.722015,4.0228844,10.617832,3.4924097,on bike mount,cyclo cross,True,sett,intermediate
5498723f-e9db-4ceb-87f2-261fce45fb13,1ec6b1f8-4674-4c01-a136-c81d4a665ef1,c463bbba-4fa2-4b29-8dfd-0855bbf4c657,1633153498162,13.4366753,52.4937689,3.722015,-4.0188303,-11.871048,4.089612,on bike mount,cyclo cross,True,sett,intermediate
5498723f-e9db-4ceb-87f2-261fce45fb13,1ec6b1f8-4674-4c01-a136-c81d4a665ef1,dcb5303a-f94f-42b4-8825-4bba408e3585,1633153498212,13.4366753,52.4937689,3.722015,4.0242453,-20.831766,9.923605,on bike mount,cyclo cross,True,sett,intermediate
5498723f-e9db-4ceb-87f2-261fce45fb13,1ec6b1f8-4674-4c01-a136-c81d4a665ef1,935df1a7-de3a-4efc-96f3-519f60f66ce2,1633153498263,13.4366753,52.4937689,3.722015,-0.045830205,14.661718,-16.51867,on bike mount,cyclo cross,True,sett,intermediate
5498723f-e9db-4ceb-87f2-261fce45fb13,1ec6b1f8-4674-4c01-a136-c81d4a665ef1,9b0aac4f-3d20-4a9b-a255-ec1c6f43e208,1633153498313,13.4366753,52.4937689,3.722015,-5.2698736,19.410757,-19.463356,on bike mount,cyclo cross,True,sett,intermediate
5498723f-e9db-4ceb-87f2-261fce45fb13,1ec6b1f8-4674-4c01-a136-c81d4a665ef1,dbbf3a37-306f-40fb-9e18-98c118c6ae63,1633153498380,13.4366753,52.4937689,3.722015,3.082381,-46.04949,6.3156223,on bike mount,cyclo cross,True,sett,intermediate
5498723f-e9db-4ceb-87f2-261fce45fb13,1ec6b1f8-4674-4c01-a136-c81d4a665ef1,0fe1eecd-48bb-4250-a10c-d4bc7146d9d2,1633153498430,13.4366753,52.4937689,3.722015,-4.453914,2.676691,4.572812,on bike mount,cyclo cross,True,sett,intermediate
5498723f-e9db-4ceb-87f2-261fce45fb13,1ec6b1f8-4674-4c01-a136-c81d4a665ef1,461c1592-134a-4258-8483-beb61b8e341b,1633153498496,13.4366753,52.4937689,3.722015,-1.411428,-3.2986276,-3.5376372,on bike mount,cyclo cross,True,sett,intermediate
5498723f-e9db-4ceb-87f2-261fce45fb13,1ec6b1f8-4674-4c01-a136-c81d4a665ef1,2f048744-9117-43d4-8d0e-b0aebda7c290,1633153498547,13.4366753,52.4937689,3.722015,-0.6846116,-8.002273,-4.467385,on bike mount,cyclo cross,True,sett,intermediate
5498723f-e9db-4ceb-87f2-261fce45fb13,1ec6b1f8-4674-4c01-a136-c81d4a665ef1,14afa197-1d7f-478c-bdc7-441865b72973,1633153498597,13.4367179,52.4937614,3.3511896,5.279336,-22.453522,13.991627,on bike mount,cyclo cross,True,sett,intermediate
5498723f-e9db-4ceb-87f2-261fce45fb13,1ec6b1f8-4674-4c01-a136-c81d4a665ef1,6d73def5-655c-4fd2-9bf9-fb5272486ffd,1633153498662,13.4367179,52.4937614,3.3511896,1.589536,29.693071,-14.206224,on bike mount,cyclo cross,True,sett,intermediate
5498723f-e9db-4ceb-87f2-261fce45fb13,1ec6b1f8-4674-4c01-a136-c81d4a665ef1,997fe7d2-17de-43c3-b49b-9b071ff021bd,1633153498729,13.4367179,52.4937614,3.3511896,-5.797642,-5.7825346,-5.5623655,on bike mount,cyclo cross,True,sett,intermediate
5498723f-e9db-4ceb-87f2-261fce45fb13,1ec6b1f8-4674-4c01-a136-c81d4a665ef1,070cf027-c780-43d9-ae05-b2aa682e8323,1633153498796,13.4367179,52.4937614,3.3511896,0.81207544,-8.4029,-5.147883,on bike mount,cyclo cross,True,sett,intermediate
5498723f-e9db-4ceb-87f2-261fce45fb13,1ec6b1f8-4674-4c01-a136-c81d4a665ef1,6a1182be-6006-4f20-b808-ffb064107fb2,1633153498847,13.4367179,52.4937614,3.3511896,3.1794229,-9.471678,6.6515503,on bike mount,cyclo cross,True,sett,intermediate
5498723f-e9db-4ceb-87f2-261fce45fb13,1ec6b1f8-4674-4c01-a136-c81d4a665ef1,0b6a8edf-ea5a-4f4d-aff6-7405778608b6,1633153498897,13.4367179,52.4937614,3.3511896,2.8184679,20.286762,-3.4299111,on bike mount,cyclo cross,True,sett,intermediate
5498723f-e9db-4ceb-87f2-261fce45fb13,1ec6b1f8-4674-4c01-a136-c81d4a665ef1,3c908e6f-16d5-49b6-9f05-d46ec97871a0,1633153498964,13.4367179,52.4937614,3.3511896,-4.1832848,-1.639591,-15.328881,on bike mount,cyclo cross,True,sett,intermediate
5498723f-e9db-4ceb-87f2-261fce45fb13,1ec6b1f8-4674-4c01-a136-c81d4a665ef1,1df31827-e5fa-4fec-8eef-7515974f880e,1633153499031,13.4367179,52.4937614,3.3511896,3.29897,-2.201453,-7.739561,on bike mount,cyclo cross,True,sett,intermediate
5498723f-e9db-4ceb-87f2-261fce45fb13,1ec6b1f8-4674-4c01-a136-c81d4a665ef1,ccdae1c2-0a19-426b-b674-b1c9f40d3960,1633153499081,13.4367179,52.4937614,3.3511896,5.1080956,-7.9244585,-1.4911747,on bike mount,cyclo cross,True,sett,intermediate
5498723f-e9db-4ceb-87f2-261fce45fb13,1ec6b1f8-4674-4c01-a136-c81d4a665ef1,d18184ef-5fd0-436c-a337-da3d85296a82,1633153499130,13.4367399,52.4937568,3.1620865,0.5821505,7.2455616,-6.2968597,on bike mount,cyclo cross,True,sett,intermediate
5498723f-e9db-4ceb-87f2-261fce45fb13,1ec6b1f8-4674-4c01-a136-c81d4a665ef1,b259b5e5-cc55-49e3-bf89-676f86b512c6,1633153499197,13.4367399,52.4937568,3.1620865,-3.0430727,0.57078743,-8.586183,on bike mount,cyclo cross,True,sett,intermediate
5498723f-e9db-4ceb-87f2-261fce45fb13,1ec6b1f8-4674-4c01-a136-c81d4a665ef1,2404cb87-a2ae-4f63-96c3-d7ddb01f8464,1633153499248,13.4367399,52.4937568,3.1620865,1.3434204,-7.392751,-5.3984513,on bike mount,cyclo cross,True,sett,intermediate
5498723f-e9db-4ceb-87f2-261fce45fb13,1ec6b1f8-4674-4c01-a136-c81d4a665ef1,60041c94-5dac-48cc-a956-d1d5f04bc9a3,1633153499315,13.4367399,52.4937568,3.1620865,-0.29923868,-4.6441007,-9.568963,on bike mount,cyclo cross,True,sett,intermediate
5498723f-e9db-4ceb-87f2-261fce45fb13,1ec6b1f8-4674-4c01-a136-c81d4a665ef1,d6f06b24-b580-4ecc-be85-6c006b56a2a5,1633153499382,13.4367399,52.4937568,3.1620865,4.60359,-2.340407,2.6928911,on bike mount,cyclo cross,True,sett,intermediate
5498723f-e9db-4ceb-87f2-261fce45fb13,1ec6b1f8-4674-4c01-a136-c81d4a665ef1,7be0dcc5-d690-4601-b565-9357ff891929,1633153499448,13.4367399,52.4937568,3.1620865,-2.2950494,-3.4353027,2.2515554,on bike mount,cyclo cross,True,sett,intermediate
5498723f-e9db-4ceb-87f2-261fce45fb13,1ec6b1f8-4674-4c01-a136-c81d4a665ef1,d8571dc3-32d8-47bb-93b2-59591d2b889c,1633153499498,13.4367399,52.4937568,3.1620865,-1.0239322,4.1630926,-14.382774,on bike mount,cyclo cross,True,sett,intermediate
5498723f-e9db-4ceb-87f2-261fce45fb13,1ec6b1f8-4674-4c01-a136-c81d4a665ef1,9b7769f1-ec5c-4a78-ba74-872de14878a6,1633153499565,13.4367399,52.4937568,3.1620865,0.4543029,-4.711735,5.0893536,on bike mount,cyclo cross,True,sett,intermediate
5498723f-e9db-4ceb-87f2-261fce45fb13,1ec6b1f8-4674-4c01-a136-c81d4a665ef1,bb5c0ce2-49e9-4a8e-8a54-69ae6086ff59,1633153499632,13.4367399,52.4937568,3.1620865,-3.3783066,-4.969185,6.0657225,on bike mount,cyclo cross,True,sett,intermediate
5498723f-e9db-4ceb-87f2-261fce45fb13,1ec6b1f8-4674-4c01-a136-c81d4a665ef1,571ad75d-efc2-442a-94d4-2bb14c8bb784,1633153499699,13.4367399,52.4937568,3.1620865,-0.40841967,-4.165295,13.324688,on bike mount,cyclo cross,True,sett,intermediate
5498723f-e9db-4ceb-87f2-261fce45fb13,1ec6b1f8-4674-4c01-a136-c81d4a665ef1,5219d4e7-d627-416b-8201-2aaf0629fbf9,1633153499766,13.4367399,52.4937568,3.1620865,0.14963648,1.9586158,-4.9325824,on bike mount,cyclo cross,True,sett,intermediate
5498723f-e9db-4ceb-87f2-261fce45fb13,1ec6b1f8-4674-4c01-a136-c81d4a665ef1,fd08ad46-0fff-4323-8971-ded17972f7f6,1633153499816,13.4367399,52.4937568,3.1620865,-1.12711,-11.200273,13.041016,on bike mount,cyclo cross,True,sett,intermediate
5498723f-e9db-4ceb-87f2-261fce45fb13,1ec6b1f8-4674-4c01-a136-c81d4a665ef1,727e5619-b9e5-4c3a-ac19-05a8062cf2a6,1633153499882,13.4367399,52.4937568,3.1620865,-1.1116118,3.6321983,5.591737,on bike mount,cyclo cross,True,sett,intermediate
5498723f-e9db-4ceb-87f2-261fce45fb13,1ec6b1f8-4674-4c01-a136-c81d4a665ef1,16f42ab6-d0ed-4ce1-b8bc-b8f22ccf4517,1633153499949,13.436772,52.4937481,3.3945718,-2.888147,4.999978,-9.917192,on bike mount,cyclo cross,True,sett,intermediate
5498723f-e9db-4ceb-87f2-261fce45fb13,1ec6b1f8-4674-4c01-a136-c81d4a665ef1,c365a455-1593-4984-9a87-c964372cecc1,1633153500015,13.436772,52.4937481,3.3945718,1.5863297,-3.0019019,2.204893,on bike mount,cyclo cross,True,sett,intermediate
5498723f-e9db-4ceb-87f2-261fce45fb13,1ec6b1f8-4674-4c01-a136-c81d4a665ef1,a962f580-ac17-4df1-b715-bd01d6b26b37,1633153500066,13.436772,52.4937481,3.3945718,-0.023240685,-1.1751263,-2.0989218,on bike mount,cyclo cross,True,sett,intermediate
5498723f-e9db-4ceb-87f2-261fce45fb13,1ec6b1f8-4674-4c01-a136-c81d4a665ef1,dcceb14e-443c-4909-b2aa-f4691a88e443,1633153500133,13.436772,52.4937481,3.3945718,-0.22325753,3.9242687,5.8676834,on bike mount,cyclo cross,True,sett,intermediate
5498723f-e9db-4ceb-87f2-261fce45fb13,1ec6b1f8-4674-4c01-a136-c81d4a665ef1,e764f95e-8d05-496f-882c-a349a7fae1f3,1633153500200,13.436772,52.4937481,3.3945718,5.086186,-11.398523,0.47830677,on bike mount,cyclo cross,True,sett,intermediate
5498723f-e9db-4ceb-87f2-261fce45fb13,1ec6b1f8-4674-4c01-a136-c81d4a665ef1,47cd4df3-bc4d-495f-96ac-c0699b1ab3ba,1633153500266,13.436772,52.4937481,3.3945718,2.5747285,3.3741655,-11.357353,on bike mount,cyclo cross,True,sett,intermediate
5498723f-e9db-4ceb-87f2-261fce45fb13,1ec6b1f8-4674-4c01-a136-c81d4a665ef1,b9987a0b-809e-4a04-a2e9-1a82e647f944,1633153500316,13.436772,52.4937481,3.3945718,1.092575,5.087439,-5.7293034,on bike mount,cyclo cross,True,sett,intermediate
5498723f-e9db-4ceb-87f2-261fce45fb13,1ec6b1f8-4674-4c01-a136-c81d4a665ef1,3994a2fa-c031-47b2-ab06-90bdc78887b3,1633153500366,13.436772,52.4937481,3.3945718,-0.46538335,-16.16867,8.185215,on bike mount,cyclo cross,True,sett,intermediate
5498723f-e9db-4ceb-87f2-261fce45fb13,1ec6b1f8-4674-4c01-a136-c81d4a665ef1,491dfe9e-b823-4a2b-b4ef-2f8bd833fb5c,1633153500417,13.436772,52.4937481,3.3945718,1.6501358,-10.702587,10.841702,on bike mount,cyclo cross,True,sett,intermediate
5498723f-e9db-4ceb-87f2-261fce45fb13,1ec6b1f8-4674-4c01-a136-c81d4a665ef1,ae859d5e-132a-4c29-b852-1ad14a647aa3,1633153500467,13.436772,52.4937481,3.3945718,1.732735,-4.549841,-6.910002,on bike mount,cyclo cross,True,sett,intermediate
5498723f-e9db-4ceb-87f2-261fce45fb13,1ec6b1f8-4674-4c01-a136-c81d4a665ef1,85850d8f-5fe9-4834-9b2d-9a6162041986,1633153500534,13.436772,52.4937481,3.3945718,1.7479618,8.599556,-7.0227594,on bike mount,cyclo cross,True,sett,intermediate
5498723f-e9db-4ceb-87f2-261fce45fb13,1ec6b1f8-4674-4c01-a136-c81d4a665ef1,3d5d4967-1293-440f-bde6-bbe8c3643d11,1633153500584,13.4368001,52.4937397,3.6003795,4.0017667,1.351407,-5.4279704,on bike mount,cyclo cross,True,sett,intermediate
5498723f-e9db-4ceb-87f2-261fce45fb13,1ec6b1f8-4674-4c01-a136-c81d4a665ef1,2008814d-c9c4-43b8-a15c-5bac451511db,1633153500650,13.4368001,52.4937397,3.6003795,0.81304324,2.001555,-5.8187056,on bike mount,cyclo cross,True,sett,intermediate
5498723f-e9db-4ceb-87f2-261fce45fb13,1ec6b1f8-4674-4c01-a136-c81d4a665ef1,3be97bcb-8165-4678-9329-9cec53853dee,1633153500700,13.4368001,52.4937397,3.6003795,-4.224088,-13.762493,14.834043,on bike mount,cyclo cross,True,sett,intermediate
5498723f-e9db-4ceb-87f2-261fce45fb13,1ec6b1f8-4674-4c01-a136-c81d4a665ef1,f2446175-6458-4e47-9349-d133a7efc176,1633153500767,13.4368001,52.4937397,3.6003795,3.7222617,11.94294,-4.7086277,on bike mount,cyclo cross,True,sett,intermediate
5498723f-e9db-4ceb-87f2-261fce45fb13,1ec6b1f8-4674-4c01-a136-c81d4a665ef1,e7a2a703-b102-4344-90d3-0f1ae87b6f06,1633153500834,13.4368001,52.4937397,3.6003795,-10.51635,-6.298813,8.061012,on bike mount,cyclo cross,True,sett,intermediate
5498723f-e9db-4ceb-87f2-261fce45fb13,1ec6b1f8-4674-4c01-a136-c81d4a665ef1,846d3bfa-c56d-482a-8c8e-ab40369221cc,1633153500901,13.4368001,52.4937397,3.6003795,-3.0116553,-7.336715,6.2944393,on bike mount,cyclo cross,True,sett,intermediate
5498723f-e9db-4ceb-87f2-261fce45fb13,1ec6b1f8-4674-4c01-a136-c81d4a665ef1,b9d7f2a7-5fb8-4254-996e-2468b4ee47fb,1633153500968,13.4368001,52.4937397,3.6003795,4.060929,-4.8547087,-9.728554,on bike mount,cyclo cross,True,sett,intermediate
5498723f-e9db-4ceb-87f2-261fce45fb13,1ec6b1f8-4674-4c01-a136-c81d4a665ef1,346a53bb-1aa9-4692-b495-4b2f28532af7,1633153501018,13.4368001,52.4937397,3.6003795,-2.4017837,0.62504864,1.6591663,on bike mount,cyclo cross,True,sett,intermediate
5498723f-e9db-4ceb-87f2-261fce45fb13,1ec6b1f8-4674-4c01-a136-c81d4a665ef1,3ebbe870-ce57-4895-8674-b66aa10ec931,1633153501085,13.4368001,52.4937397,3.6003795,0.180296,0.7021103,1.9034319,on bike mount,cyclo cross,True,sett,intermediate
5498723f-e9db-4ceb-87f2-261fce45fb13,1ec6b1f8-4674-4c01-a136-c81d4a665ef1,840fbea5-da2b-4257-84d5-52361f6cc1aa,1633153501151,13.436822,52.4937313,3.0448446,-0.319298,-1.6364193,6.5035915,on bike mount,cyclo cross,True,sett,intermediate
5498723f-e9db-4ceb-87f2-261fce45fb13,1ec6b1f8-4674-4c01-a136-c81d4a665ef1,6645f7c9-c4f8-4a09-aa7f-39692ae0ef86,1633153501218,13.436822,52.4937313,3.0448446,1.4522036,3.3529654,-6.0109844,on bike mount,cyclo cross,True,sett,intermediate
5498723f-e9db-4ceb-87f2-261fce45fb13,1ec6b1f8-4674-4c01-a136-c81d4a665ef1,a276eda2-fb82-4963-97a4-d63bdfdf1b10,1633153501285,13.436822,52.4937313,3.0448446,-0.93160695,-7.7286143,11.6056185,on bike mount,cyclo cross,True,sett,intermediate
5498723f-e9db-4ceb-87f2-261fce45fb13,1ec6b1f8-4674-4c01-a136-c81d4a665ef1,af142460-01a8-4ea9-b7ec-86bfad332e0f,1633153501352,13.436822,52.4937313,3.0448446,-0.41516477,1.8923845,-2.6612706,on bike mount,cyclo cross,True,sett,intermediate
5498723f-e9db-4ceb-87f2-261fce45fb13,1ec6b1f8-4674-4c01-a136-c81d4a665ef1,1a16155d-95df-4aae-a4a3-3ea986bb3f6c,1633153501418,13.436822,52.4937313,3.0448446,-1.1114403,-8.800459,15.074362,on bike mount,cyclo cross,True,sett,intermediate
5498723f-e9db-4ceb-87f2-261fce45fb13,1ec6b1f8-4674-4c01-a136-c81d4a665ef1,fd77a0ca-098b-4df3-a5d0-5c94b65c9910,1633153501469,13.436822,52.4937313,3.0448446,-2.2170339,3.4472485,8.51223,on bike mount,cyclo cross,True,sett,intermediate
5498723f-e9db-4ceb-87f2-261fce45fb13,1ec6b1f8-4674-4c01-a136-c81d4a665ef1,682434da-1b89-4de4-9c4f-06469ffe30e3,1633153501519,13.436822,52.4937313,3.0448446,0.4338361,1.1004968,-4.1501217,on bike mount,cyclo cross,True,sett,intermediate
5498723f-e9db-4ceb-87f2-261fce45fb13,1ec6b1f8-4674-4c01-a136-c81d4a665ef1,bfddfc5d-4bed-41d9-91d1-6dae070f421a,1633153501569,13.436822,52.4937313,3.0448446,-3.6632636,1.0477362,-4.753113,on bike mount,cyclo cross,True,sett,intermediate
5498723f-e9db-4ceb-87f2-261fce45fb13,1ec6b1f8-4674-4c01-a136-c81d4a665ef1,e9b3c365-c0d1-40bd-8a06-a4535b84940e,1633153501635,13.436822,52.4937313,3.0448446,1.6951008,9.221901,-4.4440975,on bike mount,cyclo cross,True,sett,intermediate
5498723f-e9db-4ceb-87f2-261fce45fb13,1ec6b1f8-4674-4c01-a136-c81d4a665ef1,4581a03f-d6aa-4c16-bcb5-aa480659b9cb,1633153501686,13.436822,52.4937313,3.0448446,-2.2564409,-10.65796,15.0458355,on bike mount,cyclo cross,True,sett,intermediate
5498723f-e9db-4ceb-87f2-261fce45fb13,1ec6b1f8-4674-4c01-a136-c81d4a665ef1,5990e7b3-2322-4fb7-8a88-868023079479,1633153501736,13.436822,52.4937313,3.0448446,1.0187762,-4.8286037,15.33749,on bike mount,cyclo cross,True,sett,intermediate
5498723f-e9db-4ceb-87f2-261fce45fb13,1ec6b1f8-4674-4c01-a136-c81d4a665ef1,301dca00-79cf-4704-9fcd-1776862df09e,1633153501802,13.436822,52.4937313,3.0448446,1.3314519,6.2681093,-0.77539444,on bike mount,cyclo cross,True,sett,intermediate
5498723f-e9db-4ceb-87f2-261fce45fb13,1ec6b1f8-4674-4c01-a136-c81d4a665ef1,770127be-9935-4d94-b209-2d2074b92d84,1633153501853,13.436822,52.4937313,3.0448446,6.5726814,-3.7897325,-5.569563,on bike mount,cyclo cross,True,sett,intermediate
5498723f-e9db-4ceb-87f2-261fce45fb13,1ec6b1f8-4674-4c01-a136-c81d4a665ef1,05c8ab9c-5ca8-4dd1-9f14-fe37fb0a95b6,1633153501903,13.436822,52.4937313,3.0448446,2.817409,1.0396247,-5.801363,on bike mount,cyclo cross,True,sett,intermediate
5498723f-e9db-4ceb-87f2-261fce45fb13,1ec6b1f8-4674-4c01-a136-c81d4a665ef1,c03255a7-36bb-4bab-bfab-b480fb30a1ab,1633153501970,13.436822,52.4937313,3.0448446,2.7929177,-1.7216022,-3.5584087,on bike mount,cyclo cross,True,sett,intermediate
5498723f-e9db-4ceb-87f2-261fce45fb13,1ec6b1f8-4674-4c01-a136-c81d4a665ef1,111a48f5-e9d5-4282-8ba0-5076d6ba1e2f,1633153502036,13.436822,52.4937313,3.0448446,-2.0606456,3.050531,2.6107512,on bike mount,cyclo cross,True,sett,intermediate
5498723f-e9db-4ceb-87f2-261fce45fb13,1ec6b1f8-4674-4c01-a136-c81d4a665ef1,9954365e-9284-4ad2-88b3-91c4b8ad46fc,1633153502103,13.436822,52.4937313,3.0448446,-1.2125756,-3.0752583,-1.6396389,on bike mount,cyclo cross,True,sett,intermediate
5498723f-e9db-4ceb-87f2-261fce45fb13,1ec6b1f8-4674-4c01-a136-c81d4a665ef1,941a9e8f-fbc2-4c62-a70d-1c72e667c0fa,1633153502170,13.436822,52.4937313,3.0448446,0.49279225,-4.802614,2.796502,on bike mount,cyclo cross,True,sett,intermediate
5498723f-e9db-4ceb-87f2-261fce45fb13,1ec6b1f8-4674-4c01-a136-c81d4a665ef1,77320534-57f7-49f8-87cc-c524e05f3898,1633153502237,13.436822,52.4937313,3.0448446,-4.328257,1.0264773,4.337229,on bike mount,cyclo cross,True,sett,intermediate
5498723f-e9db-4ceb-87f2-261fce45fb13,1ec6b1f8-4674-4c01-a136-c81d4a665ef1,a6fe37f6-64cb-4f1d-ad3e-74a523d3ab0c,1633153502304,13.436822,52.4937313,3.0448446,-5.8110685,2.694161,10.18881,on bike mount,cyclo cross,True,sett,intermediate
5498723f-e9db-4ceb-87f2-261fce45fb13,1ec6b1f8-4674-4c01-a136-c81d4a665ef1,de60c3af-5e4b-407c-a003-216ff75415a7,1633153502370,13.4368654,52.4937171,3.4239695,-2.2642603,0.00017881393,3.012947,on bike mount,cyclo cross,True,sett,intermediate
5498723f-e9db-4ceb-87f2-261fce45fb13,1ec6b1f8-4674-4c01-a136-c81d4a665ef1,7a5fe937-0e02-4ee0-8481-892f6b7bff67,1633153502437,13.4368654,52.4937171,3.4239695,0.83656687,-11.154723,11.681388,on bike mount,cyclo cross,True,sett,intermediate
5498723f-e9db-4ceb-87f2-261fce45fb13,1ec6b1f8-4674-4c01-a136-c81d4a665ef1,1088cf97-3313-4ac8-9956-dc556323527d,1633153502504,13.4368654,52.4937171,3.4239695,-2.4828289,3.8890152,-2.1495838,on bike mount,cyclo cross,True,sett,intermediate
5498723f-e9db-4ceb-87f2-261fce45fb13,1ec6b1f8-4674-4c01-a136-c81d4a665ef1,41f00c16-659e-4f24-8dc6-06a878615810,1633153502571,13.4368654,52.4937171,3.4239695,-2.1523542,0.77153635,-4.312194,on bike mount,cyclo cross,True,sett,intermediate
5498723f-e9db-4ceb-87f2-261fce45fb13,1ec6b1f8-4674-4c01-a136-c81d4a665ef1,0786c51f-aed4-4025-ab61-0f19c8f89ba9,1633153502637,13.4368654,52.4937171,3.4239695,-2.113983,-2.8335834,-2.7967448,on bike mount,cyclo cross,True,sett,intermediate
5498723f-e9db-4ceb-87f2-261fce45fb13,1ec6b1f8-4674-4c01-a136-c81d4a665ef1,253e7ce5-c4f1-4d11-9518-7fca4a86bfb6,1633153502703,13.4368654,52.4937171,3.4239695,0.99225026,-4.251089,-3.7315397,on bike mount,cyclo cross,True,sett,intermediate
5498723f-e9db-4ceb-87f2-261fce45fb13,1ec6b1f8-4674-4c01-a136-c81d4a665ef1,43847b1b-8a0f-4463-8bc4-3fadd33697a3,1633153502755,13.4368654,52.4937171,3.4239695,1.9416337,-0.1840806,5.2085705,on bike mount,cyclo cross,True,sett,intermediate
5498723f-e9db-4ceb-87f2-261fce45fb13,1ec6b1f8-4674-4c01-a136-c81d4a665ef1,be0eed0f-ec15-46b7-8884-eb57bd3427c4,1633153502821,13.4368654,52.4937171,3.4239695,-1.2525887,-0.38788652,7.2318983,on bike mount,cyclo cross,True,sett,intermediate
5498723f-e9db-4ceb-87f2-261fce45fb13,1ec6b1f8-4674-4c01-a136-c81d4a665ef1,af3c12ff-17fa-48c5-8f7b-30be969f8d95,1633153502888,13.4368654,52.4937171,3.4239695,-0.66871464,-1.2353673,12.020111,on bike mount,cyclo cross,True,sett,intermediate
5498723f-e9db-4ceb-87f2-261fce45fb13,1ec6b1f8-4674-4c01-a136-c81d4a665ef1,ca6f5c04-00de-46a2-92f6-1c1e1ca8a0d2,1633153502955,13.4368654,52.4937171,3.4239695,-0.55052304,-2.5283036,3.7705984,on bike mount,cyclo cross,True,sett,intermediate
5498723f-e9db-4ceb-87f2-261fce45fb13,1ec6b1f8-4674-4c01-a136-c81d4a665ef1,9f0bbce8-c84f-443d-84e1-f33b01ab67a5,1633153503021,13.4368654,52.4937171,3.4239695,-0.001197204,0.7289939,-7.165692,on bike mount,cyclo cross,True,sett,intermediate
5498723f-e9db-4ceb-87f2-261fce45fb13,1ec6b1f8-4674-4c01-a136-c81d4a665ef1,aa674174-ca06-4fd5-a71a-121637cbf718,1633153503071,13.4368654,52.4937171,3.4239695,1.6537116,-3.314879,-4.3309045,on bike mount,cyclo cross,True,sett,intermediate
5498723f-e9db-4ceb-87f2-261fce45fb13,1ec6b1f8-4674-4c01-a136-c81d4a665ef1,e54938da-f8f9-4914-a006-566b5a7fb445,1633153503121,13.4369006,52.4937046,3.3793123,-4.564053,-3.0015957,6.674124,on bike mount,cyclo cross,True,sett,intermediate
5498723f-e9db-4ceb-87f2-261fce45fb13,1ec6b1f8-4674-4c01-a136-c81d4a665ef1,9bfecd9b-52b1-4ca3-98db-4feec1f3052c,1633153503171,13.4369006,52.4937046,3.3793123,-2.3368568,6.8882055,-5.7149563,on bike mount,cyclo cross,True,sett,intermediate
5498723f-e9db-4ceb-87f2-261fce45fb13,1ec6b1f8-4674-4c01-a136-c81d4a665ef1,3589a99c-8212-471e-9dfb-91c827f19635,1633153503222,13.4369006,52.4937046,3.3793123,-4.03111,-0.040631294,-3.7958536,on bike mount,cyclo cross,True,sett,intermediate
5498723f-e9db-4ceb-87f2-261fce45fb13,1ec6b1f8-4674-4c01-a136-c81d4a665ef1,564b7c4c-5733-4ad4-8b12-89bb0f898176,1633153503289,13.4369006,52.4937046,3.3793123,0.83827144,0.8477769,-1.9477997,on bike mount,cyclo cross,True,sett,intermediate
5498723f-e9db-4ceb-87f2-261fce45fb13,1ec6b1f8-4674-4c01-a136-c81d4a665ef1,01c75a27-4a54-4e04-8e7b-6e2c440a0c8c,1633153503339,13.4369006,52.4937046,3.3793123,-0.8991333,-1.48333,-4.2156134,on bike mount,cyclo cross,True,sett,intermediate
5498723f-e9db-4ceb-87f2-261fce45fb13,1ec6b1f8-4674-4c01-a136-c81d4a665ef1,9506e672-035a-4734-96ea-85051c1a230c,1633153503389,13.4369006,52.4937046,3.3793123,1.4013757,-2.2014065,-1.1736627,on bike mount,cyclo cross,True,sett,intermediate
5498723f-e9db-4ceb-87f2-261fce45fb13,1ec6b1f8-4674-4c01-a136-c81d4a665ef1,a3c2b24a-d675-427a-b70e-49fe3b7e4da9,1633153503455,13.4369006,52.4937046,3.3793123,0.06616217,0.9508414,-1.2159762,on bike mount,cyclo cross,True,sett,intermediate
5498723f-e9db-4ceb-87f2-261fce45fb13,1ec6b1f8-4674-4c01-a136-c81d4a665ef1,f7f6cc7a-7613-4486-a2da-ce94191fc362,1633153503505,13.4369006,52.4937046,3.3793123,-1.1848757,-1.2637057,2.9841175,on bike mount,cyclo cross,True,sett,intermediate
5498723f-e9db-4ceb-87f2-261fce45fb13,1ec6b1f8-4674-4c01-a136-c81d4a665ef1,ea68a06b-ebe7-4980-bb63-4197dce6f3a9,1633153503556,13.4369006,52.4937046,3.3793123,-0.9765853,-3.3585806,-1.8523984,on bike mount,cyclo cross,True,sett,intermediate
5498723f-e9db-4ceb-87f2-261fce45fb13,1ec6b1f8-4674-4c01-a136-c81d4a665ef1,35290e3f-73cb-4ca5-a447-5ee1e85111cb,1633153503605,13.4369006,52.4937046,3.3793123,-0.21803194,-0.32462406,-3.2106352,on bike mount,cyclo cross,True,sett,intermediate
5498723f-e9db-4ceb-87f2-261fce45fb13,1ec6b1f8-4674-4c01-a136-c81d4a665ef1,b0f5ad2f-57fe-4906-a2cf-3d4732e8f6ac,1633153503656,13.4369006,52.4937046,3.3793123,-4.2632256,0.3609624,8.189417,on bike mount,cyclo cross,True,sett,intermediate
5498723f-e9db-4ceb-87f2-261fce45fb13,1ec6b1f8-4674-4c01-a136-c81d4a665ef1,e4df8a59-ab49-4793-a2e6-fa0d42a7cf07,1633153503705,13.4369006,52.4937046,3.3793123,0.6236229,-1.9761019,-2.9947257,on bike mount,cyclo cross,True,sett,intermediate
5498723f-e9db-4ceb-87f2-261fce45fb13,1ec6b1f8-4674-4c01-a136-c81d4a665ef1,f3d94feb-ca00-46ad-95e8-8ec891011546,1633153503756,13.4369006,52.4937046,3.3793123,0.5518471,2.3156538,-1.8756971,on bike mount,cyclo cross,True,sett,intermediate
5498723f-e9db-4ceb-87f2-261fce45fb13,1ec6b1f8-4674-4c01-a136-c81d4a665ef1,aceb26ef-8fdc-4b06-aebf-d54a37036c58,1633153503805,13.4369006,52.4937046,3.3793123,-1.137228,-7.6231346,17.709858,on bike mount,cyclo cross,True,sett,intermediate
5498723f-e9db-4ceb-87f2-261fce45fb13,1ec6b1f8-4674-4c01-a136-c81d4a665ef1,1515470a-56b1-4ea1-abed-a280b11cd3d0,1633153503873,13.4369006,52.4937046,3.3793123,1.409627,-1.402355,7.8401594,on bike mount,cyclo cross,True,sett,intermediate
5498723f-e9db-4ceb-87f2-261fce45fb13,1ec6b1f8-4674-4c01-a136-c81d4a665ef1,d868ef3d-0b6f-4491-911c-f7a5eed6ef91,1633153503939,13.4369006,52.4937046,3.3793123,1.1672581,-1.0919034,-4.4924974,on bike mount,cyclo cross,True,sett,intermediate
5498723f-e9db-4ceb-87f2-261fce45fb13,1ec6b1f8-4674-4c01-a136-c81d4a665ef1,7e207797-43de-4f0e-a045-2b15c956198b,1633153503989,13.4369006,52.4937046,3.3793123,2.7929168,-4.0471745,-0.5288029,on bike mount,cyclo cross,True,sett,intermediate
5498723f-e9db-4ceb-87f2-261fce45fb13,1ec6b1f8-4674-4c01-a136-c81d4a665ef1,400362c6-8b2f-48b2-88dd-d59260a7199f,1633153504039,13.4369006,52.4937046,3.3793123,-1.7975866,4.0776544,-1.5461869,on bike mount,cyclo cross,True,sett,intermediate
5498723f-e9db-4ceb-87f2-261fce45fb13,1ec6b1f8-4674-4c01-a136-c81d4a665ef1,de9b977b-ca0a-4c49-aeba-b7bf9feebefb,1633153504090,13.4369006,52.4937046,3.3793123,0.4621811,-6.598158,-3.0017104,on bike mount,cyclo cross,True,sett,intermediate
5498723f-e9db-4ceb-87f2-261fce45fb13,1ec6b1f8-4674-4c01-a136-c81d4a665ef1,71b62925-2119-4f13-a3cd-c53762d5fc4d,1633153504156,13.4369006,52.4937046,3.3793123,-0.2286238,0.4225521,-3.7803557,on bike mount,cyclo cross,True,sett,intermediate
5498723f-e9db-4ceb-87f2-261fce45fb13,1ec6b1f8-4674-4c01-a136-c81d4a665ef1,8fe863e7-87dd-406f-9aeb-e4fbe6b9e003,1633153504206,13.4369006,52.4937046,3.3793123,0.95496744,-1.6422732,1.5247049,on bike mount,cyclo cross,True,sett,intermediate
5498723f-e9db-4ceb-87f2-261fce45fb13,1ec6b1f8-4674-4c01-a136-c81d4a665ef1,9ab87127-096e-4a65-b037-40e861bc48f2,1633153504257,13.4369006,52.4937046,3.3793123,0.8903174,-6.331176,-3.860111,on bike mount,cyclo cross,True,sett,intermediate
5498723f-e9db-4ceb-87f2-261fce45fb13,1ec6b1f8-4674-4c01-a136-c81d4a665ef1,2294d30c-5dbe-4cc2-a88f-848b75f47211,1633153504324,13.4369006,52.4937046,3.3793123,2.3520465,-0.38904428,-5.688491,on bike mount,cyclo cross,True,sett,intermediate
5498723f-e9db-4ceb-87f2-261fce45fb13,1ec6b1f8-4674-4c01-a136-c81d4a665ef1,599e2e47-b948-4d1b-a032-214118769923,1633153504390,13.4369006,52.4937046,3.3793123,0.08970623,4.1135187,-3.7751808,on bike mount,cyclo cross,True,sett,intermediate
5498723f-e9db-4ceb-87f2-261fce45fb13,1ec6b1f8-4674-4c01-a136-c81d4a665ef1,96c551a4-e532-4c16-b1d6-aa99df808ceb,1633153504457,13.4369557,52.4936857,3.7254333,-3.169126,-3.9421678,7.5731564,on bike mount,cyclo cross,True,sett,intermediate
5498723f-e9db-4ceb-87f2-261fce45fb13,1ec6b1f8-4674-4c01-a136-c81d4a665ef1,64a38a82-9099-49b2-9ca9-e58caf26ef0c,1633153504524,13.4369557,52.4936857,3.7254333,-0.38906193,-3.7832632,5.770444,on bike mount,cyclo cross,True,sett,intermediate
5498723f-e9db-4ceb-87f2-261fce45fb13,1ec6b1f8-4674-4c01-a136-c81d4a665ef1,dbcaf7de-de6d-4e9a-be9b-307698a9f56e,1633153504575,13.4369557,52.4936857,3.7254333,1.5797948,-2.1940336,-0.7878318,on bike mount,cyclo cross,True,sett,intermediate
5498723f-e9db-4ceb-87f2-261fce45fb13,1ec6b1f8-4674-4c01-a136-c81d4a665ef1,f1d5a8a2-b4cc-4475-bd64-36826dbf9055,1633153504641,13.4369557,52.4936857,3.7254333,-4.8476286,0.2650299,2.812396,on bike mount,cyclo cross,True,sett,intermediate
5498723f-e9db-4ceb-87f2-261fce45fb13,1ec6b1f8-4674-4c01-a136-c81d4a665ef1,d9452662-70ee-465e-b61b-7ce841828801,1633153504691,13.4369557,52.4936857,3.7254333,0.81855404,-1.2024283,2.4302769,on bike mount,cyclo cross,True,sett,intermediate
5498723f-e9db-4ceb-87f2-261fce45fb13,1ec6b1f8-4674-4c01-a136-c81d4a665ef1,8733bb1d-3de2-46e4-8c4f-aa563412417b,1633153504741,13.4369557,52.4936857,3.7254333,1.6663194,-8.316526,-1.2456107,on bike mount,cyclo cross,True,sett,intermediate
5498723f-e9db-4ceb-87f2-261fce45fb13,1ec6b1f8-4674-4c01-a136-c81d4a665ef1,165118bc-a0ae-471a-8967-f5aa37e235f8,1633153504808,13.4369557,52.4936857,3.7254333,-3.4016814,2.392848,-0.041716576,on bike mount,cyclo cross,True,sett,intermediate
5498723f-e9db-4ceb-87f2-261fce45fb13,1ec6b1f8-4674-4c01-a136-c81d4a665ef1,fd1f001c-df8b-4831-8a29-4c7523e495e0,1633153504875,13.4369557,52.4936857,3.7254333,-0.31871098,-3.780938,-2.2933097,on bike mount,cyclo cross,True,sett,intermediate
5498723f-e9db-4ceb-87f2-261fce45fb13,1ec6b1f8-4674-4c01-a136-c81d4a665ef1,367ba221-dd5f-4c25-9edd-228a5a25d61e,1633153504942,13.4369557,52.4936857,3.7254333,4.593111,-3.8036804,11.324364,on bike mount,cyclo cross,True,sett,intermediate
5498723f-e9db-4ceb-87f2-261fce45fb13,1ec6b1f8-4674-4c01-a136-c81d4a665ef1,f336547c-8921-42bf-a233-a5eb4f392dc8,1633153505008,13.4369557,52.4936857,3.7254333,0.7467185,0.855103,6.0374794,on bike mount,cyclo cross,True,sett,intermediate
5498723f-e9db-4ceb-87f2-261fce45fb13,1ec6b1f8-4674-4c01-a136-c81d4a665ef1,6af228e4-5f33-4081-aaed-8f2a97d3c3dc,1633153505075,13.4369864,52.4936748,3.9341497,-0.66480696,-0.10606384,-2.2148714,on bike mount,cyclo cross,True,sett,intermediate
5498723f-e9db-4ceb-87f2-261fce45fb13,1ec6b1f8-4674-4c01-a136-c81d4a665ef1,e6c283c5-86fc-4ff4-af91-9e4b14c6726d,1633153505142,13.4369864,52.4936748,3.9341497,0.24072562,-4.8364973,-5.638109,on bike mount,cyclo cross,True,sett,intermediate
5498723f-e9db-4ceb-87f2-261fce45fb13,1ec6b1f8-4674-4c01-a136-c81d4a665ef1,ba3ce6be-1da7-4bf8-a1d9-26f9d542f13c,1633153505209,13.4369864,52.4936748,3.9341497,-0.38630667,-0.8331218,2.8019075,on bike mount,cyclo cross,True,sett,intermediate
5498723f-e9db-4ceb-87f2-261fce45fb13,1ec6b1f8-4674-4c01-a136-c81d4a665ef1,190b1b8c-7458-44a1-977b-38f8d1763c4a,1633153505275,13.4369864,52.4936748,3.9341497,0.7565845,5.10413,-4.5991344,on bike mount,cyclo cross,True,sett,intermediate
5498723f-e9db-4ceb-87f2-261fce45fb13,1ec6b1f8-4674-4c01-a136-c81d4a665ef1,93df91ee-2ec8-49b9-a871-08cbcc0ff64e,1633153505326,13.4369864,52.4936748,3.9341497,-1.325489,-0.5472107,0.6349964,on bike mount,cyclo cross,True,sett,intermediate
5498723f-e9db-4ceb-87f2-261fce45fb13,1ec6b1f8-4674-4c01-a136-c81d4a665ef1,f6a3ceb6-0e1c-4705-9d0d-04180eb0db20,1633153505376,13.4369864,52.4936748,3.9341497,0.14391635,-1.0388403,3.5849228,on bike mount,cyclo cross,True,sett,intermediate
5498723f-e9db-4ceb-87f2-261fce45fb13,1ec6b1f8-4674-4c01-a136-c81d4a665ef1,853e221a-2f2c-4954-8c3a-57fd084aa2df,1633153505442,13.4369864,52.4936748,3.9341497,0.15054278,0.9421611,3.314559,on bike mount,cyclo cross,True,sett,intermediate
5498723f-e9db-4ceb-87f2-261fce45fb13,1ec6b1f8-4674-4c01-a136-c81d4a665ef1,ae3239a4-0d7e-4748-a4f7-036e5ddfc855,1633153505493,13.4369864,52.4936748,3.9341497,-0.8407024,-4.838089,-2.707273,on bike mount,cyclo cross,True,sett,intermediate
5498723f-e9db-4ceb-87f2-261fce45fb13,1ec6b1f8-4674-4c01-a136-c81d4a665ef1,882b84e1-7c10-45e4-ba98-482f61ac67a3,1633153505543,13.4369864,52.4936748,3.9341497,-0.8598387,-4.5241446,1.0118408,on bike mount,cyclo cross,True,sett,intermediate
5498723f-e9db-4ceb-87f2-261fce45fb13,1ec6b1f8-4674-4c01-a136-c81d4a665ef1,438ad692-1df0-4429-8960-be32e882445a,1633153505609,13.4370137,52.4936674,3.9624918,0.800755,2.572021,-0.46835613,on bike mount,cyclo cross,True,sett,intermediate
5498723f-e9db-4ceb-87f2-261fce45fb13,1ec6b1f8-4674-4c01-a136-c81d4a665ef1,cc707967-b3c2-4851-a2e6-3f546d36096e,1633153505676,13.4370137,52.4936674,3.9624918,-1.1922219,-1.0055478,-3.7653127,on bike mount,cyclo cross,True,sett,intermediate
5498723f-e9db-4ceb-87f2-261fce45fb13,1ec6b1f8-4674-4c01-a136-c81d4a665ef1,a0b0006f-963f-408f-b85d-eb0f8043bafa,1633153505743,13.4370137,52.4936674,3.9624918,-0.7455057,0.49711442,-1.5796571,on bike mount,cyclo cross,True,sett,intermediate
5498723f-e9db-4ceb-87f2-261fce45fb13,1ec6b1f8-4674-4c01-a136-c81d4a665ef1,a6ef4a60-d53e-4d92-95a5-f80e198bc5b9,1633153505810,13.4370137,52.4936674,3.9624918,2.398466,3.6812372,-6.1678953,on bike mount,cyclo cross,True,sett,intermediate
5498723f-e9db-4ceb-87f2-261fce45fb13,1ec6b1f8-4674-4c01-a136-c81d4a665ef1,2a38c5b9-e451-4999-b58b-2eaf6dd1a606,1633153505876,13.4370137,52.4936674,3.9624918,-2.9839869,-15.353667,11.99876,on bike mount,cyclo cross,True,sett,intermediate
5498723f-e9db-4ceb-87f2-261fce45fb13,1ec6b1f8-4674-4c01-a136-c81d4a665ef1,5307b28a-d212-4c39-9c88-a6b73f10be0b,1633153505927,13.4370137,52.4936674,3.9624918,1.4289684,0.07699299,-2.7094474,on bike mount,cyclo cross,True,sett,intermediate
5498723f-e9db-4ceb-87f2-261fce45fb13,1ec6b1f8-4674-4c01-a136-c81d4a665ef1,36a96503-1716-4b20-8fd0-f95b186f1680,1633153505993,13.4370137,52.4936674,3.9624918,1.7869891,-0.6581669,0.16958618,on bike mount,cyclo cross,True,sett,intermediate
5498723f-e9db-4ceb-87f2-261fce45fb13,1ec6b1f8-4674-4c01-a136-c81d4a665ef1,93e08cbd-e718-4870-a2ec-9be787960641,1633153506044,13.4370137,52.4936674,3.9624918,-1.6552213,2.9216027,3.2246494,on bike mount,cyclo cross,True,sett,intermediate
5498723f-e9db-4ceb-87f2-261fce45fb13,1ec6b1f8-4674-4c01-a136-c81d4a665ef1,dbc2a2a3-0dbf-456c-b235-ea316a2ec4d1,1633153506110,13.4370137,52.4936674,3.9624918,0.039227337,-2.3920796,-4.2903643,on bike mount,cyclo cross,True,sett,intermediate
5498723f-e9db-4ceb-87f2-261fce45fb13,1ec6b1f8-4674-4c01-a136-c81d4a665ef1,151c047b-e0ad-42ad-9c4b-ff0bb355705c,1633153506160,13.4370137,52.4936674,3.9624918,-1.2673029,3.5921755,-3.804492,on bike mount,cyclo cross,True,sett,intermediate
5498723f-e9db-4ceb-87f2-261fce45fb13,1ec6b1f8-4674-4c01-a136-c81d4a665ef1,99dde278-9a0b-4338-b75a-d3a575fa7571,1633153506210,13.4370137,52.4936674,3.9624918,-1.5792439,-1.164932,2.2111235,on bike mount,cyclo cross,True,sett,intermediate
5498723f-e9db-4ceb-87f2-261fce45fb13,1ec6b1f8-4674-4c01-a136-c81d4a665ef1,8271cf20-12ce-40fb-8d1b-89ba6d4e2a14,1633153506261,13.4370137,52.4936674,3.9624918,-0.20885801,-3.8645866,-4.455149,on bike mount,cyclo cross,True,sett,intermediate
5498723f-e9db-4ceb-87f2-261fce45fb13,1ec6b1f8-4674-4c01-a136-c81d4a665ef1,12dd5790-1fae-44ac-b7ca-780f9fbe54ac,1633153506327,13.4370137,52.4936674,3.9624918,1.1923894,-4.1958437,0.98864174,on bike mount,cyclo cross,True,sett,intermediate
5498723f-e9db-4ceb-87f2-261fce45fb13,1ec6b1f8-4674-4c01-a136-c81d4a665ef1,5caaf96c-a5aa-4986-abf3-160d2490093a,1633153506394,13.4370137,52.4936674,3.9624918,-0.9047045,4.2110567,-1.0462942,on bike mount,cyclo cross,True,sett,intermediate
5498723f-e9db-4ceb-87f2-261fce45fb13,1ec6b1f8-4674-4c01-a136-c81d4a665ef1,b8b6802e-8384-475f-92af-d66c37b1992d,1633153506461,13.4370137,52.4936674,3.9624918,1.1538668,-2.6649218,2.726389,on bike mount,cyclo cross,True,sett,intermediate
5498723f-e9db-4ceb-87f2-261fce45fb13,1ec6b1f8-4674-4c01-a136-c81d4a665ef1,4b474022-aa00-4c5b-abee-b5c6930fe544,1633153506528,13.4370137,52.4936674,3.9624918,0.29439896,-5.6880846,9.713688,on bike mount,cyclo cross,True,sett,intermediate
5498723f-e9db-4ceb-87f2-261fce45fb13,1ec6b1f8-4674-4c01-a136-c81d4a665ef1,4d38ecf0-7637-4677-b802-e18b00396c43,1633153506594,13.4370594,52.4936538,3.5241742,0.09942304,2.374135,-6.302827,on bike mount,cyclo cross,True,sett,intermediate
5498723f-e9db-4ceb-87f2-261fce45fb13,1ec6b1f8-4674-4c01-a136-c81d4a665ef1,7b3f6db1-895a-4e92-b444-d0fdeed32d15,1633153506661,13.4370594,52.4936538,3.5241742,-2.355648,0.74279594,-2.963419,on bike mount,cyclo cross,True,sett,intermediate
5498723f-e9db-4ceb-87f2-261fce45fb13,1ec6b1f8-4674-4c01-a136-c81d4a665ef1,3d71cb33-f920-4957-b7bc-c0eac2934bf2,1633153506728,13.4370594,52.4936538,3.5241742,-0.9999548,0.5075145,-0.65282154,on bike mount,cyclo cross,True,sett,intermediate
5498723f-e9db-4ceb-87f2-261fce45fb13,1ec6b1f8-4674-4c01-a136-c81d4a665ef1,6d0204ea-6df3-4d74-805a-a0fb094bac10,1633153506795,13.4370594,52.4936538,3.5241742,2.146808,2.8242636,7.32419,on bike mount,cyclo cross,True,sett,intermediate
5498723f-e9db-4ceb-87f2-261fce45fb13,1ec6b1f8-4674-4c01-a136-c81d4a665ef1,5d9765f7-1ad9-4a7b-94e5-f5a439f6d78f,1633153506862,13.4370594,52.4936538,3.5241742,2.9900546,-10.558347,6.0805674,on bike mount,cyclo cross,True,sett,intermediate
5498723f-e9db-4ceb-87f2-261fce45fb13,1ec6b1f8-4674-4c01-a136-c81d4a665ef1,821ef05a-77cf-446b-ad9e-1c447fdbf6b7,1633153506912,13.4370594,52.4936538,3.5241742,-3.1499531,-0.8429959,-3.376657,on bike mount,cyclo cross,True,sett,intermediate
5498723f-e9db-4ceb-87f2-261fce45fb13,1ec6b1f8-4674-4c01-a136-c81d4a665ef1,19796a4c-dab5-404a-a3d2-fbed15144441,1633153506978,13.4370594,52.4936538,3.5241742,-0.9438789,-3.077609,-2.3955564,on bike mount,cyclo cross,True,sett,intermediate
5498723f-e9db-4ceb-87f2-261fce45fb13,1ec6b1f8-4674-4c01-a136-c81d4a665ef1,84a9391a-8c9a-4e86-b794-71eadd3ed8b3,1633153507028,13.4370594,52.4936538,3.5241742,1.1609724,-7.9423532,2.871379,on bike mount,cyclo cross,True,sett,intermediate
5498723f-e9db-4ceb-87f2-261fce45fb13,1ec6b1f8-4674-4c01-a136-c81d4a665ef1,7f8f4081-2509-4f29-89e7-b9cd5ecd0269,1633153507095,13.4370594,52.4936538,3.5241742,-0.14000747,1.46064,5.6834106,on bike mount,cyclo cross,True,sett,intermediate
5498723f-e9db-4ceb-87f2-261fce45fb13,1ec6b1f8-4674-4c01-a136-c81d4a665ef1,1f7e578b-82b8-49b6-be73-a88f21837c13,1633153507145,13.4370594,52.4936538,3.5241742,-1.1546259,-1.7882043,-2.3455696,on bike mount,cyclo cross,True,sett,intermediate
5498723f-e9db-4ceb-87f2-261fce45fb13,1ec6b1f8-4674-4c01-a136-c81d4a665ef1,7be757a1-1e5f-4f19-8f6d-8b968a54886e,1633153507195,13.4370594,52.4936538,3.5241742,-0.29874894,-2.7415423,6.632311,on bike mount,cyclo cross,True,sett,intermediate
5498723f-e9db-4ceb-87f2-261fce45fb13,1ec6b1f8-4674-4c01-a136-c81d4a665ef1,79fb35b4-9b5f-41bc-891a-4456516fb0b8,1633153507246,13.4370594,52.4936538,3.5241742,-0.53615534,-3.5737019,-0.50648403,on bike mount,cyclo cross,True,sett,intermediate
5498723f-e9db-4ceb-87f2-261fce45fb13,1ec6b1f8-4674-4c01-a136-c81d4a665ef1,1c6f786e-22c3-4e34-8d14-b402b3a92a7a,1633153507312,13.437089,52.4936405,3.3641284,18.27816,-20.14276,29.95529,on bike mount,cyclo cross,True,sett,intermediate
5498723f-e9db-4ceb-87f2-261fce45fb13,1ec6b1f8-4674-4c01-a136-c81d4a665ef1,bc541ea2-80b9-4e54-9111-3703b2aca682,1633153507379,13.437089,52.4936405,3.3641284,3.901945,-0.6327791,-0.20526981,on bike mount,cyclo cross,True,sett,intermediate
5498723f-e9db-4ceb-87f2-261fce45fb13,1ec6b1f8-4674-4c01-a136-c81d4a665ef1,44441625-965b-430f-91e4-96ee5c52858f,1633153507446,13.437089,52.4936405,3.3641284,-0.9126148,4.8679376,-5.969843,on bike mount,cyclo cross,True,sett,intermediate
5498723f-e9db-4ceb-87f2-261fce45fb13,1ec6b1f8-4674-4c01-a136-c81d4a665ef1,7a744253-22a1-492a-b07c-9c55d107f2d3,1633153507513,13.437089,52.4936405,3.3641284,-0.09502217,2.39881,-2.4514637,on bike mount,cyclo cross,True,sett,intermediate
5498723f-e9db-4ceb-87f2-261fce45fb13,1ec6b1f8-4674-4c01-a136-c81d4a665ef1,eb710996-05a6-4b94-936d-d510c6394b4c,1633153507580,13.437089,52.4936405,3.3641284,0.4026513,-6.467016,8.507935,on bike mount,cyclo cross,True,sett,intermediate
5498723f-e9db-4ceb-87f2-261fce45fb13,1ec6b1f8-4674-4c01-a136-c81d4a665ef1,f3eab702-4f34-49ff-80cd-2f72375ba36b,1633153507646,13.437089,52.4936405,3.3641284,-0.84349173,0.14205694,0.88867664,on bike mount,cyclo cross,True,sett,intermediate
5498723f-e9db-4ceb-87f2-261fce45fb13,1ec6b1f8-4674-4c01-a136-c81d4a665ef1,31ff6282-12aa-4398-934d-23b9ba63e37b,1633153507696,13.437089,52.4936405,3.3641284,1.0831478,-2.415928,3.5847826,on bike mount,cyclo cross,True,sett,intermediate
5498723f-e9db-4ceb-87f2-261fce45fb13,1ec6b1f8-4674-4c01-a136-c81d4a665ef1,b5518c80-5711-487b-8cd1-3d1bf765e75c,1633153507747,13.437089,52.4936405,3.3641284,1.2915838,0.05275011,6.0654182,on bike mount,cyclo cross,True,sett,intermediate
5498723f-e9db-4ceb-87f2-261fce45fb13,1ec6b1f8-4674-4c01-a136-c81d4a665ef1,afc06801-3df0-4f7e-98c0-a51c6edbc0c3,1633153507797,13.437089,52.4936405,3.3641284,-0.43035573,-0.45072508,-3.850047,on bike mount,cyclo cross,True,sett,intermediate
5498723f-e9db-4ceb-87f2-261fce45fb13,1ec6b1f8-4674-4c01-a136-c81d4a665ef1,1ca2216e-00bc-438f-877e-4c0470aacf53,1633153507864,13.437089,52.4936405,3.3641284,-1.2300535,-0.5378308,-2.6781316,on bike mount,cyclo cross,True,sett,intermediate
5498723f-e9db-4ceb-87f2-261fce45fb13,1ec6b1f8-4674-4c01-a136-c81d4a665ef1,77450813-090c-4d77-954b-cb1a455a3d13,1633153507914,13.437089,52.4936405,3.3641284,1.7439084,-2.3108842,2.9694824,on bike mount,cyclo cross,True,sett,intermediate
5498723f-e9db-4ceb-87f2-261fce45fb13,1ec6b1f8-4674-4c01-a136-c81d4a665ef1,4c0ee3eb-6dcb-4a84-9c35-b2becab68530,1633153507980,13.437089,52.4936405,3.3641284,0.29035977,2.5484505,2.0044088,on bike mount,cyclo cross,True,sett,intermediate
5498723f-e9db-4ceb-87f2-261fce45fb13,1ec6b1f8-4674-4c01-a136-c81d4a665ef1,3fa3495e-f46a-454e-a280-b87762103223,1633153508030,13.437089,52.4936405,3.3641284,0.22345975,-0.083369255,-5.96142,on bike mount,cyclo cross,True,sett,intermediate
5498723f-e9db-4ceb-87f2-261fce45fb13,1ec6b1f8-4674-4c01-a136-c81d4a665ef1,05562baa-d2b2-42aa-ada1-20dcd3a7592e,1633153508080,13.4371275,52.4936233,3.494262,1.3207082,-0.41819644,-2.021521,on bike mount,cyclo cross,True,sett,intermediate
5498723f-e9db-4ceb-87f2-261fce45fb13,1ec6b1f8-4674-4c01-a136-c81d4a665ef1,7d40cf0a-c878-4443-a04a-244a4401cba7,1633153508130,13.4371275,52.4936233,3.494262,0.83249426,5.1781693,-5.335514,on bike mount,cyclo cross,True,sett,intermediate
5498723f-e9db-4ceb-87f2-261fce45fb13,1ec6b1f8-4674-4c01-a136-c81d4a665ef1,b925dade-16b9-4d7c-9665-591f9e6e9ee8,1633153508197,13.4371275,52.4936233,3.494262,0.116045535,-3.7308397,0.9651413,on bike mount,cyclo cross,True,sett,intermediate
5498723f-e9db-4ceb-87f2-261fce45fb13,1ec6b1f8-4674-4c01-a136-c81d4a665ef1,4f04077c-754f-4a52-ac6b-17a03ef93e7e,1633153508247,13.4371275,52.4936233,3.494262,-0.5065584,-1.0982568,-1.1658163,on bike mount,cyclo cross,True,sett,intermediate
5498723f-e9db-4ceb-87f2-261fce45fb13,1ec6b1f8-4674-4c01-a136-c81d4a665ef1,4d18e9db-6b2e-4359-a725-0c1ee373f9dd,1633153508298,13.4371275,52.4936233,3.494262,0.5078956,2.2188783,4.449771,on bike mount,cyclo cross,True,sett,intermediate
5498723f-e9db-4ceb-87f2-261fce45fb13,1ec6b1f8-4674-4c01-a136-c81d4a665ef1,d203f5f9-bc19-48e5-9f84-540d1090ed5e,1633153508364,13.4371275,52.4936233,3.494262,-4.819165,7.4032736,7.425043,on bike mount,cyclo cross,True,sett,intermediate
5498723f-e9db-4ceb-87f2-261fce45fb13,1ec6b1f8-4674-4c01-a136-c81d4a665ef1,14b94566-53d1-41bc-924a-e8c83dd99a0b,1633153508415,13.4371275,52.4936233,3.494262,-0.9168932,-2.4366736,-3.779356,on bike mount,cyclo cross,True,sett,intermediate
5498723f-e9db-4ceb-87f2-261fce45fb13,1ec6b1f8-4674-4c01-a136-c81d4a665ef1,4b549127-2f6c-43ab-bd98-21dac3751f19,1633153508481,13.4371275,52.4936233,3.494262,-0.9014766,15.257759,-3.918186,on bike mount,cyclo cross,True,sett,intermediate
5498723f-e9db-4ceb-87f2-261fce45fb13,1ec6b1f8-4674-4c01-a136-c81d4a665ef1,a49e499e-59c4-4dee-b591-8e465f21f96c,1633153508548,13.4371275,52.4936233,3.494262,2.3765411,4.0315094,-1.8310599,on bike mount,cyclo cross,True,sett,intermediate
5498723f-e9db-4ceb-87f2-261fce45fb13,1ec6b1f8-4674-4c01-a136-c81d4a665ef1,6560ea13-03f1-4ee4-b1c7-aef0cd185cab,1633153508615,13.4371275,52.4936233,3.494262,-0.021680057,-5.2999754,10.303494,on bike mount,cyclo cross,True,sett,intermediate
5498723f-e9db-4ceb-87f2-261fce45fb13,1ec6b1f8-4674-4c01-a136-c81d4a665ef1,932d6539-07d9-4732-9e07-b97f86bbc723,1633153508681,13.4371515,52.4936174,3.516211,0.008732498,-5.9230895,7.306922,on bike mount,cyclo cross,True,sett,intermediate
5498723f-e9db-4ceb-87f2-261fce45fb13,1ec6b1f8-4674-4c01-a136-c81d4a665ef1,2bcda43e-b3cc-45de-b8ef-92707b1ab707,1633153508731,13.4371515,52.4936174,3.516211,-0.1658926,-0.7858677,-5.336929,on bike mount,cyclo cross,True,sett,intermediate
5498723f-e9db-4ceb-87f2-261fce45fb13,1ec6b1f8-4674-4c01-a136-c81d4a665ef1,446dd5fb-77ae-4eb0-ad99-2ca0d355e157,1633153508782,13.4371515,52.4936174,3.516211,-1.2424846,-2.9807944,0.105677605,on bike mount,cyclo cross,True,sett,intermediate
5498723f-e9db-4ceb-87f2-261fce45fb13,1ec6b1f8-4674-4c01-a136-c81d4a665ef1,2e60b5bc-abfb-4e47-995e-3b4882a20b99,1633153508849,13.4371515,52.4936174,3.516211,1.3440579,-1.733871,0.49066448,on bike mount,cyclo cross,True,sett,intermediate
5498723f-e9db-4ceb-87f2-261fce45fb13,1ec6b1f8-4674-4c01-a136-c81d4a665ef1,5d63184a-8281-495b-86d2-462af4da451f,1633153508899,13.4371515,52.4936174,3.516211,1.2325068,-0.93506026,-3.615393,on bike mount,cyclo cross,True,sett,intermediate
5498723f-e9db-4ceb-87f2-261fce45fb13,1ec6b1f8-4674-4c01-a136-c81d4a665ef1,b9363a3b-9d9c-45b2-ae23-f334eabe8e79,1633153508965,13.4371515,52.4936174,3.516211,0.6323553,-1.7233281,0.20387936,on bike mount,cyclo cross,True,sett,intermediate
5498723f-e9db-4ceb-87f2-261fce45fb13,1ec6b1f8-4674-4c01-a136-c81d4a665ef1,1f47d609-c7e8-405d-afbe-cb86d9b68803,1633153509016,13.4371515,52.4936174,3.516211,-3.3979132,2.7217832,10.265104,on bike mount,cyclo cross,True,sett,intermediate
5498723f-e9db-4ceb-87f2-261fce45fb13,1ec6b1f8-4674-4c01-a136-c81d4a665ef1,c3870743-85e6-4e54-9647-14aed3e231da,1633153509082,13.4371515,52.4936174,3.516211,-0.32427764,-3.8896832,6.5891504,on bike mount,cyclo cross,True,sett,intermediate
5498723f-e9db-4ceb-87f2-261fce45fb13,1ec6b1f8-4674-4c01-a136-c81d4a665ef1,ecb97e13-2e01-4d96-bfc7-a6817f019461,1633153509133,13.4371515,52.4936174,3.516211,1.2063837,-4.768034,-2.9853773,on bike mount,cyclo cross,True,sett,intermediate
5498723f-e9db-4ceb-87f2-261fce45fb13,1ec6b1f8-4674-4c01-a136-c81d4a665ef1,2d26bbb1-6157-4a16-afd1-cc98788adcf3,1633153509199,13.4371515,52.4936174,3.516211,1.8691243,0.18885183,-0.6389828,on bike mount,cyclo cross,True,sett,intermediate
5498723f-e9db-4ceb-87f2-261fce45fb13,1ec6b1f8-4674-4c01-a136-c81d4a665ef1,1db60669-e2f1-4a31-8b7d-4550a75099ae,1633153509266,13.4371515,52.4936174,3.516211,-0.0034303665,-2.4427009,7.0436993,on bike mount,cyclo cross,True,sett,intermediate
5498723f-e9db-4ceb-87f2-261fce45fb13,1ec6b1f8-4674-4c01-a136-c81d4a665ef1,14871750-4b95-4db7-940c-061ec6c9de20,1633153509333,13.4371515,52.4936174,3.516211,-1.5445993,-0.9689057,-0.1113348,on bike mount,cyclo cross,True,sett,intermediate
5498723f-e9db-4ceb-87f2-261fce45fb13,1ec6b1f8-4674-4c01-a136-c81d4a665ef1,0d1d25b1-91ee-4016-bae7-2db2f4fde1a5,1633153509400,13.4371515,52.4936174,3.516211,-0.4068303,-0.110044956,-8.770954,on bike mount,cyclo cross,True,sett,intermediate
5498723f-e9db-4ceb-87f2-261fce45fb13,1ec6b1f8-4674-4c01-a136-c81d4a665ef1,ffb80aa5-0f8e-458b-8dcd-dbf65f7193ca,1633153509466,13.4371925,52.4936094,4.0025206,2.5984285,-9.551446,-3.446879,on bike mount,cyclo cross,True,sett,intermediate
5498723f-e9db-4ceb-87f2-261fce45fb13,1ec6b1f8-4674-4c01-a136-c81d4a665ef1,00e06312-bd81-4e86-b154-2c2055a74760,1633153509533,13.4371925,52.4936094,4.0025206,-0.47432184,-2.0726383,4.1945505,on bike mount,cyclo cross,True,sett,intermediate
5498723f-e9db-4ceb-87f2-261fce45fb13,1ec6b1f8-4674-4c01-a136-c81d4a665ef1,a1812d21-d622-4032-ba22-ee82e5eea7b7,1633153509600,13.4371925,52.4936094,4.0025206,2.1424446,4.6725173,-7.1199718,on bike mount,cyclo cross,True,sett,intermediate
5498723f-e9db-4ceb-87f2-261fce45fb13,1ec6b1f8-4674-4c01-a136-c81d4a665ef1,53b89de9-fc18-412e-bb2c-ab8486e36e8d,1633153509667,13.4371925,52.4936094,4.0025206,4.1915393,-7.500892,11.789574,on bike mount,cyclo cross,True,sett,intermediate
5498723f-e9db-4ceb-87f2-261fce45fb13,1ec6b1f8-4674-4c01-a136-c81d4a665ef1,ad5ba3ad-4821-45b5-9aac-dd77fdfb9086,1633153509734,13.4371925,52.4936094,4.0025206,1.9680741,-3.7812216,2.0408363,on bike mount,cyclo cross,True,sett,intermediate
5498723f-e9db-4ceb-87f2-261fce45fb13,1ec6b1f8-4674-4c01-a136-c81d4a665ef1,cfc69bf3-6402-443a-a280-a56c774a36f6,1633153509784,13.4371925,52.4936094,4.0025206,0.3481709,-3.169894,-4.0560875,on bike mount,cyclo cross,True,sett,intermediate
5498723f-e9db-4ceb-87f2-261fce45fb13,1ec6b1f8-4674-4c01-a136-c81d4a665ef1,3e0ca44f-f275-4c38-8b3e-2b48bc020485,1633153509833,13.4371925,52.4936094,4.0025206,0.67503464,-0.11108732,-0.87275314,on bike mount,cyclo cross,True,sett,intermediate
5498723f-e9db-4ceb-87f2-261fce45fb13,1ec6b1f8-4674-4c01-a136-c81d4a665ef1,3fb91a39-fe3d-4907-815d-4f0979f7ed93,1633153509884,13.4371925,52.4936094,4.0025206,-0.74059904,5.0206804,-6.309236,on bike mount,cyclo cross,True,sett,intermediate
5498723f-e9db-4ceb-87f2-261fce45fb13,1ec6b1f8-4674-4c01-a136-c81d4a665ef1,0f68c223-f86d-49c3-9640-bcaa0f6d24f9,1633153509951,13.4371925,52.4936094,4.0025206,-6.827055,1.5378475,-6.421584,on bike mount,cyclo cross,True,sett,intermediate
5498723f-e9db-4ceb-87f2-261fce45fb13,1ec6b1f8-4674-4c01-a136-c81d4a665ef1,429cd09b-f3ae-4ac5-9c1b-36f0bc90ae8f,1633153510017,13.4371925,52.4936094,4.0025206,-1.6377058,-1.1976359,5.2035704,on bike mount,cyclo cross,True,sett,intermediate
5498723f-e9db-4ceb-87f2-261fce45fb13,1ec6b1f8-4674-4c01-a136-c81d4a665ef1,91d222e2-067c-4876-a0bb-8efc122c21e9,1633153510067,13.4372219,52.4936048,2.3531873,-0.30380064,-0.17409706,-1.3834772,on bike mount,cyclo cross,True,sett,intermediate
5498723f-e9db-4ceb-87f2-261fce45fb13,1ec6b1f8-4674-4c01-a136-c81d4a665ef1,4aed456d-8054-4ef5-8516-f06890567f28,1633153510117,13.4372219,52.4936048,2.3531873,-1.6564522,-2.2818651,-6.0454664,on bike mount,cyclo cross,True,sett,intermediate
5498723f-e9db-4ceb-87f2-261fce45fb13,1ec6b1f8-4674-4c01-a136-c81d4a665ef1,eb055a15-baab-4225-be88-f604b1c2d35a,1633153510168,13.4372219,52.4936048,2.3531873,0.9818542,2.2338061,3.1887646,on bike mount,cyclo cross,True,sett,intermediate
5498723f-e9db-4ceb-87f2-261fce45fb13,1ec6b1f8-4674-4c01-a136-c81d4a665ef1,625d12e7-9fbc-490b-9d0f-86aa04904adb,1633153510235,13.4372219,52.4936048,2.3531873,2.4640207,-7.753808,11.2152605,on bike mount,cyclo cross,True,sett,intermediate
5498723f-e9db-4ceb-87f2-261fce45fb13,1ec6b1f8-4674-4c01-a136-c81d4a665ef1,92b538a0-673a-4ff2-8d01-5b2207f2e0ea,1633153510302,13.4372219,52.4936048,2.3531873,-1.81603,-4.89081,8.593594,on bike mount,cyclo cross,True,sett,intermediate
5498723f-e9db-4ceb-87f2-261fce45fb13,1ec6b1f8-4674-4c01-a136-c81d4a665ef1,9e5e662b-5c46-4479-8549-4e7308bfead7,1633153510351,13.4372219,52.4936048,2.3531873,1.1720598,-4.6592917,-5.2138777,on bike mount,cyclo cross,True,sett,intermediate
5498723f-e9db-4ceb-87f2-261fce45fb13,1ec6b1f8-4674-4c01-a136-c81d4a665ef1,27f2413f-9d5a-4ff7-9296-171a0653e276,1633153510402,13.4372219,52.4936048,2.3531873,0.58189666,-8.097698,8.023547,on bike mount,cyclo cross,True,sett,intermediate
5498723f-e9db-4ceb-87f2-261fce45fb13,1ec6b1f8-4674-4c01-a136-c81d4a665ef1,d292c932-9e6d-44ff-8ae0-67425b412aa5,1633153510451,13.4372219,52.4936048,2.3531873,-6.398364,0.116862774,5.061281,on bike mount,cyclo cross,True,sett,intermediate
5498723f-e9db-4ceb-87f2-261fce45fb13,1ec6b1f8-4674-4c01-a136-c81d4a665ef1,73356c9d-87ac-428c-9a51-13662d837336,1633153510502,13.4372219,52.4936048,2.3531873,-4.414238,3.4978342,1.4876785,on bike mount,cyclo cross,True,sett,intermediate
5498723f-e9db-4ceb-87f2-261fce45fb13,1ec6b1f8-4674-4c01-a136-c81d4a665ef1,59526d74-bba5-478a-bf3f-e72760db20ae,1633153510569,13.4372219,52.4936048,2.3531873,-0.1090551,10.202187,-3.7641947,on bike mount,cyclo cross,True,sett,intermediate
5498723f-e9db-4ceb-87f2-261fce45fb13,1ec6b1f8-4674-4c01-a136-c81d4a665ef1,b32b4507-91fc-43df-9e87-571b9f9d2f9c,1633153510635,13.4372386,52.4936016,1.8669778,-4.995005,1.6842499,-5.552265,on bike mount,cyclo cross,True,sett,intermediate
5498723f-e9db-4ceb-87f2-261fce45fb13,1ec6b1f8-4674-4c01-a136-c81d4a665ef1,97821bf2-c467-4ebb-8641-fb2f870c5cbf,1633153510702,13.4372386,52.4936016,1.8669778,-2.079728,-0.4530797,2.4880762,on bike mount,cyclo cross,True,sett,intermediate
5498723f-e9db-4ceb-87f2-261fce45fb13,1ec6b1f8-4674-4c01-a136-c81d4a665ef1,e7d9f26a-8371-479c-8ea3-3e8bb59f3abe,1633153510769,13.4372386,52.4936016,1.8669778,3.365806,-2.7665975,-6.5034575,on bike mount,cyclo cross,True,sett,intermediate
5498723f-e9db-4ceb-87f2-261fce45fb13,1ec6b1f8-4674-4c01-a136-c81d4a665ef1,a8f3d81b-fd29-4bd9-8360-49ef7530d12a,1633153510836,13.4372386,52.4936016,1.8669778,1.4518335,-9.940295,-0.30046654,on bike mount,cyclo cross,True,sett,intermediate
5498723f-e9db-4ceb-87f2-261fce45fb13,1ec6b1f8-4674-4c01-a136-c81d4a665ef1,30938ce6-953d-493a-8b3e-480d9abc3fc0,1633153510903,13.4372386,52.4936016,1.8669778,-0.7106496,-4.83305,-0.19413185,on bike mount,cyclo cross,True,sett,intermediate
5498723f-e9db-4ceb-87f2-261fce45fb13,1ec6b1f8-4674-4c01-a136-c81d4a665ef1,b2f49f1f-dbb4-4dda-9ea8-4b1d0075b3f6,1633153510969,13.4372386,52.4936016,1.8669778,-13.036149,-3.543178,11.728388,on bike mount,cyclo cross,True,sett,intermediate
5498723f-e9db-4ceb-87f2-261fce45fb13,1ec6b1f8-4674-4c01-a136-c81d4a665ef1,3fac865e-5c71-4082-8795-c911cb0f6e8b,1633153511036,13.4372386,52.4936016,1.8669778,-1.7283933,4.310734,-4.3299475,on bike mount,cyclo cross,True,sett,intermediate
5498723f-e9db-4ceb-87f2-261fce45fb13,1ec6b1f8-4674-4c01-a136-c81d4a665ef1,6bdb5925-7b29-4b27-98a5-085dff9d5bbb,1633153511103,13.4372386,52.4936016,1.8669778,-3.2709358,9.825485,-5.613754,on bike mount,cyclo cross,True,sett,intermediate
5498723f-e9db-4ceb-87f2-261fce45fb13,1ec6b1f8-4674-4c01-a136-c81d4a665ef1,04a79f08-8c23-418f-81ad-c97b295eaf8e,1633153511170,13.4372386,52.4936016,1.8669778,-4.2006984,-1.6518533,-3.243268,on bike mount,cyclo cross,True,sett,intermediate
5498723f-e9db-4ceb-87f2-261fce45fb13,1ec6b1f8-4674-4c01-a136-c81d4a665ef1,117fc449-64c3-49dc-b8b7-b7260c5b1de6,1633153511236,13.4372386,52.4936016,1.8669778,-1.5577346,2.1739473,1.191927,on bike mount,cyclo cross,True,sett,intermediate
5498723f-e9db-4ceb-87f2-261fce45fb13,1ec6b1f8-4674-4c01-a136-c81d4a665ef1,a8b3e860-d00d-4ae8-b2ac-034d9d1e1b72,1633153511287,13.4372386,52.4936016,1.8669778,-0.7785268,8.26542,-0.7822132,on bike mount,cyclo cross,True,sett,intermediate
5498723f-e9db-4ceb-87f2-261fce45fb13,1ec6b1f8-4674-4c01-a136-c81d4a665ef1,c2475d0a-b818-47fa-8dc8-8f772ad7b140,1633153511336,13.4372553,52.4935966,2.2892535,-0.21601112,3.260149,8.659368,on bike mount,cyclo cross,True,sett,intermediate
5498723f-e9db-4ceb-87f2-261fce45fb13,1ec6b1f8-4674-4c01-a136-c81d4a665ef1,068322d4-8cae-41f2-8680-9efd0216758f,1633153511386,13.4372553,52.4935966,2.2892535,-2.8571577,-4.493657,3.399148,on bike mount,cyclo cross,True,sett,intermediate
5498723f-e9db-4ceb-87f2-261fce45fb13,1ec6b1f8-4674-4c01-a136-c81d4a665ef1,d1dff347-0140-4391-8ac2-af94d1f02a8b,1633153511437,13.4372553,52.4935966,2.2892535,-1.2278292,-4.639316,-4.368268,on bike mount,cyclo cross,True,sett,intermediate
5498723f-e9db-4ceb-87f2-261fce45fb13,1ec6b1f8-4674-4c01-a136-c81d4a665ef1,1f51ee84-b2bf-45b6-ad42-bb128a3db590,1633153511487,13.4372553,52.4935966,2.2892535,0.76363146,-6.3501177,5.7450037,on bike mount,cyclo cross,True,sett,intermediate
5498723f-e9db-4ceb-87f2-261fce45fb13,1ec6b1f8-4674-4c01-a136-c81d4a665ef1,cfa74058-b893-4f37-bcab-0d817e7c94c0,1633153511554,13.4372553,52.4935966,2.2892535,1.3034277,-0.7335005,-4.047422,on bike mount,cyclo cross,True,sett,intermediate
5498723f-e9db-4ceb-87f2-261fce45fb13,1ec6b1f8-4674-4c01-a136-c81d4a665ef1,219f3fa3-c56f-4ec0-9400-4106e9911b4e,1633153511620,13.4372553,52.4935966,2.2892535,-1.2309358,-1.9283155,-3.7179728,on bike mount,cyclo cross,True,sett,intermediate
5498723f-e9db-4ceb-87f2-261fce45fb13,1ec6b1f8-4674-4c01-a136-c81d4a665ef1,c34dfbb4-877e-4c20-bc51-e2ad837ab457,1633153511687,13.4372553,52.4935966,2.2892535,2.1114378,-2.9447236,10.000462,on bike mount,cyclo cross,True,sett,intermediate
5498723f-e9db-4ceb-87f2-261fce45fb13,1ec6b1f8-4674-4c01-a136-c81d4a665ef1,b2cd6782-a164-4185-8645-96ceb7e3e140,1633153511737,13.4372553,52.4935966,2.2892535,1.6977142,-0.03053999,-1.4923639,on bike mount,cyclo cross,True,sett,intermediate
5498723f-e9db-4ceb-87f2-261fce45fb13,1ec6b1f8-4674-4c01-a136-c81d4a665ef1,eedde9eb-e5ed-4642-99d2-cb277eb42fd1,1633153511788,13.4372553,52.4935966,2.2892535,0.33465636,1.2069035,-4.4560146,on bike mount,cyclo cross,True,sett,intermediate
5498723f-e9db-4ceb-87f2-261fce45fb13,1ec6b1f8-4674-4c01-a136-c81d4a665ef1,12b691c6-46e2-4959-8b57-40f9b8861e11,1633153511854,13.4372553,52.4935966,2.2892535,-0.77614844,-2.9485414,-2.3244915,on bike mount,cyclo cross,True,sett,intermediate
5498723f-e9db-4ceb-87f2-261fce45fb13,1ec6b1f8-4674-4c01-a136-c81d4a665ef1,a6126ed8-a312-4da0-9925-ae6a8b7f45cd,1633153511905,13.4372553,52.4935966,2.2892535,3.0696774,-2.1662545,2.2826777,on bike mount,cyclo cross,True,sett,intermediate
5498723f-e9db-4ceb-87f2-261fce45fb13,1ec6b1f8-4674-4c01-a136-c81d4a665ef1,26994c76-3a6e-42a2-802a-26d23d4b0641,1633153511971,13.4372553,52.4935966,2.2892535,0.024682403,-6.7468057,6.4369583,on bike mount,cyclo cross,True,sett,intermediate
5498723f-e9db-4ceb-87f2-261fce45fb13,1ec6b1f8-4674-4c01-a136-c81d4a665ef1,7d29dc42-b480-4a93-b141-0197f9184ac5,1633153512038,13.4372755,52.4935901,2.1251173,0.944991,0.40806866,4.743888,on bike mount,cyclo cross,True,sett,intermediate
5498723f-e9db-4ceb-87f2-261fce45fb13,1ec6b1f8-4674-4c01-a136-c81d4a665ef1,349cc87a-18a8-4026-bc08-dc9bc617c6ea,1633153512088,13.4372755,52.4935901,2.1251173,-2.2434483,1.3248153,-2.1856518,on bike mount,cyclo cross,True,sett,intermediate
5498723f-e9db-4ceb-87f2-261fce45fb13,1ec6b1f8-4674-4c01-a136-c81d4a665ef1,b03748dd-1062-4118-8a3e-2c7ef7df3116,1633153512155,13.4372755,52.4935901,2.1251173,2.5243988,-6.2661095,8.192625,on bike mount,cyclo cross,True,sett,intermediate
