bike_activity_uid,bike_activity_sample_uid,bike_activity_measurement,bike_activity_measurement_timestamp,bike_activity_measurement_lon,bike_activity_measurement_lat,bike_activity_measurement_speed,bike_activity_measurement_accelerometer_x,bike_activity_measurement_accelerometer_y,bike_activity_measurement_accelerometer_z,bike_activity_phone_position,bike_activity_bike_type,bike_activity_flagged_lab_conditions,bike_activity_surface_type,bike_activity_smoothness_type
5fcb171f-5280-4094-8dbf-a3a65b71f71a,7bc59934-a6fe-4c83-b552-5115a4f85aa9,aac74675-df2c-43cd-a43d-49054b279a75,1644236498946,13.3589697,52.511849,4.2648487,-0.23290874,7.265004,-1.2023387,on bike mount,cyclo cross,True,fine gravel,good
5fcb171f-5280-4094-8dbf-a3a65b71f71a,7bc59934-a6fe-4c83-b552-5115a4f85aa9,35e90ece-459e-4930-a057-3c4c9ad224a1,1644236499002,13.3589697,52.511849,4.2648487,0.43267456,-0.15276432,5.4675846,on bike mount,cyclo cross,True,fine gravel,good
5fcb171f-5280-4094-8dbf-a3a65b71f71a,7bc59934-a6fe-4c83-b552-5115a4f85aa9,f68c7cd4-412c-4de0-8976-81ae52c10a80,1644236499059,13.3589697,52.511849,4.2648487,0.052578308,-2.6165016,3.1462746,on bike mount,cyclo cross,True,fine gravel,good
5fcb171f-5280-4094-8dbf-a3a65b71f71a,7bc59934-a6fe-4c83-b552-5115a4f85aa9,71ef7f49-775e-42ba-85e9-a4822a63257f,1644236499114,13.3589697,52.511849,4.2648487,-0.17103109,1.286838,4.2529907,on bike mount,cyclo cross,True,fine gravel,good
5fcb171f-5280-4094-8dbf-a3a65b71f71a,7bc59934-a6fe-4c83-b552-5115a4f85aa9,a04acbc8-6a61-4611-99c7-8c5136b85917,1644236499168,13.3589697,52.511849,4.2648487,0.5540606,-3.1807039,0.14696598,on bike mount,cyclo cross,True,fine gravel,good
5fcb171f-5280-4094-8dbf-a3a65b71f71a,7bc59934-a6fe-4c83-b552-5115a4f85aa9,75eee618-8eab-4ef5-b3b6-23d4e06ff3f6,1644236499224,13.3589697,52.511849,4.2648487,-0.91230524,0.6817889,-1.2781835,on bike mount,cyclo cross,True,fine gravel,good
5fcb171f-5280-4094-8dbf-a3a65b71f71a,7bc59934-a6fe-4c83-b552-5115a4f85aa9,baba5de4-052a-4166-b8f2-f9f86f6dce28,1644236499281,13.3589697,52.511849,4.2648487,-0.060261168,-0.617306,2.2934694,on bike mount,cyclo cross,True,fine gravel,good
5fcb171f-5280-4094-8dbf-a3a65b71f71a,7bc59934-a6fe-4c83-b552-5115a4f85aa9,e3679fd3-fca4-4de3-be0f-76ad2345db14,1644236499339,13.3589697,52.511849,4.2648487,0.66938436,-1.9022537,1.8697805,on bike mount,cyclo cross,True,fine gravel,good
5fcb171f-5280-4094-8dbf-a3a65b71f71a,7bc59934-a6fe-4c83-b552-5115a4f85aa9,5068ef3d-0da5-45aa-9aa4-d474172c3429,1644236499392,13.3589697,52.511849,4.2648487,-0.49252653,0.8342216,-3.5095782,on bike mount,cyclo cross,True,fine gravel,good
5fcb171f-5280-4094-8dbf-a3a65b71f71a,7bc59934-a6fe-4c83-b552-5115a4f85aa9,57ec2115-9555-465e-be5d-7c51754b067d,1644236499447,13.3589697,52.511849,4.2648487,-0.20118234,0.90749335,-0.36559868,on bike mount,cyclo cross,True,fine gravel,good
5fcb171f-5280-4094-8dbf-a3a65b71f71a,7bc59934-a6fe-4c83-b552-5115a4f85aa9,1ed077b2-b82b-412f-b050-4f26b947837f,1644236499502,13.3589697,52.511849,4.2648487,0.44029266,1.1160393,0.27603626,on bike mount,cyclo cross,True,fine gravel,good
5fcb171f-5280-4094-8dbf-a3a65b71f71a,7bc59934-a6fe-4c83-b552-5115a4f85aa9,baf869f3-374a-47cc-a90f-5a8ee0759077,1644236499557,13.3590291,52.5118914,4.1904454,-0.31049722,-0.46566486,-0.017655373,on bike mount,cyclo cross,True,fine gravel,good
5fcb171f-5280-4094-8dbf-a3a65b71f71a,7bc59934-a6fe-4c83-b552-5115a4f85aa9,1aa47749-b688-48a6-85ac-504e196e9724,1644236499613,13.3590291,52.5118914,4.1904454,-0.16096148,-4.259357,1.7563038,on bike mount,cyclo cross,True,fine gravel,good
5fcb171f-5280-4094-8dbf-a3a65b71f71a,7bc59934-a6fe-4c83-b552-5115a4f85aa9,90228200-6a3c-4f22-bbaa-d5fcaac87424,1644236499672,13.3590291,52.5118914,4.1904454,-0.4127646,-0.88620496,1.0039759,on bike mount,cyclo cross,True,fine gravel,good
5fcb171f-5280-4094-8dbf-a3a65b71f71a,7bc59934-a6fe-4c83-b552-5115a4f85aa9,e122e644-0223-4eaa-8682-f2f03b75b9a7,1644236499725,13.3590291,52.5118914,4.1904454,0.66161793,-1.4879508,2.0047464,on bike mount,cyclo cross,True,fine gravel,good
5fcb171f-5280-4094-8dbf-a3a65b71f71a,7bc59934-a6fe-4c83-b552-5115a4f85aa9,9f0db1a3-5159-4ffd-9616-e4069d914a7a,1644236499788,13.3590291,52.5118914,4.1904454,0.033589497,-1.830931,2.2752438,on bike mount,cyclo cross,True,fine gravel,good
5fcb171f-5280-4094-8dbf-a3a65b71f71a,7bc59934-a6fe-4c83-b552-5115a4f85aa9,77c0f3f3-e52e-456d-83e5-05fbacc50e1a,1644236499838,13.3590291,52.5118914,4.1904454,0.05549533,-0.09510589,-2.5666957,on bike mount,cyclo cross,True,fine gravel,good
5fcb171f-5280-4094-8dbf-a3a65b71f71a,7bc59934-a6fe-4c83-b552-5115a4f85aa9,4c7a8bc6-0da8-409a-a0cf-97fc04d1c6b0,1644236499891,13.3590291,52.5118914,4.1904454,-0.36097524,1.5532227,-0.33831787,on bike mount,cyclo cross,True,fine gravel,good
5fcb171f-5280-4094-8dbf-a3a65b71f71a,7bc59934-a6fe-4c83-b552-5115a4f85aa9,e32dac99-46e4-4f69-861b-1f55edfda49d,1644236499948,13.3590291,52.5118914,4.1904454,-0.85536397,0.51908064,1.539691,on bike mount,cyclo cross,True,fine gravel,good
5fcb171f-5280-4094-8dbf-a3a65b71f71a,7bc59934-a6fe-4c83-b552-5115a4f85aa9,6ddc0e26-7f42-43c9-92d6-b4240226dca0,1644236500003,13.3590291,52.5118914,4.1904454,0.7333746,-1.5538166,-2.539332,on bike mount,cyclo cross,True,fine gravel,good
5fcb171f-5280-4094-8dbf-a3a65b71f71a,7bc59934-a6fe-4c83-b552-5115a4f85aa9,e9c3d624-8935-4879-a14a-cb1ca1c98033,1644236500059,13.3590291,52.5118914,4.1904454,-0.6059886,-0.17047238,-3.2201667,on bike mount,cyclo cross,True,fine gravel,good
5fcb171f-5280-4094-8dbf-a3a65b71f71a,7bc59934-a6fe-4c83-b552-5115a4f85aa9,70f1ac20-c940-40be-a6a2-2f26497389ba,1644236500115,13.3590291,52.5118914,4.1904454,-1.4086642,-0.62232137,-1.2972975,on bike mount,cyclo cross,True,fine gravel,good
5fcb171f-5280-4094-8dbf-a3a65b71f71a,7bc59934-a6fe-4c83-b552-5115a4f85aa9,70d8033b-755a-411a-a8f3-72c62ac696b7,1644236500173,13.3590291,52.5118914,4.1904454,0.59161156,0.17778635,0.0868597,on bike mount,cyclo cross,True,fine gravel,good
5fcb171f-5280-4094-8dbf-a3a65b71f71a,7bc59934-a6fe-4c83-b552-5115a4f85aa9,05c75010-5007-41d1-81d0-bee566b50d31,1644236500225,13.3590291,52.5118914,4.1904454,0.22805032,1.227643,0.51298237,on bike mount,cyclo cross,True,fine gravel,good
5fcb171f-5280-4094-8dbf-a3a65b71f71a,7bc59934-a6fe-4c83-b552-5115a4f85aa9,8c271c9a-31fc-46b0-813d-e649c694a435,1644236500282,13.3590291,52.5118914,4.1904454,0.27658752,-1.1695606,-0.32042885,on bike mount,cyclo cross,True,fine gravel,good
5fcb171f-5280-4094-8dbf-a3a65b71f71a,7bc59934-a6fe-4c83-b552-5115a4f85aa9,c3f173e5-e2dc-42b1-9235-74361eaa9c40,1644236500335,13.3590291,52.5118914,4.1904454,-0.2869375,-2.9804788,1.4649067,on bike mount,cyclo cross,True,fine gravel,good
5fcb171f-5280-4094-8dbf-a3a65b71f71a,7bc59934-a6fe-4c83-b552-5115a4f85aa9,68fbfa20-b60d-43bf-b238-c3b8cffd8596,1644236500392,13.3590291,52.5118914,4.1904454,0.07092035,0.6641202,-2.475367,on bike mount,cyclo cross,True,fine gravel,good
5fcb171f-5280-4094-8dbf-a3a65b71f71a,7bc59934-a6fe-4c83-b552-5115a4f85aa9,2c9b6e0b-81db-409f-ac60-a1010738b546,1644236500449,13.3590291,52.5118914,4.1904454,-0.3367542,0.70501184,2.6356792,on bike mount,cyclo cross,True,fine gravel,good
5fcb171f-5280-4094-8dbf-a3a65b71f71a,7bc59934-a6fe-4c83-b552-5115a4f85aa9,743975cb-4438-454f-9de8-7d85ed073005,1644236500506,13.3590291,52.5118914,4.1904454,-0.075571075,-0.03158617,0.35896206,on bike mount,cyclo cross,True,fine gravel,good
5fcb171f-5280-4094-8dbf-a3a65b71f71a,7bc59934-a6fe-4c83-b552-5115a4f85aa9,24ce3334-fbd6-43a1-b204-d128afc4a01c,1644236500561,13.3590291,52.5118914,4.1904454,-0.17410642,2.8253646,-1.669766,on bike mount,cyclo cross,True,fine gravel,good
5fcb171f-5280-4094-8dbf-a3a65b71f71a,7bc59934-a6fe-4c83-b552-5115a4f85aa9,e7a88322-9c5d-4f8d-b0f5-be6ae8379ff3,1644236500616,13.3590291,52.5118914,4.1904454,-0.8099164,-1.9423001,0.18868828,on bike mount,cyclo cross,True,fine gravel,good
5fcb171f-5280-4094-8dbf-a3a65b71f71a,7bc59934-a6fe-4c83-b552-5115a4f85aa9,a862d434-2b1c-4f31-baa3-85928e50b0c4,1644236500669,13.359078,52.5119236,4.484068,-0.63967097,0.25019383,0.98267555,on bike mount,cyclo cross,True,fine gravel,good
5fcb171f-5280-4094-8dbf-a3a65b71f71a,7bc59934-a6fe-4c83-b552-5115a4f85aa9,9c6e0c0c-e588-48f1-bea9-91a8fb28571f,1644236500726,13.359078,52.5119236,4.484068,-0.5239722,0.8306072,2.973442,on bike mount,cyclo cross,True,fine gravel,good
5fcb171f-5280-4094-8dbf-a3a65b71f71a,7bc59934-a6fe-4c83-b552-5115a4f85aa9,822f7964-23bd-4c1a-a31a-ffc07f4f3a10,1644236500781,13.359078,52.5119236,4.484068,-0.60051346,-2.5014205,2.0979471,on bike mount,cyclo cross,True,fine gravel,good
5fcb171f-5280-4094-8dbf-a3a65b71f71a,7bc59934-a6fe-4c83-b552-5115a4f85aa9,7715b0aa-5272-4a6d-b934-dda0e4773a41,1644236500838,13.359078,52.5119236,4.484068,-0.6046351,3.5793118,-22.687464,on bike mount,cyclo cross,True,fine gravel,good
5fcb171f-5280-4094-8dbf-a3a65b71f71a,7bc59934-a6fe-4c83-b552-5115a4f85aa9,8e9c1f3a-b343-4877-a30f-0deb4d84ec38,1644236500894,13.359078,52.5119236,4.484068,-6.817754,-10.2174015,45.884293,on bike mount,cyclo cross,True,fine gravel,good
5fcb171f-5280-4094-8dbf-a3a65b71f71a,7bc59934-a6fe-4c83-b552-5115a4f85aa9,6af7c110-98a0-426f-88b2-11b9244295c9,1644236500948,13.359078,52.5119236,4.484068,-2.2262928,7.1511173,6.7135267,on bike mount,cyclo cross,True,fine gravel,good
5fcb171f-5280-4094-8dbf-a3a65b71f71a,7bc59934-a6fe-4c83-b552-5115a4f85aa9,0ab46a83-6764-4aa5-bf30-1ed3f34b836c,1644236501002,13.359078,52.5119236,4.484068,-1.1313529,-0.69763136,1.062643,on bike mount,cyclo cross,True,fine gravel,good
5fcb171f-5280-4094-8dbf-a3a65b71f71a,7bc59934-a6fe-4c83-b552-5115a4f85aa9,3a6a71de-424b-4f6b-b788-291f7c746360,1644236501073,13.359078,52.5119236,4.484068,-3.899325,-10.258134,-3.0217347,on bike mount,cyclo cross,True,fine gravel,good
5fcb171f-5280-4094-8dbf-a3a65b71f71a,7bc59934-a6fe-4c83-b552-5115a4f85aa9,23283e97-5f73-479c-b578-2aa64674e8aa,1644236501127,13.359078,52.5119236,4.484068,4.8059053,-8.491536,-3.0086474,on bike mount,cyclo cross,True,fine gravel,good
5fcb171f-5280-4094-8dbf-a3a65b71f71a,7bc59934-a6fe-4c83-b552-5115a4f85aa9,1067d9b2-cc51-4947-88fd-4a1da9c37695,1644236501182,13.359078,52.5119236,4.484068,2.3251972,0.66911817,4.864743,on bike mount,cyclo cross,True,fine gravel,good
5fcb171f-5280-4094-8dbf-a3a65b71f71a,7bc59934-a6fe-4c83-b552-5115a4f85aa9,14cb6ac0-6c21-47cf-9a3f-df2b1207482e,1644236501237,13.359078,52.5119236,4.484068,-2.1993399,-4.757055,1.9420815,on bike mount,cyclo cross,True,fine gravel,good
5fcb171f-5280-4094-8dbf-a3a65b71f71a,7bc59934-a6fe-4c83-b552-5115a4f85aa9,7cc92b10-5d2d-4e72-9195-01dc53918c4f,1644236501293,13.359078,52.5119236,4.484068,0.6660225,-4.562507,3.1061716,on bike mount,cyclo cross,True,fine gravel,good
5fcb171f-5280-4094-8dbf-a3a65b71f71a,7bc59934-a6fe-4c83-b552-5115a4f85aa9,62677515-2cd8-4bc1-96a1-1e65e537e4e9,1644236501348,13.359078,52.5119236,4.484068,1.4860128,-1.0377973,0.58714294,on bike mount,cyclo cross,True,fine gravel,good
5fcb171f-5280-4094-8dbf-a3a65b71f71a,7bc59934-a6fe-4c83-b552-5115a4f85aa9,5e1e8cdb-8833-46a6-8629-1a0b9f53c5e7,1644236501405,13.359078,52.5119236,4.484068,1.4093469,-1.9747441,3.219983,on bike mount,cyclo cross,True,fine gravel,good
5fcb171f-5280-4094-8dbf-a3a65b71f71a,7bc59934-a6fe-4c83-b552-5115a4f85aa9,3ac5e01a-c24e-4c9c-96a3-f818fcb6d289,1644236501458,13.359078,52.5119236,4.484068,-0.7937141,0.32294154,-1.5963931,on bike mount,cyclo cross,True,fine gravel,good
5fcb171f-5280-4094-8dbf-a3a65b71f71a,7bc59934-a6fe-4c83-b552-5115a4f85aa9,e7ad962d-19f2-4cd9-a491-ec01f180897c,1644236501515,13.359078,52.5119236,4.484068,0.5444732,1.2994404,1.4189787,on bike mount,cyclo cross,True,fine gravel,good
5fcb171f-5280-4094-8dbf-a3a65b71f71a,7bc59934-a6fe-4c83-b552-5115a4f85aa9,c5675ab4-c8a2-4207-92b3-5eea7a658c7e,1644236501571,13.359078,52.5119236,4.484068,1.398971,-0.77637887,2.729929,on bike mount,cyclo cross,True,fine gravel,good
5fcb171f-5280-4094-8dbf-a3a65b71f71a,7bc59934-a6fe-4c83-b552-5115a4f85aa9,dfbb016d-c5c1-44d3-9c3f-c492320480bd,1644236501628,13.3591258,52.511961,4.6175804,1.4083068,-0.8422313,0.2990198,on bike mount,cyclo cross,True,fine gravel,good
5fcb171f-5280-4094-8dbf-a3a65b71f71a,7bc59934-a6fe-4c83-b552-5115a4f85aa9,87233984-f594-44bd-82a2-538ae733c310,1644236501683,13.3591258,52.511961,4.6175804,0.39895707,-0.35089707,3.4634838,on bike mount,cyclo cross,True,fine gravel,good
5fcb171f-5280-4094-8dbf-a3a65b71f71a,7bc59934-a6fe-4c83-b552-5115a4f85aa9,c30ed9f5-ffc4-43cd-a32c-8da6ec2c0507,1644236501737,13.3591258,52.511961,4.6175804,0.30784377,-0.7045882,1.2542315,on bike mount,cyclo cross,True,fine gravel,good
5fcb171f-5280-4094-8dbf-a3a65b71f71a,7bc59934-a6fe-4c83-b552-5115a4f85aa9,4ca3c3a8-abda-446a-989d-5f030f9e5180,1644236501794,13.3591258,52.511961,4.6175804,0.20568821,0.28096104,-1.5226622,on bike mount,cyclo cross,True,fine gravel,good
5fcb171f-5280-4094-8dbf-a3a65b71f71a,7bc59934-a6fe-4c83-b552-5115a4f85aa9,29236d2d-ecef-4eb9-b44b-a1eb6f2958ac,1644236501850,13.3591258,52.511961,4.6175804,-1.4904094,1.7610831,3.208376,on bike mount,cyclo cross,True,fine gravel,good
5fcb171f-5280-4094-8dbf-a3a65b71f71a,7bc59934-a6fe-4c83-b552-5115a4f85aa9,f36cfad0-0f25-4a2a-bed9-4ed8fcdef920,1644236501905,13.3591258,52.511961,4.6175804,-0.63371056,-3.0877795,2.2173986,on bike mount,cyclo cross,True,fine gravel,good
5fcb171f-5280-4094-8dbf-a3a65b71f71a,7bc59934-a6fe-4c83-b552-5115a4f85aa9,af78b10b-fdd4-4ebd-a75f-63f62776c942,1644236501961,13.3591258,52.511961,4.6175804,-0.08844213,-0.22105336,1.223608,on bike mount,cyclo cross,True,fine gravel,good
5fcb171f-5280-4094-8dbf-a3a65b71f71a,7bc59934-a6fe-4c83-b552-5115a4f85aa9,4034ae7d-73e2-4d0f-9668-255686861e5a,1644236502015,13.3591258,52.511961,4.6175804,0.6555734,1.1052673,-0.87440014,on bike mount,cyclo cross,True,fine gravel,good
5fcb171f-5280-4094-8dbf-a3a65b71f71a,7bc59934-a6fe-4c83-b552-5115a4f85aa9,6fd62b98-87d1-44e2-9d36-9ea5aa25e893,1644236502070,13.3591258,52.511961,4.6175804,-0.14292485,0.67263293,2.035308,on bike mount,cyclo cross,True,fine gravel,good
5fcb171f-5280-4094-8dbf-a3a65b71f71a,7bc59934-a6fe-4c83-b552-5115a4f85aa9,847e35ac-8577-4154-a1aa-835ea14da25d,1644236502125,13.3591258,52.511961,4.6175804,0.26859915,-0.15435219,0.6515436,on bike mount,cyclo cross,True,fine gravel,good
5fcb171f-5280-4094-8dbf-a3a65b71f71a,7bc59934-a6fe-4c83-b552-5115a4f85aa9,c5ca15c9-e71e-4c00-9f51-a276da62f113,1644236502181,13.3591258,52.511961,4.6175804,0.7268773,2.5423675,-3.840392,on bike mount,cyclo cross,True,fine gravel,good
5fcb171f-5280-4094-8dbf-a3a65b71f71a,7bc59934-a6fe-4c83-b552-5115a4f85aa9,e148bf16-7277-4755-aff6-d8e03ed17092,1644236502240,13.3591258,52.511961,4.6175804,-0.77940977,-0.13893533,0.031508446,on bike mount,cyclo cross,True,fine gravel,good
5fcb171f-5280-4094-8dbf-a3a65b71f71a,7bc59934-a6fe-4c83-b552-5115a4f85aa9,b22c0f3e-9583-4133-98f3-b65a3f650958,1644236502296,13.3591258,52.511961,4.6175804,-0.4398241,-5.2052345,-5.7245917,on bike mount,cyclo cross,True,fine gravel,good
5fcb171f-5280-4094-8dbf-a3a65b71f71a,7bc59934-a6fe-4c83-b552-5115a4f85aa9,e0f80559-d8e2-44dc-99c7-b9e1b938dfae,1644236502348,13.3591258,52.511961,4.6175804,0.8038573,-2.2753963,4.272872,on bike mount,cyclo cross,True,fine gravel,good
5fcb171f-5280-4094-8dbf-a3a65b71f71a,7bc59934-a6fe-4c83-b552-5115a4f85aa9,9c0e68f1-ca97-454a-bfdf-b5ba46a35394,1644236502405,13.3591258,52.511961,4.6175804,0.4366222,2.5655375,-0.4593954,on bike mount,cyclo cross,True,fine gravel,good
5fcb171f-5280-4094-8dbf-a3a65b71f71a,7bc59934-a6fe-4c83-b552-5115a4f85aa9,0ef86e79-3e3e-47ce-a03a-153e54ffe046,1644236502464,13.3591258,52.511961,4.6175804,-0.066687986,-2.3446615,2.8655205,on bike mount,cyclo cross,True,fine gravel,good
5fcb171f-5280-4094-8dbf-a3a65b71f71a,7bc59934-a6fe-4c83-b552-5115a4f85aa9,7b7781f4-5b4c-4017-94f4-5b5334b3332a,1644236502514,13.3591258,52.511961,4.6175804,-0.14444128,0.85185075,0.6131468,on bike mount,cyclo cross,True,fine gravel,good
5fcb171f-5280-4094-8dbf-a3a65b71f71a,7bc59934-a6fe-4c83-b552-5115a4f85aa9,bc1d1bea-934e-48e6-93fa-ff18e4320cfe,1644236502572,13.3591258,52.511961,4.6175804,0.5645095,0.6322684,-1.6313338,on bike mount,cyclo cross,True,fine gravel,good
5fcb171f-5280-4094-8dbf-a3a65b71f71a,7bc59934-a6fe-4c83-b552-5115a4f85aa9,f27820d8-0071-4b95-b0f3-597aab892ffb,1644236502627,13.3591766,52.5120016,4.3377953,-0.17953295,0.34934282,-0.58362293,on bike mount,cyclo cross,True,fine gravel,good
5fcb171f-5280-4094-8dbf-a3a65b71f71a,7bc59934-a6fe-4c83-b552-5115a4f85aa9,082e1b6d-7db9-4a13-81e0-7452dbb0be44,1644236502682,13.3591766,52.5120016,4.3377953,0.31127167,-0.46492982,0.22541809,on bike mount,cyclo cross,True,fine gravel,good
5fcb171f-5280-4094-8dbf-a3a65b71f71a,7bc59934-a6fe-4c83-b552-5115a4f85aa9,35c2fe42-3de2-4893-b06b-a46639ed468e,1644236502738,13.3591766,52.5120016,4.3377953,-1.0847982,-1.3431287,0.042675972,on bike mount,cyclo cross,True,fine gravel,good
5fcb171f-5280-4094-8dbf-a3a65b71f71a,7bc59934-a6fe-4c83-b552-5115a4f85aa9,9a20582c-73c9-444d-828a-deb87e01d7f9,1644236502795,13.3591766,52.5120016,4.3377953,0.27354288,0.8283143,-2.0353518,on bike mount,cyclo cross,True,fine gravel,good
5fcb171f-5280-4094-8dbf-a3a65b71f71a,7bc59934-a6fe-4c83-b552-5115a4f85aa9,a186321c-6996-4698-8527-34743714d503,1644236502848,13.3591766,52.5120016,4.3377953,0.53446305,0.7207384,-0.86610126,on bike mount,cyclo cross,True,fine gravel,good
5fcb171f-5280-4094-8dbf-a3a65b71f71a,7bc59934-a6fe-4c83-b552-5115a4f85aa9,a39993b8-01f4-4179-8d92-ce4b8796fb68,1644236502904,13.3591766,52.5120016,4.3377953,-0.23043436,-1.2206631,0.5274353,on bike mount,cyclo cross,True,fine gravel,good
5fcb171f-5280-4094-8dbf-a3a65b71f71a,7bc59934-a6fe-4c83-b552-5115a4f85aa9,2c9bab0a-3ff2-4985-b8e1-1ab53c45be39,1644236502963,13.3591766,52.5120016,4.3377953,-0.4740236,0.6173494,-1.0062771,on bike mount,cyclo cross,True,fine gravel,good
5fcb171f-5280-4094-8dbf-a3a65b71f71a,7bc59934-a6fe-4c83-b552-5115a4f85aa9,8d190936-095a-48d0-9041-0e1d0c615e28,1644236503014,13.3591766,52.5120016,4.3377953,0.68430364,-1.874198,4.0034294,on bike mount,cyclo cross,True,fine gravel,good
5fcb171f-5280-4094-8dbf-a3a65b71f71a,7bc59934-a6fe-4c83-b552-5115a4f85aa9,fb9e7d06-ded8-4612-9511-df57df9673c9,1644236503067,13.3591766,52.5120016,4.3377953,0.69726187,-1.5301107,-3.5398202,on bike mount,cyclo cross,True,fine gravel,good
5fcb171f-5280-4094-8dbf-a3a65b71f71a,7bc59934-a6fe-4c83-b552-5115a4f85aa9,63cad523-c88b-4167-ad8a-f5732da4c8f9,1644236503127,13.3591766,52.5120016,4.3377953,0.7525012,4.118412,-3.2373824,on bike mount,cyclo cross,True,fine gravel,good
5fcb171f-5280-4094-8dbf-a3a65b71f71a,7bc59934-a6fe-4c83-b552-5115a4f85aa9,60b22692-1fe9-46e8-a5b8-efa4a08ad85d,1644236503184,13.3592052,52.5120237,4.078015,0.15877075,-0.9181173,-1.2704964,on bike mount,cyclo cross,True,fine gravel,good
5fcb171f-5280-4094-8dbf-a3a65b71f71a,7bc59934-a6fe-4c83-b552-5115a4f85aa9,654cc501-2a2c-4dd8-94ee-c27e24107ac4,1644236503237,13.3592052,52.5120237,4.078015,1.0297747,-2.0650244,-0.74542046,on bike mount,cyclo cross,True,fine gravel,good
5fcb171f-5280-4094-8dbf-a3a65b71f71a,7bc59934-a6fe-4c83-b552-5115a4f85aa9,bc1ec992-c6ce-41ee-8059-479d4e0ee0b6,1644236503294,13.3592052,52.5120237,4.078015,0.28905886,1.8700695,-0.9178362,on bike mount,cyclo cross,True,fine gravel,good
5fcb171f-5280-4094-8dbf-a3a65b71f71a,7bc59934-a6fe-4c83-b552-5115a4f85aa9,6bee62f5-b042-4fbc-bc91-ad30eed7ee8a,1644236503349,13.3592052,52.5120237,4.078015,-2.5695732,1.1165953,0.090681076,on bike mount,cyclo cross,True,fine gravel,good
5fcb171f-5280-4094-8dbf-a3a65b71f71a,7bc59934-a6fe-4c83-b552-5115a4f85aa9,6e22d88b-f7b8-4e0a-9db7-cbd23648f0e1,1644236503404,13.3592052,52.5120237,4.078015,0.5813574,-0.5132785,3.366003,on bike mount,cyclo cross,True,fine gravel,good
5fcb171f-5280-4094-8dbf-a3a65b71f71a,7bc59934-a6fe-4c83-b552-5115a4f85aa9,d88324eb-0906-425d-8dd3-0b636b3ce2e3,1644236503461,13.3592052,52.5120237,4.078015,0.5607582,-1.3243005,-0.6946964,on bike mount,cyclo cross,True,fine gravel,good
5fcb171f-5280-4094-8dbf-a3a65b71f71a,7bc59934-a6fe-4c83-b552-5115a4f85aa9,5d4de078-a052-4661-bbd4-27cdadacf886,1644236503516,13.3592052,52.5120237,4.078015,0.265077,0.29465556,1.6731062,on bike mount,cyclo cross,True,fine gravel,good
5fcb171f-5280-4094-8dbf-a3a65b71f71a,7bc59934-a6fe-4c83-b552-5115a4f85aa9,1620c8b6-afb6-46e9-b70d-7d95e081cba7,1644236503571,13.3592052,52.5120237,4.078015,-1.2396924,-0.693084,2.9483957,on bike mount,cyclo cross,True,fine gravel,good
5fcb171f-5280-4094-8dbf-a3a65b71f71a,7bc59934-a6fe-4c83-b552-5115a4f85aa9,b40542a2-8f7f-48a2-9ef3-09eb16b9d79b,1644236503626,13.3592052,52.5120237,4.078015,-0.27003154,-0.9282676,0.32794666,on bike mount,cyclo cross,True,fine gravel,good
5fcb171f-5280-4094-8dbf-a3a65b71f71a,7bc59934-a6fe-4c83-b552-5115a4f85aa9,0f8a25b6-7ae9-4b3a-b6c3-29d5e53ada41,1644236503681,13.3592052,52.5120237,4.078015,-0.9181158,-2.4981503,1.2526836,on bike mount,cyclo cross,True,fine gravel,good
5fcb171f-5280-4094-8dbf-a3a65b71f71a,7bc59934-a6fe-4c83-b552-5115a4f85aa9,62dca879-4c56-4a99-92dd-80d6a65ae089,1644236503738,13.3592052,52.5120237,4.078015,-1.3226026,-0.33956456,2.3094606,on bike mount,cyclo cross,True,fine gravel,good
5fcb171f-5280-4094-8dbf-a3a65b71f71a,7bc59934-a6fe-4c83-b552-5115a4f85aa9,6bf82084-9e99-49fc-b3c5-4711715243d0,1644236503794,13.3592052,52.5120237,4.078015,-0.8565116,-0.9271066,2.5158634,on bike mount,cyclo cross,True,fine gravel,good
5fcb171f-5280-4094-8dbf-a3a65b71f71a,7bc59934-a6fe-4c83-b552-5115a4f85aa9,2f136572-dcc2-480f-8141-cf6bdc82ad2e,1644236503849,13.3592052,52.5120237,4.078015,0.25089833,-3.2574325,5.369136,on bike mount,cyclo cross,True,fine gravel,good
5fcb171f-5280-4094-8dbf-a3a65b71f71a,7bc59934-a6fe-4c83-b552-5115a4f85aa9,a3225c8b-3e0d-4971-a827-c13bd2f5c101,1644236503906,13.3592052,52.5120237,4.078015,0.42788744,0.70297885,-2.1168418,on bike mount,cyclo cross,True,fine gravel,good
5fcb171f-5280-4094-8dbf-a3a65b71f71a,7bc59934-a6fe-4c83-b552-5115a4f85aa9,8cfa949d-5c19-479e-8a2f-33cdad2df97f,1644236503960,13.3592052,52.5120237,4.078015,-0.486931,1.3895462,-0.952157,on bike mount,cyclo cross,True,fine gravel,good
5fcb171f-5280-4094-8dbf-a3a65b71f71a,7bc59934-a6fe-4c83-b552-5115a4f85aa9,5aee9dfb-4ab5-4703-8da4-5faed8f22cac,1644236504016,13.3592052,52.5120237,4.078015,0.16640931,-0.5933347,0.40511703,on bike mount,cyclo cross,True,fine gravel,good
5fcb171f-5280-4094-8dbf-a3a65b71f71a,7bc59934-a6fe-4c83-b552-5115a4f85aa9,5a01a1cd-97ea-40a0-b094-14d8dc4a92d6,1644236504071,13.3592052,52.5120237,4.078015,0.29898855,-1.205229,2.3641233,on bike mount,cyclo cross,True,fine gravel,good
5fcb171f-5280-4094-8dbf-a3a65b71f71a,7bc59934-a6fe-4c83-b552-5115a4f85aa9,73b0ee88-e555-47f4-a658-5d972659251d,1644236504126,13.3592052,52.5120237,4.078015,1.1518884,1.0913448,4.4916563,on bike mount,cyclo cross,True,fine gravel,good
5fcb171f-5280-4094-8dbf-a3a65b71f71a,7bc59934-a6fe-4c83-b552-5115a4f85aa9,6ba9a07d-24fa-479f-a69c-27df977fcb4a,1644236504182,13.3592052,52.5120237,4.078015,0.42645556,0.6140003,1.7929554,on bike mount,cyclo cross,True,fine gravel,good
5fcb171f-5280-4094-8dbf-a3a65b71f71a,7bc59934-a6fe-4c83-b552-5115a4f85aa9,76dd2cbc-9984-4924-b19f-d02430b98d98,1644236504238,13.3592052,52.5120237,4.078015,-0.35823768,-3.1668334,0.79275036,on bike mount,cyclo cross,True,fine gravel,good
5fcb171f-5280-4094-8dbf-a3a65b71f71a,7bc59934-a6fe-4c83-b552-5115a4f85aa9,2ae36a46-3bcd-4eb6-99d7-f0db525c7382,1644236504295,13.3592052,52.5120237,4.078015,1.2206637,-1.9249791,4.451804,on bike mount,cyclo cross,True,fine gravel,good
5fcb171f-5280-4094-8dbf-a3a65b71f71a,7bc59934-a6fe-4c83-b552-5115a4f85aa9,e080d428-34e6-4bef-bdd8-918d2be6b3f8,1644236504348,13.3592052,52.5120237,4.078015,0.5452545,-0.95450544,-0.7167487,on bike mount,cyclo cross,True,fine gravel,good
5fcb171f-5280-4094-8dbf-a3a65b71f71a,7bc59934-a6fe-4c83-b552-5115a4f85aa9,f20cc582-cf8a-4e94-98ee-051e7723c40b,1644236504404,13.3592052,52.5120237,4.078015,-0.017155051,0.72334576,-1.9960418,on bike mount,cyclo cross,True,fine gravel,good
5fcb171f-5280-4094-8dbf-a3a65b71f71a,7bc59934-a6fe-4c83-b552-5115a4f85aa9,ffb76a2e-133c-470c-88ef-d76aab38d3b3,1644236504461,13.3592052,52.5120237,4.078015,-0.69112444,3.0471873,-5.1726346,on bike mount,cyclo cross,True,fine gravel,good
5fcb171f-5280-4094-8dbf-a3a65b71f71a,7bc59934-a6fe-4c83-b552-5115a4f85aa9,ab2329a7-c443-4e4d-90be-d4b530b35140,1644236504514,13.3592052,52.5120237,4.078015,-1.3217384,-0.6857426,1.4102774,on bike mount,cyclo cross,True,fine gravel,good
5fcb171f-5280-4094-8dbf-a3a65b71f71a,7bc59934-a6fe-4c83-b552-5115a4f85aa9,d3bd4d55-a84c-4d33-bec3-082786c09916,1644236504571,13.3592052,52.5120237,4.078015,0.50330734,-0.32599902,-0.2786951,on bike mount,cyclo cross,True,fine gravel,good
5fcb171f-5280-4094-8dbf-a3a65b71f71a,7bc59934-a6fe-4c83-b552-5115a4f85aa9,c1d20e8d-b197-4203-bc18-82e92ccefb2c,1644236504628,13.3592052,52.5120237,4.078015,0.28328362,-1.1270902,-2.2390432,on bike mount,cyclo cross,True,fine gravel,good
5fcb171f-5280-4094-8dbf-a3a65b71f71a,7bc59934-a6fe-4c83-b552-5115a4f85aa9,b56bf8fe-b351-4153-9932-cf2f31354b66,1644236504682,13.3592692,52.5120709,4.290004,1.1142646,-0.32036257,1.8556805,on bike mount,cyclo cross,True,fine gravel,good
5fcb171f-5280-4094-8dbf-a3a65b71f71a,7bc59934-a6fe-4c83-b552-5115a4f85aa9,2a8405d5-3093-406a-a7e3-acb109bbc259,1644236504737,13.3592692,52.5120709,4.290004,-1.0856836,0.98041415,-1.7360091,on bike mount,cyclo cross,True,fine gravel,good
5fcb171f-5280-4094-8dbf-a3a65b71f71a,7bc59934-a6fe-4c83-b552-5115a4f85aa9,38bbd383-39b5-4d1e-ac8f-986ecddeba07,1644236504792,13.3592692,52.5120709,4.290004,-0.038515687,-2.3999822,2.7744265,on bike mount,cyclo cross,True,fine gravel,good
5fcb171f-5280-4094-8dbf-a3a65b71f71a,7bc59934-a6fe-4c83-b552-5115a4f85aa9,8799772a-bb8a-4f70-b665-99a3bfbbec37,1644236504848,13.3592692,52.5120709,4.290004,0.71621025,-0.52682567,-0.8226309,on bike mount,cyclo cross,True,fine gravel,good
5fcb171f-5280-4094-8dbf-a3a65b71f71a,7bc59934-a6fe-4c83-b552-5115a4f85aa9,054c999e-0b59-46c2-b284-e660d26763b4,1644236504905,13.3592692,52.5120709,4.290004,0.3287868,0.031734943,1.418006,on bike mount,cyclo cross,True,fine gravel,good
5fcb171f-5280-4094-8dbf-a3a65b71f71a,7bc59934-a6fe-4c83-b552-5115a4f85aa9,d749ed3d-ce06-4693-beed-f4e18e72b135,1644236504962,13.3592692,52.5120709,4.290004,2.518975,5.4459014,-0.21600533,on bike mount,cyclo cross,True,fine gravel,good
5fcb171f-5280-4094-8dbf-a3a65b71f71a,7bc59934-a6fe-4c83-b552-5115a4f85aa9,fc48886d-d369-4878-83a6-43f0d63f645c,1644236505016,13.3592692,52.5120709,4.290004,0.08377501,-1.5322844,-0.5953016,on bike mount,cyclo cross,True,fine gravel,good
5fcb171f-5280-4094-8dbf-a3a65b71f71a,7bc59934-a6fe-4c83-b552-5115a4f85aa9,089957d6-0849-4b34-83cb-634f5321b3b4,1644236505071,13.3592692,52.5120709,4.290004,0.86381924,0.69633627,-1.0856638,on bike mount,cyclo cross,True,fine gravel,good
5fcb171f-5280-4094-8dbf-a3a65b71f71a,7bc59934-a6fe-4c83-b552-5115a4f85aa9,3f9c37e1-25e0-4088-a3ac-714562798ab6,1644236505126,13.3592692,52.5120709,4.290004,-0.48562253,2.184091,2.9854326,on bike mount,cyclo cross,True,fine gravel,good
5fcb171f-5280-4094-8dbf-a3a65b71f71a,7bc59934-a6fe-4c83-b552-5115a4f85aa9,de431d0a-f57d-4f00-a4a6-2581680ab07c,1644236505182,13.3592692,52.5120709,4.290004,-0.64714265,-8.485547,0.91121674,on bike mount,cyclo cross,True,fine gravel,good
5fcb171f-5280-4094-8dbf-a3a65b71f71a,7bc59934-a6fe-4c83-b552-5115a4f85aa9,953ed1a0-d82e-4e6c-a79a-dcedd3254cd0,1644236505237,13.3592692,52.5120709,4.290004,-1.0461409,-6.190094,13.626581,on bike mount,cyclo cross,True,fine gravel,good
5fcb171f-5280-4094-8dbf-a3a65b71f71a,7bc59934-a6fe-4c83-b552-5115a4f85aa9,4a561283-5944-43ad-87cd-ed94a4ef2c5f,1644236505293,13.3592692,52.5120709,4.290004,-0.62680393,-4.9548445,-8.27612,on bike mount,cyclo cross,True,fine gravel,good
5fcb171f-5280-4094-8dbf-a3a65b71f71a,7bc59934-a6fe-4c83-b552-5115a4f85aa9,ac56d18b-87e5-4661-acd5-a8210d8b1762,1644236505349,13.3592692,52.5120709,4.290004,-0.026078373,6.2041464,6.6172714,on bike mount,cyclo cross,True,fine gravel,good
5fcb171f-5280-4094-8dbf-a3a65b71f71a,7bc59934-a6fe-4c83-b552-5115a4f85aa9,72087d72-e3cc-4e9e-9a2a-0767069e3383,1644236505405,13.3592692,52.5120709,4.290004,-0.10863203,2.031909,-11.061068,on bike mount,cyclo cross,True,fine gravel,good
5fcb171f-5280-4094-8dbf-a3a65b71f71a,7bc59934-a6fe-4c83-b552-5115a4f85aa9,86e968ef-c683-4bf9-adf7-ddaf7ed37cf0,1644236505460,13.3592692,52.5120709,4.290004,0.46492225,7.164735,-4.1688685,on bike mount,cyclo cross,True,fine gravel,good
5fcb171f-5280-4094-8dbf-a3a65b71f71a,7bc59934-a6fe-4c83-b552-5115a4f85aa9,d6c72294-bd01-4ead-b8c1-0594e5f1feb3,1644236505517,13.3592692,52.5120709,4.290004,-0.0012494028,-4.6166806,0.6181259,on bike mount,cyclo cross,True,fine gravel,good
5fcb171f-5280-4094-8dbf-a3a65b71f71a,7bc59934-a6fe-4c83-b552-5115a4f85aa9,90b8298f-eb7e-470f-aab6-d04b02d354ec,1644236505570,13.3592692,52.5120709,4.290004,0.913737,-1.3462913,-5.4210243,on bike mount,cyclo cross,True,fine gravel,good
5fcb171f-5280-4094-8dbf-a3a65b71f71a,7bc59934-a6fe-4c83-b552-5115a4f85aa9,e998f698-da69-47cd-85f9-784fea00f0a0,1644236505632,13.3592692,52.5120709,4.290004,0.55202943,2.6683033,-0.63393974,on bike mount,cyclo cross,True,fine gravel,good
5fcb171f-5280-4094-8dbf-a3a65b71f71a,7bc59934-a6fe-4c83-b552-5115a4f85aa9,2c534388-afba-434d-891f-28e207df968b,1644236505683,13.3593157,52.5121096,4.222194,0.8600807,-1.8082519,0.6906519,on bike mount,cyclo cross,True,fine gravel,good
5fcb171f-5280-4094-8dbf-a3a65b71f71a,7bc59934-a6fe-4c83-b552-5115a4f85aa9,502e4b33-dd7e-45d8-b1b2-9467162e4b59,1644236505738,13.3593157,52.5121096,4.222194,-1.4582105,2.6253157,-1.7008214,on bike mount,cyclo cross,True,fine gravel,good
5fcb171f-5280-4094-8dbf-a3a65b71f71a,7bc59934-a6fe-4c83-b552-5115a4f85aa9,f66163a5-4737-474f-92a7-506a11d3ed35,1644236505798,13.3593157,52.5121096,4.222194,-1.0750806,-0.44957423,-0.8165779,on bike mount,cyclo cross,True,fine gravel,good
5fcb171f-5280-4094-8dbf-a3a65b71f71a,7bc59934-a6fe-4c83-b552-5115a4f85aa9,b2bd3258-8b09-4fa1-9526-0121bfcb8086,1644236505849,13.3593157,52.5121096,4.222194,-0.64478725,-1.4170889,-5.5294347,on bike mount,cyclo cross,True,fine gravel,good
5fcb171f-5280-4094-8dbf-a3a65b71f71a,7bc59934-a6fe-4c83-b552-5115a4f85aa9,4e637aef-d649-4d53-93ba-bf7154be087d,1644236505904,13.3593157,52.5121096,4.222194,-0.7380568,-0.6011685,-0.33235645,on bike mount,cyclo cross,True,fine gravel,good
5fcb171f-5280-4094-8dbf-a3a65b71f71a,7bc59934-a6fe-4c83-b552-5115a4f85aa9,dfac70a7-216d-4394-aef0-381176a53598,1644236505961,13.3593157,52.5121096,4.222194,0.18848391,-1.1727687,-0.16968822,on bike mount,cyclo cross,True,fine gravel,good
5fcb171f-5280-4094-8dbf-a3a65b71f71a,7bc59934-a6fe-4c83-b552-5115a4f85aa9,c33ecc27-f9f0-4082-a102-0f24e75ca92c,1644236506015,13.3593157,52.5121096,4.222194,-0.59832,-2.0804455,1.4099932,on bike mount,cyclo cross,True,fine gravel,good
5fcb171f-5280-4094-8dbf-a3a65b71f71a,7bc59934-a6fe-4c83-b552-5115a4f85aa9,b82ccfeb-3413-45a1-91fc-ea5dcc23be53,1644236506072,13.3593157,52.5121096,4.222194,-0.22811207,-2.0692437,4.233943,on bike mount,cyclo cross,True,fine gravel,good
5fcb171f-5280-4094-8dbf-a3a65b71f71a,7bc59934-a6fe-4c83-b552-5115a4f85aa9,a96a48ac-349a-479b-8be5-0b75d72da90f,1644236506127,13.3593157,52.5121096,4.222194,1.0601234,-3.0230067,2.1713028,on bike mount,cyclo cross,True,fine gravel,good
5fcb171f-5280-4094-8dbf-a3a65b71f71a,7bc59934-a6fe-4c83-b552-5115a4f85aa9,f4e60859-7fd4-4116-9714-9f2cbb2025ad,1644236506183,13.3593157,52.5121096,4.222194,-0.17043453,0.17129779,-1.1455507,on bike mount,cyclo cross,True,fine gravel,good
5fcb171f-5280-4094-8dbf-a3a65b71f71a,7bc59934-a6fe-4c83-b552-5115a4f85aa9,ba87a4c1-6393-44d4-94d7-931cd9ad8280,1644236506238,13.3593157,52.5121096,4.222194,0.56522954,0.92063975,0.7666378,on bike mount,cyclo cross,True,fine gravel,good
5fcb171f-5280-4094-8dbf-a3a65b71f71a,7bc59934-a6fe-4c83-b552-5115a4f85aa9,010c6d66-bfca-4655-85a1-1bd05f93cf9c,1644236506294,13.3593157,52.5121096,4.222194,0.07410801,-0.6487875,-0.5824547,on bike mount,cyclo cross,True,fine gravel,good
5fcb171f-5280-4094-8dbf-a3a65b71f71a,7bc59934-a6fe-4c83-b552-5115a4f85aa9,bbcf49aa-31a4-474f-bd17-6dd91938757a,1644236506350,13.3593157,52.5121096,4.222194,-0.63931143,-0.4235158,2.8854752,on bike mount,cyclo cross,True,fine gravel,good
5fcb171f-5280-4094-8dbf-a3a65b71f71a,7bc59934-a6fe-4c83-b552-5115a4f85aa9,11ad7835-eba3-40d4-9b39-e9587c8cc52e,1644236506405,13.3593157,52.5121096,4.222194,-0.53188,-2.0654473,1.6431656,on bike mount,cyclo cross,True,fine gravel,good
5fcb171f-5280-4094-8dbf-a3a65b71f71a,7bc59934-a6fe-4c83-b552-5115a4f85aa9,3a84a7d7-0d87-45e9-81e5-d39795cb06cc,1644236506462,13.3593157,52.5121096,4.222194,0.25425103,0.62041736,-3.2229342,on bike mount,cyclo cross,True,fine gravel,good
5fcb171f-5280-4094-8dbf-a3a65b71f71a,7bc59934-a6fe-4c83-b552-5115a4f85aa9,b05be4a0-f304-4aba-9412-f8ea8329c3b3,1644236506516,13.3593157,52.5121096,4.222194,0.84301436,-0.20028782,-1.2776203,on bike mount,cyclo cross,True,fine gravel,good
5fcb171f-5280-4094-8dbf-a3a65b71f71a,7bc59934-a6fe-4c83-b552-5115a4f85aa9,406dcd6a-c91b-4153-90c0-d0903ef591af,1644236506578,13.3593157,52.5121096,4.222194,0.38890594,1.1165199,-0.41996765,on bike mount,cyclo cross,True,fine gravel,good
5fcb171f-5280-4094-8dbf-a3a65b71f71a,7bc59934-a6fe-4c83-b552-5115a4f85aa9,8bcbe812-aae1-4e5d-969d-305212adc357,1644236506638,13.3593672,52.5121473,4.1496873,0.22280303,-3.8249915,-1.8469186,on bike mount,cyclo cross,True,fine gravel,good
5fcb171f-5280-4094-8dbf-a3a65b71f71a,7bc59934-a6fe-4c83-b552-5115a4f85aa9,8412b02d-7b42-40f7-85c4-29fe2a13635d,1644236506693,13.3593672,52.5121473,4.1496873,1.0280303,0.84396315,-0.57780933,on bike mount,cyclo cross,True,fine gravel,good
5fcb171f-5280-4094-8dbf-a3a65b71f71a,7bc59934-a6fe-4c83-b552-5115a4f85aa9,ad1e6208-0f73-4307-9fb5-87bfc7a112ce,1644236506748,13.3593672,52.5121473,4.1496873,-0.7560133,0.23466778,0.31832695,on bike mount,cyclo cross,True,fine gravel,good
5fcb171f-5280-4094-8dbf-a3a65b71f71a,7bc59934-a6fe-4c83-b552-5115a4f85aa9,655ed0ee-9147-4d29-8c73-ce408c862e6b,1644236506804,13.3593672,52.5121473,4.1496873,0.8368608,1.5047159,-1.9220009,on bike mount,cyclo cross,True,fine gravel,good
5fcb171f-5280-4094-8dbf-a3a65b71f71a,7bc59934-a6fe-4c83-b552-5115a4f85aa9,de02901f-6612-4c4e-8b5d-9f7aeb2d4260,1644236506866,13.3593672,52.5121473,4.1496873,0.7388432,0.64342546,0.5191393,on bike mount,cyclo cross,True,fine gravel,good
5fcb171f-5280-4094-8dbf-a3a65b71f71a,7bc59934-a6fe-4c83-b552-5115a4f85aa9,d240dd21-d758-4001-87cb-d7012d7c9be6,1644236506916,13.3593672,52.5121473,4.1496873,0.28595647,0.5180774,0.37587833,on bike mount,cyclo cross,True,fine gravel,good
5fcb171f-5280-4094-8dbf-a3a65b71f71a,7bc59934-a6fe-4c83-b552-5115a4f85aa9,fb5b3ec1-0e78-454b-9317-3b431b62f521,1644236506974,13.3593672,52.5121473,4.1496873,0.308934,0.31240964,0.6711273,on bike mount,cyclo cross,True,fine gravel,good
5fcb171f-5280-4094-8dbf-a3a65b71f71a,7bc59934-a6fe-4c83-b552-5115a4f85aa9,b978b553-ae20-4f28-84ec-4eca5382a9a6,1644236507027,13.3593672,52.5121473,4.1496873,0.25270084,1.9188523,0.7566309,on bike mount,cyclo cross,True,fine gravel,good
5fcb171f-5280-4094-8dbf-a3a65b71f71a,7bc59934-a6fe-4c83-b552-5115a4f85aa9,dc5e38f9-6fda-442b-8770-ddc8daad71d4,1644236507084,13.3593672,52.5121473,4.1496873,0.77859825,-1.7632799,1.0907106,on bike mount,cyclo cross,True,fine gravel,good
5fcb171f-5280-4094-8dbf-a3a65b71f71a,7bc59934-a6fe-4c83-b552-5115a4f85aa9,0c6f8e1c-07cc-4e0e-ba65-ad645fa86e45,1644236507139,13.3593672,52.5121473,4.1496873,0.54665333,-2.4593277,-0.08950043,on bike mount,cyclo cross,True,fine gravel,good
5fcb171f-5280-4094-8dbf-a3a65b71f71a,7bc59934-a6fe-4c83-b552-5115a4f85aa9,e038d943-97d1-44d2-9793-c3109434fcfc,1644236507193,13.3593672,52.5121473,4.1496873,0.2827291,0.14636445,0.15540886,on bike mount,cyclo cross,True,fine gravel,good
5fcb171f-5280-4094-8dbf-a3a65b71f71a,7bc59934-a6fe-4c83-b552-5115a4f85aa9,6e8cec46-65da-458a-bd75-34a0b92ea03b,1644236507250,13.3593672,52.5121473,4.1496873,1.1360085,-0.20261407,0.35811806,on bike mount,cyclo cross,True,fine gravel,good
5fcb171f-5280-4094-8dbf-a3a65b71f71a,7bc59934-a6fe-4c83-b552-5115a4f85aa9,d7f52b13-d969-4dfd-a61a-fb29be53e531,1644236507308,13.3593672,52.5121473,4.1496873,0.55163115,-0.07495427,-0.6271763,on bike mount,cyclo cross,True,fine gravel,good
5fcb171f-5280-4094-8dbf-a3a65b71f71a,7bc59934-a6fe-4c83-b552-5115a4f85aa9,b936856e-5088-47ad-982a-19f6dc11c136,1644236507361,13.3593672,52.5121473,4.1496873,1.0326202,-0.90065813,0.48294353,on bike mount,cyclo cross,True,fine gravel,good
5fcb171f-5280-4094-8dbf-a3a65b71f71a,7bc59934-a6fe-4c83-b552-5115a4f85aa9,d808afc0-0590-4e20-a4f2-99f7a36db48a,1644236507416,13.3593672,52.5121473,4.1496873,0.5201238,-0.645015,-0.77654934,on bike mount,cyclo cross,True,fine gravel,good
5fcb171f-5280-4094-8dbf-a3a65b71f71a,7bc59934-a6fe-4c83-b552-5115a4f85aa9,86a7af50-17b8-458e-9f6f-8f869e4e5c77,1644236507471,13.3593672,52.5121473,4.1496873,0.45578757,0.34975576,-0.5737057,on bike mount,cyclo cross,True,fine gravel,good
5fcb171f-5280-4094-8dbf-a3a65b71f71a,7bc59934-a6fe-4c83-b552-5115a4f85aa9,04ff7491-ad3d-4770-bf9e-0e97abfdfd85,1644236507526,13.3593672,52.5121473,4.1496873,0.1405989,0.5540345,0.002705574,on bike mount,cyclo cross,True,fine gravel,good
5fcb171f-5280-4094-8dbf-a3a65b71f71a,7bc59934-a6fe-4c83-b552-5115a4f85aa9,29b63ffb-1d17-45ea-89eb-99c797cced81,1644236507582,13.3593672,52.5121473,4.1496873,0.02989316,0.35449982,0.33826065,on bike mount,cyclo cross,True,fine gravel,good
5fcb171f-5280-4094-8dbf-a3a65b71f71a,7bc59934-a6fe-4c83-b552-5115a4f85aa9,f6216292-f8ae-40c6-acad-6d0fd20394da,1644236507637,13.3594186,52.5121805,3.8634322,0.98053384,-0.4555962,-0.4698124,on bike mount,cyclo cross,True,fine gravel,good
5fcb171f-5280-4094-8dbf-a3a65b71f71a,7bc59934-a6fe-4c83-b552-5115a4f85aa9,a8653d78-1fee-4d7f-993d-b893fb1c162f,1644236507692,13.3594186,52.5121805,3.8634322,1.1578658,0.60277724,1.8693905,on bike mount,cyclo cross,True,fine gravel,good
5fcb171f-5280-4094-8dbf-a3a65b71f71a,7bc59934-a6fe-4c83-b552-5115a4f85aa9,a39a4d1a-083f-48cc-ab18-62296e8aca2c,1644236507750,13.3594186,52.5121805,3.8634322,0.48047543,0.6967225,-1.172338,on bike mount,cyclo cross,True,fine gravel,good
5fcb171f-5280-4094-8dbf-a3a65b71f71a,7bc59934-a6fe-4c83-b552-5115a4f85aa9,bf2b10af-3d9c-4d51-96c8-457ad55aac75,1644236507806,13.3594186,52.5121805,3.8634322,-0.09730649,-1.7861606,0.3708105,on bike mount,cyclo cross,True,fine gravel,good
5fcb171f-5280-4094-8dbf-a3a65b71f71a,7bc59934-a6fe-4c83-b552-5115a4f85aa9,26062887-1079-470d-ae9a-87e985ca9471,1644236507860,13.3594186,52.5121805,3.8634322,0.52023554,0.06634903,0.34382725,on bike mount,cyclo cross,True,fine gravel,good
5fcb171f-5280-4094-8dbf-a3a65b71f71a,7bc59934-a6fe-4c83-b552-5115a4f85aa9,67a6bdfa-8f01-494e-bd40-b813c3e2fecb,1644236507915,13.3594186,52.5121805,3.8634322,0.3365344,-0.31737995,-0.38849735,on bike mount,cyclo cross,True,fine gravel,good
5fcb171f-5280-4094-8dbf-a3a65b71f71a,7bc59934-a6fe-4c83-b552-5115a4f85aa9,7f0b4b06-8b4f-482e-873f-ad5d02d64683,1644236507972,13.3594186,52.5121805,3.8634322,0.5961661,0.19822502,-2.2949443,on bike mount,cyclo cross,True,fine gravel,good
5fcb171f-5280-4094-8dbf-a3a65b71f71a,7bc59934-a6fe-4c83-b552-5115a4f85aa9,8c8c1a83-c676-4a65-af10-796ed56be213,1644236508027,13.3594186,52.5121805,3.8634322,0.6527871,1.2684007,1.0390453,on bike mount,cyclo cross,True,fine gravel,good
5fcb171f-5280-4094-8dbf-a3a65b71f71a,7bc59934-a6fe-4c83-b552-5115a4f85aa9,a60abf42-5bec-415e-9c30-d32c7fc17227,1644236508083,13.3594186,52.5121805,3.8634322,0.24846676,0.04939127,0.057118416,on bike mount,cyclo cross,True,fine gravel,good
5fcb171f-5280-4094-8dbf-a3a65b71f71a,7bc59934-a6fe-4c83-b552-5115a4f85aa9,b38f423b-a0f6-49f4-9c0f-f6eaf06dbebe,1644236508138,13.3594186,52.5121805,3.8634322,1.0415236,-0.5171876,0.2580042,on bike mount,cyclo cross,True,fine gravel,good
5fcb171f-5280-4094-8dbf-a3a65b71f71a,7bc59934-a6fe-4c83-b552-5115a4f85aa9,99feea9c-8757-4c81-84fd-598001f2f40d,1644236508194,13.3594186,52.5121805,3.8634322,1.200733,-1.4668326,-1.4341469,on bike mount,cyclo cross,True,fine gravel,good
5fcb171f-5280-4094-8dbf-a3a65b71f71a,7bc59934-a6fe-4c83-b552-5115a4f85aa9,cc1ba241-794d-4354-bd36-23fc0f15fec2,1644236508249,13.3594186,52.5121805,3.8634322,0.77219117,0.27018785,-1.7221842,on bike mount,cyclo cross,True,fine gravel,good
5fcb171f-5280-4094-8dbf-a3a65b71f71a,7bc59934-a6fe-4c83-b552-5115a4f85aa9,f5d7e6a3-257b-40e1-ac56-57befd1c53e0,1644236508308,13.3594186,52.5121805,3.8634322,0.7553679,1.8485003,-1.8681569,on bike mount,cyclo cross,True,fine gravel,good
5fcb171f-5280-4094-8dbf-a3a65b71f71a,7bc59934-a6fe-4c83-b552-5115a4f85aa9,a80beae2-9730-4e15-98d5-ce9b7b006821,1644236508361,13.3594186,52.5121805,3.8634322,0.26415554,0.615489,-1.5776091,on bike mount,cyclo cross,True,fine gravel,good
5fcb171f-5280-4094-8dbf-a3a65b71f71a,7bc59934-a6fe-4c83-b552-5115a4f85aa9,f14ca66a-2309-4804-80b2-b50fcd05241d,1644236508416,13.3594186,52.5121805,3.8634322,0.4554169,0.14364266,-0.38033772,on bike mount,cyclo cross,True,fine gravel,good
5fcb171f-5280-4094-8dbf-a3a65b71f71a,7bc59934-a6fe-4c83-b552-5115a4f85aa9,4842d49e-069d-4e3b-9715-7437cabc9758,1644236508473,13.3594186,52.5121805,3.8634322,-0.02398926,0.349972,-1.6836023,on bike mount,cyclo cross,True,fine gravel,good
5fcb171f-5280-4094-8dbf-a3a65b71f71a,7bc59934-a6fe-4c83-b552-5115a4f85aa9,cdf12bd5-e112-4993-991a-5acfd55d0208,1644236508527,13.3594186,52.5121805,3.8634322,0.25541145,1.4115498,-0.8878732,on bike mount,cyclo cross,True,fine gravel,good
5fcb171f-5280-4094-8dbf-a3a65b71f71a,7bc59934-a6fe-4c83-b552-5115a4f85aa9,00e491d9-b008-47f7-a922-a4a37bdb0115,1644236508584,13.3594186,52.5121805,3.8634322,0.5401798,0.29168773,0.86497974,on bike mount,cyclo cross,True,fine gravel,good
5fcb171f-5280-4094-8dbf-a3a65b71f71a,7bc59934-a6fe-4c83-b552-5115a4f85aa9,018c2b21-2268-457c-9560-ad1d7ce7fa14,1644236508638,13.3594673,52.5122098,3.4725533,0.40286708,-0.91374445,-0.13798523,on bike mount,cyclo cross,True,fine gravel,good
5fcb171f-5280-4094-8dbf-a3a65b71f71a,7bc59934-a6fe-4c83-b552-5115a4f85aa9,0d6a8bf6-356a-481b-add7-30b68cddda32,1644236508693,13.3594673,52.5122098,3.4725533,0.9317487,-0.24190807,0.3773508,on bike mount,cyclo cross,True,fine gravel,good
5fcb171f-5280-4094-8dbf-a3a65b71f71a,7bc59934-a6fe-4c83-b552-5115a4f85aa9,2a964e16-a34c-4596-a835-57d6cc6989d2,1644236508749,13.3594673,52.5122098,3.4725533,0.7500021,-0.5658591,1.4550314,on bike mount,cyclo cross,True,fine gravel,good
5fcb171f-5280-4094-8dbf-a3a65b71f71a,7bc59934-a6fe-4c83-b552-5115a4f85aa9,0c88dfb1-793b-4ea3-8019-70284d8bc9aa,1644236508806,13.3594673,52.5122098,3.4725533,1.4284456,-0.27019882,-0.20104408,on bike mount,cyclo cross,True,fine gravel,good
5fcb171f-5280-4094-8dbf-a3a65b71f71a,7bc59934-a6fe-4c83-b552-5115a4f85aa9,f25c3b7e-3e39-40e4-91b6-a64ef0ec99a9,1644236508861,13.3594673,52.5122098,3.4725533,-0.0822525,0.27296162,0.31361198,on bike mount,cyclo cross,True,fine gravel,good
5fcb171f-5280-4094-8dbf-a3a65b71f71a,7bc59934-a6fe-4c83-b552-5115a4f85aa9,f4d08dba-d439-4ec0-aeef-dc1a73a30435,1644236508916,13.3594673,52.5122098,3.4725533,1.2990277,-0.078397274,1.4925804,on bike mount,cyclo cross,True,fine gravel,good
5fcb171f-5280-4094-8dbf-a3a65b71f71a,7bc59934-a6fe-4c83-b552-5115a4f85aa9,3effcecc-b27f-46fa-8647-0e8a600c8097,1644236508972,13.3594673,52.5122098,3.4725533,1.1570046,-1.2362101,0.47451115,on bike mount,cyclo cross,True,fine gravel,good
5fcb171f-5280-4094-8dbf-a3a65b71f71a,7bc59934-a6fe-4c83-b552-5115a4f85aa9,b8017e1a-4f84-45b9-9514-cc7b9a89c29a,1644236509027,13.3594673,52.5122098,3.4725533,-0.30390215,-0.1479032,-0.69510555,on bike mount,cyclo cross,True,fine gravel,good
5fcb171f-5280-4094-8dbf-a3a65b71f71a,7bc59934-a6fe-4c83-b552-5115a4f85aa9,c8bdbde1-d513-4af2-a395-2d7ec25c179f,1644236509082,13.3594673,52.5122098,3.4725533,-1.294138,0.39885283,-0.54220295,on bike mount,cyclo cross,True,fine gravel,good
5fcb171f-5280-4094-8dbf-a3a65b71f71a,7bc59934-a6fe-4c83-b552-5115a4f85aa9,2ca3d467-8d85-4a50-8bdf-2241e3da409f,1644236509139,13.3594673,52.5122098,3.4725533,-0.26895392,-0.7526374,0.5970936,on bike mount,cyclo cross,True,fine gravel,good
5fcb171f-5280-4094-8dbf-a3a65b71f71a,7bc59934-a6fe-4c83-b552-5115a4f85aa9,836a3331-75f8-420f-9c0b-7bf58e0ade4d,1644236509194,13.3594673,52.5122098,3.4725533,0.31426078,0.13801074,1.6717787,on bike mount,cyclo cross,True,fine gravel,good
5fcb171f-5280-4094-8dbf-a3a65b71f71a,7bc59934-a6fe-4c83-b552-5115a4f85aa9,a84d9d47-eb2a-4a1f-a38a-7ddd3113b59d,1644236509249,13.3594673,52.5122098,3.4725533,0.14407864,1.0325358,-0.2922287,on bike mount,cyclo cross,True,fine gravel,good
5fcb171f-5280-4094-8dbf-a3a65b71f71a,7bc59934-a6fe-4c83-b552-5115a4f85aa9,305b84d2-cc2e-4a5b-a268-45f5d7b81bb2,1644236509305,13.3594673,52.5122098,3.4725533,0.73392063,-2.13325,0.5903063,on bike mount,cyclo cross,True,fine gravel,good
5fcb171f-5280-4094-8dbf-a3a65b71f71a,7bc59934-a6fe-4c83-b552-5115a4f85aa9,805fa03f-fe80-4c8d-a81a-5c50ae3fabe2,1644236509361,13.3594673,52.5122098,3.4725533,1.1634779,-0.12579131,1.5323267,on bike mount,cyclo cross,True,fine gravel,good
5fcb171f-5280-4094-8dbf-a3a65b71f71a,7bc59934-a6fe-4c83-b552-5115a4f85aa9,15ce1123-fe03-4ba4-abcc-30723f9c4140,1644236509416,13.3594673,52.5122098,3.4725533,0.8166245,-0.18798041,-0.06049919,on bike mount,cyclo cross,True,fine gravel,good
5fcb171f-5280-4094-8dbf-a3a65b71f71a,7bc59934-a6fe-4c83-b552-5115a4f85aa9,3a5ecb6f-aa7d-471f-8511-322f8ad3053d,1644236509471,13.3594673,52.5122098,3.4725533,0.54158187,-0.47290277,0.78014374,on bike mount,cyclo cross,True,fine gravel,good
5fcb171f-5280-4094-8dbf-a3a65b71f71a,7bc59934-a6fe-4c83-b552-5115a4f85aa9,af4afac3-e72d-44c5-9dfd-a4aea5f2849f,1644236509528,13.3594673,52.5122098,3.4725533,1.9540269,0.23022151,0.17480278,on bike mount,cyclo cross,True,fine gravel,good
5fcb171f-5280-4094-8dbf-a3a65b71f71a,7bc59934-a6fe-4c83-b552-5115a4f85aa9,2ba499d2-adae-4407-921d-84ec845d60ed,1644236509583,13.3594673,52.5122098,3.4725533,1.3826177,0.79929614,1.3173275,on bike mount,cyclo cross,True,fine gravel,good
5fcb171f-5280-4094-8dbf-a3a65b71f71a,7bc59934-a6fe-4c83-b552-5115a4f85aa9,f1f50e3c-d25a-46be-8662-f47457021992,1644236509638,13.3595082,52.5122315,3.2705216,1.0431195,1.6447747,-1.484993,on bike mount,cyclo cross,True,fine gravel,good
5fcb171f-5280-4094-8dbf-a3a65b71f71a,7bc59934-a6fe-4c83-b552-5115a4f85aa9,f62b457e-3506-4579-993f-cb8c1b38801f,1644236509694,13.3595082,52.5122315,3.2705216,0.91619897,-1.331528,1.8309145,on bike mount,cyclo cross,True,fine gravel,good
5fcb171f-5280-4094-8dbf-a3a65b71f71a,7bc59934-a6fe-4c83-b552-5115a4f85aa9,e8ed2109-c4cc-46bf-91f4-7da3e0036192,1644236509750,13.3595082,52.5122315,3.2705216,0.76316667,-0.7631645,-0.98961735,on bike mount,cyclo cross,True,fine gravel,good
5fcb171f-5280-4094-8dbf-a3a65b71f71a,7bc59934-a6fe-4c83-b552-5115a4f85aa9,31f79abf-5e5d-4e14-816a-744b1f19acb5,1644236509805,13.3595082,52.5122315,3.2705216,2.2611866,-0.50839067,0.7199402,on bike mount,cyclo cross,True,fine gravel,good
5fcb171f-5280-4094-8dbf-a3a65b71f71a,7bc59934-a6fe-4c83-b552-5115a4f85aa9,3a9b2905-0ff1-4630-a069-7e43b3e01563,1644236509860,13.3595082,52.5122315,3.2705216,0.66527164,1.0027769,0.41924,on bike mount,cyclo cross,True,fine gravel,good
5fcb171f-5280-4094-8dbf-a3a65b71f71a,7bc59934-a6fe-4c83-b552-5115a4f85aa9,a4300842-f716-4e5b-9232-2d1741572d67,1644236509916,13.3595082,52.5122315,3.2705216,0.86890405,-0.8090043,-0.47779655,on bike mount,cyclo cross,True,fine gravel,good
5fcb171f-5280-4094-8dbf-a3a65b71f71a,7bc59934-a6fe-4c83-b552-5115a4f85aa9,f67926ed-7c69-4180-81af-603cc17675bb,1644236509971,13.3595082,52.5122315,3.2705216,0.25218433,-0.8035641,0.53202724,on bike mount,cyclo cross,True,fine gravel,good
5fcb171f-5280-4094-8dbf-a3a65b71f71a,7bc59934-a6fe-4c83-b552-5115a4f85aa9,10d1c9bf-f9cd-49a1-bfd0-53c1d1d04159,1644236510027,13.3595082,52.5122315,3.2705216,-0.9700583,-0.3591559,1.5121908,on bike mount,cyclo cross,True,fine gravel,good
5fcb171f-5280-4094-8dbf-a3a65b71f71a,7bc59934-a6fe-4c83-b552-5115a4f85aa9,d1e5be14-248e-450a-8769-08cf9c3fd89f,1644236510085,13.3595082,52.5122315,3.2705216,-0.010363162,0.032744884,1.6795845,on bike mount,cyclo cross,True,fine gravel,good
5fcb171f-5280-4094-8dbf-a3a65b71f71a,7bc59934-a6fe-4c83-b552-5115a4f85aa9,c414292d-47a8-463c-91b4-e6788bb10777,1644236510141,13.3595082,52.5122315,3.2705216,-0.28759843,-1.419575,-0.5985203,on bike mount,cyclo cross,True,fine gravel,good
5fcb171f-5280-4094-8dbf-a3a65b71f71a,7bc59934-a6fe-4c83-b552-5115a4f85aa9,d2e475ca-c8fa-462b-b413-b105ff4ed11e,1644236510193,13.3595082,52.5122315,3.2705216,-0.9519332,0.30518556,-1.8457975,on bike mount,cyclo cross,True,fine gravel,good
5fcb171f-5280-4094-8dbf-a3a65b71f71a,7bc59934-a6fe-4c83-b552-5115a4f85aa9,c69f411f-b7d5-4561-8761-31fae7c1e14f,1644236510249,13.3595082,52.5122315,3.2705216,0.20825465,0.34685874,-0.46284103,on bike mount,cyclo cross,True,fine gravel,good
5fcb171f-5280-4094-8dbf-a3a65b71f71a,7bc59934-a6fe-4c83-b552-5115a4f85aa9,0fb8f71b-5409-4249-9749-4400e61c9e67,1644236510306,13.3595082,52.5122315,3.2705216,-2.9199383,0.37459087,-0.10933876,on bike mount,cyclo cross,True,fine gravel,good
5fcb171f-5280-4094-8dbf-a3a65b71f71a,7bc59934-a6fe-4c83-b552-5115a4f85aa9,73331462-4475-40ee-be10-276b40fbe217,1644236510375,13.3595082,52.5122315,3.2705216,-0.70978636,-1.703391,-1.5691457,on bike mount,cyclo cross,True,fine gravel,good
5fcb171f-5280-4094-8dbf-a3a65b71f71a,7bc59934-a6fe-4c83-b552-5115a4f85aa9,37785c92-b5ea-4408-a0b2-88083692717d,1644236510427,13.3595082,52.5122315,3.2705216,-1.2280548,-0.7725569,0.18536854,on bike mount,cyclo cross,True,fine gravel,good
5fcb171f-5280-4094-8dbf-a3a65b71f71a,7bc59934-a6fe-4c83-b552-5115a4f85aa9,9e6d4c38-4ffe-4964-90c2-b2cce55952fa,1644236510484,13.3595082,52.5122315,3.2705216,-2.180248,-0.9734287,1.9131937,on bike mount,cyclo cross,True,fine gravel,good
5fcb171f-5280-4094-8dbf-a3a65b71f71a,7bc59934-a6fe-4c83-b552-5115a4f85aa9,8987b2bf-dd60-452a-86b5-ed6f8e285dc2,1644236510542,13.3595082,52.5122315,3.2705216,-1.4571011,-0.39718294,1.610507,on bike mount,cyclo cross,True,fine gravel,good
5fcb171f-5280-4094-8dbf-a3a65b71f71a,7bc59934-a6fe-4c83-b552-5115a4f85aa9,706271a8-95da-4372-bb28-34fdcea0b4e1,1644236510594,13.3595082,52.5122315,3.2705216,-0.8387491,0.22437024,-0.0643177,on bike mount,cyclo cross,True,fine gravel,good
5fcb171f-5280-4094-8dbf-a3a65b71f71a,7bc59934-a6fe-4c83-b552-5115a4f85aa9,4ae02277-48fb-4070-a94e-a21da2a7e9ad,1644236510649,13.3595554,52.5122489,3.0904195,-0.9987525,-0.5133126,1.6799784,on bike mount,cyclo cross,True,fine gravel,good
5fcb171f-5280-4094-8dbf-a3a65b71f71a,7bc59934-a6fe-4c83-b552-5115a4f85aa9,18df36c3-025c-46e7-88c5-f568756e1258,1644236510705,13.3595554,52.5122489,3.0904195,-1.213473,0.68245006,1.802414,on bike mount,cyclo cross,True,fine gravel,good
5fcb171f-5280-4094-8dbf-a3a65b71f71a,7bc59934-a6fe-4c83-b552-5115a4f85aa9,48cfafe3-2c22-47bc-9d18-f689e61e59a8,1644236510761,13.3595554,52.5122489,3.0904195,-1.2742323,-0.006458521,1.1872063,on bike mount,cyclo cross,True,fine gravel,good
5fcb171f-5280-4094-8dbf-a3a65b71f71a,7bc59934-a6fe-4c83-b552-5115a4f85aa9,a99d1ed2-75b1-4454-89d4-114941471cd6,1644236510817,13.3595554,52.5122489,3.0904195,0.029266953,1.244348,-1.0139151,on bike mount,cyclo cross,True,fine gravel,good
5fcb171f-5280-4094-8dbf-a3a65b71f71a,7bc59934-a6fe-4c83-b552-5115a4f85aa9,e3207fad-1a3f-4014-80b8-071f2ed1498b,1644236510872,13.3595554,52.5122489,3.0904195,-0.8305797,-0.89252925,2.1137142,on bike mount,cyclo cross,True,fine gravel,good
5fcb171f-5280-4094-8dbf-a3a65b71f71a,7bc59934-a6fe-4c83-b552-5115a4f85aa9,02e9de7b-9f06-48e1-aab5-e4349fefb9be,1644236510929,13.3595554,52.5122489,3.0904195,-1.0027568,-0.6807921,0.113508224,on bike mount,cyclo cross,True,fine gravel,good
5fcb171f-5280-4094-8dbf-a3a65b71f71a,7bc59934-a6fe-4c83-b552-5115a4f85aa9,f16feb6e-1744-41d1-8317-f78bb6d09326,1644236510982,13.3595554,52.5122489,3.0904195,-0.13847518,-1.7583163,0.19054604,on bike mount,cyclo cross,True,fine gravel,good
5fcb171f-5280-4094-8dbf-a3a65b71f71a,7bc59934-a6fe-4c83-b552-5115a4f85aa9,e7374a07-dadb-46cb-b11f-685cdb74469c,1644236511038,13.3595554,52.5122489,3.0904195,-0.6090251,-0.57543516,0.74182415,on bike mount,cyclo cross,True,fine gravel,good
5fcb171f-5280-4094-8dbf-a3a65b71f71a,7bc59934-a6fe-4c83-b552-5115a4f85aa9,16a90b56-e1b8-44e8-bffa-edb840b5f744,1644236511093,13.3595554,52.5122489,3.0904195,-0.6536586,-1.5648308,0.8787346,on bike mount,cyclo cross,True,fine gravel,good
5fcb171f-5280-4094-8dbf-a3a65b71f71a,7bc59934-a6fe-4c83-b552-5115a4f85aa9,1255b685-f4fa-4a3d-93f0-55eae557ee7d,1644236511148,13.3595554,52.5122489,3.0904195,-1.0611235,-0.53380966,0.60005474,on bike mount,cyclo cross,True,fine gravel,good
5fcb171f-5280-4094-8dbf-a3a65b71f71a,7bc59934-a6fe-4c83-b552-5115a4f85aa9,b50848b4-250d-4918-a576-97f11c801262,1644236511205,13.3595554,52.5122489,3.0904195,-1.1985836,-0.6650381,0.80825233,on bike mount,cyclo cross,True,fine gravel,good
5fcb171f-5280-4094-8dbf-a3a65b71f71a,7bc59934-a6fe-4c83-b552-5115a4f85aa9,c6520d85-8d57-458a-9014-103e4bd5611d,1644236511261,13.3595554,52.5122489,3.0904195,-0.44129744,-0.65763307,0.53272533,on bike mount,cyclo cross,True,fine gravel,good
5fcb171f-5280-4094-8dbf-a3a65b71f71a,7bc59934-a6fe-4c83-b552-5115a4f85aa9,1baf8dcb-95af-400b-84be-b92689db80a0,1644236511316,13.3595554,52.5122489,3.0904195,-0.7013671,0.10055375,0.7601719,on bike mount,cyclo cross,True,fine gravel,good
5fcb171f-5280-4094-8dbf-a3a65b71f71a,7bc59934-a6fe-4c83-b552-5115a4f85aa9,868d30e9-a400-4b46-9197-af16dd9d5951,1644236511372,13.3595554,52.5122489,3.0904195,-0.9885453,0.59879756,1.1525373,on bike mount,cyclo cross,True,fine gravel,good
5fcb171f-5280-4094-8dbf-a3a65b71f71a,7bc59934-a6fe-4c83-b552-5115a4f85aa9,89bcf929-d9f8-40f4-bb84-57bd9b250a38,1644236511427,13.3595554,52.5122489,3.0904195,-1.370137,-0.50417066,1.0434418,on bike mount,cyclo cross,True,fine gravel,good
5fcb171f-5280-4094-8dbf-a3a65b71f71a,7bc59934-a6fe-4c83-b552-5115a4f85aa9,879ac796-6162-43cb-b91a-02bc17f03585,1644236511482,13.3595554,52.5122489,3.0904195,-0.9152672,-0.36440718,-1.7592721,on bike mount,cyclo cross,True,fine gravel,good
5fcb171f-5280-4094-8dbf-a3a65b71f71a,7bc59934-a6fe-4c83-b552-5115a4f85aa9,7146bdcf-b3dd-4383-8ff5-327ea9d38888,1644236511541,13.3595554,52.5122489,3.0904195,-0.8305708,-1.061837,2.4301805,on bike mount,cyclo cross,True,fine gravel,good
5fcb171f-5280-4094-8dbf-a3a65b71f71a,7bc59934-a6fe-4c83-b552-5115a4f85aa9,8708047d-a966-4e34-8ef0-e0785a5f6204,1644236511595,13.3595554,52.5122489,3.0904195,0.090738654,2.0012865,-3.4875536,on bike mount,cyclo cross,True,fine gravel,good
5fcb171f-5280-4094-8dbf-a3a65b71f71a,7bc59934-a6fe-4c83-b552-5115a4f85aa9,e3b34fb8-f002-468e-a2b4-e3afac128586,1644236511649,13.3596057,52.5122552,2.8597887,0.7596277,-2.0170207,1.6293297,on bike mount,cyclo cross,True,fine gravel,good
5fcb171f-5280-4094-8dbf-a3a65b71f71a,7bc59934-a6fe-4c83-b552-5115a4f85aa9,a4ffdb97-55e1-4b17-a3b2-11e6b3b90890,1644236511705,13.3596057,52.5122552,2.8597887,1.0266511,3.317633,5.13828,on bike mount,cyclo cross,True,fine gravel,good
5fcb171f-5280-4094-8dbf-a3a65b71f71a,7bc59934-a6fe-4c83-b552-5115a4f85aa9,f013a4a1-1496-404d-ae5b-30a03eedba8f,1644236511760,13.3596057,52.5122552,2.8597887,1.4849886,-1.5215801,1.6231251,on bike mount,cyclo cross,True,fine gravel,good
5fcb171f-5280-4094-8dbf-a3a65b71f71a,7bc59934-a6fe-4c83-b552-5115a4f85aa9,b5fc1cd9-0493-4653-87f4-4d0513683b5e,1644236511816,13.3596057,52.5122552,2.8597887,-0.62137175,0.6060591,0.53030777,on bike mount,cyclo cross,True,fine gravel,good
5fcb171f-5280-4094-8dbf-a3a65b71f71a,7bc59934-a6fe-4c83-b552-5115a4f85aa9,1d7fd967-c3a2-4500-b10e-c5ff7e9e511d,1644236511873,13.3596057,52.5122552,2.8597887,-0.47570908,0.036410093,-1.6225519,on bike mount,cyclo cross,True,fine gravel,good
5fcb171f-5280-4094-8dbf-a3a65b71f71a,7bc59934-a6fe-4c83-b552-5115a4f85aa9,7b1ccb16-7d00-452a-9bf7-753865f1f190,1644236511928,13.3596057,52.5122552,2.8597887,-0.03753215,2.5761285,-0.52719975,on bike mount,cyclo cross,True,fine gravel,good
5fcb171f-5280-4094-8dbf-a3a65b71f71a,7bc59934-a6fe-4c83-b552-5115a4f85aa9,b3fa509b-2d7e-455b-909d-30b47fd0c099,1644236511984,13.3596057,52.5122552,2.8597887,-0.44932678,0.8144202,-1.561491,on bike mount,cyclo cross,True,fine gravel,good
5fcb171f-5280-4094-8dbf-a3a65b71f71a,7bc59934-a6fe-4c83-b552-5115a4f85aa9,377a8fbc-6908-46dd-a1f2-04ef50a0bd02,1644236512039,13.3596057,52.5122552,2.8597887,-1.0235999,-0.45736742,1.3667126,on bike mount,cyclo cross,True,fine gravel,good
5fcb171f-5280-4094-8dbf-a3a65b71f71a,7bc59934-a6fe-4c83-b552-5115a4f85aa9,9a242612-6540-4c51-88af-b68bda9a4d2d,1644236512094,13.3596326,52.5122576,2.5877712,-0.49053186,0.26895666,-1.8131294,on bike mount,cyclo cross,True,fine gravel,good
5fcb171f-5280-4094-8dbf-a3a65b71f71a,7bc59934-a6fe-4c83-b552-5115a4f85aa9,8d503479-76f6-4fb6-bfa1-c2867bb254d8,1644236512150,13.3596326,52.5122576,2.5877712,-1.7680678,2.9393792,-1.555325,on bike mount,cyclo cross,True,fine gravel,good
5fcb171f-5280-4094-8dbf-a3a65b71f71a,7bc59934-a6fe-4c83-b552-5115a4f85aa9,f1291ae2-6e3a-49c0-ac9b-941fc5640f73,1644236512204,13.3596326,52.5122576,2.5877712,-0.439686,0.6526573,-1.1219115,on bike mount,cyclo cross,True,fine gravel,good
5fcb171f-5280-4094-8dbf-a3a65b71f71a,7bc59934-a6fe-4c83-b552-5115a4f85aa9,0e5edc69-dee4-464a-9f80-3788c2d1daf5,1644236512261,13.3596326,52.5122576,2.5877712,-1.4682554,-1.4146026,-1.5087533,on bike mount,cyclo cross,True,fine gravel,good
5fcb171f-5280-4094-8dbf-a3a65b71f71a,7bc59934-a6fe-4c83-b552-5115a4f85aa9,79525043-6a99-4058-a54e-04c3301aceb6,1644236512317,13.3596326,52.5122576,2.5877712,-1.0942945,4.9838142,-4.241522,on bike mount,cyclo cross,True,fine gravel,good
5fcb171f-5280-4094-8dbf-a3a65b71f71a,7bc59934-a6fe-4c83-b552-5115a4f85aa9,f3c53df2-bdd5-4893-be4c-90b7261d1d2c,1644236512372,13.3596326,52.5122576,2.5877712,0.78972936,0.8978777,2.2259073,on bike mount,cyclo cross,True,fine gravel,good
5fcb171f-5280-4094-8dbf-a3a65b71f71a,7bc59934-a6fe-4c83-b552-5115a4f85aa9,5d6240a5-d27e-4331-a9c8-de3f5ff7c2a1,1644236512427,13.3596326,52.5122576,2.5877712,-1.5681238,-0.68459153,-0.041002274,on bike mount,cyclo cross,True,fine gravel,good
5fcb171f-5280-4094-8dbf-a3a65b71f71a,7bc59934-a6fe-4c83-b552-5115a4f85aa9,a9378e18-90d1-4b53-a7a4-1ee779185409,1644236512483,13.3596326,52.5122576,2.5877712,1.0233368,0.74501467,0.38281822,on bike mount,cyclo cross,True,fine gravel,good
5fcb171f-5280-4094-8dbf-a3a65b71f71a,7bc59934-a6fe-4c83-b552-5115a4f85aa9,9d88d368-1ae1-4d23-9e4e-e7e26df13650,1644236512540,13.3596326,52.5122576,2.5877712,0.20273666,0.20635223,1.9743977,on bike mount,cyclo cross,True,fine gravel,good
5fcb171f-5280-4094-8dbf-a3a65b71f71a,7bc59934-a6fe-4c83-b552-5115a4f85aa9,4b74fc4e-9d90-45c0-8fc1-651fd2a7f047,1644236512596,13.3596326,52.5122576,2.5877712,-1.026949,2.789528,0.5923023,on bike mount,cyclo cross,True,fine gravel,good
5fcb171f-5280-4094-8dbf-a3a65b71f71a,7bc59934-a6fe-4c83-b552-5115a4f85aa9,bd30f0c2-2f3d-4bf5-a4c0-da85cdfcb8fc,1644236512649,13.3596545,52.5122622,2.539641,-1.5818591,1.2960067,-2.2983117,on bike mount,cyclo cross,True,fine gravel,good
5fcb171f-5280-4094-8dbf-a3a65b71f71a,7bc59934-a6fe-4c83-b552-5115a4f85aa9,edac3a05-5991-47be-b0a7-e75c8ef3610f,1644236512705,13.3596545,52.5122622,2.539641,1.1499109,-2.0899215,-0.20919609,on bike mount,cyclo cross,True,fine gravel,good
5fcb171f-5280-4094-8dbf-a3a65b71f71a,7bc59934-a6fe-4c83-b552-5115a4f85aa9,877d3d05-261a-4cb8-829b-3a504d6a1ac2,1644236512761,13.3596545,52.5122622,2.539641,0.75433826,0.82227945,-0.3421507,on bike mount,cyclo cross,True,fine gravel,good
5fcb171f-5280-4094-8dbf-a3a65b71f71a,7bc59934-a6fe-4c83-b552-5115a4f85aa9,2380a748-a277-431a-9266-a934350f7ace,1644236512816,13.3596545,52.5122622,2.539641,0.97054654,1.301625,2.2635117,on bike mount,cyclo cross,True,fine gravel,good
