bike_activity_uid,bike_activity_sample_uid,bike_activity_measurement,bike_activity_measurement_timestamp,bike_activity_measurement_lon,bike_activity_measurement_lat,bike_activity_measurement_speed,bike_activity_measurement_accelerometer_x,bike_activity_measurement_accelerometer_y,bike_activity_measurement_accelerometer_z,bike_activity_phone_position,bike_activity_bike_type,bike_activity_flagged_lab_conditions,bike_activity_surface_type,bike_activity_smoothness_type
6829de33-aa39-48ff-a809-5a8a92c2a471,877fa0eb-027d-414a-bfb9-9c946127f098,4d035245-0e9b-45db-82dc-a106b45423c7,1633253638585,14.5160925,52.1425071,5.9323597,-0.43014663,-1.2898511,-0.8040705,on bike mount,cyclo cross,False,asphalt,excellent
6829de33-aa39-48ff-a809-5a8a92c2a471,877fa0eb-027d-414a-bfb9-9c946127f098,70619394-1d40-4448-a9ab-6130f484fe37,1633253638651,14.5160925,52.1425071,5.9323597,1.2683841,0.8492098,-1.2931986,on bike mount,cyclo cross,False,asphalt,excellent
6829de33-aa39-48ff-a809-5a8a92c2a471,877fa0eb-027d-414a-bfb9-9c946127f098,4b239bba-82b3-4645-8499-c50496d098d1,1633253638716,14.5160925,52.1425071,5.9323597,-0.08110544,-0.80969524,1.4969683,on bike mount,cyclo cross,False,asphalt,excellent
6829de33-aa39-48ff-a809-5a8a92c2a471,877fa0eb-027d-414a-bfb9-9c946127f098,a91e87e4-641e-49ba-87ad-b61800b1cb3c,1633253638767,14.5160925,52.1425071,5.9323597,-1.5000734,0.86043763,0.6421604,on bike mount,cyclo cross,False,asphalt,excellent
6829de33-aa39-48ff-a809-5a8a92c2a471,877fa0eb-027d-414a-bfb9-9c946127f098,1cef9fff-d5bb-4362-97b9-b0be6138d17f,1633253638818,14.5160925,52.1425071,5.9323597,0.805872,0.99995184,0.092959404,on bike mount,cyclo cross,False,asphalt,excellent
6829de33-aa39-48ff-a809-5a8a92c2a471,877fa0eb-027d-414a-bfb9-9c946127f098,4f9a95a3-d410-4b48-88c2-4464ddea06b3,1633253638885,14.5160925,52.1425071,5.9323597,2.0344782,3.893229,-5.5400105,on bike mount,cyclo cross,False,asphalt,excellent
6829de33-aa39-48ff-a809-5a8a92c2a471,877fa0eb-027d-414a-bfb9-9c946127f098,86aaa45a-60bc-439a-ad8d-4d035b21602e,1633253638951,14.5160925,52.1425071,5.9323597,0.76993954,-0.78041434,0.6230421,on bike mount,cyclo cross,False,asphalt,excellent
6829de33-aa39-48ff-a809-5a8a92c2a471,877fa0eb-027d-414a-bfb9-9c946127f098,7ded38d1-912c-40fa-bc0e-c93bd1336afd,1633253639001,14.5160925,52.1425071,5.9323597,-0.6262121,1.3309052,2.3971806,on bike mount,cyclo cross,False,asphalt,excellent
6829de33-aa39-48ff-a809-5a8a92c2a471,877fa0eb-027d-414a-bfb9-9c946127f098,f16a903c-be04-4b05-bf96-14857937c516,1633253639052,14.5160925,52.1425071,5.9323597,-0.1528469,0.054483414,1.2212563,on bike mount,cyclo cross,False,asphalt,excellent
6829de33-aa39-48ff-a809-5a8a92c2a471,877fa0eb-027d-414a-bfb9-9c946127f098,7c9a1863-00ca-465d-a6d5-79cb7f1ffd7f,1633253639102,14.5160925,52.1425071,5.9323597,-0.43318516,-0.70621705,0.16221333,on bike mount,cyclo cross,False,asphalt,excellent
6829de33-aa39-48ff-a809-5a8a92c2a471,877fa0eb-027d-414a-bfb9-9c946127f098,da1a1cf0-92c7-464e-b036-776ff458e269,1633253639153,14.5161728,52.1425089,5.9001927,0.3538949,-0.059791565,0.019247055,on bike mount,cyclo cross,False,asphalt,excellent
6829de33-aa39-48ff-a809-5a8a92c2a471,877fa0eb-027d-414a-bfb9-9c946127f098,9b20dd83-1857-49ff-b563-6265ccaf63bb,1633253639218,14.5161728,52.1425089,5.9001927,0.9533022,-0.7573161,-0.5985184,on bike mount,cyclo cross,False,asphalt,excellent
6829de33-aa39-48ff-a809-5a8a92c2a471,877fa0eb-027d-414a-bfb9-9c946127f098,98980f6c-ef51-42a3-8701-f241906706d8,1633253639270,14.5161728,52.1425089,5.9001927,-0.7385152,0.5237,-0.36358452,on bike mount,cyclo cross,False,asphalt,excellent
6829de33-aa39-48ff-a809-5a8a92c2a471,877fa0eb-027d-414a-bfb9-9c946127f098,7bcf2ee5-bb95-41ad-b7d0-59d685c02da4,1633253639319,14.5161728,52.1425089,5.9001927,0.093618184,0.63053036,-0.68359756,on bike mount,cyclo cross,False,asphalt,excellent
6829de33-aa39-48ff-a809-5a8a92c2a471,877fa0eb-027d-414a-bfb9-9c946127f098,8a7f6345-6439-42c6-a350-f2826f211ed8,1633253639369,14.5161728,52.1425089,5.9001927,1.1418908,0.7770679,1.734972,on bike mount,cyclo cross,False,asphalt,excellent
6829de33-aa39-48ff-a809-5a8a92c2a471,877fa0eb-027d-414a-bfb9-9c946127f098,55f438b1-5063-4f02-a688-d06264c9fa73,1633253639419,14.5161728,52.1425089,5.9001927,-1.006402,0.57398343,-0.5485983,on bike mount,cyclo cross,False,asphalt,excellent
6829de33-aa39-48ff-a809-5a8a92c2a471,877fa0eb-027d-414a-bfb9-9c946127f098,68f2225f-59cf-4ccd-9d48-d452a8aeee19,1633253639469,14.5161728,52.1425089,5.9001927,-0.35730973,0.35994768,-0.8673258,on bike mount,cyclo cross,False,asphalt,excellent
6829de33-aa39-48ff-a809-5a8a92c2a471,877fa0eb-027d-414a-bfb9-9c946127f098,643bdefa-fb89-4c4f-8442-e8d470bfb02d,1633253639519,14.5161728,52.1425089,5.9001927,1.3141447,0.16707873,0.4935398,on bike mount,cyclo cross,False,asphalt,excellent
6829de33-aa39-48ff-a809-5a8a92c2a471,877fa0eb-027d-414a-bfb9-9c946127f098,c62508ab-9ac3-446e-8ea6-5fea91812564,1633253639569,14.5161728,52.1425089,5.9001927,-0.10351056,-0.35173488,0.3659134,on bike mount,cyclo cross,False,asphalt,excellent
6829de33-aa39-48ff-a809-5a8a92c2a471,877fa0eb-027d-414a-bfb9-9c946127f098,338c4827-8dc7-44a7-9fb6-aada80d11228,1633253639619,14.5161728,52.1425089,5.9001927,-0.4374911,1.365313,-0.5696745,on bike mount,cyclo cross,False,asphalt,excellent
6829de33-aa39-48ff-a809-5a8a92c2a471,877fa0eb-027d-414a-bfb9-9c946127f098,63f6ef28-45f1-443e-af08-e51f0d64cd6b,1633253639669,14.5161728,52.1425089,5.9001927,0.6601417,-0.19702291,-0.16015816,on bike mount,cyclo cross,False,asphalt,excellent
6829de33-aa39-48ff-a809-5a8a92c2a471,877fa0eb-027d-414a-bfb9-9c946127f098,50925adb-5cb6-476a-bae4-3ed819abb243,1633253639720,14.5161728,52.1425089,5.9001927,0.45629925,-1.906606,1.2871523,on bike mount,cyclo cross,False,asphalt,excellent
6829de33-aa39-48ff-a809-5a8a92c2a471,877fa0eb-027d-414a-bfb9-9c946127f098,19936a12-a2ab-4876-b2fc-89ff5505391f,1633253639770,14.5161728,52.1425089,5.9001927,0.35365954,-0.5361395,0.86023235,on bike mount,cyclo cross,False,asphalt,excellent
6829de33-aa39-48ff-a809-5a8a92c2a471,877fa0eb-027d-414a-bfb9-9c946127f098,97958bcb-ee3b-4007-9cc6-b6f09831b465,1633253639820,14.5161728,52.1425089,5.9001927,-0.9283092,-0.62628865,2.1983576,on bike mount,cyclo cross,False,asphalt,excellent
6829de33-aa39-48ff-a809-5a8a92c2a471,877fa0eb-027d-414a-bfb9-9c946127f098,a394004c-5c6e-433a-99aa-e8807b1a3f90,1633253639869,14.5161728,52.1425089,5.9001927,0.22400478,-1.3492572,0.3256817,on bike mount,cyclo cross,False,asphalt,excellent
6829de33-aa39-48ff-a809-5a8a92c2a471,877fa0eb-027d-414a-bfb9-9c946127f098,1641ef79-788a-4a0e-8ad7-0abbe8a50bbd,1633253639920,14.5161728,52.1425089,5.9001927,-0.36414763,-1.9171419,1.6461306,on bike mount,cyclo cross,False,asphalt,excellent
6829de33-aa39-48ff-a809-5a8a92c2a471,877fa0eb-027d-414a-bfb9-9c946127f098,49d2236b-9259-4aa0-bf2a-c04f23cdc339,1633253639970,14.5161728,52.1425089,5.9001927,-0.40992418,1.0972881,-0.6388807,on bike mount,cyclo cross,False,asphalt,excellent
6829de33-aa39-48ff-a809-5a8a92c2a471,877fa0eb-027d-414a-bfb9-9c946127f098,cad0a664-eff9-4a18-86c5-42d45a2c5cd2,1633253640020,14.5161728,52.1425089,5.9001927,1.1079514,0.31164622,1.702734,on bike mount,cyclo cross,False,asphalt,excellent
6829de33-aa39-48ff-a809-5a8a92c2a471,877fa0eb-027d-414a-bfb9-9c946127f098,f4da6df4-d698-431c-8148-4fdd3e40e420,1633253640070,14.5161728,52.1425089,5.9001927,-0.8949044,0.06741309,0.9687414,on bike mount,cyclo cross,False,asphalt,excellent
6829de33-aa39-48ff-a809-5a8a92c2a471,877fa0eb-027d-414a-bfb9-9c946127f098,7aca1a63-ce4d-4d24-a1c0-a03cd76b7c4a,1633253640120,14.5162556,52.1425145,5.8762035,-0.2239402,-1.5013709,-0.24549294,on bike mount,cyclo cross,False,asphalt,excellent
6829de33-aa39-48ff-a809-5a8a92c2a471,877fa0eb-027d-414a-bfb9-9c946127f098,9a571711-a81b-4e6f-b5d5-93af09c91a2a,1633253640170,14.5162556,52.1425145,5.8762035,0.8086585,1.750884,-2.0237894,on bike mount,cyclo cross,False,asphalt,excellent
6829de33-aa39-48ff-a809-5a8a92c2a471,877fa0eb-027d-414a-bfb9-9c946127f098,aa4b88c9-c421-4b8d-b13f-d508a1a2dff8,1633253640236,14.5162556,52.1425145,5.8762035,0.1817303,0.5738182,-0.6695461,on bike mount,cyclo cross,False,asphalt,excellent
6829de33-aa39-48ff-a809-5a8a92c2a471,877fa0eb-027d-414a-bfb9-9c946127f098,00fe7c5c-d981-4814-ad92-d8e2d52540f5,1633253640287,14.5162556,52.1425145,5.8762035,-0.28290313,-2.486081,1.6770563,on bike mount,cyclo cross,False,asphalt,excellent
6829de33-aa39-48ff-a809-5a8a92c2a471,877fa0eb-027d-414a-bfb9-9c946127f098,542adcdc-cdbc-4ac6-bef5-dce2e001c18b,1633253640353,14.5162556,52.1425145,5.8762035,-0.3897485,-0.8851687,-0.17110634,on bike mount,cyclo cross,False,asphalt,excellent
6829de33-aa39-48ff-a809-5a8a92c2a471,877fa0eb-027d-414a-bfb9-9c946127f098,f0269396-b0cb-4cb4-9255-0161992a8b08,1633253640404,14.5162556,52.1425145,5.8762035,-1.9023165,-0.34050274,-1.4935055,on bike mount,cyclo cross,False,asphalt,excellent
6829de33-aa39-48ff-a809-5a8a92c2a471,877fa0eb-027d-414a-bfb9-9c946127f098,190c8cec-eca5-40a8-b3aa-ec204c86649e,1633253640454,14.5162556,52.1425145,5.8762035,-2.7999687,2.0349596,-1.0254049,on bike mount,cyclo cross,False,asphalt,excellent
6829de33-aa39-48ff-a809-5a8a92c2a471,877fa0eb-027d-414a-bfb9-9c946127f098,80e7ac74-0d1a-423d-a41a-854c7b3c80dd,1633253640504,14.5162556,52.1425145,5.8762035,-1.2110955,-1.7003481,0.5401392,on bike mount,cyclo cross,False,asphalt,excellent
6829de33-aa39-48ff-a809-5a8a92c2a471,877fa0eb-027d-414a-bfb9-9c946127f098,b9532f16-6549-407e-aa4a-f41eae110bc2,1633253640554,14.5162556,52.1425145,5.8762035,0.03626558,-1.79407,-0.64344597,on bike mount,cyclo cross,False,asphalt,excellent
6829de33-aa39-48ff-a809-5a8a92c2a471,877fa0eb-027d-414a-bfb9-9c946127f098,c846e57f-9bad-4451-a1bb-853b98ab0754,1633253640604,14.5162556,52.1425145,5.8762035,0.18817759,0.89347744,0.17128563,on bike mount,cyclo cross,False,asphalt,excellent
6829de33-aa39-48ff-a809-5a8a92c2a471,877fa0eb-027d-414a-bfb9-9c946127f098,71fa5541-8286-4688-b1a3-6748aa6d149b,1633253640654,14.5162556,52.1425145,5.8762035,-0.43495655,0.94422674,-0.54230976,on bike mount,cyclo cross,False,asphalt,excellent
6829de33-aa39-48ff-a809-5a8a92c2a471,877fa0eb-027d-414a-bfb9-9c946127f098,6e4464b6-b633-4eb7-8b4f-21818b8323dd,1633253640704,14.5162556,52.1425145,5.8762035,-1.5746883,0.26579022,0.89554596,on bike mount,cyclo cross,False,asphalt,excellent
6829de33-aa39-48ff-a809-5a8a92c2a471,877fa0eb-027d-414a-bfb9-9c946127f098,0268d450-ce67-4c2f-9e1c-a67a743a4d6d,1633253640755,14.5162556,52.1425145,5.8762035,-0.2779989,0.701905,-0.10457039,on bike mount,cyclo cross,False,asphalt,excellent
6829de33-aa39-48ff-a809-5a8a92c2a471,877fa0eb-027d-414a-bfb9-9c946127f098,537b3cb0-0ba2-42c1-888b-4bab6a33a2a6,1633253640820,14.5162556,52.1425145,5.8762035,0.22142065,3.800486,-0.09565258,on bike mount,cyclo cross,False,asphalt,excellent
6829de33-aa39-48ff-a809-5a8a92c2a471,877fa0eb-027d-414a-bfb9-9c946127f098,f390f2be-7849-4bde-8e0f-b948af121212,1633253640870,14.5162556,52.1425145,5.8762035,1.3200763,-1.3132463,0.002661705,on bike mount,cyclo cross,False,asphalt,excellent
6829de33-aa39-48ff-a809-5a8a92c2a471,877fa0eb-027d-414a-bfb9-9c946127f098,ed4a69f7-106d-4898-8c71-7d16864db534,1633253640920,14.5162556,52.1425145,5.8762035,-0.21267627,-1.2745872,2.8342237,on bike mount,cyclo cross,False,asphalt,excellent
6829de33-aa39-48ff-a809-5a8a92c2a471,877fa0eb-027d-414a-bfb9-9c946127f098,eff3216e-8878-4450-9c1f-55fdb3ecd944,1633253640970,14.5162556,52.1425145,5.8762035,0.41685808,3.72091,-0.72883224,on bike mount,cyclo cross,False,asphalt,excellent
6829de33-aa39-48ff-a809-5a8a92c2a471,877fa0eb-027d-414a-bfb9-9c946127f098,681133a6-99a6-4bd9-8031-22b662bbd2f0,1633253641020,14.5162556,52.1425145,5.8762035,0.35839427,-1.7593937,1.307847,on bike mount,cyclo cross,False,asphalt,excellent
6829de33-aa39-48ff-a809-5a8a92c2a471,877fa0eb-027d-414a-bfb9-9c946127f098,443dfe68-9ef9-409c-840e-cff9e551c33f,1633253641070,14.5162556,52.1425145,5.8762035,-0.5310864,-0.5314653,-0.87462425,on bike mount,cyclo cross,False,asphalt,excellent
6829de33-aa39-48ff-a809-5a8a92c2a471,877fa0eb-027d-414a-bfb9-9c946127f098,cd0c0cd7-b06f-4d0a-aee8-99fd59fdcc52,1633253641121,14.5163394,52.142522,5.858195,1.0499723,-0.8737036,-0.99221516,on bike mount,cyclo cross,False,asphalt,excellent
6829de33-aa39-48ff-a809-5a8a92c2a471,877fa0eb-027d-414a-bfb9-9c946127f098,d97fc2f4-784f-4393-94ad-a907eb5fa598,1633253641171,14.5163394,52.142522,5.858195,1.0881706,0.33738542,-1.1908565,on bike mount,cyclo cross,False,asphalt,excellent
6829de33-aa39-48ff-a809-5a8a92c2a471,877fa0eb-027d-414a-bfb9-9c946127f098,fe42a95c-84b1-4f3e-a696-f5bee096fc11,1633253641222,14.5163394,52.142522,5.858195,-0.8938283,0.83432055,0.8713703,on bike mount,cyclo cross,False,asphalt,excellent
6829de33-aa39-48ff-a809-5a8a92c2a471,877fa0eb-027d-414a-bfb9-9c946127f098,dadc881b-a57a-4d4f-a99f-ab704c255cf3,1633253641272,14.5163394,52.142522,5.858195,-0.9530083,-1.2305512,1.8226738,on bike mount,cyclo cross,False,asphalt,excellent
6829de33-aa39-48ff-a809-5a8a92c2a471,877fa0eb-027d-414a-bfb9-9c946127f098,56e101ca-4437-466f-bd0e-b773159a258d,1633253641322,14.5163394,52.142522,5.858195,2.2080078,1.4344826,-0.84458256,on bike mount,cyclo cross,False,asphalt,excellent
6829de33-aa39-48ff-a809-5a8a92c2a471,877fa0eb-027d-414a-bfb9-9c946127f098,8660f0ff-2dd6-4dff-89c3-14176ad96a34,1633253641388,14.5163394,52.142522,5.858195,0.5184752,-0.8913808,-0.77168083,on bike mount,cyclo cross,False,asphalt,excellent
6829de33-aa39-48ff-a809-5a8a92c2a471,877fa0eb-027d-414a-bfb9-9c946127f098,5586a707-399f-4f1b-b61c-9db419cdb534,1633253641439,14.5163394,52.142522,5.858195,-1.0414345,-1.0155659,-0.5370455,on bike mount,cyclo cross,False,asphalt,excellent
6829de33-aa39-48ff-a809-5a8a92c2a471,877fa0eb-027d-414a-bfb9-9c946127f098,3dc74885-b349-4f24-9a51-764ae2dd55f8,1633253641489,14.5163394,52.142522,5.858195,-1.0456991,-13.8672285,-14.225172,on bike mount,cyclo cross,False,asphalt,excellent
6829de33-aa39-48ff-a809-5a8a92c2a471,877fa0eb-027d-414a-bfb9-9c946127f098,2c1a7486-6cb3-4aa6-af58-5e29769d7da9,1633253641555,14.5163394,52.142522,5.858195,0.2649583,2.827064,-3.4086218,on bike mount,cyclo cross,False,asphalt,excellent
6829de33-aa39-48ff-a809-5a8a92c2a471,877fa0eb-027d-414a-bfb9-9c946127f098,2255a68e-30ca-4ee0-bed1-ef59303f2f48,1633253641605,14.5163394,52.142522,5.858195,-1.3628852,5.4090443,0.28779507,on bike mount,cyclo cross,False,asphalt,excellent
6829de33-aa39-48ff-a809-5a8a92c2a471,877fa0eb-027d-414a-bfb9-9c946127f098,af06d9b8-a5e9-4db3-b865-279099816376,1633253641655,14.5163394,52.142522,5.858195,-2.2275548,-0.855132,-1.9875407,on bike mount,cyclo cross,False,asphalt,excellent
6829de33-aa39-48ff-a809-5a8a92c2a471,877fa0eb-027d-414a-bfb9-9c946127f098,c4bbe635-f474-420d-851d-a611f1663ec1,1633253641705,14.5163394,52.142522,5.858195,3.0931468,-0.07535648,-4.864082,on bike mount,cyclo cross,False,asphalt,excellent
6829de33-aa39-48ff-a809-5a8a92c2a471,877fa0eb-027d-414a-bfb9-9c946127f098,65cba20c-f329-445c-a024-4ded2f6ff1d6,1633253641756,14.5163394,52.142522,5.858195,-2.6596909,0.32262397,-2.0154324,on bike mount,cyclo cross,False,asphalt,excellent
6829de33-aa39-48ff-a809-5a8a92c2a471,877fa0eb-027d-414a-bfb9-9c946127f098,2424e5b7-dbde-408b-83f8-874acbf4a786,1633253641806,14.5163394,52.142522,5.858195,0.93980014,-0.57729626,0.7054014,on bike mount,cyclo cross,False,asphalt,excellent
6829de33-aa39-48ff-a809-5a8a92c2a471,877fa0eb-027d-414a-bfb9-9c946127f098,1ff0a2b9-3b11-44a3-b5f8-405913c0e0dc,1633253641856,14.5163394,52.142522,5.858195,-0.5014566,-2.5831137,1.199049,on bike mount,cyclo cross,False,asphalt,excellent
6829de33-aa39-48ff-a809-5a8a92c2a471,877fa0eb-027d-414a-bfb9-9c946127f098,76b1329f-2777-4316-b99e-760a9be087f2,1633253641906,14.5163394,52.142522,5.858195,0.1388143,-1.2841394,-0.338377,on bike mount,cyclo cross,False,asphalt,excellent
6829de33-aa39-48ff-a809-5a8a92c2a471,877fa0eb-027d-414a-bfb9-9c946127f098,5081888b-f47e-4286-afdc-af0dd0238eca,1633253641957,14.5163394,52.142522,5.858195,0.22877827,-0.8523073,-0.10769749,on bike mount,cyclo cross,False,asphalt,excellent
6829de33-aa39-48ff-a809-5a8a92c2a471,877fa0eb-027d-414a-bfb9-9c946127f098,aa1caf33-e2b4-404d-8ef5-894e93afcd2f,1633253642023,14.5163394,52.142522,5.858195,-0.40999776,1.7854514,-0.6148529,on bike mount,cyclo cross,False,asphalt,excellent
6829de33-aa39-48ff-a809-5a8a92c2a471,877fa0eb-027d-414a-bfb9-9c946127f098,d841a228-d825-42f0-a1da-5935d124e20c,1633253642074,14.5163394,52.142522,5.858195,-0.7357874,0.24597359,-1.0187812,on bike mount,cyclo cross,False,asphalt,excellent
6829de33-aa39-48ff-a809-5a8a92c2a471,877fa0eb-027d-414a-bfb9-9c946127f098,feef35f4-cbee-4b73-aa68-51eaa5056d8e,1633253642140,14.5164236,52.1425257,5.8461165,1.2848159,1.900208,-1.844657,on bike mount,cyclo cross,False,asphalt,excellent
6829de33-aa39-48ff-a809-5a8a92c2a471,877fa0eb-027d-414a-bfb9-9c946127f098,54e5c53f-f7d5-45eb-b508-11bbb2c537b6,1633253642205,14.5164236,52.1425257,5.8461165,-0.30053794,0.19205642,0.23366547,on bike mount,cyclo cross,False,asphalt,excellent
6829de33-aa39-48ff-a809-5a8a92c2a471,877fa0eb-027d-414a-bfb9-9c946127f098,69d89fdd-4dfe-4e29-b054-594cf0152610,1633253642256,14.5164236,52.1425257,5.8461165,0.6951561,-2.6587784,-0.38901138,on bike mount,cyclo cross,False,asphalt,excellent
6829de33-aa39-48ff-a809-5a8a92c2a471,877fa0eb-027d-414a-bfb9-9c946127f098,49abc9c8-fea7-444c-8701-95ba5469b6ba,1633253642306,14.5164236,52.1425257,5.8461165,-0.34943092,0.20547104,-0.1950922,on bike mount,cyclo cross,False,asphalt,excellent
6829de33-aa39-48ff-a809-5a8a92c2a471,877fa0eb-027d-414a-bfb9-9c946127f098,c7fbdf27-ef1f-4837-ad12-8986a07b3df1,1633253642357,14.5164236,52.1425257,5.8461165,-0.56977,-1.5690875,0.61192036,on bike mount,cyclo cross,False,asphalt,excellent
6829de33-aa39-48ff-a809-5a8a92c2a471,877fa0eb-027d-414a-bfb9-9c946127f098,81da00dd-0361-4a30-bf3f-ef9deb017930,1633253642423,14.5164236,52.1425257,5.8461165,-0.20743242,-0.18171167,-0.27616787,on bike mount,cyclo cross,False,asphalt,excellent
6829de33-aa39-48ff-a809-5a8a92c2a471,877fa0eb-027d-414a-bfb9-9c946127f098,7d4e94dc-85d9-4a18-a8d5-3b975d259e59,1633253642473,14.5164236,52.1425257,5.8461165,1.1757991,-1.8885329,-0.003080368,on bike mount,cyclo cross,False,asphalt,excellent
6829de33-aa39-48ff-a809-5a8a92c2a471,877fa0eb-027d-414a-bfb9-9c946127f098,189feccb-ae29-497f-aafd-5486226cc3e9,1633253642523,14.5164236,52.1425257,5.8461165,-0.331186,1.791852,-0.3934965,on bike mount,cyclo cross,False,asphalt,excellent
6829de33-aa39-48ff-a809-5a8a92c2a471,877fa0eb-027d-414a-bfb9-9c946127f098,268e61be-ecd6-45bb-88b0-1295588f21b4,1633253642574,14.5164236,52.1425257,5.8461165,0.03809546,1.0984249,1.2268982,on bike mount,cyclo cross,False,asphalt,excellent
6829de33-aa39-48ff-a809-5a8a92c2a471,877fa0eb-027d-414a-bfb9-9c946127f098,43ee5167-b555-4c41-9ea3-7144b61c856b,1633253642625,14.5164236,52.1425257,5.8461165,-1.5032158,1.2655578,0.28722572,on bike mount,cyclo cross,False,asphalt,excellent
6829de33-aa39-48ff-a809-5a8a92c2a471,877fa0eb-027d-414a-bfb9-9c946127f098,414d0752-5452-432c-a4eb-43223b466f86,1633253642690,14.5164236,52.1425257,5.8461165,0.33739966,0.040330887,1.8416843,on bike mount,cyclo cross,False,asphalt,excellent
6829de33-aa39-48ff-a809-5a8a92c2a471,877fa0eb-027d-414a-bfb9-9c946127f098,4bad5397-6643-4e48-a5ee-641530c01034,1633253642741,14.5164236,52.1425257,5.8461165,0.58901083,-1.0985285,-1.304606,on bike mount,cyclo cross,False,asphalt,excellent
6829de33-aa39-48ff-a809-5a8a92c2a471,877fa0eb-027d-414a-bfb9-9c946127f098,573d92a2-9425-4a76-afee-19530b7d2360,1633253642791,14.5164236,52.1425257,5.8461165,1.054205,-1.3813565,-0.44995785,on bike mount,cyclo cross,False,asphalt,excellent
6829de33-aa39-48ff-a809-5a8a92c2a471,877fa0eb-027d-414a-bfb9-9c946127f098,8bf14741-0926-4deb-988c-58ce4a46bb5e,1633253642841,14.5164236,52.1425257,5.8461165,-0.01603356,0.18274188,-0.5416136,on bike mount,cyclo cross,False,asphalt,excellent
6829de33-aa39-48ff-a809-5a8a92c2a471,877fa0eb-027d-414a-bfb9-9c946127f098,145dedaa-fdae-4649-8256-be697d65793d,1633253642891,14.5164236,52.1425257,5.8461165,-1.9008085,0.18346453,0.64626884,on bike mount,cyclo cross,False,asphalt,excellent
6829de33-aa39-48ff-a809-5a8a92c2a471,877fa0eb-027d-414a-bfb9-9c946127f098,2738dbcf-e3f5-4b30-b822-7da01459ca6a,1633253642941,14.5164236,52.1425257,5.8461165,-0.00409545,2.4477625,-0.895257,on bike mount,cyclo cross,False,asphalt,excellent
6829de33-aa39-48ff-a809-5a8a92c2a471,877fa0eb-027d-414a-bfb9-9c946127f098,a30c3b1f-409f-4369-b7c6-67810223f19c,1633253642991,14.5164236,52.1425257,5.8461165,0.81644076,0.4060967,1.3804855,on bike mount,cyclo cross,False,asphalt,excellent
6829de33-aa39-48ff-a809-5a8a92c2a471,877fa0eb-027d-414a-bfb9-9c946127f098,20f21c3c-9543-4370-a839-fc1ee5071789,1633253643041,14.5164236,52.1425257,5.8461165,-0.23928289,1.4133604,-0.3533373,on bike mount,cyclo cross,False,asphalt,excellent
6829de33-aa39-48ff-a809-5a8a92c2a471,877fa0eb-027d-414a-bfb9-9c946127f098,1439afdb-e446-4e69-a54c-09591dd1a5f4,1633253643095,14.5164236,52.1425257,5.8461165,-0.41792905,1.0572519,0.68246746,on bike mount,cyclo cross,False,asphalt,excellent
6829de33-aa39-48ff-a809-5a8a92c2a471,877fa0eb-027d-414a-bfb9-9c946127f098,26134f8d-0ae5-49e5-abfd-259bafe9d14e,1633253643158,14.5165059,52.1425298,5.8370914,0.5935575,-1.1557415,0.964653,on bike mount,cyclo cross,False,asphalt,excellent
6829de33-aa39-48ff-a809-5a8a92c2a471,877fa0eb-027d-414a-bfb9-9c946127f098,8bc84431-4cd4-47f2-8e58-7ba758bf286e,1633253643208,14.5165059,52.1425298,5.8370914,0.11373319,-1.0268415,-1.0526361,on bike mount,cyclo cross,False,asphalt,excellent
6829de33-aa39-48ff-a809-5a8a92c2a471,877fa0eb-027d-414a-bfb9-9c946127f098,c90d82cc-a951-4df8-a0dc-bf49a2a2d89a,1633253643259,14.5165059,52.1425298,5.8370914,-0.84315103,0.32934785,0.017796516,on bike mount,cyclo cross,False,asphalt,excellent
6829de33-aa39-48ff-a809-5a8a92c2a471,877fa0eb-027d-414a-bfb9-9c946127f098,41789c54-e479-44f8-afbd-9ff214c9906f,1633253643308,14.5165059,52.1425298,5.8370914,0.100204304,2.3165069,0.615818,on bike mount,cyclo cross,False,asphalt,excellent
6829de33-aa39-48ff-a809-5a8a92c2a471,877fa0eb-027d-414a-bfb9-9c946127f098,22fe0c95-7737-43da-9bf1-b4f8ec7a4556,1633253643358,14.5165059,52.1425298,5.8370914,-0.31384975,-0.17785525,-0.67893696,on bike mount,cyclo cross,False,asphalt,excellent
6829de33-aa39-48ff-a809-5a8a92c2a471,877fa0eb-027d-414a-bfb9-9c946127f098,5443ab5f-5eac-46bd-91d3-4fadc357d6a1,1633253643408,14.5165059,52.1425298,5.8370914,0.12183758,0.08916211,1.2868099,on bike mount,cyclo cross,False,asphalt,excellent
6829de33-aa39-48ff-a809-5a8a92c2a471,877fa0eb-027d-414a-bfb9-9c946127f098,dca0b75c-c813-4303-be21-9eb4c5cde0d0,1633253643459,14.5165059,52.1425298,5.8370914,1.4513066,0.5451529,-0.39154148,on bike mount,cyclo cross,False,asphalt,excellent
6829de33-aa39-48ff-a809-5a8a92c2a471,877fa0eb-027d-414a-bfb9-9c946127f098,645ecbd7-a56c-4d7a-9a1b-640a84bef327,1633253643509,14.5165059,52.1425298,5.8370914,-1.3325365,-0.61626387,-1.1184101,on bike mount,cyclo cross,False,asphalt,excellent
6829de33-aa39-48ff-a809-5a8a92c2a471,877fa0eb-027d-414a-bfb9-9c946127f098,beffa25d-12e9-4fb4-87cf-c79a044a5f72,1633253643559,14.5165059,52.1425298,5.8370914,-1.3149332,0.76404214,0.3561449,on bike mount,cyclo cross,False,asphalt,excellent
6829de33-aa39-48ff-a809-5a8a92c2a471,877fa0eb-027d-414a-bfb9-9c946127f098,01c23892-d713-4490-a966-c0f0d198bf71,1633253643609,14.5165059,52.1425298,5.8370914,-0.2387606,-0.46028662,1.6639109,on bike mount,cyclo cross,False,asphalt,excellent
6829de33-aa39-48ff-a809-5a8a92c2a471,877fa0eb-027d-414a-bfb9-9c946127f098,6b1ac27e-74d1-4d87-adac-286670ace1db,1633253643674,14.5165059,52.1425298,5.8370914,0.50876933,-0.7950647,1.6643085,on bike mount,cyclo cross,False,asphalt,excellent
6829de33-aa39-48ff-a809-5a8a92c2a471,877fa0eb-027d-414a-bfb9-9c946127f098,5dff4493-d18f-48b8-8dad-147edf63059a,1633253643725,14.5165059,52.1425298,5.8370914,-0.96738124,0.2968526,1.6598415,on bike mount,cyclo cross,False,asphalt,excellent
6829de33-aa39-48ff-a809-5a8a92c2a471,877fa0eb-027d-414a-bfb9-9c946127f098,af001e61-4e12-4daa-946f-4022bce2635c,1633253643775,14.5165059,52.1425298,5.8370914,2.1216092,0.13395548,-0.1673069,on bike mount,cyclo cross,False,asphalt,excellent
6829de33-aa39-48ff-a809-5a8a92c2a471,877fa0eb-027d-414a-bfb9-9c946127f098,4124107a-7672-47a2-a942-f7f2bef3668b,1633253643826,14.5165059,52.1425298,5.8370914,0.64435065,-0.79552865,1.1604462,on bike mount,cyclo cross,False,asphalt,excellent
6829de33-aa39-48ff-a809-5a8a92c2a471,877fa0eb-027d-414a-bfb9-9c946127f098,d0e1586e-b635-406c-aca6-427dc7a953ac,1633253643876,14.5165059,52.1425298,5.8370914,-0.265809,-0.7323785,0.6926441,on bike mount,cyclo cross,False,asphalt,excellent
6829de33-aa39-48ff-a809-5a8a92c2a471,877fa0eb-027d-414a-bfb9-9c946127f098,8dca30f6-c25d-4e7d-9168-34da3de06150,1633253643927,14.5165059,52.1425298,5.8370914,-0.6893213,-2.0376751,2.2843256,on bike mount,cyclo cross,False,asphalt,excellent
6829de33-aa39-48ff-a809-5a8a92c2a471,877fa0eb-027d-414a-bfb9-9c946127f098,ff6ce000-83f3-4ff3-8c58-cf161adcb5d6,1633253643977,14.5165059,52.1425298,5.8370914,-0.93044263,-1.9450965,-0.20444393,on bike mount,cyclo cross,False,asphalt,excellent
6829de33-aa39-48ff-a809-5a8a92c2a471,877fa0eb-027d-414a-bfb9-9c946127f098,9e2e6279-7c6b-41bb-a269-3ba7484d7416,1633253644026,14.5165059,52.1425298,5.8370914,-0.8487773,0.84671116,-1.2208023,on bike mount,cyclo cross,False,asphalt,excellent
6829de33-aa39-48ff-a809-5a8a92c2a471,877fa0eb-027d-414a-bfb9-9c946127f098,8fcf838e-833d-42f6-b7a3-ff91a40d2f58,1633253644076,14.5165059,52.1425298,5.8370914,1.0363812,3.2825887,-0.11435318,on bike mount,cyclo cross,False,asphalt,excellent
6829de33-aa39-48ff-a809-5a8a92c2a471,877fa0eb-027d-414a-bfb9-9c946127f098,a9ec493d-b7ac-47b5-bcb4-70da2013a07f,1633253644127,14.5165869,52.1425312,5.8317723,3.091247,0.33077788,1.8076105,on bike mount,cyclo cross,False,asphalt,excellent
6829de33-aa39-48ff-a809-5a8a92c2a471,877fa0eb-027d-414a-bfb9-9c946127f098,91919737-aabe-4c49-8148-c3f5162e11fa,1633253644193,14.5165869,52.1425312,5.8317723,-0.18828052,-0.30546308,1.3619528,on bike mount,cyclo cross,False,asphalt,excellent
6829de33-aa39-48ff-a809-5a8a92c2a471,877fa0eb-027d-414a-bfb9-9c946127f098,50b02003-cc16-46f5-b554-cd6b43ea513e,1633253644242,14.5165869,52.1425312,5.8317723,0.19761348,0.24952006,0.12742901,on bike mount,cyclo cross,False,asphalt,excellent
6829de33-aa39-48ff-a809-5a8a92c2a471,877fa0eb-027d-414a-bfb9-9c946127f098,91878386-20eb-4d26-8795-1f33b1f532ff,1633253644292,14.5165869,52.1425312,5.8317723,-0.6154497,-0.64544916,-0.1726284,on bike mount,cyclo cross,False,asphalt,excellent
6829de33-aa39-48ff-a809-5a8a92c2a471,877fa0eb-027d-414a-bfb9-9c946127f098,83acb97d-7ef7-4d19-ad1a-be4c51171f24,1633253644343,14.5165869,52.1425312,5.8317723,-0.57787985,-1.0191938,1.0576801,on bike mount,cyclo cross,False,asphalt,excellent
6829de33-aa39-48ff-a809-5a8a92c2a471,877fa0eb-027d-414a-bfb9-9c946127f098,9282f3e3-c00b-4e76-a182-d9b151ace5e9,1633253644394,14.5165869,52.1425312,5.8317723,0.14021371,-0.38046336,0.9662113,on bike mount,cyclo cross,False,asphalt,excellent
6829de33-aa39-48ff-a809-5a8a92c2a471,877fa0eb-027d-414a-bfb9-9c946127f098,62bb6816-afe0-4c68-b3d5-d2df9dab71f9,1633253644444,14.5165869,52.1425312,5.8317723,0.95921385,-1.248643,1.0008526,on bike mount,cyclo cross,False,asphalt,excellent
6829de33-aa39-48ff-a809-5a8a92c2a471,877fa0eb-027d-414a-bfb9-9c946127f098,42512630-b516-4712-9d60-67120bbeb9ec,1633253644494,14.5165869,52.1425312,5.8317723,-0.3799128,-0.54670596,-0.7988796,on bike mount,cyclo cross,False,asphalt,excellent
6829de33-aa39-48ff-a809-5a8a92c2a471,877fa0eb-027d-414a-bfb9-9c946127f098,101ac593-1fb4-435b-9522-72baca439c82,1633253644544,14.5165869,52.1425312,5.8317723,-0.41133338,0.8910227,-1.167944,on bike mount,cyclo cross,False,asphalt,excellent
6829de33-aa39-48ff-a809-5a8a92c2a471,877fa0eb-027d-414a-bfb9-9c946127f098,0faeffcf-58e3-4976-896f-82b40192a39a,1633253644611,14.5165869,52.1425312,5.8317723,1.0299613,2.1445267,-0.34334755,on bike mount,cyclo cross,False,asphalt,excellent
6829de33-aa39-48ff-a809-5a8a92c2a471,877fa0eb-027d-414a-bfb9-9c946127f098,e0589d15-b236-4664-b1e8-b4bef3ea01b1,1633253644661,14.5165869,52.1425312,5.8317723,0.52558506,0.7197311,0.23567581,on bike mount,cyclo cross,False,asphalt,excellent
6829de33-aa39-48ff-a809-5a8a92c2a471,877fa0eb-027d-414a-bfb9-9c946127f098,4df3ee85-78f1-4aa3-9924-daa53ed36480,1633253644711,14.5165869,52.1425312,5.8317723,0.77852505,-2.2474911,0.9400902,on bike mount,cyclo cross,False,asphalt,excellent
6829de33-aa39-48ff-a809-5a8a92c2a471,877fa0eb-027d-414a-bfb9-9c946127f098,211beb99-1e56-4752-9e52-7761194b272b,1633253644777,14.5165869,52.1425312,5.8317723,0.19947377,-0.5609484,-0.10394478,on bike mount,cyclo cross,False,asphalt,excellent
6829de33-aa39-48ff-a809-5a8a92c2a471,877fa0eb-027d-414a-bfb9-9c946127f098,eb0f5c8b-32ca-4c35-8716-f0c28e30a84e,1633253644827,14.5165869,52.1425312,5.8317723,-1.0587425,-1.0371068,2.0337572,on bike mount,cyclo cross,False,asphalt,excellent
6829de33-aa39-48ff-a809-5a8a92c2a471,877fa0eb-027d-414a-bfb9-9c946127f098,b3077bd6-b023-4688-81de-b6a058431241,1633253644878,14.5165869,52.1425312,5.8317723,-0.4045024,0.7500503,-1.3583922,on bike mount,cyclo cross,False,asphalt,excellent
6829de33-aa39-48ff-a809-5a8a92c2a471,877fa0eb-027d-414a-bfb9-9c946127f098,1406af5e-8623-4e8e-b95d-54e781e454bb,1633253644944,14.5165869,52.1425312,5.8317723,-0.22410117,0.1827662,0.23792171,on bike mount,cyclo cross,False,asphalt,excellent
6829de33-aa39-48ff-a809-5a8a92c2a471,877fa0eb-027d-414a-bfb9-9c946127f098,aaa4b573-081b-4bfb-b14e-d96a1d211738,1633253644994,14.5165869,52.1425312,5.8317723,-0.47774285,-0.4915986,-0.6541319,on bike mount,cyclo cross,False,asphalt,excellent
6829de33-aa39-48ff-a809-5a8a92c2a471,877fa0eb-027d-414a-bfb9-9c946127f098,85e72854-f373-4f95-8399-ced4f4d581ef,1633253645044,14.5165869,52.1425312,5.8317723,-0.51103294,-0.9859791,-0.07745075,on bike mount,cyclo cross,False,asphalt,excellent
6829de33-aa39-48ff-a809-5a8a92c2a471,877fa0eb-027d-414a-bfb9-9c946127f098,777871c3-d95e-4fd6-a220-84160bcbfccc,1633253645095,14.5165869,52.1425312,5.8317723,-0.19931413,-0.6383052,-0.22782326,on bike mount,cyclo cross,False,asphalt,excellent
6829de33-aa39-48ff-a809-5a8a92c2a471,877fa0eb-027d-414a-bfb9-9c946127f098,c8b72411-ae95-4da5-b3f5-2ebadda6f484,1633253645160,14.5166725,52.1425341,5.8393726,-0.9768481,-0.6450813,1.1695366,on bike mount,cyclo cross,False,asphalt,excellent
6829de33-aa39-48ff-a809-5a8a92c2a471,877fa0eb-027d-414a-bfb9-9c946127f098,32df5dd6-43ef-4f45-bef1-481c90994809,1633253645211,14.5166725,52.1425341,5.8393726,-0.22835305,-2.5460818,-1.1997504,on bike mount,cyclo cross,False,asphalt,excellent
6829de33-aa39-48ff-a809-5a8a92c2a471,877fa0eb-027d-414a-bfb9-9c946127f098,6466a75d-3992-4555-bfac-4bb06901a0c4,1633253645262,14.5166725,52.1425341,5.8393726,0.9567785,0.4013703,-0.4157343,on bike mount,cyclo cross,False,asphalt,excellent
6829de33-aa39-48ff-a809-5a8a92c2a471,877fa0eb-027d-414a-bfb9-9c946127f098,15f8c4ea-7437-4de1-8b28-b09b4ae75026,1633253645327,14.5166725,52.1425341,5.8393726,-0.25157446,-0.098071575,-0.60676,on bike mount,cyclo cross,False,asphalt,excellent
6829de33-aa39-48ff-a809-5a8a92c2a471,877fa0eb-027d-414a-bfb9-9c946127f098,a7b11364-0527-4951-8e3b-a05dafca36fb,1633253645378,14.5166725,52.1425341,5.8393726,1.1484182,-0.096352816,-0.8908682,on bike mount,cyclo cross,False,asphalt,excellent
6829de33-aa39-48ff-a809-5a8a92c2a471,877fa0eb-027d-414a-bfb9-9c946127f098,20833927-d1fd-4077-9d06-7285e7073aa1,1633253645428,14.5166725,52.1425341,5.8393726,1.1657987,-0.8040602,-1.4890676,on bike mount,cyclo cross,False,asphalt,excellent
6829de33-aa39-48ff-a809-5a8a92c2a471,877fa0eb-027d-414a-bfb9-9c946127f098,b03b3d2d-549c-49bd-a133-4b8f0d8661e8,1633253645479,14.5166725,52.1425341,5.8393726,0.5498943,-0.052523613,0.2293272,on bike mount,cyclo cross,False,asphalt,excellent
6829de33-aa39-48ff-a809-5a8a92c2a471,877fa0eb-027d-414a-bfb9-9c946127f098,d0dc18f7-c27a-40c7-ad1c-c6c04021b742,1633253645544,14.5166725,52.1425341,5.8393726,0.83260894,-0.0736146,-1.5383925,on bike mount,cyclo cross,False,asphalt,excellent
6829de33-aa39-48ff-a809-5a8a92c2a471,877fa0eb-027d-414a-bfb9-9c946127f098,1c296059-c907-4893-ab62-6059abb2fc34,1633253645594,14.5166725,52.1425341,5.8393726,0.78245103,-0.9319284,0.3697691,on bike mount,cyclo cross,False,asphalt,excellent
6829de33-aa39-48ff-a809-5a8a92c2a471,877fa0eb-027d-414a-bfb9-9c946127f098,b094125d-a0b9-45c7-a78c-6c19800aca18,1633253645645,14.5166725,52.1425341,5.8393726,-0.93758273,-0.8964579,-1.3882246,on bike mount,cyclo cross,False,asphalt,excellent
6829de33-aa39-48ff-a809-5a8a92c2a471,877fa0eb-027d-414a-bfb9-9c946127f098,feb34b32-3e80-4502-a6da-9116153d9778,1633253645696,14.5166725,52.1425341,5.8393726,-0.5093508,1.7699671,3.5428486,on bike mount,cyclo cross,False,asphalt,excellent
6829de33-aa39-48ff-a809-5a8a92c2a471,877fa0eb-027d-414a-bfb9-9c946127f098,7df5a245-16bd-48cd-a7f6-e39b77c24a76,1633253645763,14.5166725,52.1425341,5.8393726,1.254363,-0.71784997,1.568655,on bike mount,cyclo cross,False,asphalt,excellent
6829de33-aa39-48ff-a809-5a8a92c2a471,877fa0eb-027d-414a-bfb9-9c946127f098,69a1b365-ef5a-4662-9d6b-35d673bcf51b,1633253645813,14.5166725,52.1425341,5.8393726,-0.46214524,-1.514725,0.63009644,on bike mount,cyclo cross,False,asphalt,excellent
6829de33-aa39-48ff-a809-5a8a92c2a471,877fa0eb-027d-414a-bfb9-9c946127f098,b80504e2-1343-4bdf-9cc7-9811f9e3e249,1633253645864,14.5166725,52.1425341,5.8393726,-0.023292989,1.0444851,0.50212574,on bike mount,cyclo cross,False,asphalt,excellent
6829de33-aa39-48ff-a809-5a8a92c2a471,877fa0eb-027d-414a-bfb9-9c946127f098,ef603ef6-4ff2-4020-a597-4ac556a0d7fd,1633253645929,14.5166725,52.1425341,5.8393726,0.0070019364,-0.08297157,-0.5641737,on bike mount,cyclo cross,False,asphalt,excellent
6829de33-aa39-48ff-a809-5a8a92c2a471,877fa0eb-027d-414a-bfb9-9c946127f098,732956fa-da93-428a-8417-338f2856ef44,1633253645980,14.5166725,52.1425341,5.8393726,0.48097223,-0.78301024,-0.88956547,on bike mount,cyclo cross,False,asphalt,excellent
6829de33-aa39-48ff-a809-5a8a92c2a471,877fa0eb-027d-414a-bfb9-9c946127f098,cecc12d8-b362-41d6-82a3-2178de57a5ca,1633253646031,14.5166725,52.1425341,5.8393726,0.0050630346,0.24455214,-1.2457633,on bike mount,cyclo cross,False,asphalt,excellent
6829de33-aa39-48ff-a809-5a8a92c2a471,877fa0eb-027d-414a-bfb9-9c946127f098,4a9b2749-6b7b-41b4-b2f8-1bd1d2d9b9f6,1633253646081,14.5166725,52.1425341,5.8393726,-0.35431147,0.25171065,-0.3057537,on bike mount,cyclo cross,False,asphalt,excellent
6829de33-aa39-48ff-a809-5a8a92c2a471,877fa0eb-027d-414a-bfb9-9c946127f098,feed2000-b192-44e2-baf6-fb427127eea7,1633253646146,14.5167547,52.1425374,5.832403,-1.3879039,-0.094455004,0.9442482,on bike mount,cyclo cross,False,asphalt,excellent
6829de33-aa39-48ff-a809-5a8a92c2a471,877fa0eb-027d-414a-bfb9-9c946127f098,49c43404-4b64-4e67-9e59-b48681589ebe,1633253646195,14.5167547,52.1425374,5.832403,0.74349177,0.13538742,0.028875351,on bike mount,cyclo cross,False,asphalt,excellent
6829de33-aa39-48ff-a809-5a8a92c2a471,877fa0eb-027d-414a-bfb9-9c946127f098,b2d20887-65d4-4802-acd9-897c9ba42876,1633253646246,14.5167547,52.1425374,5.832403,1.2432894,0.06954789,-0.7075834,on bike mount,cyclo cross,False,asphalt,excellent
6829de33-aa39-48ff-a809-5a8a92c2a471,877fa0eb-027d-414a-bfb9-9c946127f098,9fb88bdf-79f2-49eb-8d07-9be4eb6ee96d,1633253646297,14.5167547,52.1425374,5.832403,-0.43454343,0.19857073,-0.74166775,on bike mount,cyclo cross,False,asphalt,excellent
6829de33-aa39-48ff-a809-5a8a92c2a471,877fa0eb-027d-414a-bfb9-9c946127f098,cbb57438-3e44-4730-ac27-05431388b2b9,1633253646346,14.5167547,52.1425374,5.832403,0.06686272,0.4815371,0.21107864,on bike mount,cyclo cross,False,asphalt,excellent
6829de33-aa39-48ff-a809-5a8a92c2a471,877fa0eb-027d-414a-bfb9-9c946127f098,730c5b5f-746c-4886-92cf-f109761a790b,1633253646397,14.5167547,52.1425374,5.832403,-0.3186793,0.11057544,-0.726243,on bike mount,cyclo cross,False,asphalt,excellent
6829de33-aa39-48ff-a809-5a8a92c2a471,877fa0eb-027d-414a-bfb9-9c946127f098,6234eef4-f341-4880-a86e-aa7c529df3ea,1633253646463,14.5167547,52.1425374,5.832403,-0.5425682,0.2711258,0.48327923,on bike mount,cyclo cross,False,asphalt,excellent
6829de33-aa39-48ff-a809-5a8a92c2a471,877fa0eb-027d-414a-bfb9-9c946127f098,1c310c27-bc6a-4c44-8ec1-993bab77641f,1633253646513,14.5167547,52.1425374,5.832403,-0.052559357,0.117521286,0.19404507,on bike mount,cyclo cross,False,asphalt,excellent
6829de33-aa39-48ff-a809-5a8a92c2a471,877fa0eb-027d-414a-bfb9-9c946127f098,7a6486fc-7ca1-40e7-a364-310929b66e76,1633253646563,14.5167547,52.1425374,5.832403,0.35499173,2.690444,0.03220272,on bike mount,cyclo cross,False,asphalt,excellent
6829de33-aa39-48ff-a809-5a8a92c2a471,877fa0eb-027d-414a-bfb9-9c946127f098,86e21f31-d692-46ec-b4e6-5d591605e658,1633253646613,14.5167547,52.1425374,5.832403,-0.5090211,-2.0275238,-0.14381886,on bike mount,cyclo cross,False,asphalt,excellent
6829de33-aa39-48ff-a809-5a8a92c2a471,877fa0eb-027d-414a-bfb9-9c946127f098,c7eab277-eed6-4878-bf8c-46b873413031,1633253646664,14.5167547,52.1425374,5.832403,0.9728355,-0.5337391,0.29867363,on bike mount,cyclo cross,False,asphalt,excellent
6829de33-aa39-48ff-a809-5a8a92c2a471,877fa0eb-027d-414a-bfb9-9c946127f098,04965845-844b-4439-9ad2-4b3c6325deb5,1633253646714,14.5167547,52.1425374,5.832403,0.7449066,-0.53485,-0.8664551,on bike mount,cyclo cross,False,asphalt,excellent
6829de33-aa39-48ff-a809-5a8a92c2a471,877fa0eb-027d-414a-bfb9-9c946127f098,db609272-00ae-4236-a879-137f49e19dba,1633253646764,14.5167547,52.1425374,5.832403,-0.7225385,-0.596668,0.22644615,on bike mount,cyclo cross,False,asphalt,excellent
6829de33-aa39-48ff-a809-5a8a92c2a471,877fa0eb-027d-414a-bfb9-9c946127f098,e7cc078b-d0f0-458f-aa30-1e50308e8b25,1633253646815,14.5167547,52.1425374,5.832403,-0.6486173,-0.40381503,-0.104356766,on bike mount,cyclo cross,False,asphalt,excellent
6829de33-aa39-48ff-a809-5a8a92c2a471,877fa0eb-027d-414a-bfb9-9c946127f098,edd19062-8e0a-4547-b84d-480df203a245,1633253646866,14.5167547,52.1425374,5.832403,0.4987685,-0.65589213,-0.5985327,on bike mount,cyclo cross,False,asphalt,excellent
6829de33-aa39-48ff-a809-5a8a92c2a471,877fa0eb-027d-414a-bfb9-9c946127f098,6731200f-1cc3-4ff9-aaa9-2c3c4fedd078,1633253646916,14.5167547,52.1425374,5.832403,0.29472983,0.2512591,0.1498537,on bike mount,cyclo cross,False,asphalt,excellent
6829de33-aa39-48ff-a809-5a8a92c2a471,877fa0eb-027d-414a-bfb9-9c946127f098,144bd56f-6c46-4240-ac8c-05de72fd3a06,1633253646980,14.5167547,52.1425374,5.832403,0.5286789,-0.87963843,-0.19393444,on bike mount,cyclo cross,False,asphalt,excellent
6829de33-aa39-48ff-a809-5a8a92c2a471,877fa0eb-027d-414a-bfb9-9c946127f098,947ffd60-507a-478d-8e76-080e45ba4e73,1633253647030,14.5167547,52.1425374,5.832403,-0.013241351,0.8345568,-0.43401814,on bike mount,cyclo cross,False,asphalt,excellent
6829de33-aa39-48ff-a809-5a8a92c2a471,877fa0eb-027d-414a-bfb9-9c946127f098,8abaf0e7-9d63-457b-a3ca-7523aee4d6a2,1633253647081,14.5167547,52.1425374,5.832403,0.424228,-0.7628665,-0.13546276,on bike mount,cyclo cross,False,asphalt,excellent
6829de33-aa39-48ff-a809-5a8a92c2a471,877fa0eb-027d-414a-bfb9-9c946127f098,a1e8615c-78ce-4447-8c91-7c417780c196,1633253647132,14.5168361,52.142542,5.8320384,0.106087536,-0.61945057,0.94898415,on bike mount,cyclo cross,False,asphalt,excellent
6829de33-aa39-48ff-a809-5a8a92c2a471,877fa0eb-027d-414a-bfb9-9c946127f098,37c8612d-f278-435f-b1c0-931aec237091,1633253647197,14.5168361,52.142542,5.8320384,0.25629175,0.50020313,-0.2311697,on bike mount,cyclo cross,False,asphalt,excellent
6829de33-aa39-48ff-a809-5a8a92c2a471,877fa0eb-027d-414a-bfb9-9c946127f098,c55f710c-d74c-454c-ac0e-fa7c813155fe,1633253647248,14.5168361,52.142542,5.8320384,-0.71783495,-1.2526382,0.41530228,on bike mount,cyclo cross,False,asphalt,excellent
6829de33-aa39-48ff-a809-5a8a92c2a471,877fa0eb-027d-414a-bfb9-9c946127f098,06ad287c-f24a-489b-9122-8fee05d92dda,1633253647299,14.5168361,52.142542,5.8320384,-0.4361689,1.0878861,-0.6033678,on bike mount,cyclo cross,False,asphalt,excellent
6829de33-aa39-48ff-a809-5a8a92c2a471,877fa0eb-027d-414a-bfb9-9c946127f098,c7264a0d-5f85-4eab-9466-24b8543e8dbf,1633253647366,14.5168361,52.142542,5.8320384,1.4555075,1.4590359,-0.027069092,on bike mount,cyclo cross,False,asphalt,excellent
6829de33-aa39-48ff-a809-5a8a92c2a471,877fa0eb-027d-414a-bfb9-9c946127f098,fd9b7037-65bf-436a-b044-994da07cb625,1633253647431,14.5168361,52.142542,5.8320384,-2.1199958,1.2105112,-1.6603317,on bike mount,cyclo cross,False,asphalt,excellent
6829de33-aa39-48ff-a809-5a8a92c2a471,877fa0eb-027d-414a-bfb9-9c946127f098,76206b3c-a807-4ecf-9fef-5dd534c3ccf3,1633253647481,14.5168361,52.142542,5.8320384,0.4259262,0.57508326,0.28136444,on bike mount,cyclo cross,False,asphalt,excellent
6829de33-aa39-48ff-a809-5a8a92c2a471,877fa0eb-027d-414a-bfb9-9c946127f098,f5f55413-5e12-43d7-91e9-1327410500e1,1633253647531,14.5168361,52.142542,5.8320384,-0.40610665,1.0901575,3.7019567,on bike mount,cyclo cross,False,asphalt,excellent
6829de33-aa39-48ff-a809-5a8a92c2a471,877fa0eb-027d-414a-bfb9-9c946127f098,8c84f2fc-1560-461f-8134-ca331f715e6e,1633253647581,14.5168361,52.142542,5.8320384,-1.9774301,1.5307727,-0.55248547,on bike mount,cyclo cross,False,asphalt,excellent
6829de33-aa39-48ff-a809-5a8a92c2a471,877fa0eb-027d-414a-bfb9-9c946127f098,09d51f16-f7d1-49cf-86ec-6f238b183427,1633253647631,14.5168361,52.142542,5.8320384,-0.0599543,-1.3133533,-0.17515469,on bike mount,cyclo cross,False,asphalt,excellent
6829de33-aa39-48ff-a809-5a8a92c2a471,877fa0eb-027d-414a-bfb9-9c946127f098,766348d1-5536-408b-924b-796afde1ddd8,1633253647681,14.5168361,52.142542,5.8320384,-0.5903318,-1.2643569,0.6804333,on bike mount,cyclo cross,False,asphalt,excellent
6829de33-aa39-48ff-a809-5a8a92c2a471,877fa0eb-027d-414a-bfb9-9c946127f098,7f4c01c7-eabd-40f0-bfd9-bf3920ea6f6c,1633253647731,14.5168361,52.142542,5.8320384,-0.042854898,-1.3169023,-0.3068304,on bike mount,cyclo cross,False,asphalt,excellent
6829de33-aa39-48ff-a809-5a8a92c2a471,877fa0eb-027d-414a-bfb9-9c946127f098,d5fa2294-778b-406c-a5d7-9530f15e3cef,1633253647781,14.5168361,52.142542,5.8320384,-0.4267497,-0.79822755,0.41601372,on bike mount,cyclo cross,False,asphalt,excellent
6829de33-aa39-48ff-a809-5a8a92c2a471,877fa0eb-027d-414a-bfb9-9c946127f098,8dbcf834-c705-4a32-ac0b-2655d67eef88,1633253647832,14.5168361,52.142542,5.8320384,0.39618334,0.08075452,-1.2455401,on bike mount,cyclo cross,False,asphalt,excellent
6829de33-aa39-48ff-a809-5a8a92c2a471,877fa0eb-027d-414a-bfb9-9c946127f098,e9df5a8c-66d8-469b-b10c-ee9fc8835117,1633253647882,14.5168361,52.142542,5.8320384,0.021092493,0.23722625,0.937767,on bike mount,cyclo cross,False,asphalt,excellent
6829de33-aa39-48ff-a809-5a8a92c2a471,877fa0eb-027d-414a-bfb9-9c946127f098,a7160416-8585-4d3a-b9f7-7f2f9c576920,1633253647932,14.5168361,52.142542,5.8320384,1.2290878,-0.8208618,0.5440426,on bike mount,cyclo cross,False,asphalt,excellent
6829de33-aa39-48ff-a809-5a8a92c2a471,877fa0eb-027d-414a-bfb9-9c946127f098,4731777f-969a-49bb-9ebb-9301fd95d7c9,1633253647983,14.5168361,52.142542,5.8320384,0.30919355,-0.42721128,-1.4570627,on bike mount,cyclo cross,False,asphalt,excellent
6829de33-aa39-48ff-a809-5a8a92c2a471,877fa0eb-027d-414a-bfb9-9c946127f098,ca9edbd7-73d3-4568-a072-431bdaa010da,1633253648033,14.5168361,52.142542,5.8320384,0.18990315,-0.01363349,0.38262367,on bike mount,cyclo cross,False,asphalt,excellent
6829de33-aa39-48ff-a809-5a8a92c2a471,877fa0eb-027d-414a-bfb9-9c946127f098,693ce599-f597-462d-8e92-65d02c215f77,1633253648083,14.5168361,52.142542,5.8320384,0.25491905,-0.499609,0.0040683746,on bike mount,cyclo cross,False,asphalt,excellent
6829de33-aa39-48ff-a809-5a8a92c2a471,877fa0eb-027d-414a-bfb9-9c946127f098,5ca01c05-fe73-4934-a71a-314c7206f22f,1633253648133,14.5169175,52.1425454,5.8288093,0.21909355,1.1595039,-1.0515375,on bike mount,cyclo cross,False,asphalt,excellent
6829de33-aa39-48ff-a809-5a8a92c2a471,877fa0eb-027d-414a-bfb9-9c946127f098,56765090-f908-4e22-b775-603408c7fe5e,1633253648199,14.5169175,52.1425454,5.8288093,0.11675666,0.16012502,0.35951805,on bike mount,cyclo cross,False,asphalt,excellent
6829de33-aa39-48ff-a809-5a8a92c2a471,877fa0eb-027d-414a-bfb9-9c946127f098,d10a9379-e8fc-41f9-8674-3bc82fe41033,1633253648249,14.5169175,52.1425454,5.8288093,-0.73885345,0.7487037,0.52155495,on bike mount,cyclo cross,False,asphalt,excellent
6829de33-aa39-48ff-a809-5a8a92c2a471,877fa0eb-027d-414a-bfb9-9c946127f098,be27b2c3-f206-42a2-945c-22faf3679f33,1633253648299,14.5169175,52.1425454,5.8288093,0.49036086,-1.0753552,1.1960382,on bike mount,cyclo cross,False,asphalt,excellent
6829de33-aa39-48ff-a809-5a8a92c2a471,877fa0eb-027d-414a-bfb9-9c946127f098,f496da39-c2c4-4246-b917-976173cafb44,1633253648349,14.5169175,52.1425454,5.8288093,-0.03631261,1.3713577,0.01703453,on bike mount,cyclo cross,False,asphalt,excellent
6829de33-aa39-48ff-a809-5a8a92c2a471,877fa0eb-027d-414a-bfb9-9c946127f098,219d085c-10cb-42f0-a5a6-6bcce4ebc633,1633253648400,14.5169175,52.1425454,5.8288093,-0.9033371,-0.5478728,1.0456858,on bike mount,cyclo cross,False,asphalt,excellent
6829de33-aa39-48ff-a809-5a8a92c2a471,877fa0eb-027d-414a-bfb9-9c946127f098,301745c3-c92a-487a-ab9d-6c143b0a4653,1633253648451,14.5169175,52.1425454,5.8288093,-1.1479937,-0.6894182,-0.5121622,on bike mount,cyclo cross,False,asphalt,excellent
6829de33-aa39-48ff-a809-5a8a92c2a471,877fa0eb-027d-414a-bfb9-9c946127f098,306a9284-285b-4783-b063-db487db5d800,1633253648502,14.5169175,52.1425454,5.8288093,0.67024773,-0.1616571,0.10773468,on bike mount,cyclo cross,False,asphalt,excellent
6829de33-aa39-48ff-a809-5a8a92c2a471,877fa0eb-027d-414a-bfb9-9c946127f098,e7af13eb-1ad1-4dc2-b7f5-01d927c53c43,1633253648567,14.5169175,52.1425454,5.8288093,-0.82127154,-1.008436,-0.20001125,on bike mount,cyclo cross,False,asphalt,excellent
6829de33-aa39-48ff-a809-5a8a92c2a471,877fa0eb-027d-414a-bfb9-9c946127f098,0ae4e854-c00e-40d5-a906-23da0bda1458,1633253648616,14.5169175,52.1425454,5.8288093,0.5992477,1.5334778,0.71740055,on bike mount,cyclo cross,False,asphalt,excellent
6829de33-aa39-48ff-a809-5a8a92c2a471,877fa0eb-027d-414a-bfb9-9c946127f098,dac15ea0-2abf-4881-a304-98b8ae77f4b8,1633253648667,14.5169175,52.1425454,5.8288093,0.4757333,0.9226279,-1.0719094,on bike mount,cyclo cross,False,asphalt,excellent
6829de33-aa39-48ff-a809-5a8a92c2a471,877fa0eb-027d-414a-bfb9-9c946127f098,d7cfa3b5-64da-4436-8ef5-e0654514eb34,1633253648716,14.5169175,52.1425454,5.8288093,1.6530514,1.2081709,-1.3221283,on bike mount,cyclo cross,False,asphalt,excellent
6829de33-aa39-48ff-a809-5a8a92c2a471,877fa0eb-027d-414a-bfb9-9c946127f098,788423f0-e9fd-405c-8c60-2db676eb1d84,1633253648766,14.5169175,52.1425454,5.8288093,0.27061838,-0.60556746,1.8543539,on bike mount,cyclo cross,False,asphalt,excellent
6829de33-aa39-48ff-a809-5a8a92c2a471,877fa0eb-027d-414a-bfb9-9c946127f098,07e54381-b364-4695-be54-835b1ab5b274,1633253648816,14.5169175,52.1425454,5.8288093,-0.28342533,-0.91170764,0.5519028,on bike mount,cyclo cross,False,asphalt,excellent
6829de33-aa39-48ff-a809-5a8a92c2a471,877fa0eb-027d-414a-bfb9-9c946127f098,3b7dcddd-9c75-4075-a97c-4c4633d9c1d0,1633253648867,14.5169175,52.1425454,5.8288093,0.5968238,-1.4591349,0.32217026,on bike mount,cyclo cross,False,asphalt,excellent
6829de33-aa39-48ff-a809-5a8a92c2a471,877fa0eb-027d-414a-bfb9-9c946127f098,be2f4337-8dad-49c9-a653-ea4af25285db,1633253648918,14.5169175,52.1425454,5.8288093,-0.12383622,-1.4001185,0.89350224,on bike mount,cyclo cross,False,asphalt,excellent
6829de33-aa39-48ff-a809-5a8a92c2a471,877fa0eb-027d-414a-bfb9-9c946127f098,0c44792a-f39a-4d98-90a5-ddedbf6686aa,1633253648986,14.5169175,52.1425454,5.8288093,-0.19671822,0.82060766,0.39992905,on bike mount,cyclo cross,False,asphalt,excellent
6829de33-aa39-48ff-a809-5a8a92c2a471,877fa0eb-027d-414a-bfb9-9c946127f098,e54a28e5-d261-4dea-a893-f3b0e6aa6fba,1633253649036,14.5169175,52.1425454,5.8288093,-0.2854186,-1.3598632,2.2715578,on bike mount,cyclo cross,False,asphalt,excellent
6829de33-aa39-48ff-a809-5a8a92c2a471,877fa0eb-027d-414a-bfb9-9c946127f098,4e28f041-3fe6-4e33-8cd8-ee932260ef91,1633253649086,14.5169175,52.1425454,5.8288093,0.9878391,1.4673901,-1.0132823,on bike mount,cyclo cross,False,asphalt,excellent
6829de33-aa39-48ff-a809-5a8a92c2a471,877fa0eb-027d-414a-bfb9-9c946127f098,af59adee-ec46-451f-a72f-0f56b53f7187,1633253649151,14.5170004,52.1425489,5.807422,0.10883118,-1.3357679,2.0222359,on bike mount,cyclo cross,False,asphalt,excellent
6829de33-aa39-48ff-a809-5a8a92c2a471,877fa0eb-027d-414a-bfb9-9c946127f098,3355db0f-97e8-45f6-a88e-836203f7dcee,1633253649201,14.5170004,52.1425489,5.807422,0.011958897,-0.24829245,-0.3051529,on bike mount,cyclo cross,False,asphalt,excellent
6829de33-aa39-48ff-a809-5a8a92c2a471,877fa0eb-027d-414a-bfb9-9c946127f098,2de5c9e8-64a4-4ac3-b93d-100d9c402c32,1633253649251,14.5170004,52.1425489,5.807422,0.10296721,-0.15700674,-0.29463577,on bike mount,cyclo cross,False,asphalt,excellent
6829de33-aa39-48ff-a809-5a8a92c2a471,877fa0eb-027d-414a-bfb9-9c946127f098,58968391-9ea3-4ed3-ad1f-2b2a80065e42,1633253649301,14.5170004,52.1425489,5.807422,-0.023024261,-1.4739577,-0.3188858,on bike mount,cyclo cross,False,asphalt,excellent
6829de33-aa39-48ff-a809-5a8a92c2a471,877fa0eb-027d-414a-bfb9-9c946127f098,6b45c6e2-b06f-48af-b341-e3d472c6e2d5,1633253649353,14.5170004,52.1425489,5.807422,-0.18745105,-1.5285962,1.0870304,on bike mount,cyclo cross,False,asphalt,excellent
6829de33-aa39-48ff-a809-5a8a92c2a471,877fa0eb-027d-414a-bfb9-9c946127f098,84661ec4-8d95-48c6-93b9-22b9f744c0c5,1633253649403,14.5170004,52.1425489,5.807422,-0.5127096,0.7817209,-0.86316967,on bike mount,cyclo cross,False,asphalt,excellent
6829de33-aa39-48ff-a809-5a8a92c2a471,877fa0eb-027d-414a-bfb9-9c946127f098,7304d451-f6b7-416a-a2fb-705935f9aa2e,1633253649469,14.5170004,52.1425489,5.807422,0.50391704,1.6701179,-0.024364471,on bike mount,cyclo cross,False,asphalt,excellent
6829de33-aa39-48ff-a809-5a8a92c2a471,877fa0eb-027d-414a-bfb9-9c946127f098,8ff2d08c-0ed8-4785-b256-ca82a37ccd57,1633253649534,14.5170004,52.1425489,5.807422,-0.46176776,-0.5480871,0.72183037,on bike mount,cyclo cross,False,asphalt,excellent
6829de33-aa39-48ff-a809-5a8a92c2a471,877fa0eb-027d-414a-bfb9-9c946127f098,ce1d751b-000e-4d0b-81b7-a7704fd3d22d,1633253649585,14.5170004,52.1425489,5.807422,0.20892057,-1.3581265,0.5322151,on bike mount,cyclo cross,False,asphalt,excellent
6829de33-aa39-48ff-a809-5a8a92c2a471,877fa0eb-027d-414a-bfb9-9c946127f098,66f095ab-7245-4502-a39d-fc97a2da1dd4,1633253649635,14.5170004,52.1425489,5.807422,0.8078862,0.34834814,0.37941933,on bike mount,cyclo cross,False,asphalt,excellent
6829de33-aa39-48ff-a809-5a8a92c2a471,877fa0eb-027d-414a-bfb9-9c946127f098,ad79dd48-459a-4b85-874a-294b8537ce16,1633253649686,14.5170004,52.1425489,5.807422,0.31646886,-0.3372178,1.0377789,on bike mount,cyclo cross,False,asphalt,excellent
6829de33-aa39-48ff-a809-5a8a92c2a471,877fa0eb-027d-414a-bfb9-9c946127f098,cbe428b5-dff2-472c-a820-5cfa71f2d6b0,1633253649751,14.5170004,52.1425489,5.807422,-0.9371455,-2.002668,-0.52592945,on bike mount,cyclo cross,False,asphalt,excellent
6829de33-aa39-48ff-a809-5a8a92c2a471,877fa0eb-027d-414a-bfb9-9c946127f098,68079e97-53b8-464f-8874-174daacdaa8f,1633253649803,14.5170004,52.1425489,5.807422,0.07260001,0.15383816,0.39993382,on bike mount,cyclo cross,False,asphalt,excellent
6829de33-aa39-48ff-a809-5a8a92c2a471,877fa0eb-027d-414a-bfb9-9c946127f098,21c4b809-19ed-4ccc-843b-4903b2bb092e,1633253649853,14.5170004,52.1425489,5.807422,1.6544404,1.4384606,-0.71343327,on bike mount,cyclo cross,False,asphalt,excellent
6829de33-aa39-48ff-a809-5a8a92c2a471,877fa0eb-027d-414a-bfb9-9c946127f098,203ae4c4-4501-4d6e-ba4c-b0c65a22f273,1633253649903,14.5170004,52.1425489,5.807422,-0.5238623,0.8634169,-1.3756604,on bike mount,cyclo cross,False,asphalt,excellent
6829de33-aa39-48ff-a809-5a8a92c2a471,877fa0eb-027d-414a-bfb9-9c946127f098,583a8d93-86c5-4eed-b636-fe3fa3a998d3,1633253649969,14.5170004,52.1425489,5.807422,-1.2312808,-0.88584244,-0.02137947,on bike mount,cyclo cross,False,asphalt,excellent
6829de33-aa39-48ff-a809-5a8a92c2a471,877fa0eb-027d-414a-bfb9-9c946127f098,4ea2943e-49df-49e1-aba1-d3255188d06f,1633253650019,14.5170004,52.1425489,5.807422,0.13243547,-2.664681,0.2303114,on bike mount,cyclo cross,False,asphalt,excellent
6829de33-aa39-48ff-a809-5a8a92c2a471,877fa0eb-027d-414a-bfb9-9c946127f098,0d2c4830-2ea2-40f2-997a-4a5df2b23beb,1633253650069,14.5170004,52.1425489,5.807422,0.35447326,-1.163782,-0.35731697,on bike mount,cyclo cross,False,asphalt,excellent
6829de33-aa39-48ff-a809-5a8a92c2a471,877fa0eb-027d-414a-bfb9-9c946127f098,6c07b54d-4bac-40ca-98bc-a3d611d95da5,1633253650119,14.5170851,52.142553,5.794897,-0.9521778,0.41014314,0.5988531,on bike mount,cyclo cross,False,asphalt,excellent
6829de33-aa39-48ff-a809-5a8a92c2a471,877fa0eb-027d-414a-bfb9-9c946127f098,430be26b-9952-4260-9d6a-2e3237d59518,1633253650170,14.5170851,52.142553,5.794897,-1.2968197,-0.8782644,-0.05578804,on bike mount,cyclo cross,False,asphalt,excellent
6829de33-aa39-48ff-a809-5a8a92c2a471,877fa0eb-027d-414a-bfb9-9c946127f098,18faf2c1-d35a-4c5a-88af-6cb825b8c61c,1633253650221,14.5170851,52.142553,5.794897,0.73482555,-0.43888462,0.14426708,on bike mount,cyclo cross,False,asphalt,excellent
6829de33-aa39-48ff-a809-5a8a92c2a471,877fa0eb-027d-414a-bfb9-9c946127f098,aee4de7c-d602-45f8-9083-a90d8218d16f,1633253650286,14.5170851,52.142553,5.794897,-0.85727334,0.2799585,-1.7775908,on bike mount,cyclo cross,False,asphalt,excellent
6829de33-aa39-48ff-a809-5a8a92c2a471,877fa0eb-027d-414a-bfb9-9c946127f098,c54346ea-c06e-44a0-acab-03ad5993f877,1633253650336,14.5170851,52.142553,5.794897,0.5842365,0.29334664,1.0221043,on bike mount,cyclo cross,False,asphalt,excellent
6829de33-aa39-48ff-a809-5a8a92c2a471,877fa0eb-027d-414a-bfb9-9c946127f098,10f77550-8950-4b4c-a9d2-872d1012c1e0,1633253650387,14.5170851,52.142553,5.794897,0.99407774,-0.51806235,1.9860039,on bike mount,cyclo cross,False,asphalt,excellent
6829de33-aa39-48ff-a809-5a8a92c2a471,877fa0eb-027d-414a-bfb9-9c946127f098,eb471417-eb7a-424d-bde6-1921af065799,1633253650436,14.5170851,52.142553,5.794897,-0.03584773,-0.65960145,0.3958168,on bike mount,cyclo cross,False,asphalt,excellent
6829de33-aa39-48ff-a809-5a8a92c2a471,877fa0eb-027d-414a-bfb9-9c946127f098,5008a811-8cd4-41e1-b38d-96790424ef82,1633253650486,14.5170851,52.142553,5.794897,-0.8628146,0.31707168,0.5935879,on bike mount,cyclo cross,False,asphalt,excellent
6829de33-aa39-48ff-a809-5a8a92c2a471,877fa0eb-027d-414a-bfb9-9c946127f098,e430fb6b-0c14-42f2-8597-87696a308181,1633253650536,14.5170851,52.142553,5.794897,-0.14981554,-1.1753618,0.5222912,on bike mount,cyclo cross,False,asphalt,excellent
6829de33-aa39-48ff-a809-5a8a92c2a471,877fa0eb-027d-414a-bfb9-9c946127f098,9a746b45-79e0-4a24-8498-a4256667778c,1633253650588,14.5170851,52.142553,5.794897,1.5517161,-1.5501513,0.12733269,on bike mount,cyclo cross,False,asphalt,excellent
6829de33-aa39-48ff-a809-5a8a92c2a471,877fa0eb-027d-414a-bfb9-9c946127f098,c0f7eef2-be15-40ab-8c17-0cb5262d3bae,1633253650638,14.5170851,52.142553,5.794897,0.37050354,-0.07280946,-0.27999306,on bike mount,cyclo cross,False,asphalt,excellent
6829de33-aa39-48ff-a809-5a8a92c2a471,877fa0eb-027d-414a-bfb9-9c946127f098,eff518e5-43b2-4440-b521-57cd0b31735e,1633253650689,14.5170851,52.142553,5.794897,0.2953653,-0.40946436,0.43472195,on bike mount,cyclo cross,False,asphalt,excellent
6829de33-aa39-48ff-a809-5a8a92c2a471,877fa0eb-027d-414a-bfb9-9c946127f098,35fa980a-49b9-4ae8-8eba-d48714dc6002,1633253650754,14.5170851,52.142553,5.794897,-0.68723124,0.20318055,0.93947506,on bike mount,cyclo cross,False,asphalt,excellent
6829de33-aa39-48ff-a809-5a8a92c2a471,877fa0eb-027d-414a-bfb9-9c946127f098,7a08709b-ac74-44ef-ae7f-811be28f0b2a,1633253650804,14.5170851,52.142553,5.794897,0.3060359,-2.664528,0.30737305,on bike mount,cyclo cross,False,asphalt,excellent
6829de33-aa39-48ff-a809-5a8a92c2a471,877fa0eb-027d-414a-bfb9-9c946127f098,92473031-71ea-496a-9c7e-92ceca758d42,1633253650855,14.5170851,52.142553,5.794897,-0.33887124,-0.6516013,1.269125,on bike mount,cyclo cross,False,asphalt,excellent
6829de33-aa39-48ff-a809-5a8a92c2a471,877fa0eb-027d-414a-bfb9-9c946127f098,dbd2446a-2023-4001-a5f8-085af51d471c,1633253650906,14.5170851,52.142553,5.794897,-0.30351144,-0.8533466,-0.86015606,on bike mount,cyclo cross,False,asphalt,excellent
6829de33-aa39-48ff-a809-5a8a92c2a471,877fa0eb-027d-414a-bfb9-9c946127f098,28b87ec3-67f6-48ea-9540-ddad02f63ce6,1633253650956,14.5170851,52.142553,5.794897,0.7170581,-1.3364904,1.4540148,on bike mount,cyclo cross,False,asphalt,excellent
6829de33-aa39-48ff-a809-5a8a92c2a471,877fa0eb-027d-414a-bfb9-9c946127f098,814da2b9-bdbb-4a92-bc35-0ce59edd8d2f,1633253651021,14.5170851,52.142553,5.794897,1.0026649,0.07443309,-0.39930058,on bike mount,cyclo cross,False,asphalt,excellent
6829de33-aa39-48ff-a809-5a8a92c2a471,877fa0eb-027d-414a-bfb9-9c946127f098,bde16af3-f6f2-47a4-9801-8bb45616404e,1633253651072,14.5170851,52.142553,5.794897,-0.44642955,-0.44688606,0.26929283,on bike mount,cyclo cross,False,asphalt,excellent
6829de33-aa39-48ff-a809-5a8a92c2a471,877fa0eb-027d-414a-bfb9-9c946127f098,2c414215-bdd9-4af5-94d5-88cab36c17a9,1633253651122,14.5171671,52.1425563,5.782967,-0.1796943,0.01670909,-0.6772642,on bike mount,cyclo cross,False,asphalt,excellent
6829de33-aa39-48ff-a809-5a8a92c2a471,877fa0eb-027d-414a-bfb9-9c946127f098,2b940d2e-d8f7-4835-b7e5-1485e4d1752e,1633253651172,14.5171671,52.1425563,5.782967,0.5148934,0.14579654,1.9005852,on bike mount,cyclo cross,False,asphalt,excellent
6829de33-aa39-48ff-a809-5a8a92c2a471,877fa0eb-027d-414a-bfb9-9c946127f098,99cedb52-ee0d-4945-8f52-a01d53f3b3d8,1633253651222,14.5171671,52.1425563,5.782967,1.2692186,0.59616566,-2.4691243,on bike mount,cyclo cross,False,asphalt,excellent
6829de33-aa39-48ff-a809-5a8a92c2a471,877fa0eb-027d-414a-bfb9-9c946127f098,d8586330-77ac-4c74-b511-d45c85083a11,1633253651272,14.5171671,52.1425563,5.782967,0.15562011,0.3233242,-0.22625446,on bike mount,cyclo cross,False,asphalt,excellent
6829de33-aa39-48ff-a809-5a8a92c2a471,877fa0eb-027d-414a-bfb9-9c946127f098,2b18179d-238f-4ea1-bd13-835a33a2b69b,1633253651323,14.5171671,52.1425563,5.782967,-0.2003981,0.36620688,0.18772507,on bike mount,cyclo cross,False,asphalt,excellent
6829de33-aa39-48ff-a809-5a8a92c2a471,877fa0eb-027d-414a-bfb9-9c946127f098,f4980692-c2ba-4417-b2e2-3efe6bddcd89,1633253651372,14.5171671,52.1425563,5.782967,-0.6724014,0.38217425,1.8646212,on bike mount,cyclo cross,False,asphalt,excellent
6829de33-aa39-48ff-a809-5a8a92c2a471,877fa0eb-027d-414a-bfb9-9c946127f098,b55fb2f6-4283-4d5c-a73f-4a2735254b9b,1633253651422,14.5171671,52.1425563,5.782967,-0.95236516,-0.23545218,-0.43828487,on bike mount,cyclo cross,False,asphalt,excellent
6829de33-aa39-48ff-a809-5a8a92c2a471,877fa0eb-027d-414a-bfb9-9c946127f098,2de24a4b-4746-4dd2-9862-22d2afcaad46,1633253651472,14.5171671,52.1425563,5.782967,-0.009437963,0.3823552,1.7280407,on bike mount,cyclo cross,False,asphalt,excellent
6829de33-aa39-48ff-a809-5a8a92c2a471,877fa0eb-027d-414a-bfb9-9c946127f098,cd198ccf-bcb5-42cd-b0ff-aa89037c562c,1633253651522,14.5171671,52.1425563,5.782967,-0.074876614,-1.1752868,1.0645027,on bike mount,cyclo cross,False,asphalt,excellent
6829de33-aa39-48ff-a809-5a8a92c2a471,877fa0eb-027d-414a-bfb9-9c946127f098,cecf4014-b2f8-415d-9752-bc57f23f7557,1633253651573,14.5171671,52.1425563,5.782967,-1.3230693,-0.03894472,1.2754173,on bike mount,cyclo cross,False,asphalt,excellent
6829de33-aa39-48ff-a809-5a8a92c2a471,877fa0eb-027d-414a-bfb9-9c946127f098,f7fb2a29-8a5c-4a7e-a806-21011e1a355b,1633253651639,14.5171671,52.1425563,5.782967,-0.16204765,1.8182931,-1.3654823,on bike mount,cyclo cross,False,asphalt,excellent
6829de33-aa39-48ff-a809-5a8a92c2a471,877fa0eb-027d-414a-bfb9-9c946127f098,134c564e-d556-469e-85cf-90fee4d5942a,1633253651690,14.5171671,52.1425563,5.782967,-0.06256471,-2.3555698,1.0724277,on bike mount,cyclo cross,False,asphalt,excellent
6829de33-aa39-48ff-a809-5a8a92c2a471,877fa0eb-027d-414a-bfb9-9c946127f098,353b4395-35f6-4ac4-92d4-65ddce538be9,1633253651740,14.5171671,52.1425563,5.782967,-0.8917807,-0.76857793,-1.0914125,on bike mount,cyclo cross,False,asphalt,excellent
6829de33-aa39-48ff-a809-5a8a92c2a471,877fa0eb-027d-414a-bfb9-9c946127f098,1b507c77-54b1-40a1-b0fa-4b6a8fe1498a,1633253651789,14.5171671,52.1425563,5.782967,-0.38107726,1.057553,-0.22055149,on bike mount,cyclo cross,False,asphalt,excellent
