bike_activity_uid,bike_activity_sample_uid,bike_activity_measurement,bike_activity_measurement_timestamp,bike_activity_measurement_lon,bike_activity_measurement_lat,bike_activity_measurement_speed,bike_activity_measurement_accelerometer_x,bike_activity_measurement_accelerometer_y,bike_activity_measurement_accelerometer_z,bike_activity_phone_position,bike_activity_bike_type,bike_activity_flagged_lab_conditions,bike_activity_surface_type,bike_activity_smoothness_type
73ddcd7d-680f-4b17-9ca3-1ef233563e1f,d07f5b5a-9032-4e76-a361-9560d763ca26,6391ad76-dd7e-43b3-be62-4b0615f54428,1644074972737,13.4340888,52.4944504,6.2332726,1.9259796,-2.3420844,-3.959197,on bike mount,cyclo cross,True,sett,intermediate
73ddcd7d-680f-4b17-9ca3-1ef233563e1f,d07f5b5a-9032-4e76-a361-9560d763ca26,a7dc7da0-c0e0-462e-987c-f0c674db52a7,1644074972792,13.4340888,52.4944504,6.2332726,-3.598435,6.4223332,6.3012676,on bike mount,cyclo cross,True,sett,intermediate
73ddcd7d-680f-4b17-9ca3-1ef233563e1f,d07f5b5a-9032-4e76-a361-9560d763ca26,62072465-83b4-4c95-a4f1-561130de15c3,1644074972847,13.4340888,52.4944504,6.2332726,3.82611,-10.730724,9.287872,on bike mount,cyclo cross,True,sett,intermediate
73ddcd7d-680f-4b17-9ca3-1ef233563e1f,d07f5b5a-9032-4e76-a361-9560d763ca26,91c53885-d2f3-4a9f-9311-c3166fdf11f0,1644074972903,13.4340888,52.4944504,6.2332726,0.5722614,-4.0577183,2.524929,on bike mount,cyclo cross,True,sett,intermediate
73ddcd7d-680f-4b17-9ca3-1ef233563e1f,d07f5b5a-9032-4e76-a361-9560d763ca26,8d97ac22-bebf-41a2-be33-57f504f73d50,1644074972959,13.4340888,52.4944504,6.2332726,1.5958104,1.1105347,9.435268,on bike mount,cyclo cross,True,sett,intermediate
73ddcd7d-680f-4b17-9ca3-1ef233563e1f,d07f5b5a-9032-4e76-a361-9560d763ca26,01c23066-df8e-4ceb-b23c-7d5ca9c4df84,1644074973014,13.4340888,52.4944504,6.2332726,-1.092906,-0.2597289,-7.770566,on bike mount,cyclo cross,True,sett,intermediate
73ddcd7d-680f-4b17-9ca3-1ef233563e1f,d07f5b5a-9032-4e76-a361-9560d763ca26,9b8644a1-0014-4a3e-8683-40d8c01733f3,1644074973070,13.4340888,52.4944504,6.2332726,-0.63480103,-8.188352,-1.3790474,on bike mount,cyclo cross,True,sett,intermediate
73ddcd7d-680f-4b17-9ca3-1ef233563e1f,d07f5b5a-9032-4e76-a361-9560d763ca26,c2ec4d74-d5e5-4a21-bed0-ac90475d0524,1644074973125,13.4340888,52.4944504,6.2332726,-0.7605963,-0.32245708,3.4782734,on bike mount,cyclo cross,True,sett,intermediate
73ddcd7d-680f-4b17-9ca3-1ef233563e1f,d07f5b5a-9032-4e76-a361-9560d763ca26,ab4ae111-e775-4526-9e3e-76be6d495da8,1644074973181,13.4340888,52.4944504,6.2332726,0.7610804,4.4455776,15.269243,on bike mount,cyclo cross,True,sett,intermediate
73ddcd7d-680f-4b17-9ca3-1ef233563e1f,d07f5b5a-9032-4e76-a361-9560d763ca26,b3e9cf1b-7b10-4b46-9f65-518beec3a70b,1644074973237,13.4340888,52.4944504,6.2332726,0.5800071,1.3461723,-4.369766,on bike mount,cyclo cross,True,sett,intermediate
73ddcd7d-680f-4b17-9ca3-1ef233563e1f,d07f5b5a-9032-4e76-a361-9560d763ca26,db26bd6f-e370-4bb2-b482-f1a56a691c5c,1644074973292,13.4340888,52.4944504,6.2332726,2.2270565,18.877562,-11.81642,on bike mount,cyclo cross,True,sett,intermediate
73ddcd7d-680f-4b17-9ca3-1ef233563e1f,d07f5b5a-9032-4e76-a361-9560d763ca26,a3b43585-f302-4578-b493-4fa215239c45,1644074973347,13.4340888,52.4944504,6.2332726,-1.1605494,6.113511,-19.056381,on bike mount,cyclo cross,True,sett,intermediate
73ddcd7d-680f-4b17-9ca3-1ef233563e1f,d07f5b5a-9032-4e76-a361-9560d763ca26,e3656e72-572e-4fbd-b83a-554a970630cb,1644074973403,13.4340888,52.4944504,6.2332726,-5.0133796,1.953279,-19.72097,on bike mount,cyclo cross,True,sett,intermediate
73ddcd7d-680f-4b17-9ca3-1ef233563e1f,d07f5b5a-9032-4e76-a361-9560d763ca26,5f63f6ad-f33d-477d-b1fd-78b64e84036a,1644074973462,13.4340888,52.4944504,6.2332726,-0.16216908,-3.222566,6.5947285,on bike mount,cyclo cross,True,sett,intermediate
73ddcd7d-680f-4b17-9ca3-1ef233563e1f,d07f5b5a-9032-4e76-a361-9560d763ca26,2894a087-55e2-4512-8579-9fef875a9952,1644074973516,13.4340888,52.4944504,6.2332726,-7.2169476,-0.7958747,-1.3409243,on bike mount,cyclo cross,True,sett,intermediate
73ddcd7d-680f-4b17-9ca3-1ef233563e1f,d07f5b5a-9032-4e76-a361-9560d763ca26,3d93d55d-8d7b-49fb-a389-de8cb08da06e,1644074973569,13.4339999,52.4944743,6.025321,-6.0438623,-5.76266,-0.4139824,on bike mount,cyclo cross,True,sett,intermediate
73ddcd7d-680f-4b17-9ca3-1ef233563e1f,d07f5b5a-9032-4e76-a361-9560d763ca26,f2cd8581-ec92-46e9-8d76-95a3da41ddcb,1644074973625,13.4339999,52.4944743,6.025321,-3.3483722,-0.7575252,2.056817,on bike mount,cyclo cross,True,sett,intermediate
73ddcd7d-680f-4b17-9ca3-1ef233563e1f,d07f5b5a-9032-4e76-a361-9560d763ca26,a8a1a539-dbc6-40ed-9182-b22049551834,1644074973680,13.4339999,52.4944743,6.025321,1.1335275,2.3261318,-8.533668,on bike mount,cyclo cross,True,sett,intermediate
73ddcd7d-680f-4b17-9ca3-1ef233563e1f,d07f5b5a-9032-4e76-a361-9560d763ca26,6eb94065-30f0-429e-99ba-b1c527ea687f,1644074973736,13.4339999,52.4944743,6.025321,0.26192546,-0.9105129,3.0760489,on bike mount,cyclo cross,True,sett,intermediate
73ddcd7d-680f-4b17-9ca3-1ef233563e1f,d07f5b5a-9032-4e76-a361-9560d763ca26,4feab041-a29d-4f98-b698-ade844ab20bf,1644074973792,13.4339999,52.4944743,6.025321,0.3620145,-12.177906,7.3460693,on bike mount,cyclo cross,True,sett,intermediate
73ddcd7d-680f-4b17-9ca3-1ef233563e1f,d07f5b5a-9032-4e76-a361-9560d763ca26,59c734de-f796-45b5-86c3-51d071900100,1644074973848,13.4339999,52.4944743,6.025321,-3.3416355,5.294707,-15.928032,on bike mount,cyclo cross,True,sett,intermediate
73ddcd7d-680f-4b17-9ca3-1ef233563e1f,d07f5b5a-9032-4e76-a361-9560d763ca26,24d633fe-c028-49d2-9d6c-2b2bff97ef4f,1644074973904,13.4339999,52.4944743,6.025321,-1.6683335,-2.9418151,8.2271595,on bike mount,cyclo cross,True,sett,intermediate
73ddcd7d-680f-4b17-9ca3-1ef233563e1f,d07f5b5a-9032-4e76-a361-9560d763ca26,4782e784-fca2-4df0-ae5a-9d8bc1e9f117,1644074973958,13.4339999,52.4944743,6.025321,-0.7469197,0.7910788,-10.3314,on bike mount,cyclo cross,True,sett,intermediate
73ddcd7d-680f-4b17-9ca3-1ef233563e1f,d07f5b5a-9032-4e76-a361-9560d763ca26,4c2ce84a-3e16-421d-97de-e89dc6a2e4a9,1644074974015,13.4339999,52.4944743,6.025321,-2.8022208,-12.872531,29.4054,on bike mount,cyclo cross,True,sett,intermediate
73ddcd7d-680f-4b17-9ca3-1ef233563e1f,d07f5b5a-9032-4e76-a361-9560d763ca26,9d6d9b7a-6c6a-4534-a134-aedbb1121afa,1644074974070,13.4339999,52.4944743,6.025321,-0.34450442,-9.676462,-8.601171,on bike mount,cyclo cross,True,sett,intermediate
73ddcd7d-680f-4b17-9ca3-1ef233563e1f,d07f5b5a-9032-4e76-a361-9560d763ca26,b8d4223e-1c1a-4777-a00e-142d44bfaf1d,1644074974125,13.4339999,52.4944743,6.025321,-2.3187616,3.4552913,9.557417,on bike mount,cyclo cross,True,sett,intermediate
73ddcd7d-680f-4b17-9ca3-1ef233563e1f,d07f5b5a-9032-4e76-a361-9560d763ca26,11d9d2d4-0100-4c55-8ed0-d0ffef7f1481,1644074974181,13.4339999,52.4944743,6.025321,-4.901048,2.2826862,12.2997465,on bike mount,cyclo cross,True,sett,intermediate
73ddcd7d-680f-4b17-9ca3-1ef233563e1f,d07f5b5a-9032-4e76-a361-9560d763ca26,341d6966-46b7-483c-a331-ee9cfadcc145,1644074974236,13.4339999,52.4944743,6.025321,5.2862797,-0.8221576,0.2200346,on bike mount,cyclo cross,True,sett,intermediate
73ddcd7d-680f-4b17-9ca3-1ef233563e1f,d07f5b5a-9032-4e76-a361-9560d763ca26,daa4f7b0-2c82-4f70-9e85-6988bf0139b5,1644074974292,13.4339999,52.4944743,6.025321,4.164202,-5.059077,13.298506,on bike mount,cyclo cross,True,sett,intermediate
73ddcd7d-680f-4b17-9ca3-1ef233563e1f,d07f5b5a-9032-4e76-a361-9560d763ca26,08701d3e-aa2d-4fa6-ab4a-7ea37f4586d8,1644074974348,13.4339999,52.4944743,6.025321,0.14623398,-0.6207278,-1.9570384,on bike mount,cyclo cross,True,sett,intermediate
73ddcd7d-680f-4b17-9ca3-1ef233563e1f,d07f5b5a-9032-4e76-a361-9560d763ca26,10a4bd5f-9bf3-43fd-991a-812f8bdf2932,1644074974403,13.4339999,52.4944743,6.025321,-3.157279,-8.048458,15.978268,on bike mount,cyclo cross,True,sett,intermediate
73ddcd7d-680f-4b17-9ca3-1ef233563e1f,d07f5b5a-9032-4e76-a361-9560d763ca26,695714bc-f553-4a2d-b965-76cff3d86432,1644074974458,13.4339999,52.4944743,6.025321,-2.9313626,6.933139,-6.454793,on bike mount,cyclo cross,True,sett,intermediate
73ddcd7d-680f-4b17-9ca3-1ef233563e1f,d07f5b5a-9032-4e76-a361-9560d763ca26,c938b427-35bd-455c-b804-f5c922706926,1644074974514,13.4339999,52.4944743,6.025321,0.29924995,-8.159273,-2.405398,on bike mount,cyclo cross,True,sett,intermediate
73ddcd7d-680f-4b17-9ca3-1ef233563e1f,d07f5b5a-9032-4e76-a361-9560d763ca26,b6fd57e3-6a78-4b6f-a7ff-0e648117ba0f,1644074974569,13.4339142,52.4944975,5.969729,4.8902,13.483732,-8.910033,on bike mount,cyclo cross,True,sett,intermediate
73ddcd7d-680f-4b17-9ca3-1ef233563e1f,d07f5b5a-9032-4e76-a361-9560d763ca26,d874b124-c745-410b-b05a-4806c182fd94,1644074974625,13.4339142,52.4944975,5.969729,-1.1940806,18.581783,-3.7971,on bike mount,cyclo cross,True,sett,intermediate
73ddcd7d-680f-4b17-9ca3-1ef233563e1f,d07f5b5a-9032-4e76-a361-9560d763ca26,8f829c46-0757-4098-8ec2-e15a7eeb1692,1644074974681,13.4339142,52.4944975,5.969729,3.242915,-4.0147862,5.2713184,on bike mount,cyclo cross,True,sett,intermediate
73ddcd7d-680f-4b17-9ca3-1ef233563e1f,d07f5b5a-9032-4e76-a361-9560d763ca26,ef65b2db-6032-4631-bded-ce7bf71f4a28,1644074974738,13.4339142,52.4944975,5.969729,0.8136888,-6.8887415,5.083911,on bike mount,cyclo cross,True,sett,intermediate
73ddcd7d-680f-4b17-9ca3-1ef233563e1f,d07f5b5a-9032-4e76-a361-9560d763ca26,30b9d033-bfd5-4b29-8e9c-fe8dd6461606,1644074974793,13.4339142,52.4944975,5.969729,-3.7046037,-2.3116145,-9.572004,on bike mount,cyclo cross,True,sett,intermediate
73ddcd7d-680f-4b17-9ca3-1ef233563e1f,d07f5b5a-9032-4e76-a361-9560d763ca26,c206db00-d2d4-4c1f-90df-5729b9e52fe8,1644074974848,13.4339142,52.4944975,5.969729,5.418082,-2.5531871,-5.9795914,on bike mount,cyclo cross,True,sett,intermediate
73ddcd7d-680f-4b17-9ca3-1ef233563e1f,d07f5b5a-9032-4e76-a361-9560d763ca26,16a93c7d-307d-4364-a326-4cb92debb712,1644074974903,13.4339142,52.4944975,5.969729,3.9207008,2.8456006,-2.6728048,on bike mount,cyclo cross,True,sett,intermediate
73ddcd7d-680f-4b17-9ca3-1ef233563e1f,d07f5b5a-9032-4e76-a361-9560d763ca26,6ef25156-8c3a-4feb-901f-8fd44b099413,1644074974959,13.4339142,52.4944975,5.969729,2.5210989,19.276474,-13.819314,on bike mount,cyclo cross,True,sett,intermediate
73ddcd7d-680f-4b17-9ca3-1ef233563e1f,d07f5b5a-9032-4e76-a361-9560d763ca26,fef32c40-e4a5-4867-b5d0-fa833b2882a3,1644074975014,13.4339142,52.4944975,5.969729,-2.6436942,8.1667,4.484524,on bike mount,cyclo cross,True,sett,intermediate
73ddcd7d-680f-4b17-9ca3-1ef233563e1f,d07f5b5a-9032-4e76-a361-9560d763ca26,2da18512-ee68-45d7-ba92-54ba53ba1fa5,1644074975070,13.4339142,52.4944975,5.969729,-0.39343524,-4.413964,11.750934,on bike mount,cyclo cross,True,sett,intermediate
73ddcd7d-680f-4b17-9ca3-1ef233563e1f,d07f5b5a-9032-4e76-a361-9560d763ca26,0637d795-0af5-4dd9-a879-93923f666707,1644074975125,13.4339142,52.4944975,5.969729,-1.2650245,7.299088,-13.3389435,on bike mount,cyclo cross,True,sett,intermediate
73ddcd7d-680f-4b17-9ca3-1ef233563e1f,d07f5b5a-9032-4e76-a361-9560d763ca26,75683bcd-97d0-4627-9bf8-e99841347b85,1644074975181,13.4339142,52.4944975,5.969729,1.6478748,1.9820995,-1.2727394,on bike mount,cyclo cross,True,sett,intermediate
73ddcd7d-680f-4b17-9ca3-1ef233563e1f,d07f5b5a-9032-4e76-a361-9560d763ca26,a558ca6f-93ae-4c27-8181-d6cd432d6e7a,1644074975236,13.4339142,52.4944975,5.969729,-1.9221265,2.8004308,0.62415123,on bike mount,cyclo cross,True,sett,intermediate
73ddcd7d-680f-4b17-9ca3-1ef233563e1f,d07f5b5a-9032-4e76-a361-9560d763ca26,76de68cb-2a0e-4cfd-8ef6-b492efb8631f,1644074975291,13.4339142,52.4944975,5.969729,-1.9715992,-8.290783,7.392211,on bike mount,cyclo cross,True,sett,intermediate
73ddcd7d-680f-4b17-9ca3-1ef233563e1f,d07f5b5a-9032-4e76-a361-9560d763ca26,33ac0fbe-d76e-4476-83ac-b7b569f56e28,1644074975348,13.4339142,52.4944975,5.969729,-0.7490911,-10.400637,-3.910206,on bike mount,cyclo cross,True,sett,intermediate
73ddcd7d-680f-4b17-9ca3-1ef233563e1f,d07f5b5a-9032-4e76-a361-9560d763ca26,7c2e097b-a996-4821-a8fa-c7c8e0953466,1644074975403,13.4339142,52.4944975,5.969729,-0.9440574,-9.143099,1.7905016,on bike mount,cyclo cross,True,sett,intermediate
73ddcd7d-680f-4b17-9ca3-1ef233563e1f,d07f5b5a-9032-4e76-a361-9560d763ca26,da816c9f-c9af-4ad7-9ead-a5e8817774c9,1644074975461,13.4339142,52.4944975,5.969729,1.4329771,5.0126133,5.5957823,on bike mount,cyclo cross,True,sett,intermediate
73ddcd7d-680f-4b17-9ca3-1ef233563e1f,d07f5b5a-9032-4e76-a361-9560d763ca26,ac218816-711a-4e43-af7a-fa88dcece822,1644074975515,13.4339142,52.4944975,5.969729,2.1856637,-0.2060504,9.882069,on bike mount,cyclo cross,True,sett,intermediate
73ddcd7d-680f-4b17-9ca3-1ef233563e1f,d07f5b5a-9032-4e76-a361-9560d763ca26,924406a1-b98a-4bac-873e-6f1f95bb42fb,1644074975569,13.4338321,52.4945209,5.79532,1.0379448,2.537939,-9.799269,on bike mount,cyclo cross,True,sett,intermediate
73ddcd7d-680f-4b17-9ca3-1ef233563e1f,d07f5b5a-9032-4e76-a361-9560d763ca26,caa0d62b-da65-4b84-b99d-831171730908,1644074975626,13.4338321,52.4945209,5.79532,0.009077892,2.709961,-9.602091,on bike mount,cyclo cross,True,sett,intermediate
73ddcd7d-680f-4b17-9ca3-1ef233563e1f,d07f5b5a-9032-4e76-a361-9560d763ca26,56bfa64a-0141-45ee-a382-ac86ae6aa415,1644074975681,13.4338321,52.4945209,5.79532,0.54560876,-5.3756933,4.830203,on bike mount,cyclo cross,True,sett,intermediate
73ddcd7d-680f-4b17-9ca3-1ef233563e1f,d07f5b5a-9032-4e76-a361-9560d763ca26,778b1fbb-8753-40a9-9cdb-0890492044b4,1644074975736,13.4338321,52.4945209,5.79532,-2.339128,-19.008299,8.067632,on bike mount,cyclo cross,True,sett,intermediate
73ddcd7d-680f-4b17-9ca3-1ef233563e1f,d07f5b5a-9032-4e76-a361-9560d763ca26,3d972573-f4ac-47e8-8edc-b5572b413ab4,1644074975792,13.4338321,52.4945209,5.79532,0.32716477,-0.24016953,11.97322,on bike mount,cyclo cross,True,sett,intermediate
73ddcd7d-680f-4b17-9ca3-1ef233563e1f,d07f5b5a-9032-4e76-a361-9560d763ca26,ec44a564-81d9-4af5-92b1-bb1186ad01fc,1644074975848,13.4338321,52.4945209,5.79532,0.6914911,-2.0918183,7.1023607,on bike mount,cyclo cross,True,sett,intermediate
73ddcd7d-680f-4b17-9ca3-1ef233563e1f,d07f5b5a-9032-4e76-a361-9560d763ca26,36d48895-79ed-4abe-ba9e-620b358320f7,1644074975904,13.4338321,52.4945209,5.79532,0.16665506,-1.6452957,-1.8683672,on bike mount,cyclo cross,True,sett,intermediate
73ddcd7d-680f-4b17-9ca3-1ef233563e1f,d07f5b5a-9032-4e76-a361-9560d763ca26,33956f68-38ed-4e63-95d1-90862d972298,1644074975958,13.4338321,52.4945209,5.79532,-1.3327882,1.9654269,-3.8009949,on bike mount,cyclo cross,True,sett,intermediate
73ddcd7d-680f-4b17-9ca3-1ef233563e1f,d07f5b5a-9032-4e76-a361-9560d763ca26,31119abe-7fdb-4294-8eb2-6cca75da5bb5,1644074976014,13.4338321,52.4945209,5.79532,-1.3430754,-3.3343763,6.138447,on bike mount,cyclo cross,True,sett,intermediate
73ddcd7d-680f-4b17-9ca3-1ef233563e1f,d07f5b5a-9032-4e76-a361-9560d763ca26,50b2ea2c-c3a9-4241-bb36-2b1ea468c4d6,1644074976070,13.4338321,52.4945209,5.79532,-2.602189,-1.2520088,7.2994823,on bike mount,cyclo cross,True,sett,intermediate
73ddcd7d-680f-4b17-9ca3-1ef233563e1f,d07f5b5a-9032-4e76-a361-9560d763ca26,e457d584-5c53-4d2c-8239-6a2e6a0470e1,1644074976125,13.4338321,52.4945209,5.79532,0.5483891,-4.3822603,9.861682,on bike mount,cyclo cross,True,sett,intermediate
73ddcd7d-680f-4b17-9ca3-1ef233563e1f,d07f5b5a-9032-4e76-a361-9560d763ca26,f200e2e8-bc3f-4c71-ab43-554cabd41fbe,1644074976181,13.4338321,52.4945209,5.79532,-4.364668,-1.0893252,-2.8936768,on bike mount,cyclo cross,True,sett,intermediate
73ddcd7d-680f-4b17-9ca3-1ef233563e1f,d07f5b5a-9032-4e76-a361-9560d763ca26,ca35125c-35fb-40b6-9b6f-0606330fc399,1644074976236,13.4338321,52.4945209,5.79532,1.9198707,9.626467,-6.655308,on bike mount,cyclo cross,True,sett,intermediate
73ddcd7d-680f-4b17-9ca3-1ef233563e1f,d07f5b5a-9032-4e76-a361-9560d763ca26,60bf1178-6d94-4231-b68b-3be15305aae2,1644074976292,13.4338321,52.4945209,5.79532,1.0366973,4.6459713,1.0689468,on bike mount,cyclo cross,True,sett,intermediate
73ddcd7d-680f-4b17-9ca3-1ef233563e1f,d07f5b5a-9032-4e76-a361-9560d763ca26,eea4eae1-0e19-495d-bbba-d6a9d99195dc,1644074976347,13.4338321,52.4945209,5.79532,-2.1829367,4.6994157,-0.40885878,on bike mount,cyclo cross,True,sett,intermediate
73ddcd7d-680f-4b17-9ca3-1ef233563e1f,d07f5b5a-9032-4e76-a361-9560d763ca26,6e4eea66-5b8c-4ce1-b0ec-94868189db17,1644074976402,13.4338321,52.4945209,5.79532,-0.018574506,-2.5113409,-1.5291147,on bike mount,cyclo cross,True,sett,intermediate
73ddcd7d-680f-4b17-9ca3-1ef233563e1f,d07f5b5a-9032-4e76-a361-9560d763ca26,ba514c0c-42e5-4194-a960-3783ff40a469,1644074976459,13.4338321,52.4945209,5.79532,-2.0301194,-3.0400538,13.039848,on bike mount,cyclo cross,True,sett,intermediate
73ddcd7d-680f-4b17-9ca3-1ef233563e1f,d07f5b5a-9032-4e76-a361-9560d763ca26,e7f35b46-634b-4439-b8c8-5fa440999c80,1644074976515,13.4338321,52.4945209,5.79532,0.060733557,2.2064013,-9.5054655,on bike mount,cyclo cross,True,sett,intermediate
73ddcd7d-680f-4b17-9ca3-1ef233563e1f,d07f5b5a-9032-4e76-a361-9560d763ca26,5673e576-0b1c-4c4b-8a7a-c4933246bbc6,1644074976568,13.433749,52.4945423,5.786188,2.3525894,6.516305,-6.347954,on bike mount,cyclo cross,True,sett,intermediate
73ddcd7d-680f-4b17-9ca3-1ef233563e1f,d07f5b5a-9032-4e76-a361-9560d763ca26,85540389-b3e2-4ac1-ade3-a8586f26751a,1644074976624,13.433749,52.4945423,5.786188,-1.9107516,-3.0270405,-3.4009085,on bike mount,cyclo cross,True,sett,intermediate
73ddcd7d-680f-4b17-9ca3-1ef233563e1f,d07f5b5a-9032-4e76-a361-9560d763ca26,6c777657-07ec-42a1-87cb-b466b04e27f0,1644074976680,13.433749,52.4945423,5.786188,2.288441,3.5120616,-10.469332,on bike mount,cyclo cross,True,sett,intermediate
73ddcd7d-680f-4b17-9ca3-1ef233563e1f,d07f5b5a-9032-4e76-a361-9560d763ca26,38015ab3-355f-458b-96ab-48fa1b85a8f7,1644074976736,13.433749,52.4945423,5.786188,-1.5637507,2.9520998,0.6488037,on bike mount,cyclo cross,True,sett,intermediate
73ddcd7d-680f-4b17-9ca3-1ef233563e1f,d07f5b5a-9032-4e76-a361-9560d763ca26,3f7c88d5-9922-4293-ab43-4615327c7ed8,1644074976791,13.433749,52.4945423,5.786188,-0.595057,-16.83663,12.606072,on bike mount,cyclo cross,True,sett,intermediate
73ddcd7d-680f-4b17-9ca3-1ef233563e1f,d07f5b5a-9032-4e76-a361-9560d763ca26,acfbb455-637d-46e9-944c-eccfbd566ca4,1644074976847,13.433749,52.4945423,5.786188,-2.1679544,-8.5938,9.659141,on bike mount,cyclo cross,True,sett,intermediate
73ddcd7d-680f-4b17-9ca3-1ef233563e1f,d07f5b5a-9032-4e76-a361-9560d763ca26,675e55b9-87f7-4792-a905-d01a8935bf43,1644074976903,13.433749,52.4945423,5.786188,-0.08340146,-3.9654846,4.3093977,on bike mount,cyclo cross,True,sett,intermediate
73ddcd7d-680f-4b17-9ca3-1ef233563e1f,d07f5b5a-9032-4e76-a361-9560d763ca26,4a750557-f6b5-47aa-a5d1-a512d6a872dc,1644074976960,13.433749,52.4945423,5.786188,0.35676968,0.32905078,-2.7501674,on bike mount,cyclo cross,True,sett,intermediate
73ddcd7d-680f-4b17-9ca3-1ef233563e1f,d07f5b5a-9032-4e76-a361-9560d763ca26,d114be62-124b-408f-950e-d06522221757,1644074977014,13.433749,52.4945423,5.786188,0.8896414,4.6080313,-8.503891,on bike mount,cyclo cross,True,sett,intermediate
73ddcd7d-680f-4b17-9ca3-1ef233563e1f,d07f5b5a-9032-4e76-a361-9560d763ca26,a11beb63-1a0b-476e-a3cd-def1d2de85b8,1644074977070,13.433749,52.4945423,5.786188,2.3554666,7.7322474,-6.8606353,on bike mount,cyclo cross,True,sett,intermediate
73ddcd7d-680f-4b17-9ca3-1ef233563e1f,d07f5b5a-9032-4e76-a361-9560d763ca26,fcdde201-6d96-4493-ab65-7e76a211b2d4,1644074977126,13.433749,52.4945423,5.786188,1.5818892,-9.608768,13.05938,on bike mount,cyclo cross,True,sett,intermediate
73ddcd7d-680f-4b17-9ca3-1ef233563e1f,d07f5b5a-9032-4e76-a361-9560d763ca26,01fe5b69-aa52-477f-a741-11423e958fd6,1644074977181,13.433749,52.4945423,5.786188,3.8894,-13.693692,8.550192,on bike mount,cyclo cross,True,sett,intermediate
73ddcd7d-680f-4b17-9ca3-1ef233563e1f,d07f5b5a-9032-4e76-a361-9560d763ca26,04f34adb-f9fa-42c5-a74b-a6c43627830f,1644074977236,13.433749,52.4945423,5.786188,3.222742,-4.4647036,18.209063,on bike mount,cyclo cross,True,sett,intermediate
73ddcd7d-680f-4b17-9ca3-1ef233563e1f,d07f5b5a-9032-4e76-a361-9560d763ca26,a41b08eb-8f5e-431d-9578-28eb77056d8f,1644074977292,13.433749,52.4945423,5.786188,0.33162117,8.375565,0.9942999,on bike mount,cyclo cross,True,sett,intermediate
73ddcd7d-680f-4b17-9ca3-1ef233563e1f,d07f5b5a-9032-4e76-a361-9560d763ca26,b800ee49-a948-4b1c-8638-05762557b267,1644074977347,13.433749,52.4945423,5.786188,-0.9767029,-3.3736653,-7.032278,on bike mount,cyclo cross,True,sett,intermediate
73ddcd7d-680f-4b17-9ca3-1ef233563e1f,d07f5b5a-9032-4e76-a361-9560d763ca26,4daa1432-4c4d-4dd2-9706-44e82b3ce838,1644074977402,13.433749,52.4945423,5.786188,-1.8590244,-4.8534036,7.981577,on bike mount,cyclo cross,True,sett,intermediate
73ddcd7d-680f-4b17-9ca3-1ef233563e1f,d07f5b5a-9032-4e76-a361-9560d763ca26,eb1b26e8-d69a-49d5-a5f8-dd9e3d5098d4,1644074977459,13.433749,52.4945423,5.786188,2.4921312,-1.4486816,-1.2324924,on bike mount,cyclo cross,True,sett,intermediate
73ddcd7d-680f-4b17-9ca3-1ef233563e1f,d07f5b5a-9032-4e76-a361-9560d763ca26,8671f7a6-cebc-4f6d-95e3-ddd6c1c8765b,1644074977515,13.433749,52.4945423,5.786188,1.3639009,-2.850698,2.802209,on bike mount,cyclo cross,True,sett,intermediate
73ddcd7d-680f-4b17-9ca3-1ef233563e1f,d07f5b5a-9032-4e76-a361-9560d763ca26,b3869c9f-eea7-41db-b658-2030135d27cb,1644074977569,13.4336674,52.4945644,5.544981,-0.95740616,-6.466668,-12.10421,on bike mount,cyclo cross,True,sett,intermediate
73ddcd7d-680f-4b17-9ca3-1ef233563e1f,d07f5b5a-9032-4e76-a361-9560d763ca26,2aecf541-5053-41e8-b139-535d992826b5,1644074977625,13.4336674,52.4945644,5.544981,-2.3668144,1.7996573,16.796497,on bike mount,cyclo cross,True,sett,intermediate
73ddcd7d-680f-4b17-9ca3-1ef233563e1f,d07f5b5a-9032-4e76-a361-9560d763ca26,62bab447-96cc-4b28-845a-b3884f09695c,1644074977680,13.4336674,52.4945644,5.544981,-1.8702685,14.130564,-16.28106,on bike mount,cyclo cross,True,sett,intermediate
73ddcd7d-680f-4b17-9ca3-1ef233563e1f,d07f5b5a-9032-4e76-a361-9560d763ca26,12e2c432-45e8-464b-b916-cc64937f02e6,1644074977737,13.4336674,52.4945644,5.544981,-0.9896878,-10.597778,-16.578224,on bike mount,cyclo cross,True,sett,intermediate
73ddcd7d-680f-4b17-9ca3-1ef233563e1f,d07f5b5a-9032-4e76-a361-9560d763ca26,f51c50de-90ee-40ff-80d7-dcd4c89e9d6d,1644074977793,13.4336674,52.4945644,5.544981,0.8192526,8.131399,-1.1404891,on bike mount,cyclo cross,True,sett,intermediate
73ddcd7d-680f-4b17-9ca3-1ef233563e1f,d07f5b5a-9032-4e76-a361-9560d763ca26,fba1d3fa-e4f5-4b70-aed4-2551b8342fce,1644074977847,13.4336674,52.4945644,5.544981,3.5971594,0.40282226,7.815387,on bike mount,cyclo cross,True,sett,intermediate
73ddcd7d-680f-4b17-9ca3-1ef233563e1f,d07f5b5a-9032-4e76-a361-9560d763ca26,2810e3be-8886-4015-98f5-81c92ab33c83,1644074977904,13.4336674,52.4945644,5.544981,2.2957253,-0.92901945,-9.321998,on bike mount,cyclo cross,True,sett,intermediate
73ddcd7d-680f-4b17-9ca3-1ef233563e1f,d07f5b5a-9032-4e76-a361-9560d763ca26,79ea27f6-9152-44b9-a4e8-e7391f378d31,1644074977959,13.4336674,52.4945644,5.544981,0.3946729,-19.833876,-2.7265787,on bike mount,cyclo cross,True,sett,intermediate
73ddcd7d-680f-4b17-9ca3-1ef233563e1f,d07f5b5a-9032-4e76-a361-9560d763ca26,eb85361a-24d9-461b-a585-6020ce3f356e,1644074978014,13.4336674,52.4945644,5.544981,2.824202,-8.929897,7.4273243,on bike mount,cyclo cross,True,sett,intermediate
73ddcd7d-680f-4b17-9ca3-1ef233563e1f,d07f5b5a-9032-4e76-a361-9560d763ca26,c8607b8f-6488-4623-a430-955923f51da4,1644074978069,13.4336674,52.4945644,5.544981,0.7435596,-7.044281,8.261667,on bike mount,cyclo cross,True,sett,intermediate
73ddcd7d-680f-4b17-9ca3-1ef233563e1f,d07f5b5a-9032-4e76-a361-9560d763ca26,d1b7f161-eb43-4e74-a194-c9f238860a85,1644074978125,13.4336674,52.4945644,5.544981,1.5839639,-1.7688603,12.982967,on bike mount,cyclo cross,True,sett,intermediate
73ddcd7d-680f-4b17-9ca3-1ef233563e1f,d07f5b5a-9032-4e76-a361-9560d763ca26,dc6feb08-6530-4ac7-9885-3b7c1c90fc67,1644074978180,13.4336674,52.4945644,5.544981,4.0705385,-12.574804,11.586954,on bike mount,cyclo cross,True,sett,intermediate
73ddcd7d-680f-4b17-9ca3-1ef233563e1f,d07f5b5a-9032-4e76-a361-9560d763ca26,e6b0e2db-3365-40bd-bd84-a385bec08008,1644074978236,13.4336674,52.4945644,5.544981,3.267219,-15.737866,6.9189034,on bike mount,cyclo cross,True,sett,intermediate
73ddcd7d-680f-4b17-9ca3-1ef233563e1f,d07f5b5a-9032-4e76-a361-9560d763ca26,1cea249f-72ef-4da6-a7a4-2cdde35ab245,1644074978292,13.4336674,52.4945644,5.544981,3.0544708,-1.2887548,25.493511,on bike mount,cyclo cross,True,sett,intermediate
73ddcd7d-680f-4b17-9ca3-1ef233563e1f,d07f5b5a-9032-4e76-a361-9560d763ca26,71a2505d-f193-416b-98af-222d2bdc8be5,1644074978347,13.4336674,52.4945644,5.544981,2.9752073,-1.9727775,8.238099,on bike mount,cyclo cross,True,sett,intermediate
73ddcd7d-680f-4b17-9ca3-1ef233563e1f,d07f5b5a-9032-4e76-a361-9560d763ca26,f25c4238-60e4-4173-9d63-5635269e77d5,1644074978404,13.4336674,52.4945644,5.544981,1.9373103,-6.7094574,11.787355,on bike mount,cyclo cross,True,sett,intermediate
73ddcd7d-680f-4b17-9ca3-1ef233563e1f,d07f5b5a-9032-4e76-a361-9560d763ca26,8a078d19-c3b3-4f50-a510-bafbef6e8f3a,1644074978459,13.4336674,52.4945644,5.544981,-1.5473672,-1.1198692,8.177349,on bike mount,cyclo cross,True,sett,intermediate
73ddcd7d-680f-4b17-9ca3-1ef233563e1f,d07f5b5a-9032-4e76-a361-9560d763ca26,6553f75c-98d4-44ef-91e0-19128771d2dd,1644074978513,13.4336674,52.4945644,5.544981,3.2957187,-3.953164,-4.7168665,on bike mount,cyclo cross,True,sett,intermediate
73ddcd7d-680f-4b17-9ca3-1ef233563e1f,d07f5b5a-9032-4e76-a361-9560d763ca26,249da554-6d5f-49cd-b4c6-f8c0843064ff,1644074978569,13.43359,52.4945862,5.483637,-6.9964542,-6.187,16.060219,on bike mount,cyclo cross,True,sett,intermediate
73ddcd7d-680f-4b17-9ca3-1ef233563e1f,d07f5b5a-9032-4e76-a361-9560d763ca26,8d18240a-c1c5-4553-b04c-4d3c5548937d,1644074978625,13.43359,52.4945862,5.483637,-1.1530002,-9.656743,-13.141249,on bike mount,cyclo cross,True,sett,intermediate
73ddcd7d-680f-4b17-9ca3-1ef233563e1f,d07f5b5a-9032-4e76-a361-9560d763ca26,7741eafc-b0a0-4262-a29d-e7580f8ef918,1644074978681,13.43359,52.4945862,5.483637,3.5640435,-1.7345079,-5.550968,on bike mount,cyclo cross,True,sett,intermediate
73ddcd7d-680f-4b17-9ca3-1ef233563e1f,d07f5b5a-9032-4e76-a361-9560d763ca26,d4f164a2-9def-4a66-9e0f-ca6fbcf9b71e,1644074978737,13.43359,52.4945862,5.483637,0.8288132,13.606956,5.144335,on bike mount,cyclo cross,True,sett,intermediate
73ddcd7d-680f-4b17-9ca3-1ef233563e1f,d07f5b5a-9032-4e76-a361-9560d763ca26,05d24a98-989b-4604-a2fc-603a91035501,1644074978792,13.43359,52.4945862,5.483637,-0.04337065,-2.5667005,6.5627127,on bike mount,cyclo cross,True,sett,intermediate
73ddcd7d-680f-4b17-9ca3-1ef233563e1f,d07f5b5a-9032-4e76-a361-9560d763ca26,0088a793-2542-4cb7-92ad-94f19f592193,1644074978847,13.43359,52.4945862,5.483637,3.0873494,-11.998294,-5.0177383,on bike mount,cyclo cross,True,sett,intermediate
73ddcd7d-680f-4b17-9ca3-1ef233563e1f,d07f5b5a-9032-4e76-a361-9560d763ca26,e4063610-f6dc-4459-bd6a-d59828abff25,1644074978903,13.43359,52.4945862,5.483637,1.3872715,0.33161592,-3.9931228,on bike mount,cyclo cross,True,sett,intermediate
73ddcd7d-680f-4b17-9ca3-1ef233563e1f,d07f5b5a-9032-4e76-a361-9560d763ca26,d54c3390-589d-4abe-9798-de95a4a20ba6,1644074978959,13.43359,52.4945862,5.483637,-0.75528014,-5.983204,3.8565702,on bike mount,cyclo cross,True,sett,intermediate
73ddcd7d-680f-4b17-9ca3-1ef233563e1f,d07f5b5a-9032-4e76-a361-9560d763ca26,eea11424-1749-4c6b-9111-8a7067a27629,1644074979014,13.43359,52.4945862,5.483637,-2.0565577,2.1304994,8.500338,on bike mount,cyclo cross,True,sett,intermediate
73ddcd7d-680f-4b17-9ca3-1ef233563e1f,d07f5b5a-9032-4e76-a361-9560d763ca26,5872ece0-dd2f-4319-b28b-60e2ef1198fa,1644074979070,13.43359,52.4945862,5.483637,-0.3991501,-1.4326096,-7.8967967,on bike mount,cyclo cross,True,sett,intermediate
73ddcd7d-680f-4b17-9ca3-1ef233563e1f,d07f5b5a-9032-4e76-a361-9560d763ca26,b586d7a6-bdfb-4ab5-8519-651f26bcf49b,1644074979125,13.43359,52.4945862,5.483637,-1.614528,1.4572492,12.0533085,on bike mount,cyclo cross,True,sett,intermediate
73ddcd7d-680f-4b17-9ca3-1ef233563e1f,d07f5b5a-9032-4e76-a361-9560d763ca26,5f801ffd-d652-41dd-8c4c-41bcf9558da0,1644074979180,13.43359,52.4945862,5.483637,1.5293217,5.2625284,-9.285163,on bike mount,cyclo cross,True,sett,intermediate
73ddcd7d-680f-4b17-9ca3-1ef233563e1f,d07f5b5a-9032-4e76-a361-9560d763ca26,5380faac-3d9b-47e1-a712-be784b70d401,1644074979236,13.43359,52.4945862,5.483637,0.26008117,5.3195133,4.195217,on bike mount,cyclo cross,True,sett,intermediate
73ddcd7d-680f-4b17-9ca3-1ef233563e1f,d07f5b5a-9032-4e76-a361-9560d763ca26,64d5f43a-05ae-476b-8482-60e803d7ac6f,1644074979292,13.43359,52.4945862,5.483637,1.0030576,0.66182184,5.303238,on bike mount,cyclo cross,True,sett,intermediate
73ddcd7d-680f-4b17-9ca3-1ef233563e1f,d07f5b5a-9032-4e76-a361-9560d763ca26,c2d983da-2874-42b0-a0c8-80c0ff209e1a,1644074979347,13.43359,52.4945862,5.483637,-2.428912,4.6505795,-1.733882,on bike mount,cyclo cross,True,sett,intermediate
73ddcd7d-680f-4b17-9ca3-1ef233563e1f,d07f5b5a-9032-4e76-a361-9560d763ca26,aeb902ce-af27-416e-a01f-3631f651c9d7,1644074979403,13.43359,52.4945862,5.483637,1.7346299,-2.354993,-0.14028645,on bike mount,cyclo cross,True,sett,intermediate
73ddcd7d-680f-4b17-9ca3-1ef233563e1f,d07f5b5a-9032-4e76-a361-9560d763ca26,92986daf-2231-46a0-8b8d-46bb761fae4d,1644074979459,13.43359,52.4945862,5.483637,0.62251943,-0.4902997,-6.118174,on bike mount,cyclo cross,True,sett,intermediate
73ddcd7d-680f-4b17-9ca3-1ef233563e1f,d07f5b5a-9032-4e76-a361-9560d763ca26,99639f3d-9b67-4f5e-9a63-fc9c78804b70,1644074979515,13.43359,52.4945862,5.483637,-4.8610873,-4.5871644,21.210548,on bike mount,cyclo cross,True,sett,intermediate
73ddcd7d-680f-4b17-9ca3-1ef233563e1f,d07f5b5a-9032-4e76-a361-9560d763ca26,8d5aa3a9-fcf1-44ad-8737-928282275722,1644074979569,13.4335133,52.4946076,5.475602,0.892245,-7.6330285,29.985214,on bike mount,cyclo cross,True,sett,intermediate
73ddcd7d-680f-4b17-9ca3-1ef233563e1f,d07f5b5a-9032-4e76-a361-9560d763ca26,5c0a115a-77fa-4948-8be6-b23a331fb9a2,1644074979625,13.4335133,52.4946076,5.475602,0.9864567,1.100831,-10.356199,on bike mount,cyclo cross,True,sett,intermediate
73ddcd7d-680f-4b17-9ca3-1ef233563e1f,d07f5b5a-9032-4e76-a361-9560d763ca26,2ce29ec8-963e-4bec-8331-7c0041cd771b,1644074979681,13.4335133,52.4946076,5.475602,1.3278608,16.321533,12.933718,on bike mount,cyclo cross,True,sett,intermediate
73ddcd7d-680f-4b17-9ca3-1ef233563e1f,d07f5b5a-9032-4e76-a361-9560d763ca26,901ad9c1-f26e-4572-a57a-877920a32c47,1644074979736,13.4335133,52.4946076,5.475602,1.0735778,4.43071,-13.190981,on bike mount,cyclo cross,True,sett,intermediate
73ddcd7d-680f-4b17-9ca3-1ef233563e1f,d07f5b5a-9032-4e76-a361-9560d763ca26,0bc2e7e5-2514-40f4-a2ee-7c303058fb3e,1644074979792,13.4335133,52.4946076,5.475602,1.3771117,-2.7601228,-11.058726,on bike mount,cyclo cross,True,sett,intermediate
73ddcd7d-680f-4b17-9ca3-1ef233563e1f,d07f5b5a-9032-4e76-a361-9560d763ca26,3bb3e174-900a-4902-ac89-4c63a1202d28,1644074979847,13.4335133,52.4946076,5.475602,-0.88036513,1.5725436,-4.913911,on bike mount,cyclo cross,True,sett,intermediate
73ddcd7d-680f-4b17-9ca3-1ef233563e1f,d07f5b5a-9032-4e76-a361-9560d763ca26,d891d85a-3287-4a1a-b0fb-fcfc34d8c631,1644074979903,13.4335133,52.4946076,5.475602,0.9033604,-9.4463005,8.670362,on bike mount,cyclo cross,True,sett,intermediate
73ddcd7d-680f-4b17-9ca3-1ef233563e1f,d07f5b5a-9032-4e76-a361-9560d763ca26,8ea0c310-276b-4737-9e93-cff7a9e9a5a1,1644074979959,13.4335133,52.4946076,5.475602,1.9607748,-1.7405567,-11.062007,on bike mount,cyclo cross,True,sett,intermediate
73ddcd7d-680f-4b17-9ca3-1ef233563e1f,d07f5b5a-9032-4e76-a361-9560d763ca26,a0566ab9-b1d8-472b-a674-80214001298d,1644074980014,13.4335133,52.4946076,5.475602,0.7907044,-6.719141,-11.751633,on bike mount,cyclo cross,True,sett,intermediate
73ddcd7d-680f-4b17-9ca3-1ef233563e1f,d07f5b5a-9032-4e76-a361-9560d763ca26,3a033c3c-9428-443a-ac48-ab36ecb9aef7,1644074980069,13.4335133,52.4946076,5.475602,-0.9864776,-14.518391,-4.18622,on bike mount,cyclo cross,True,sett,intermediate
73ddcd7d-680f-4b17-9ca3-1ef233563e1f,d07f5b5a-9032-4e76-a361-9560d763ca26,b7872034-6c12-4528-92af-fab8ccb724ca,1644074980124,13.4335133,52.4946076,5.475602,2.265613,-9.080794,-8.123738,on bike mount,cyclo cross,True,sett,intermediate
73ddcd7d-680f-4b17-9ca3-1ef233563e1f,d07f5b5a-9032-4e76-a361-9560d763ca26,eb28bd85-bb94-44b3-a1fc-ac3b0176ee24,1644074980181,13.4335133,52.4946076,5.475602,0.42935407,5.0998383,2.656127,on bike mount,cyclo cross,True,sett,intermediate
73ddcd7d-680f-4b17-9ca3-1ef233563e1f,d07f5b5a-9032-4e76-a361-9560d763ca26,7ebe5279-4af4-4fbd-a9ca-907544313beb,1644074980236,13.4335133,52.4946076,5.475602,-2.2345853,1.8255372,-9.032841,on bike mount,cyclo cross,True,sett,intermediate
73ddcd7d-680f-4b17-9ca3-1ef233563e1f,d07f5b5a-9032-4e76-a361-9560d763ca26,6193d37e-57ec-4929-ad97-650169f08d9c,1644074980292,13.4335133,52.4946076,5.475602,-4.8079596,14.145398,-28.27266,on bike mount,cyclo cross,True,sett,intermediate
73ddcd7d-680f-4b17-9ca3-1ef233563e1f,d07f5b5a-9032-4e76-a361-9560d763ca26,93ba11ac-5154-4c2d-83d5-b9b04ddeb707,1644074980348,13.4335133,52.4946076,5.475602,-0.69138515,7.104192,1.0547123,on bike mount,cyclo cross,True,sett,intermediate
73ddcd7d-680f-4b17-9ca3-1ef233563e1f,d07f5b5a-9032-4e76-a361-9560d763ca26,d0e65356-b695-4ea9-abee-64d7aa35b4c5,1644074980403,13.4335133,52.4946076,5.475602,-1.0142996,5.0251026,-36.576756,on bike mount,cyclo cross,True,sett,intermediate
73ddcd7d-680f-4b17-9ca3-1ef233563e1f,d07f5b5a-9032-4e76-a361-9560d763ca26,5e1579c2-9f9c-4609-b042-e1b69b6a5660,1644074980459,13.4335133,52.4946076,5.475602,-0.7757613,-1.940963,-3.9113758,on bike mount,cyclo cross,True,sett,intermediate
73ddcd7d-680f-4b17-9ca3-1ef233563e1f,d07f5b5a-9032-4e76-a361-9560d763ca26,100362a2-8fcc-4bdb-865c-5587a4b15c3f,1644074980514,13.4335133,52.4946076,5.475602,-1.691506,-12.335402,20.962887,on bike mount,cyclo cross,True,sett,intermediate
73ddcd7d-680f-4b17-9ca3-1ef233563e1f,d07f5b5a-9032-4e76-a361-9560d763ca26,0c1dd774-42b4-4475-b0be-497bda9d2fd4,1644074980568,13.4334381,52.4946297,5.4780564,-0.22480687,-3.6526551,-19.225655,on bike mount,cyclo cross,True,sett,intermediate
73ddcd7d-680f-4b17-9ca3-1ef233563e1f,d07f5b5a-9032-4e76-a361-9560d763ca26,ba299d72-886f-4d3d-abc2-d9a47499e601,1644074980625,13.4334381,52.4946297,5.4780564,-0.740005,-4.499545,-13.030302,on bike mount,cyclo cross,True,sett,intermediate
73ddcd7d-680f-4b17-9ca3-1ef233563e1f,d07f5b5a-9032-4e76-a361-9560d763ca26,40eb9c2e-5109-443c-909f-661c7b9117b1,1644074980681,13.4334381,52.4946297,5.4780564,-0.18518496,3.6042118,-2.1195107,on bike mount,cyclo cross,True,sett,intermediate
73ddcd7d-680f-4b17-9ca3-1ef233563e1f,d07f5b5a-9032-4e76-a361-9560d763ca26,223ede81-ed94-4a75-8dc8-d3936573ac87,1644074980736,13.4334381,52.4946297,5.4780564,-3.0646486,-3.0158849,1.606267,on bike mount,cyclo cross,True,sett,intermediate
73ddcd7d-680f-4b17-9ca3-1ef233563e1f,d07f5b5a-9032-4e76-a361-9560d763ca26,46410573-f28c-471f-bfef-1dd4c01e779f,1644074980791,13.4334381,52.4946297,5.4780564,0.42074424,-6.222827,-6.5094156,on bike mount,cyclo cross,True,sett,intermediate
73ddcd7d-680f-4b17-9ca3-1ef233563e1f,d07f5b5a-9032-4e76-a361-9560d763ca26,8866cda2-5d65-406d-8abe-ba6f75b9fd53,1644074980847,13.4334381,52.4946297,5.4780564,-3.1552553,-3.6899865,-8.813334,on bike mount,cyclo cross,True,sett,intermediate
73ddcd7d-680f-4b17-9ca3-1ef233563e1f,d07f5b5a-9032-4e76-a361-9560d763ca26,ae7e138b-3161-4037-8f8d-ec7e7ebbe94f,1644074980903,13.4334381,52.4946297,5.4780564,0.17874189,1.5486999,-2.05089,on bike mount,cyclo cross,True,sett,intermediate
73ddcd7d-680f-4b17-9ca3-1ef233563e1f,d07f5b5a-9032-4e76-a361-9560d763ca26,71b8b3d5-106a-40ab-b8d8-4ec7bc75a398,1644074980959,13.4334381,52.4946297,5.4780564,1.1765995,-0.73990583,-6.561942,on bike mount,cyclo cross,True,sett,intermediate
73ddcd7d-680f-4b17-9ca3-1ef233563e1f,d07f5b5a-9032-4e76-a361-9560d763ca26,3b6d7ec1-a7d1-4c3f-8193-50fa95c0ae06,1644074981014,13.4334381,52.4946297,5.4780564,-1.6287096,-0.7280643,-1.0988188,on bike mount,cyclo cross,True,sett,intermediate
73ddcd7d-680f-4b17-9ca3-1ef233563e1f,d07f5b5a-9032-4e76-a361-9560d763ca26,b9224f08-b31e-45bd-9410-dc35f07da9ba,1644074981070,13.4334381,52.4946297,5.4780564,-3.5414937,4.538825,9.960824,on bike mount,cyclo cross,True,sett,intermediate
73ddcd7d-680f-4b17-9ca3-1ef233563e1f,d07f5b5a-9032-4e76-a361-9560d763ca26,43650f89-f745-4cae-a680-43867f3f7fd2,1644074981125,13.4334381,52.4946297,5.4780564,-4.030692,5.722458,2.4840775,on bike mount,cyclo cross,True,sett,intermediate
73ddcd7d-680f-4b17-9ca3-1ef233563e1f,d07f5b5a-9032-4e76-a361-9560d763ca26,5b6d0595-4f90-4327-8078-782473e6fb1f,1644074981183,13.4334381,52.4946297,5.4780564,-0.007467687,3.9804735,-2.0730243,on bike mount,cyclo cross,True,sett,intermediate
73ddcd7d-680f-4b17-9ca3-1ef233563e1f,d07f5b5a-9032-4e76-a361-9560d763ca26,56b9880a-a06b-47c8-905b-771567282d0f,1644074981237,13.4334381,52.4946297,5.4780564,2.722635,13.231903,-16.996412,on bike mount,cyclo cross,True,sett,intermediate
73ddcd7d-680f-4b17-9ca3-1ef233563e1f,d07f5b5a-9032-4e76-a361-9560d763ca26,18d1d8bc-f69b-4c63-b707-3f3806ef03c4,1644074981292,13.4334381,52.4946297,5.4780564,-0.002990663,0.9624114,-8.216657,on bike mount,cyclo cross,True,sett,intermediate
73ddcd7d-680f-4b17-9ca3-1ef233563e1f,d07f5b5a-9032-4e76-a361-9560d763ca26,f823b9fe-ff82-4e48-acf9-c378ba39146e,1644074981347,13.4334381,52.4946297,5.4780564,-4.184772,-4.8255377,19.251623,on bike mount,cyclo cross,True,sett,intermediate
73ddcd7d-680f-4b17-9ca3-1ef233563e1f,d07f5b5a-9032-4e76-a361-9560d763ca26,ee99e316-8ebe-43d5-a8f2-b551fd3b5735,1644074981403,13.4334381,52.4946297,5.4780564,-0.81755984,2.4368534,-3.3325262,on bike mount,cyclo cross,True,sett,intermediate
73ddcd7d-680f-4b17-9ca3-1ef233563e1f,d07f5b5a-9032-4e76-a361-9560d763ca26,63513c1b-881c-463b-afb5-c2e2c205805d,1644074981459,13.4334381,52.4946297,5.4780564,-0.09572619,3.2944717,8.048642,on bike mount,cyclo cross,True,sett,intermediate
73ddcd7d-680f-4b17-9ca3-1ef233563e1f,d07f5b5a-9032-4e76-a361-9560d763ca26,8e674274-db07-40a7-b104-83e8798f8880,1644074981515,13.4334381,52.4946297,5.4780564,-3.1024313,13.794762,-10.849245,on bike mount,cyclo cross,True,sett,intermediate
73ddcd7d-680f-4b17-9ca3-1ef233563e1f,d07f5b5a-9032-4e76-a361-9560d763ca26,eaae4914-aa18-4022-905e-fee553782869,1644074981569,13.4333617,52.4946505,5.4256825,0.98059905,2.809472,1.4508524,on bike mount,cyclo cross,True,sett,intermediate
73ddcd7d-680f-4b17-9ca3-1ef233563e1f,d07f5b5a-9032-4e76-a361-9560d763ca26,d8e47f58-645d-49e6-9d8c-479c20cf7835,1644074981626,13.4333617,52.4946505,5.4256825,-1.1415832,-6.979555,2.261054,on bike mount,cyclo cross,True,sett,intermediate
73ddcd7d-680f-4b17-9ca3-1ef233563e1f,d07f5b5a-9032-4e76-a361-9560d763ca26,43a6fcee-56c9-4c6e-89f7-72f7d0c71c69,1644074981681,13.4333617,52.4946505,5.4256825,-2.694872,5.8091917,-0.53916264,on bike mount,cyclo cross,True,sett,intermediate
73ddcd7d-680f-4b17-9ca3-1ef233563e1f,d07f5b5a-9032-4e76-a361-9560d763ca26,055072c0-de23-4682-a2fd-bc407bd6057b,1644074981737,13.4333617,52.4946505,5.4256825,-2.342703,-7.452835,16.378119,on bike mount,cyclo cross,True,sett,intermediate
73ddcd7d-680f-4b17-9ca3-1ef233563e1f,d07f5b5a-9032-4e76-a361-9560d763ca26,117510bd-7385-415d-b4e5-ab63a23950f0,1644074981792,13.4333617,52.4946505,5.4256825,-1.5928029,-11.188027,15.885071,on bike mount,cyclo cross,True,sett,intermediate
73ddcd7d-680f-4b17-9ca3-1ef233563e1f,d07f5b5a-9032-4e76-a361-9560d763ca26,bdb1bf17-53df-42c1-a79b-c0b91f255696,1644074981848,13.4333617,52.4946505,5.4256825,2.4126997,6.6374226,2.8530264,on bike mount,cyclo cross,True,sett,intermediate
73ddcd7d-680f-4b17-9ca3-1ef233563e1f,d07f5b5a-9032-4e76-a361-9560d763ca26,d86bef49-c49a-4c4f-98aa-d3f4035b5383,1644074981903,13.4333617,52.4946505,5.4256825,2.793177,2.3261447,8.545897,on bike mount,cyclo cross,True,sett,intermediate
73ddcd7d-680f-4b17-9ca3-1ef233563e1f,d07f5b5a-9032-4e76-a361-9560d763ca26,5e59272f-af24-4933-86ca-d227b2ae3e11,1644074981959,13.4333617,52.4946505,5.4256825,-1.9051915,-10.853209,0.89228344,on bike mount,cyclo cross,True,sett,intermediate
73ddcd7d-680f-4b17-9ca3-1ef233563e1f,d07f5b5a-9032-4e76-a361-9560d763ca26,591f6ee1-7abf-4a76-b6e6-e7e8cd93f847,1644074982014,13.4333617,52.4946505,5.4256825,-0.7353824,-5.28222,-5.1328945,on bike mount,cyclo cross,True,sett,intermediate
73ddcd7d-680f-4b17-9ca3-1ef233563e1f,d07f5b5a-9032-4e76-a361-9560d763ca26,7db535d1-e072-4640-a836-b8cd0be5d5e8,1644074982070,13.4333617,52.4946505,5.4256825,-5.0517616,6.190789,5.5428743,on bike mount,cyclo cross,True,sett,intermediate
73ddcd7d-680f-4b17-9ca3-1ef233563e1f,d07f5b5a-9032-4e76-a361-9560d763ca26,eebff3a9-0653-41bb-bdee-0aad182e8f1d,1644074982125,13.4333617,52.4946505,5.4256825,-6.083585,-0.5301962,12.287252,on bike mount,cyclo cross,True,sett,intermediate
73ddcd7d-680f-4b17-9ca3-1ef233563e1f,d07f5b5a-9032-4e76-a361-9560d763ca26,aead2f9d-7bb9-489d-9bca-5b73190db3d5,1644074982180,13.4333617,52.4946505,5.4256825,-6.7365494,3.40483,6.3667297,on bike mount,cyclo cross,True,sett,intermediate
73ddcd7d-680f-4b17-9ca3-1ef233563e1f,d07f5b5a-9032-4e76-a361-9560d763ca26,82b9f435-45fd-4cee-8971-635045d0457f,1644074982236,13.4333617,52.4946505,5.4256825,-3.509606,4.020294,-6.1215496,on bike mount,cyclo cross,True,sett,intermediate
73ddcd7d-680f-4b17-9ca3-1ef233563e1f,d07f5b5a-9032-4e76-a361-9560d763ca26,212f40ba-85b2-46fb-9dfe-69434afef726,1644074982292,13.4333617,52.4946505,5.4256825,-2.3683803,2.334663,1.654275,on bike mount,cyclo cross,True,sett,intermediate
73ddcd7d-680f-4b17-9ca3-1ef233563e1f,d07f5b5a-9032-4e76-a361-9560d763ca26,8a06455c-48cb-4e4b-8b77-99eed8c0a580,1644074982348,13.4333617,52.4946505,5.4256825,1.5730947,-0.024246693,6.9519367,on bike mount,cyclo cross,True,sett,intermediate
73ddcd7d-680f-4b17-9ca3-1ef233563e1f,d07f5b5a-9032-4e76-a361-9560d763ca26,aa15af2a-182c-4938-8a2d-91bb37124374,1644074982404,13.4333617,52.4946505,5.4256825,-0.8546639,-3.660359,6.7855988,on bike mount,cyclo cross,True,sett,intermediate
73ddcd7d-680f-4b17-9ca3-1ef233563e1f,d07f5b5a-9032-4e76-a361-9560d763ca26,4ad2e315-fbbc-46c5-9116-9357b7a94667,1644074982458,13.4333617,52.4946505,5.4256825,0.83862114,-1.4775782,-6.722966,on bike mount,cyclo cross,True,sett,intermediate
73ddcd7d-680f-4b17-9ca3-1ef233563e1f,d07f5b5a-9032-4e76-a361-9560d763ca26,40b4ddf2-9328-4853-84ff-866d9562137e,1644074982515,13.4333617,52.4946505,5.4256825,1.2702289,6.160083,0.23269844,on bike mount,cyclo cross,True,sett,intermediate
73ddcd7d-680f-4b17-9ca3-1ef233563e1f,d07f5b5a-9032-4e76-a361-9560d763ca26,e07433ee-4800-4ed9-baa8-62d6b86cf10a,1644074982569,13.4332856,52.4946721,5.549398,-1.1464986,-1.4763924,-14.493643,on bike mount,cyclo cross,True,sett,intermediate
73ddcd7d-680f-4b17-9ca3-1ef233563e1f,d07f5b5a-9032-4e76-a361-9560d763ca26,32647c14-d4dc-4d15-9ef3-72d9075327bc,1644074982625,13.4332856,52.4946721,5.549398,-1.4090831,-7.070479,4.767439,on bike mount,cyclo cross,True,sett,intermediate
73ddcd7d-680f-4b17-9ca3-1ef233563e1f,d07f5b5a-9032-4e76-a361-9560d763ca26,f601058f-859d-4873-bcfe-61b1b33e985e,1644074982681,13.4332856,52.4946721,5.549398,3.2512004,4.725952,1.0035381,on bike mount,cyclo cross,True,sett,intermediate
73ddcd7d-680f-4b17-9ca3-1ef233563e1f,d07f5b5a-9032-4e76-a361-9560d763ca26,0b79dd34-5b7e-4980-b0d6-c6e043da7ef2,1644074982736,13.4332856,52.4946721,5.549398,1.478296,-2.746911,9.045132,on bike mount,cyclo cross,True,sett,intermediate
73ddcd7d-680f-4b17-9ca3-1ef233563e1f,d07f5b5a-9032-4e76-a361-9560d763ca26,9020e715-867f-47e7-823d-bb938cb31395,1644074982792,13.4332856,52.4946721,5.549398,1.4324723,2.6972299,-12.802646,on bike mount,cyclo cross,True,sett,intermediate
73ddcd7d-680f-4b17-9ca3-1ef233563e1f,d07f5b5a-9032-4e76-a361-9560d763ca26,36fbf192-6c53-481d-8b87-70a3df6b461d,1644074982848,13.4332856,52.4946721,5.549398,1.2805253,-5.2213154,5.1602316,on bike mount,cyclo cross,True,sett,intermediate
73ddcd7d-680f-4b17-9ca3-1ef233563e1f,d07f5b5a-9032-4e76-a361-9560d763ca26,4c5f516b-a601-4668-8ef3-3f32afb0b0b0,1644074982903,13.4332856,52.4946721,5.549398,-0.9573033,2.7960615,10.069784,on bike mount,cyclo cross,True,sett,intermediate
73ddcd7d-680f-4b17-9ca3-1ef233563e1f,d07f5b5a-9032-4e76-a361-9560d763ca26,e6ff4585-9894-4952-8ed1-1b23d8c7344b,1644074982958,13.4332856,52.4946721,5.549398,-0.39262694,3.3346443,5.388242,on bike mount,cyclo cross,True,sett,intermediate
73ddcd7d-680f-4b17-9ca3-1ef233563e1f,d07f5b5a-9032-4e76-a361-9560d763ca26,26ec78eb-801f-49ba-ab8e-8589bb9a9bf0,1644074983014,13.4332856,52.4946721,5.549398,1.4526682,0.48723078,-5.2140512,on bike mount,cyclo cross,True,sett,intermediate
73ddcd7d-680f-4b17-9ca3-1ef233563e1f,d07f5b5a-9032-4e76-a361-9560d763ca26,32fe7c0d-24e7-499e-bf3b-a17f7ae4e574,1644074983070,13.4332856,52.4946721,5.549398,1.3735048,4.01794,-9.457697,on bike mount,cyclo cross,True,sett,intermediate
73ddcd7d-680f-4b17-9ca3-1ef233563e1f,d07f5b5a-9032-4e76-a361-9560d763ca26,714e6adf-eacd-4035-a4df-95207b1c549f,1644074983125,13.4332856,52.4946721,5.549398,-0.033831567,-3.7731502,-4.7649326,on bike mount,cyclo cross,True,sett,intermediate
73ddcd7d-680f-4b17-9ca3-1ef233563e1f,d07f5b5a-9032-4e76-a361-9560d763ca26,84cf70f0-2f9a-4390-b563-88ab44c37e39,1644074983181,13.4332856,52.4946721,5.549398,1.0242504,-3.6328568,8.890743,on bike mount,cyclo cross,True,sett,intermediate
73ddcd7d-680f-4b17-9ca3-1ef233563e1f,d07f5b5a-9032-4e76-a361-9560d763ca26,815f44a4-c659-4982-8381-72f0b92d7b58,1644074983236,13.4332856,52.4946721,5.549398,0.51802856,2.409628,-0.64336205,on bike mount,cyclo cross,True,sett,intermediate
73ddcd7d-680f-4b17-9ca3-1ef233563e1f,d07f5b5a-9032-4e76-a361-9560d763ca26,d67e32d1-e905-4a0d-b904-195d7e832c9c,1644074983292,13.4332856,52.4946721,5.549398,1.735249,-5.49989,5.491315,on bike mount,cyclo cross,True,sett,intermediate
73ddcd7d-680f-4b17-9ca3-1ef233563e1f,d07f5b5a-9032-4e76-a361-9560d763ca26,ef97fe23-6970-4f4b-bb99-e8c284e1f638,1644074983348,13.4332856,52.4946721,5.549398,-3.1681116,4.060817,-3.4439616,on bike mount,cyclo cross,True,sett,intermediate
73ddcd7d-680f-4b17-9ca3-1ef233563e1f,d07f5b5a-9032-4e76-a361-9560d763ca26,19ab2edd-4767-4d4e-9be1-cc60f2b13498,1644074983403,13.4332856,52.4946721,5.549398,-1.3523589,7.2496505,-11.447276,on bike mount,cyclo cross,True,sett,intermediate
73ddcd7d-680f-4b17-9ca3-1ef233563e1f,d07f5b5a-9032-4e76-a361-9560d763ca26,11678423-93ef-4578-bc1c-57abb16ad905,1644074983459,13.4332856,52.4946721,5.549398,2.949871,2.240868,-4.160814,on bike mount,cyclo cross,True,sett,intermediate
73ddcd7d-680f-4b17-9ca3-1ef233563e1f,d07f5b5a-9032-4e76-a361-9560d763ca26,c6aa4fae-c6a0-451e-9950-6b752f951a40,1644074983515,13.4332856,52.4946721,5.549398,0.8270366,2.1559887,-9.69347,on bike mount,cyclo cross,True,sett,intermediate
73ddcd7d-680f-4b17-9ca3-1ef233563e1f,d07f5b5a-9032-4e76-a361-9560d763ca26,92a2a92e-8d91-43a2-885f-b00697837cf4,1644074983569,13.4332081,52.4946958,5.561908,0.8715265,1.371923,5.9370623,on bike mount,cyclo cross,True,sett,intermediate
73ddcd7d-680f-4b17-9ca3-1ef233563e1f,d07f5b5a-9032-4e76-a361-9560d763ca26,2a71abed-e8c9-40dc-9cf4-c822f6742bb1,1644074983625,13.4332081,52.4946958,5.561908,0.68915486,-0.4890511,-1.6848102,on bike mount,cyclo cross,True,sett,intermediate
73ddcd7d-680f-4b17-9ca3-1ef233563e1f,d07f5b5a-9032-4e76-a361-9560d763ca26,afa32a1a-3d5e-4240-80b3-b7bf6a9cf77e,1644074983681,13.4332081,52.4946958,5.561908,-0.31385005,4.297728,-9.832165,on bike mount,cyclo cross,True,sett,intermediate
73ddcd7d-680f-4b17-9ca3-1ef233563e1f,d07f5b5a-9032-4e76-a361-9560d763ca26,71282e91-9607-40ee-b832-1881bbfb3038,1644074983735,13.4332081,52.4946958,5.561908,3.11283,1.1915178,-22.577814,on bike mount,cyclo cross,True,sett,intermediate
73ddcd7d-680f-4b17-9ca3-1ef233563e1f,d07f5b5a-9032-4e76-a361-9560d763ca26,c7c8b447-b9f4-4a56-896a-709818be0b0f,1644074983791,13.4332081,52.4946958,5.561908,0.56489223,5.5532813,-2.7003107,on bike mount,cyclo cross,True,sett,intermediate
73ddcd7d-680f-4b17-9ca3-1ef233563e1f,d07f5b5a-9032-4e76-a361-9560d763ca26,152d63c8-1b1c-4fd2-b118-7a9d8400348f,1644074983848,13.4332081,52.4946958,5.561908,-1.7811186,-8.188398,5.0825644,on bike mount,cyclo cross,True,sett,intermediate
73ddcd7d-680f-4b17-9ca3-1ef233563e1f,d07f5b5a-9032-4e76-a361-9560d763ca26,0b89486f-a6c4-4fe7-ab77-b0cd960320ec,1644074983905,13.4332081,52.4946958,5.561908,5.073244,-22.258884,-9.433467,on bike mount,cyclo cross,True,sett,intermediate
73ddcd7d-680f-4b17-9ca3-1ef233563e1f,d07f5b5a-9032-4e76-a361-9560d763ca26,620bbd79-3ce0-4ddc-a8bb-1f24e3302493,1644074983959,13.4332081,52.4946958,5.561908,-7.821965,-13.667498,2.2564983,on bike mount,cyclo cross,True,sett,intermediate
73ddcd7d-680f-4b17-9ca3-1ef233563e1f,d07f5b5a-9032-4e76-a361-9560d763ca26,4bc9a772-9515-41d4-ad49-499061253f88,1644074984015,13.4332081,52.4946958,5.561908,-4.1046257,14.79209,-5.756352,on bike mount,cyclo cross,True,sett,intermediate
73ddcd7d-680f-4b17-9ca3-1ef233563e1f,d07f5b5a-9032-4e76-a361-9560d763ca26,d7dd8941-a17b-4a6f-9746-cd5a22ce5d25,1644074984071,13.4332081,52.4946958,5.561908,-1.7695322,-20.637213,-2.3854394,on bike mount,cyclo cross,True,sett,intermediate
73ddcd7d-680f-4b17-9ca3-1ef233563e1f,d07f5b5a-9032-4e76-a361-9560d763ca26,1e424240-e7c5-4f5b-906b-6821ca74fdd7,1644074984126,13.4332081,52.4946958,5.561908,-1.4922278,-3.094336,-9.780281,on bike mount,cyclo cross,True,sett,intermediate
73ddcd7d-680f-4b17-9ca3-1ef233563e1f,d07f5b5a-9032-4e76-a361-9560d763ca26,7c469b97-7cab-438f-a30a-e32b8c6a2ca2,1644074984181,13.4332081,52.4946958,5.561908,8.773287,-2.4885442,25.283245,on bike mount,cyclo cross,True,sett,intermediate
73ddcd7d-680f-4b17-9ca3-1ef233563e1f,d07f5b5a-9032-4e76-a361-9560d763ca26,99905a5e-0468-4640-802f-5bac8dc29885,1644074984237,13.4332081,52.4946958,5.561908,1.9738941,2.5503478,1.699955,on bike mount,cyclo cross,True,sett,intermediate
73ddcd7d-680f-4b17-9ca3-1ef233563e1f,d07f5b5a-9032-4e76-a361-9560d763ca26,4e34a380-d84f-4d18-9e22-571fe901cf5e,1644074984292,13.4332081,52.4946958,5.561908,-3.7584302,8.084431,2.726118,on bike mount,cyclo cross,True,sett,intermediate
73ddcd7d-680f-4b17-9ca3-1ef233563e1f,d07f5b5a-9032-4e76-a361-9560d763ca26,7bf2328a-aca6-4bea-9e13-008840ee4404,1644074984348,13.4332081,52.4946958,5.561908,4.736145,4.177433,3.8194294,on bike mount,cyclo cross,True,sett,intermediate
73ddcd7d-680f-4b17-9ca3-1ef233563e1f,d07f5b5a-9032-4e76-a361-9560d763ca26,16ea2d44-494e-43f2-8ecc-25549deaf29b,1644074984403,13.4332081,52.4946958,5.561908,-3.1638808,-1.2097712,3.3579483,on bike mount,cyclo cross,True,sett,intermediate
73ddcd7d-680f-4b17-9ca3-1ef233563e1f,d07f5b5a-9032-4e76-a361-9560d763ca26,dfb75541-1ff1-46d7-bc2f-0154e50db701,1644074984458,13.4332081,52.4946958,5.561908,-0.69555736,12.501432,-5.313588,on bike mount,cyclo cross,True,sett,intermediate
73ddcd7d-680f-4b17-9ca3-1ef233563e1f,d07f5b5a-9032-4e76-a361-9560d763ca26,3833e6eb-6788-4edf-a2cf-0a33b18c9bf1,1644074984513,13.4332081,52.4946958,5.561908,-1.3313446,-3.7760286,0.7827482,on bike mount,cyclo cross,True,sett,intermediate
73ddcd7d-680f-4b17-9ca3-1ef233563e1f,d07f5b5a-9032-4e76-a361-9560d763ca26,32df6a04-bef1-4966-9b93-5139b69753eb,1644074984569,13.4331314,52.4947193,5.2850685,-0.012802482,5.6332655,-18.887554,on bike mount,cyclo cross,True,sett,intermediate
73ddcd7d-680f-4b17-9ca3-1ef233563e1f,d07f5b5a-9032-4e76-a361-9560d763ca26,8b80064a-5b71-499f-b51d-973f65c797a5,1644074984624,13.4331314,52.4947193,5.2850685,-0.9707861,-1.7301774,4.2500725,on bike mount,cyclo cross,True,sett,intermediate
73ddcd7d-680f-4b17-9ca3-1ef233563e1f,d07f5b5a-9032-4e76-a361-9560d763ca26,a9e610d5-5af6-4db6-b7bf-fc0a9ac6b890,1644074984681,13.4331314,52.4947193,5.2850685,1.8632977,-3.0930023,-3.1462543,on bike mount,cyclo cross,True,sett,intermediate
73ddcd7d-680f-4b17-9ca3-1ef233563e1f,d07f5b5a-9032-4e76-a361-9560d763ca26,099833fd-f7c9-465e-a801-e504585f0fa3,1644074984736,13.4331314,52.4947193,5.2850685,0.84233344,3.407198,-5.000595,on bike mount,cyclo cross,True,sett,intermediate
73ddcd7d-680f-4b17-9ca3-1ef233563e1f,d07f5b5a-9032-4e76-a361-9560d763ca26,7a75e02e-3798-45e6-b4d8-ff4793b39c08,1644074984792,13.4331314,52.4947193,5.2850685,-0.9813839,4.692335,12.417698,on bike mount,cyclo cross,True,sett,intermediate
73ddcd7d-680f-4b17-9ca3-1ef233563e1f,d07f5b5a-9032-4e76-a361-9560d763ca26,297f5496-64c3-4fe2-add9-b8fa34f90ccf,1644074984847,13.4331314,52.4947193,5.2850685,2.8917763,0.45929337,7.975193,on bike mount,cyclo cross,True,sett,intermediate
73ddcd7d-680f-4b17-9ca3-1ef233563e1f,d07f5b5a-9032-4e76-a361-9560d763ca26,11c249ca-73d2-4198-970e-a31b0054c234,1644074984903,13.4331314,52.4947193,5.2850685,-4.093615,10.487706,-0.09337616,on bike mount,cyclo cross,True,sett,intermediate
73ddcd7d-680f-4b17-9ca3-1ef233563e1f,d07f5b5a-9032-4e76-a361-9560d763ca26,20a00bea-dee3-4cbc-8f97-7a544a8b9629,1644074984959,13.4331314,52.4947193,5.2850685,-4.2571826,25.640095,-12.669015,on bike mount,cyclo cross,True,sett,intermediate
73ddcd7d-680f-4b17-9ca3-1ef233563e1f,d07f5b5a-9032-4e76-a361-9560d763ca26,0e389e66-3363-4dbd-9bd2-ea2d0d439dae,1644074985014,13.4331314,52.4947193,5.2850685,0.80680156,10.720173,18.931076,on bike mount,cyclo cross,True,sett,intermediate
73ddcd7d-680f-4b17-9ca3-1ef233563e1f,d07f5b5a-9032-4e76-a361-9560d763ca26,79a60dbd-2300-4df6-a2f6-1966b79436e4,1644074985070,13.4331314,52.4947193,5.2850685,0.16724277,3.521738,-3.6644764,on bike mount,cyclo cross,True,sett,intermediate
73ddcd7d-680f-4b17-9ca3-1ef233563e1f,d07f5b5a-9032-4e76-a361-9560d763ca26,8f646d5a-be88-471a-a805-ec725fd46159,1644074985126,13.4331314,52.4947193,5.2850685,-1.6980276,15.622277,-2.2410936,on bike mount,cyclo cross,True,sett,intermediate
73ddcd7d-680f-4b17-9ca3-1ef233563e1f,d07f5b5a-9032-4e76-a361-9560d763ca26,355c6d5b-0dc8-4f77-b7d2-fac4aaa5922c,1644074985181,13.4331314,52.4947193,5.2850685,1.0229564,7.4962034,5.12016,on bike mount,cyclo cross,True,sett,intermediate
73ddcd7d-680f-4b17-9ca3-1ef233563e1f,d07f5b5a-9032-4e76-a361-9560d763ca26,7f49ecf5-9636-4659-9585-7dd9933c1287,1644074985236,13.4331314,52.4947193,5.2850685,-3.6278107,-6.3332663,0.056402206,on bike mount,cyclo cross,True,sett,intermediate
73ddcd7d-680f-4b17-9ca3-1ef233563e1f,d07f5b5a-9032-4e76-a361-9560d763ca26,fc764bc7-b152-4287-8d07-4e1e5386c9ab,1644074985292,13.4331314,52.4947193,5.2850685,-2.302046,6.2301817,-5.6471586,on bike mount,cyclo cross,True,sett,intermediate
73ddcd7d-680f-4b17-9ca3-1ef233563e1f,d07f5b5a-9032-4e76-a361-9560d763ca26,705c3e10-ed13-49e0-bf12-0707e3599578,1644074985348,13.4331314,52.4947193,5.2850685,0.2999903,7.209273,-14.47877,on bike mount,cyclo cross,True,sett,intermediate
73ddcd7d-680f-4b17-9ca3-1ef233563e1f,d07f5b5a-9032-4e76-a361-9560d763ca26,d80e2ddb-9952-491e-8541-1a523b47c872,1644074985404,13.4331314,52.4947193,5.2850685,1.4582608,-12.1046,2.8489113,on bike mount,cyclo cross,True,sett,intermediate
73ddcd7d-680f-4b17-9ca3-1ef233563e1f,d07f5b5a-9032-4e76-a361-9560d763ca26,454cb659-814d-4d0f-8514-e6e9be823336,1644074985459,13.4331314,52.4947193,5.2850685,-3.248157,8.689301,-4.6240497,on bike mount,cyclo cross,True,sett,intermediate
73ddcd7d-680f-4b17-9ca3-1ef233563e1f,d07f5b5a-9032-4e76-a361-9560d763ca26,87c2aaa3-5e47-4606-be8e-ebfb9cea0cd0,1644074985516,13.4331314,52.4947193,5.2850685,-1.6725928,-3.02282,-4.0212364,on bike mount,cyclo cross,True,sett,intermediate
73ddcd7d-680f-4b17-9ca3-1ef233563e1f,d07f5b5a-9032-4e76-a361-9560d763ca26,a90602a2-e7a6-43d3-9f01-18ff210dbe17,1644074985569,13.4330613,52.4947436,5.204685,-2.5691392,-12.347607,-5.8223457,on bike mount,cyclo cross,True,sett,intermediate
73ddcd7d-680f-4b17-9ca3-1ef233563e1f,d07f5b5a-9032-4e76-a361-9560d763ca26,e7cb4a57-1ecd-45ab-9f06-dcd82e97d279,1644074985625,13.4330613,52.4947436,5.204685,1.5097564,-18.220608,1.7021112,on bike mount,cyclo cross,True,sett,intermediate
73ddcd7d-680f-4b17-9ca3-1ef233563e1f,d07f5b5a-9032-4e76-a361-9560d763ca26,cd36f9da-0a2b-4084-8806-f03b13bf94f5,1644074985680,13.4330613,52.4947436,5.204685,-10.923601,5.0705733,4.054208,on bike mount,cyclo cross,True,sett,intermediate
73ddcd7d-680f-4b17-9ca3-1ef233563e1f,d07f5b5a-9032-4e76-a361-9560d763ca26,6e93797e-96b8-4c89-8094-b601109f8c32,1644074985736,13.4330613,52.4947436,5.204685,-0.77961206,2.0716782,-5.0821457,on bike mount,cyclo cross,True,sett,intermediate
73ddcd7d-680f-4b17-9ca3-1ef233563e1f,d07f5b5a-9032-4e76-a361-9560d763ca26,882dc5b8-b76d-49d9-ad17-2bc5dca8376f,1644074985792,13.4330613,52.4947436,5.204685,2.7079597,-18.91811,52.63268,on bike mount,cyclo cross,True,sett,intermediate
73ddcd7d-680f-4b17-9ca3-1ef233563e1f,d07f5b5a-9032-4e76-a361-9560d763ca26,d56365a1-ce0c-4369-85bb-1cea0e8eb25a,1644074985852,13.4330613,52.4947436,5.204685,10.198628,3.9760895,36.383247,on bike mount,cyclo cross,True,sett,intermediate
73ddcd7d-680f-4b17-9ca3-1ef233563e1f,d07f5b5a-9032-4e76-a361-9560d763ca26,9bba7ee5-04fb-45aa-bffb-b1089fea374b,1644074985903,13.4330613,52.4947436,5.204685,-3.911839,1.375711,-5.0735397,on bike mount,cyclo cross,True,sett,intermediate
73ddcd7d-680f-4b17-9ca3-1ef233563e1f,d07f5b5a-9032-4e76-a361-9560d763ca26,513f700d-92b3-41fe-8119-1a403d0f0818,1644074985959,13.4330613,52.4947436,5.204685,2.4885893,2.3679428,7.6986294,on bike mount,cyclo cross,True,sett,intermediate
73ddcd7d-680f-4b17-9ca3-1ef233563e1f,d07f5b5a-9032-4e76-a361-9560d763ca26,6267e31a-507e-49bd-af45-ef8c1f861696,1644074986014,13.4330613,52.4947436,5.204685,-0.86405766,-8.363349,5.436858,on bike mount,cyclo cross,True,sett,intermediate
73ddcd7d-680f-4b17-9ca3-1ef233563e1f,d07f5b5a-9032-4e76-a361-9560d763ca26,cbf621aa-a37e-40fd-82d1-039e9ba65cb1,1644074986071,13.4330613,52.4947436,5.204685,2.4804296,-10.41544,-13.654524,on bike mount,cyclo cross,True,sett,intermediate
73ddcd7d-680f-4b17-9ca3-1ef233563e1f,d07f5b5a-9032-4e76-a361-9560d763ca26,5454769a-beb7-4761-a3c8-bc5a0c671a7e,1644074986127,13.4330613,52.4947436,5.204685,0.21305652,1.4029872,-7.981011,on bike mount,cyclo cross,True,sett,intermediate
73ddcd7d-680f-4b17-9ca3-1ef233563e1f,d07f5b5a-9032-4e76-a361-9560d763ca26,63da444f-8500-45a8-85a5-dd0b46e790c2,1644074986181,13.4330613,52.4947436,5.204685,-1.0176148,12.351635,-4.3981986,on bike mount,cyclo cross,True,sett,intermediate
73ddcd7d-680f-4b17-9ca3-1ef233563e1f,d07f5b5a-9032-4e76-a361-9560d763ca26,403e24d9-eb4d-4e80-840f-94485c354234,1644074986237,13.4330613,52.4947436,5.204685,-2.7834175,16.144947,-15.651595,on bike mount,cyclo cross,True,sett,intermediate
73ddcd7d-680f-4b17-9ca3-1ef233563e1f,d07f5b5a-9032-4e76-a361-9560d763ca26,1153e998-9c39-49fd-a1c2-50740dd30f0d,1644074986292,13.4330613,52.4947436,5.204685,-0.5306754,1.3156829,-6.0666895,on bike mount,cyclo cross,True,sett,intermediate
73ddcd7d-680f-4b17-9ca3-1ef233563e1f,d07f5b5a-9032-4e76-a361-9560d763ca26,0bee6d84-49b1-41f5-a583-d2abb5c4e992,1644074986349,13.4330613,52.4947436,5.204685,0.63760036,-7.9680243,0.5881729,on bike mount,cyclo cross,True,sett,intermediate
73ddcd7d-680f-4b17-9ca3-1ef233563e1f,d07f5b5a-9032-4e76-a361-9560d763ca26,65a75e0c-cfe0-4242-8cce-43d5ecfbb547,1644074986404,13.4330613,52.4947436,5.204685,7.040554,6.564626,-24.554474,on bike mount,cyclo cross,True,sett,intermediate
73ddcd7d-680f-4b17-9ca3-1ef233563e1f,d07f5b5a-9032-4e76-a361-9560d763ca26,40067465-7064-47dc-af12-217cb7062fff,1644074986458,13.4330613,52.4947436,5.204685,3.8569381,2.340197,27.933077,on bike mount,cyclo cross,True,sett,intermediate
73ddcd7d-680f-4b17-9ca3-1ef233563e1f,d07f5b5a-9032-4e76-a361-9560d763ca26,0359686a-9ca1-4c3c-9482-cab07a670f40,1644074986513,13.4329942,52.494767,5.2817397,7.5841217,1.1346307,-17.271982,on bike mount,cyclo cross,True,sett,intermediate
73ddcd7d-680f-4b17-9ca3-1ef233563e1f,d07f5b5a-9032-4e76-a361-9560d763ca26,7e119246-5389-4344-b9a2-76cf00ce0d1a,1644074986570,13.4329942,52.494767,5.2817397,-4.63436,3.3863401,4.2001324,on bike mount,cyclo cross,True,sett,intermediate
