bike_activity_uid,bike_activity_sample_uid,bike_activity_measurement,bike_activity_measurement_timestamp,bike_activity_measurement_lon,bike_activity_measurement_lat,bike_activity_measurement_speed,bike_activity_measurement_accelerometer_x,bike_activity_measurement_accelerometer_y,bike_activity_measurement_accelerometer_z,bike_activity_phone_position,bike_activity_bike_type,bike_activity_flagged_lab_conditions,bike_activity_surface_type,bike_activity_smoothness_type
7ce222c2-4444-48e1-a926-af47030a2ab1,de3bd449-1586-49a6-bad7-77db4715e59e,f79e3cb3-2b97-4b5d-9f50-3ca96c6bec09,1634467926884,13.4935197,52.4843934,6.209863,-0.2588874,3.9908538,1.8116732,on bike mount,cyclo cross,True,fine gravel,good
7ce222c2-4444-48e1-a926-af47030a2ab1,de3bd449-1586-49a6-bad7-77db4715e59e,5d9ce31a-1cb9-48e6-884c-b7f7dee7943f,1634467926933,13.4935197,52.4843934,6.209863,0.32594365,0.7527728,1.4384823,on bike mount,cyclo cross,True,fine gravel,good
7ce222c2-4444-48e1-a926-af47030a2ab1,de3bd449-1586-49a6-bad7-77db4715e59e,8a6e1f07-ee1d-4176-a60a-4450c2db5357,1634467926983,13.4935197,52.4843934,6.209863,-0.65810955,-1.6458215,1.2726793,on bike mount,cyclo cross,True,fine gravel,good
7ce222c2-4444-48e1-a926-af47030a2ab1,de3bd449-1586-49a6-bad7-77db4715e59e,5689e68f-0f60-46aa-a989-4af5967500d3,1634467927034,13.4935197,52.4843934,6.209863,0.6613536,0.46740818,-1.1644831,on bike mount,cyclo cross,True,fine gravel,good
7ce222c2-4444-48e1-a926-af47030a2ab1,de3bd449-1586-49a6-bad7-77db4715e59e,c0edd098-60cf-44e2-acf4-13f5e6b36780,1634467927084,13.4935197,52.4843934,6.209863,2.551034,2.0269675,-4.691897,on bike mount,cyclo cross,True,fine gravel,good
7ce222c2-4444-48e1-a926-af47030a2ab1,de3bd449-1586-49a6-bad7-77db4715e59e,228d2122-1eb1-4391-8ec0-854706f81caf,1634467927135,13.4935197,52.4843934,6.209863,-1.402622,-0.47047234,0.4399233,on bike mount,cyclo cross,True,fine gravel,good
7ce222c2-4444-48e1-a926-af47030a2ab1,de3bd449-1586-49a6-bad7-77db4715e59e,9ad8c43b-2a1b-4840-a3c0-2297d73f0f06,1634467927185,13.4935197,52.4843934,6.209863,-1.1087271,-2.1003747,-0.24122334,on bike mount,cyclo cross,True,fine gravel,good
7ce222c2-4444-48e1-a926-af47030a2ab1,de3bd449-1586-49a6-bad7-77db4715e59e,5b3c63b8-e03a-47c5-b33a-588657af5d89,1634467927252,13.4935197,52.4843934,6.209863,0.4511522,-6.1705084,-1.4933748,on bike mount,cyclo cross,True,fine gravel,good
7ce222c2-4444-48e1-a926-af47030a2ab1,de3bd449-1586-49a6-bad7-77db4715e59e,da3e508d-726a-48b4-b730-bf6d7ad449fd,1634467927302,13.4935197,52.4843934,6.209863,0.26527318,-3.4452002,5.6152134,on bike mount,cyclo cross,True,fine gravel,good
7ce222c2-4444-48e1-a926-af47030a2ab1,de3bd449-1586-49a6-bad7-77db4715e59e,48b730a1-3ea3-46ad-8d82-ee20196ca49e,1634467927369,13.4935197,52.4843934,6.209863,-1.2860534,-3.2188764,-5.0279493,on bike mount,cyclo cross,True,fine gravel,good
7ce222c2-4444-48e1-a926-af47030a2ab1,de3bd449-1586-49a6-bad7-77db4715e59e,55608fd0-e838-456c-b2d6-db4b213ec6f5,1634467927419,13.4935197,52.4843934,6.209863,-0.852831,-2.448297,1.0872498,on bike mount,cyclo cross,True,fine gravel,good
7ce222c2-4444-48e1-a926-af47030a2ab1,de3bd449-1586-49a6-bad7-77db4715e59e,dbed8212-deff-46df-b139-e1c59048ce85,1634467927485,13.4935197,52.4843934,6.209863,-0.8313105,1.3132343,-5.0178137,on bike mount,cyclo cross,True,fine gravel,good
7ce222c2-4444-48e1-a926-af47030a2ab1,de3bd449-1586-49a6-bad7-77db4715e59e,a121afef-dff1-4016-8f85-780f076f5a67,1634467927535,13.4935197,52.4843934,6.209863,-1.1771464,-7.544054,4.921694,on bike mount,cyclo cross,True,fine gravel,good
7ce222c2-4444-48e1-a926-af47030a2ab1,de3bd449-1586-49a6-bad7-77db4715e59e,69187035-875f-414f-8e57-495f89d010c3,1634467927587,13.4935197,52.4843934,6.209863,-3.0987,4.7996664,0.70139503,on bike mount,cyclo cross,True,fine gravel,good
7ce222c2-4444-48e1-a926-af47030a2ab1,de3bd449-1586-49a6-bad7-77db4715e59e,e5193748-f98d-4ebe-824c-e743cb7c0fa0,1634467927637,13.4935197,52.4843934,6.209863,1.0663999,-0.0830102,2.5714712,on bike mount,cyclo cross,True,fine gravel,good
7ce222c2-4444-48e1-a926-af47030a2ab1,de3bd449-1586-49a6-bad7-77db4715e59e,2df316f5-0faf-41da-8b13-64ffa199dc67,1634467927702,13.4935197,52.4843934,6.209863,-0.0456554,4.7386274,-4.059927,on bike mount,cyclo cross,True,fine gravel,good
7ce222c2-4444-48e1-a926-af47030a2ab1,de3bd449-1586-49a6-bad7-77db4715e59e,624ce89f-0744-494b-8770-3a6899f6f235,1634467927752,13.493527,52.4843384,5.701821,-1.1037654,2.506133,0.1839323,on bike mount,cyclo cross,True,fine gravel,good
7ce222c2-4444-48e1-a926-af47030a2ab1,de3bd449-1586-49a6-bad7-77db4715e59e,e924f53b-646d-4e25-945e-518cc5460ea2,1634467927802,13.493527,52.4843384,5.701821,1.0184425,-4.148092,-3.0083623,on bike mount,cyclo cross,True,fine gravel,good
7ce222c2-4444-48e1-a926-af47030a2ab1,de3bd449-1586-49a6-bad7-77db4715e59e,303d5d4f-9fdf-485b-8a64-349c40289007,1634467927852,13.493527,52.4843384,5.701821,-1.2793933,-2.4234428,2.4716263,on bike mount,cyclo cross,True,fine gravel,good
7ce222c2-4444-48e1-a926-af47030a2ab1,de3bd449-1586-49a6-bad7-77db4715e59e,43d86119-304c-484d-97b3-a2427ac5d10d,1634467927902,13.493527,52.4843384,5.701821,0.07279354,-1.6436745,7.4045467,on bike mount,cyclo cross,True,fine gravel,good
7ce222c2-4444-48e1-a926-af47030a2ab1,de3bd449-1586-49a6-bad7-77db4715e59e,d3a68b26-aec1-4c57-94d6-8307692b43a7,1634467927952,13.493527,52.4843384,5.701821,-1.3676288,-2.254782,5.1623926,on bike mount,cyclo cross,True,fine gravel,good
7ce222c2-4444-48e1-a926-af47030a2ab1,de3bd449-1586-49a6-bad7-77db4715e59e,b3226c9d-de13-45ec-8b00-b214a462cd18,1634467928003,13.493527,52.4843384,5.701821,0.11381769,3.107657,-8.1667795,on bike mount,cyclo cross,True,fine gravel,good
7ce222c2-4444-48e1-a926-af47030a2ab1,de3bd449-1586-49a6-bad7-77db4715e59e,f2b2dfa1-1dc9-4ae6-ad06-a59891a49a52,1634467928053,13.493527,52.4843384,5.701821,-1.5210457,6.481845,-3.3445663,on bike mount,cyclo cross,True,fine gravel,good
7ce222c2-4444-48e1-a926-af47030a2ab1,de3bd449-1586-49a6-bad7-77db4715e59e,74615413-b1fb-4e9c-993d-c76c15dbd684,1634467928104,13.493527,52.4843384,5.701821,0.22472912,-3.4851608,1.04072,on bike mount,cyclo cross,True,fine gravel,good
7ce222c2-4444-48e1-a926-af47030a2ab1,de3bd449-1586-49a6-bad7-77db4715e59e,37b4ad72-ad71-4bad-9dce-53c3341e2c36,1634467928169,13.493527,52.4843384,5.701821,-0.6848935,0.46127653,4.188303,on bike mount,cyclo cross,True,fine gravel,good
7ce222c2-4444-48e1-a926-af47030a2ab1,de3bd449-1586-49a6-bad7-77db4715e59e,3856cfb3-a409-44a6-83d3-13a7533b5cb0,1634467928221,13.493527,52.4843384,5.701821,-0.040207088,-5.7296467,-1.7965937,on bike mount,cyclo cross,True,fine gravel,good
7ce222c2-4444-48e1-a926-af47030a2ab1,de3bd449-1586-49a6-bad7-77db4715e59e,40b0e3cc-4ec8-4b5b-8da5-0788207d318b,1634467928271,13.493527,52.4843384,5.701821,-0.63891625,-1.2086921,-6.951699,on bike mount,cyclo cross,True,fine gravel,good
7ce222c2-4444-48e1-a926-af47030a2ab1,de3bd449-1586-49a6-bad7-77db4715e59e,925fe04b-c18b-4dc2-87e7-a67cb2daff0b,1634467928321,13.493527,52.4843384,5.701821,-0.59557784,4.8239436,-2.7179084,on bike mount,cyclo cross,True,fine gravel,good
7ce222c2-4444-48e1-a926-af47030a2ab1,de3bd449-1586-49a6-bad7-77db4715e59e,e2f48421-1eeb-4c2a-936e-b3afaa2c817b,1634467928372,13.493527,52.4843384,5.701821,-1.7192374,-2.1584313,-2.7343307,on bike mount,cyclo cross,True,fine gravel,good
7ce222c2-4444-48e1-a926-af47030a2ab1,de3bd449-1586-49a6-bad7-77db4715e59e,10c44026-7576-4aeb-8ebe-f78a4c7e1fdf,1634467928437,13.493527,52.4843384,5.701821,-0.7535875,-0.4473815,-3.853356,on bike mount,cyclo cross,True,fine gravel,good
7ce222c2-4444-48e1-a926-af47030a2ab1,de3bd449-1586-49a6-bad7-77db4715e59e,c2bbfcd1-6057-4fb0-b65a-0af6369f1622,1634467928488,13.493527,52.4843384,5.701821,0.21637514,-1.9437796,1.465601,on bike mount,cyclo cross,True,fine gravel,good
7ce222c2-4444-48e1-a926-af47030a2ab1,de3bd449-1586-49a6-bad7-77db4715e59e,bc952615-7667-49b4-a66a-a6ef11ece763,1634467928538,13.493527,52.4843384,5.701821,-0.730084,-5.132188,0.104034424,on bike mount,cyclo cross,True,fine gravel,good
7ce222c2-4444-48e1-a926-af47030a2ab1,de3bd449-1586-49a6-bad7-77db4715e59e,8db9b3a1-1421-4b0c-9527-ea1a8c4a5ae4,1634467928588,13.493527,52.4843384,5.701821,0.5041199,1.5541472,0.10201359,on bike mount,cyclo cross,True,fine gravel,good
7ce222c2-4444-48e1-a926-af47030a2ab1,de3bd449-1586-49a6-bad7-77db4715e59e,8185e687-af1f-4372-a2ff-0a273a0b4410,1634467928655,13.493527,52.4843384,5.701821,1.0370927,0.4260342,9.259317,on bike mount,cyclo cross,True,fine gravel,good
7ce222c2-4444-48e1-a926-af47030a2ab1,de3bd449-1586-49a6-bad7-77db4715e59e,c79cb07d-619e-407b-b41f-945bc7e9cae5,1634467928704,13.493527,52.4843384,5.701821,-2.5049343,-2.8376112,2.8046532,on bike mount,cyclo cross,True,fine gravel,good
7ce222c2-4444-48e1-a926-af47030a2ab1,de3bd449-1586-49a6-bad7-77db4715e59e,103d951e-69f1-41af-a635-dbbae95054af,1634467928755,13.4935463,52.4842823,6.652742,1.1497849,-1.6490974,0.31066036,on bike mount,cyclo cross,True,fine gravel,good
7ce222c2-4444-48e1-a926-af47030a2ab1,de3bd449-1586-49a6-bad7-77db4715e59e,48dbb04e-5cba-4f12-a034-adcbb1cf8123,1634467928806,13.4935463,52.4842823,6.652742,0.8312221,-0.9799731,1.6924343,on bike mount,cyclo cross,True,fine gravel,good
7ce222c2-4444-48e1-a926-af47030a2ab1,de3bd449-1586-49a6-bad7-77db4715e59e,12c570ea-b0f2-4877-a052-37d92342498c,1634467928856,13.4935463,52.4842823,6.652742,0.12895027,-2.1363916,1.296238,on bike mount,cyclo cross,True,fine gravel,good
7ce222c2-4444-48e1-a926-af47030a2ab1,de3bd449-1586-49a6-bad7-77db4715e59e,3870b88b-07f8-4177-a6cf-2ec08622458f,1634467928922,13.4935463,52.4842823,6.652742,2.4982092,-7.6103354,3.010229,on bike mount,cyclo cross,True,fine gravel,good
7ce222c2-4444-48e1-a926-af47030a2ab1,de3bd449-1586-49a6-bad7-77db4715e59e,107a9890-b64a-48e8-9fce-3925eb8259be,1634467928973,13.4935463,52.4842823,6.652742,2.3565574,-4.6911893,1.033102,on bike mount,cyclo cross,True,fine gravel,good
7ce222c2-4444-48e1-a926-af47030a2ab1,de3bd449-1586-49a6-bad7-77db4715e59e,11c3ab69-e03f-4457-a176-4c0e7d83ce26,1634467929023,13.4935463,52.4842823,6.652742,0.871193,1.3942294,-0.024801254,on bike mount,cyclo cross,True,fine gravel,good
7ce222c2-4444-48e1-a926-af47030a2ab1,de3bd449-1586-49a6-bad7-77db4715e59e,7458708c-b221-41d9-ae7b-f81e804f18f6,1634467929073,13.4935463,52.4842823,6.652742,-0.6277756,1.1395369,2.6920357,on bike mount,cyclo cross,True,fine gravel,good
7ce222c2-4444-48e1-a926-af47030a2ab1,de3bd449-1586-49a6-bad7-77db4715e59e,32188152-5fa7-4788-8a71-9cb013f9bd38,1634467929124,13.4935463,52.4842823,6.652742,-0.6386192,-1.7023431,1.418066,on bike mount,cyclo cross,True,fine gravel,good
7ce222c2-4444-48e1-a926-af47030a2ab1,de3bd449-1586-49a6-bad7-77db4715e59e,c0a0dd12-f5df-493b-8531-3aea7d63fef0,1634467929189,13.4935463,52.4842823,6.652742,-0.30924904,-0.6625602,-4.4336033,on bike mount,cyclo cross,True,fine gravel,good
7ce222c2-4444-48e1-a926-af47030a2ab1,de3bd449-1586-49a6-bad7-77db4715e59e,7d47c33f-356a-41f2-9269-c14ce78acec5,1634467929241,13.4935463,52.4842823,6.652742,-0.7442913,-3.8684142,8.760117,on bike mount,cyclo cross,True,fine gravel,good
7ce222c2-4444-48e1-a926-af47030a2ab1,de3bd449-1586-49a6-bad7-77db4715e59e,8ccb2f82-d53f-4aa5-b865-5153a692efa7,1634467929291,13.4935463,52.4842823,6.652742,-0.7570391,1.4849246,-2.8693848,on bike mount,cyclo cross,True,fine gravel,good
7ce222c2-4444-48e1-a926-af47030a2ab1,de3bd449-1586-49a6-bad7-77db4715e59e,342e9962-113b-492d-bd7d-e1a31231bd8e,1634467929341,13.4935463,52.4842823,6.652742,1.2663361,-0.47035384,2.4570599,on bike mount,cyclo cross,True,fine gravel,good
7ce222c2-4444-48e1-a926-af47030a2ab1,de3bd449-1586-49a6-bad7-77db4715e59e,bf22130b-fc90-4c17-850b-d2a65c946cd4,1634467929408,13.4935463,52.4842823,6.652742,0.37623096,-5.078951,4.7408695,on bike mount,cyclo cross,True,fine gravel,good
7ce222c2-4444-48e1-a926-af47030a2ab1,de3bd449-1586-49a6-bad7-77db4715e59e,e7f5018e-3afa-4a6e-8fe8-aa61cec3b9d1,1634467929459,13.4935463,52.4842823,6.652742,-0.23857614,0.6075647,2.0278254,on bike mount,cyclo cross,True,fine gravel,good
7ce222c2-4444-48e1-a926-af47030a2ab1,de3bd449-1586-49a6-bad7-77db4715e59e,386d6777-5ab4-40a3-a029-d4ae06063fbe,1634467929508,13.4935463,52.4842823,6.652742,0.4905003,1.9683352,-3.7651157,on bike mount,cyclo cross,True,fine gravel,good
7ce222c2-4444-48e1-a926-af47030a2ab1,de3bd449-1586-49a6-bad7-77db4715e59e,b7b20e53-ca19-4fc1-9354-e04f9ea7d0ce,1634467929558,13.4935463,52.4842823,6.652742,-0.08837822,4.021969,-3.8199635,on bike mount,cyclo cross,True,fine gravel,good
7ce222c2-4444-48e1-a926-af47030a2ab1,de3bd449-1586-49a6-bad7-77db4715e59e,36ab09a4-2c2d-4edd-b76d-87a30163b18e,1634467929624,13.4935463,52.4842823,6.652742,0.85124934,2.4279728,-2.9597592,on bike mount,cyclo cross,True,fine gravel,good
7ce222c2-4444-48e1-a926-af47030a2ab1,de3bd449-1586-49a6-bad7-77db4715e59e,778a864c-f5b8-4643-9fd4-45c6f888e1ab,1634467929675,13.4935463,52.4842823,6.652742,-2.1313362,0.6651571,1.992157,on bike mount,cyclo cross,True,fine gravel,good
7ce222c2-4444-48e1-a926-af47030a2ab1,de3bd449-1586-49a6-bad7-77db4715e59e,7712d748-74d8-4654-ab20-b09aaa230f9c,1634467929727,13.4935463,52.4842823,6.652742,-0.97674584,1.9051151,0.8372154,on bike mount,cyclo cross,True,fine gravel,good
7ce222c2-4444-48e1-a926-af47030a2ab1,de3bd449-1586-49a6-bad7-77db4715e59e,c5965635-a1b8-4828-bd6b-def04f2fcc18,1634467929790,13.4935768,52.4842239,5.55162,0.1419872,1.2628012,-3.1487145,on bike mount,cyclo cross,True,fine gravel,good
7ce222c2-4444-48e1-a926-af47030a2ab1,de3bd449-1586-49a6-bad7-77db4715e59e,f787d024-0dd8-4180-b2d3-d3a2ea08d099,1634467929842,13.4935768,52.4842239,5.55162,-0.8396852,-1.5044363,3.7691317,on bike mount,cyclo cross,True,fine gravel,good
7ce222c2-4444-48e1-a926-af47030a2ab1,de3bd449-1586-49a6-bad7-77db4715e59e,966ee58c-2c0d-46c3-a70a-dd081177138b,1634467929893,13.4935768,52.4842239,5.55162,1.6968483,-0.17023468,-5.139289,on bike mount,cyclo cross,True,fine gravel,good
7ce222c2-4444-48e1-a926-af47030a2ab1,de3bd449-1586-49a6-bad7-77db4715e59e,22f1ee2c-602a-4433-89f4-df6039455e8e,1634467929941,13.4935768,52.4842239,5.55162,1.6707605,-2.556726,6.4701815,on bike mount,cyclo cross,True,fine gravel,good
7ce222c2-4444-48e1-a926-af47030a2ab1,de3bd449-1586-49a6-bad7-77db4715e59e,f3afd218-b4f1-4339-855b-58dc6dd2d8db,1634467929992,13.4935768,52.4842239,5.55162,1.0027721,-0.624166,-0.39802933,on bike mount,cyclo cross,True,fine gravel,good
7ce222c2-4444-48e1-a926-af47030a2ab1,de3bd449-1586-49a6-bad7-77db4715e59e,36a75ff6-62cf-4c61-9903-85053c319ad6,1634467930041,13.4935768,52.4842239,5.55162,-1.4059215,-4.0712824,6.064019,on bike mount,cyclo cross,True,fine gravel,good
7ce222c2-4444-48e1-a926-af47030a2ab1,de3bd449-1586-49a6-bad7-77db4715e59e,58fa11cb-bcb3-489f-86d4-b4565579cb2a,1634467930093,13.4935768,52.4842239,5.55162,-1.3186525,-2.4210944,-4.8371744,on bike mount,cyclo cross,True,fine gravel,good
7ce222c2-4444-48e1-a926-af47030a2ab1,de3bd449-1586-49a6-bad7-77db4715e59e,ae4b53d1-ac7a-4d21-8c37-940a91739321,1634467930159,13.4935768,52.4842239,5.55162,0.06907955,-5.460869,10.272585,on bike mount,cyclo cross,True,fine gravel,good
7ce222c2-4444-48e1-a926-af47030a2ab1,de3bd449-1586-49a6-bad7-77db4715e59e,f58197f7-fee6-4470-9baa-1aba215774c5,1634467930209,13.4935768,52.4842239,5.55162,-1.6460781,-1.4088416,-1.8622761,on bike mount,cyclo cross,True,fine gravel,good
7ce222c2-4444-48e1-a926-af47030a2ab1,de3bd449-1586-49a6-bad7-77db4715e59e,c962a03a-0ea3-4423-a2b4-941ef7cb9099,1634467930260,13.4935768,52.4842239,5.55162,0.6060738,-1.3307513,-0.49291992,on bike mount,cyclo cross,True,fine gravel,good
7ce222c2-4444-48e1-a926-af47030a2ab1,de3bd449-1586-49a6-bad7-77db4715e59e,deca072f-7aa5-410b-8414-1ca288b09871,1634467930310,13.4935768,52.4842239,5.55162,-0.19012678,4.066477,-6.6541185,on bike mount,cyclo cross,True,fine gravel,good
7ce222c2-4444-48e1-a926-af47030a2ab1,de3bd449-1586-49a6-bad7-77db4715e59e,603ebeb8-8eda-436b-9074-90d56812ec94,1634467930360,13.4935768,52.4842239,5.55162,1.4600729,0.032808065,4.4039774,on bike mount,cyclo cross,True,fine gravel,good
7ce222c2-4444-48e1-a926-af47030a2ab1,de3bd449-1586-49a6-bad7-77db4715e59e,7379ae7c-2a49-4062-9029-2fec356cb12e,1634467930411,13.4935768,52.4842239,5.55162,-1.0853628,-1.6021878,-0.4487419,on bike mount,cyclo cross,True,fine gravel,good
7ce222c2-4444-48e1-a926-af47030a2ab1,de3bd449-1586-49a6-bad7-77db4715e59e,fa1ad103-85a6-4386-92b0-f41774018b77,1634467930477,13.4935768,52.4842239,5.55162,1.1650808,4.592791,-1.0143409,on bike mount,cyclo cross,True,fine gravel,good
7ce222c2-4444-48e1-a926-af47030a2ab1,de3bd449-1586-49a6-bad7-77db4715e59e,b97d359d-a9a5-4056-b46a-4a85ef9f669f,1634467930527,13.4935768,52.4842239,5.55162,-0.596866,1.0237074,3.8705988,on bike mount,cyclo cross,True,fine gravel,good
7ce222c2-4444-48e1-a926-af47030a2ab1,de3bd449-1586-49a6-bad7-77db4715e59e,5f5e45d2-5699-403b-a480-e2d951184fd5,1634467930577,13.4935768,52.4842239,5.55162,0.12493372,-3.9409623,4.2694206,on bike mount,cyclo cross,True,fine gravel,good
7ce222c2-4444-48e1-a926-af47030a2ab1,de3bd449-1586-49a6-bad7-77db4715e59e,617b3266-1ee3-4420-b36f-1602771a8dae,1634467930627,13.4935768,52.4842239,5.55162,1.219804,0.26442957,3.2451315,on bike mount,cyclo cross,True,fine gravel,good
7ce222c2-4444-48e1-a926-af47030a2ab1,de3bd449-1586-49a6-bad7-77db4715e59e,a913a81f-7dfe-4ab9-a929-18ec72b1d3db,1634467930678,13.4935768,52.4842239,5.55162,-0.63479567,3.0981493,4.1481066,on bike mount,cyclo cross,True,fine gravel,good
7ce222c2-4444-48e1-a926-af47030a2ab1,de3bd449-1586-49a6-bad7-77db4715e59e,3bc3e59e-e40f-4561-9149-5f499cfb3796,1634467930733,13.4935768,52.4842239,5.55162,-1.0509255,-4.236502,-0.40750885,on bike mount,cyclo cross,True,fine gravel,good
7ce222c2-4444-48e1-a926-af47030a2ab1,de3bd449-1586-49a6-bad7-77db4715e59e,5c143311-66af-480b-8e29-b31118720bfb,1634467930793,13.4935962,52.4841736,6.1658244,-1.5460162,3.2036862,-1.3572092,on bike mount,cyclo cross,True,fine gravel,good
7ce222c2-4444-48e1-a926-af47030a2ab1,de3bd449-1586-49a6-bad7-77db4715e59e,1105535d-f316-4062-8d41-3845d5f1811f,1634467930845,13.4935962,52.4841736,6.1658244,-0.28458267,4.3146205,-1.8252687,on bike mount,cyclo cross,True,fine gravel,good
7ce222c2-4444-48e1-a926-af47030a2ab1,de3bd449-1586-49a6-bad7-77db4715e59e,af3b1719-d0cc-4afd-9547-7a70adb16065,1634467930895,13.4935962,52.4841736,6.1658244,0.10384819,-2.0297804,-3.6187983,on bike mount,cyclo cross,True,fine gravel,good
7ce222c2-4444-48e1-a926-af47030a2ab1,de3bd449-1586-49a6-bad7-77db4715e59e,17e49820-54af-41b9-a46a-2d58815186df,1634467930961,13.4935962,52.4841736,6.1658244,0.8174161,-0.2615652,-0.58895683,on bike mount,cyclo cross,True,fine gravel,good
7ce222c2-4444-48e1-a926-af47030a2ab1,de3bd449-1586-49a6-bad7-77db4715e59e,dd868489-6966-4a4f-a297-8acddebf1aac,1634467931011,13.4935962,52.4841736,6.1658244,0.45697623,-2.1928356,8.845494,on bike mount,cyclo cross,True,fine gravel,good
7ce222c2-4444-48e1-a926-af47030a2ab1,de3bd449-1586-49a6-bad7-77db4715e59e,dc875893-f68a-4403-9d14-de60323761f3,1634467931061,13.4935962,52.4841736,6.1658244,-0.29294908,-1.297359,-1.5100327,on bike mount,cyclo cross,True,fine gravel,good
7ce222c2-4444-48e1-a926-af47030a2ab1,de3bd449-1586-49a6-bad7-77db4715e59e,f9f9253a-89e1-4a6f-8e27-596e89a68849,1634467931112,13.4935962,52.4841736,6.1658244,0.5721089,3.0965366,-1.5713329,on bike mount,cyclo cross,True,fine gravel,good
7ce222c2-4444-48e1-a926-af47030a2ab1,de3bd449-1586-49a6-bad7-77db4715e59e,02f9a2ae-bf96-4d14-839f-f533ca41bbd3,1634467931177,13.4935962,52.4841736,6.1658244,-0.2979157,-0.21297455,1.3942404,on bike mount,cyclo cross,True,fine gravel,good
7ce222c2-4444-48e1-a926-af47030a2ab1,de3bd449-1586-49a6-bad7-77db4715e59e,5364ffba-a2f4-4b20-8a04-12dcab87f39c,1634467931228,13.4935962,52.4841736,6.1658244,-0.996709,4.4460554,-1.4706845,on bike mount,cyclo cross,True,fine gravel,good
7ce222c2-4444-48e1-a926-af47030a2ab1,de3bd449-1586-49a6-bad7-77db4715e59e,57c1573a-f402-4140-86b2-2817a6f2f0ab,1634467931278,13.4935962,52.4841736,6.1658244,-0.40479895,1.8661036,1.6703968,on bike mount,cyclo cross,True,fine gravel,good
7ce222c2-4444-48e1-a926-af47030a2ab1,de3bd449-1586-49a6-bad7-77db4715e59e,1e9417f8-a36d-483a-a465-f071c1382497,1634467931328,13.4935962,52.4841736,6.1658244,-0.21066043,3.571167,-1.3162112,on bike mount,cyclo cross,True,fine gravel,good
7ce222c2-4444-48e1-a926-af47030a2ab1,de3bd449-1586-49a6-bad7-77db4715e59e,040246cb-5de5-4632-8c5d-64be9ef256f1,1634467931379,13.4935962,52.4841736,6.1658244,-1.0732254,-0.2784481,2.6968412,on bike mount,cyclo cross,True,fine gravel,good
7ce222c2-4444-48e1-a926-af47030a2ab1,de3bd449-1586-49a6-bad7-77db4715e59e,2af0ac5f-6ec0-4733-ac36-174a3ae97a19,1634467931430,13.4935962,52.4841736,6.1658244,0.3741976,-3.5217144,0.42023373,on bike mount,cyclo cross,True,fine gravel,good
7ce222c2-4444-48e1-a926-af47030a2ab1,de3bd449-1586-49a6-bad7-77db4715e59e,82074db6-335a-4cd2-ab2c-ccf268a4a69d,1634467931495,13.4935962,52.4841736,6.1658244,0.4882062,-0.06177306,-0.5330448,on bike mount,cyclo cross,True,fine gravel,good
7ce222c2-4444-48e1-a926-af47030a2ab1,de3bd449-1586-49a6-bad7-77db4715e59e,ea2cc09c-bf0c-4597-9088-9ed8f99e1b2f,1634467931547,13.4935962,52.4841736,6.1658244,-0.22571182,2.164616,-0.06157303,on bike mount,cyclo cross,True,fine gravel,good
7ce222c2-4444-48e1-a926-af47030a2ab1,de3bd449-1586-49a6-bad7-77db4715e59e,e5b73ec7-ebda-472c-82a0-67e90476d388,1634467931613,13.4935962,52.4841736,6.1658244,-1.0779543,-0.29219604,2.9413767,on bike mount,cyclo cross,True,fine gravel,good
7ce222c2-4444-48e1-a926-af47030a2ab1,de3bd449-1586-49a6-bad7-77db4715e59e,2a36fd5f-cffa-416e-9f5f-eec0fe6d6a9e,1634467931663,13.4935962,52.4841736,6.1658244,0.21417576,1.0228512,1.1845036,on bike mount,cyclo cross,True,fine gravel,good
7ce222c2-4444-48e1-a926-af47030a2ab1,de3bd449-1586-49a6-bad7-77db4715e59e,42c08051-adea-42b1-91cc-037f2acc8c2d,1634467931713,13.4935962,52.4841736,6.1658244,-0.20783104,1.5748587,-0.14355755,on bike mount,cyclo cross,True,fine gravel,good
7ce222c2-4444-48e1-a926-af47030a2ab1,de3bd449-1586-49a6-bad7-77db4715e59e,29a2b663-8da0-4f4d-93da-34e549806824,1634467931765,13.4936192,52.4841211,5.425573,0.9555797,-1.2899688,-5.2776623,on bike mount,cyclo cross,True,fine gravel,good
7ce222c2-4444-48e1-a926-af47030a2ab1,de3bd449-1586-49a6-bad7-77db4715e59e,5193efda-f43e-4086-a794-0db082d1d939,1634467931830,13.4936192,52.4841211,5.425573,0.069071084,0.28623962,-0.6846056,on bike mount,cyclo cross,True,fine gravel,good
7ce222c2-4444-48e1-a926-af47030a2ab1,de3bd449-1586-49a6-bad7-77db4715e59e,d9ef9e33-4d35-46f1-90a9-e51447151e67,1634467931881,13.4936192,52.4841211,5.425573,0.47248876,-1.0760043,1.3964462,on bike mount,cyclo cross,True,fine gravel,good
7ce222c2-4444-48e1-a926-af47030a2ab1,de3bd449-1586-49a6-bad7-77db4715e59e,53f6b7d6-e183-4564-acce-3d148a519f40,1634467931932,13.4936192,52.4841211,5.425573,0.20932177,0.64072347,-2.2659721,on bike mount,cyclo cross,True,fine gravel,good
7ce222c2-4444-48e1-a926-af47030a2ab1,de3bd449-1586-49a6-bad7-77db4715e59e,fa9d7474-6a6a-4f27-8d37-239c15640d3e,1634467931982,13.4936192,52.4841211,5.425573,0.2825536,0.8168154,0.6731472,on bike mount,cyclo cross,True,fine gravel,good
7ce222c2-4444-48e1-a926-af47030a2ab1,de3bd449-1586-49a6-bad7-77db4715e59e,3f49fe2b-ae8b-4ce3-aa96-50abbf8c4f85,1634467932047,13.4936192,52.4841211,5.425573,-0.4304071,1.6216474,2.6847668,on bike mount,cyclo cross,True,fine gravel,good
7ce222c2-4444-48e1-a926-af47030a2ab1,de3bd449-1586-49a6-bad7-77db4715e59e,2ed3415a-43fd-40fe-8b98-55c8d3a07f5e,1634467932097,13.4936192,52.4841211,5.425573,0.7838439,4.597026,0.4691286,on bike mount,cyclo cross,True,fine gravel,good
7ce222c2-4444-48e1-a926-af47030a2ab1,de3bd449-1586-49a6-bad7-77db4715e59e,9970fac1-14ec-4165-abb7-e44d62b5fb59,1634467932147,13.4936192,52.4841211,5.425573,0.804237,-1.3382049,-0.9199858,on bike mount,cyclo cross,True,fine gravel,good
7ce222c2-4444-48e1-a926-af47030a2ab1,de3bd449-1586-49a6-bad7-77db4715e59e,9e365cc0-ab15-4bba-a2a3-59f4c51e3f4f,1634467932197,13.4936192,52.4841211,5.425573,-0.25396085,-3.1675124,1.7683754,on bike mount,cyclo cross,True,fine gravel,good
7ce222c2-4444-48e1-a926-af47030a2ab1,de3bd449-1586-49a6-bad7-77db4715e59e,319ccf6c-a4b0-4dcc-b8e4-59748f4a2a47,1634467932248,13.4936192,52.4841211,5.425573,-0.03978519,-0.5482688,0.68257904,on bike mount,cyclo cross,True,fine gravel,good
7ce222c2-4444-48e1-a926-af47030a2ab1,de3bd449-1586-49a6-bad7-77db4715e59e,bb088e6d-ca22-4f05-83de-1b65f4b690e9,1634467932299,13.4936192,52.4841211,5.425573,0.1481929,-2.353379,1.5926075,on bike mount,cyclo cross,True,fine gravel,good
7ce222c2-4444-48e1-a926-af47030a2ab1,de3bd449-1586-49a6-bad7-77db4715e59e,0b12b6c3-8ae0-42f3-8792-cf25e1c88e16,1634467932365,13.4936192,52.4841211,5.425573,-0.17110851,2.266549,0.79697514,on bike mount,cyclo cross,True,fine gravel,good
7ce222c2-4444-48e1-a926-af47030a2ab1,de3bd449-1586-49a6-bad7-77db4715e59e,f5725e03-600f-4459-a7ee-a81622a44334,1634467932433,13.4936192,52.4841211,5.425573,0.4628021,-3.8254936,0.23547745,on bike mount,cyclo cross,True,fine gravel,good
7ce222c2-4444-48e1-a926-af47030a2ab1,de3bd449-1586-49a6-bad7-77db4715e59e,4ea92f01-916d-4ccf-92eb-dafadd15b6e7,1634467932484,13.4936192,52.4841211,5.425573,-0.9626416,0.20045233,3.8660488,on bike mount,cyclo cross,True,fine gravel,good
7ce222c2-4444-48e1-a926-af47030a2ab1,de3bd449-1586-49a6-bad7-77db4715e59e,7f48997a-6497-47d5-a0d3-fd5cc1d26468,1634467932550,13.4936192,52.4841211,5.425573,0.26609337,4.194203,-0.34677982,on bike mount,cyclo cross,True,fine gravel,good
7ce222c2-4444-48e1-a926-af47030a2ab1,de3bd449-1586-49a6-bad7-77db4715e59e,f762b70f-40ce-48a6-8c66-af3c60e2c072,1634467932599,13.4936192,52.4841211,5.425573,-0.46203846,0.8027711,1.3246336,on bike mount,cyclo cross,True,fine gravel,good
7ce222c2-4444-48e1-a926-af47030a2ab1,de3bd449-1586-49a6-bad7-77db4715e59e,ce464232-a731-4027-9cb6-6bb1138f2e3c,1634467932650,13.4936192,52.4841211,5.425573,-1.1872227,0.49007368,0.4116211,on bike mount,cyclo cross,True,fine gravel,good
7ce222c2-4444-48e1-a926-af47030a2ab1,de3bd449-1586-49a6-bad7-77db4715e59e,ff4b7080-ae82-4f4d-9b1b-0929fcc7e88f,1634467932716,13.4936192,52.4841211,5.425573,-0.26922846,-1.7071828,4.526479,on bike mount,cyclo cross,True,fine gravel,good
7ce222c2-4444-48e1-a926-af47030a2ab1,de3bd449-1586-49a6-bad7-77db4715e59e,3c67719b-11dd-4e8b-9d9e-e6256b64e2ea,1634467932766,13.4936413,52.4840722,5.2474046,1.811911,-2.9100091,1.3886471,on bike mount,cyclo cross,True,fine gravel,good
7ce222c2-4444-48e1-a926-af47030a2ab1,de3bd449-1586-49a6-bad7-77db4715e59e,de874d34-2537-4c10-bdcd-74f416925ca1,1634467932816,13.4936413,52.4840722,5.2474046,-1.6345134,-2.813187,5.2875957,on bike mount,cyclo cross,True,fine gravel,good
7ce222c2-4444-48e1-a926-af47030a2ab1,de3bd449-1586-49a6-bad7-77db4715e59e,9b8a9a3e-af03-4f46-b5a7-6322e33d0df0,1634467932867,13.4936413,52.4840722,5.2474046,0.6878068,0.65477157,1.0313826,on bike mount,cyclo cross,True,fine gravel,good
7ce222c2-4444-48e1-a926-af47030a2ab1,de3bd449-1586-49a6-bad7-77db4715e59e,0ba561fa-2bd5-4225-975b-f9af7a79de82,1634467932917,13.4936413,52.4840722,5.2474046,-1.3296082,0.43107915,-2.510952,on bike mount,cyclo cross,True,fine gravel,good
7ce222c2-4444-48e1-a926-af47030a2ab1,de3bd449-1586-49a6-bad7-77db4715e59e,e2680763-146a-4b47-a385-1fa863e911de,1634467932967,13.4936413,52.4840722,5.2474046,0.8171748,-1.463653,-5.2961087,on bike mount,cyclo cross,True,fine gravel,good
7ce222c2-4444-48e1-a926-af47030a2ab1,de3bd449-1586-49a6-bad7-77db4715e59e,ad6d97f5-ee6c-4371-8b76-ed29b56913ba,1634467933017,13.4936413,52.4840722,5.2474046,-0.42697,-1.8019545,0.0023384094,on bike mount,cyclo cross,True,fine gravel,good
7ce222c2-4444-48e1-a926-af47030a2ab1,de3bd449-1586-49a6-bad7-77db4715e59e,6d0ce091-7857-4ce0-a2e4-d3a0735ca4e5,1634467933067,13.4936413,52.4840722,5.2474046,-0.25372052,-1.4513572,-3.8031301,on bike mount,cyclo cross,True,fine gravel,good
7ce222c2-4444-48e1-a926-af47030a2ab1,de3bd449-1586-49a6-bad7-77db4715e59e,bf1408e6-2834-4f9f-98cc-a4e8607a57f5,1634467933117,13.4936413,52.4840722,5.2474046,-1.9144257,-1.0855885,-2.1824074,on bike mount,cyclo cross,True,fine gravel,good
7ce222c2-4444-48e1-a926-af47030a2ab1,de3bd449-1586-49a6-bad7-77db4715e59e,3f3ed94a-29e7-4939-8131-0afe5328a8b5,1634467933167,13.4936413,52.4840722,5.2474046,0.6697128,-6.8123336,-3.1943173,on bike mount,cyclo cross,True,fine gravel,good
7ce222c2-4444-48e1-a926-af47030a2ab1,de3bd449-1586-49a6-bad7-77db4715e59e,6c5b3001-13c3-4a11-bd7e-00deca9aca0d,1634467933218,13.4936413,52.4840722,5.2474046,-0.6440378,-1.4077479,6.194955,on bike mount,cyclo cross,True,fine gravel,good
7ce222c2-4444-48e1-a926-af47030a2ab1,de3bd449-1586-49a6-bad7-77db4715e59e,68a2b9b6-5d75-4f7b-8f9b-488b097b93d5,1634467933269,13.4936413,52.4840722,5.2474046,-1.4107306,1.4420738,-0.8083272,on bike mount,cyclo cross,True,fine gravel,good
7ce222c2-4444-48e1-a926-af47030a2ab1,de3bd449-1586-49a6-bad7-77db4715e59e,aff6de57-e9b0-4d5e-91cb-aa755e466b42,1634467933334,13.4936413,52.4840722,5.2474046,-2.0033622,-0.7485801,-2.887298,on bike mount,cyclo cross,True,fine gravel,good
7ce222c2-4444-48e1-a926-af47030a2ab1,de3bd449-1586-49a6-bad7-77db4715e59e,9797dce5-40ef-4de6-8724-ac43b7129125,1634467933386,13.4936413,52.4840722,5.2474046,1.6834812,3.0144963,2.5065117,on bike mount,cyclo cross,True,fine gravel,good
7ce222c2-4444-48e1-a926-af47030a2ab1,de3bd449-1586-49a6-bad7-77db4715e59e,34a76b1e-9251-4512-a734-ed45b84c9dbc,1634467933436,13.4936413,52.4840722,5.2474046,1.8589871,0.24511218,-0.5664549,on bike mount,cyclo cross,True,fine gravel,good
7ce222c2-4444-48e1-a926-af47030a2ab1,de3bd449-1586-49a6-bad7-77db4715e59e,c08179de-03c9-4787-8677-dd2f030ec824,1634467933502,13.4936413,52.4840722,5.2474046,1.480644,-4.344102,2.047493,on bike mount,cyclo cross,True,fine gravel,good
7ce222c2-4444-48e1-a926-af47030a2ab1,de3bd449-1586-49a6-bad7-77db4715e59e,aa12ee1b-ac42-403d-8b43-6315a8012151,1634467933552,13.4936413,52.4840722,5.2474046,1.7590804,1.98388,0.7356491,on bike mount,cyclo cross,True,fine gravel,good
7ce222c2-4444-48e1-a926-af47030a2ab1,de3bd449-1586-49a6-bad7-77db4715e59e,c15479b5-644d-4904-b924-b50d7f907c5c,1634467933602,13.4936413,52.4840722,5.2474046,-3.3722289,-1.9182975,3.3266287,on bike mount,cyclo cross,True,fine gravel,good
7ce222c2-4444-48e1-a926-af47030a2ab1,de3bd449-1586-49a6-bad7-77db4715e59e,ac8b96c4-9546-4b05-a462-a67809d147b1,1634467933654,13.4936413,52.4840722,5.2474046,-0.12400973,-2.360231,-0.5238066,on bike mount,cyclo cross,True,fine gravel,good
7ce222c2-4444-48e1-a926-af47030a2ab1,de3bd449-1586-49a6-bad7-77db4715e59e,67d574f8-6065-4b95-9b05-db3c6251356a,1634467933719,13.4936413,52.4840722,5.2474046,0.12885162,-0.7828038,0.13096523,on bike mount,cyclo cross,True,fine gravel,good
7ce222c2-4444-48e1-a926-af47030a2ab1,de3bd449-1586-49a6-bad7-77db4715e59e,2c0eea6f-e5db-40f5-8333-3477fd3b7c22,1634467933785,13.4936697,52.4840256,5.2893033,0.11788702,0.6997509,2.1644602,on bike mount,cyclo cross,True,fine gravel,good
7ce222c2-4444-48e1-a926-af47030a2ab1,de3bd449-1586-49a6-bad7-77db4715e59e,796ca4bb-33dd-47a6-b6db-5fcf2e7b4dbc,1634467933836,13.4936697,52.4840256,5.2893033,-1.1836867,-0.4564922,1.2792587,on bike mount,cyclo cross,True,fine gravel,good
7ce222c2-4444-48e1-a926-af47030a2ab1,de3bd449-1586-49a6-bad7-77db4715e59e,65b97130-4f94-41c7-8bb3-7b0e12d2d075,1634467933886,13.4936697,52.4840256,5.2893033,-0.64257693,-2.5654202,-1.9952445,on bike mount,cyclo cross,True,fine gravel,good
7ce222c2-4444-48e1-a926-af47030a2ab1,de3bd449-1586-49a6-bad7-77db4715e59e,75013adf-dc72-47c7-8ce3-bab45833c75f,1634467933952,13.4936697,52.4840256,5.2893033,1.8172407,2.6883588,-0.08584595,on bike mount,cyclo cross,True,fine gravel,good
7ce222c2-4444-48e1-a926-af47030a2ab1,de3bd449-1586-49a6-bad7-77db4715e59e,239e05aa-a55d-4c42-86d0-2487d43ae5dd,1634467934002,13.4936697,52.4840256,5.2893033,-1.673336,-3.605222,2.4962902,on bike mount,cyclo cross,True,fine gravel,good
7ce222c2-4444-48e1-a926-af47030a2ab1,de3bd449-1586-49a6-bad7-77db4715e59e,c54a2a76-6cc9-415e-b2ca-935b24152769,1634467934052,13.4936697,52.4840256,5.2893033,0.45681083,0.8719995,3.133111,on bike mount,cyclo cross,True,fine gravel,good
7ce222c2-4444-48e1-a926-af47030a2ab1,de3bd449-1586-49a6-bad7-77db4715e59e,4249dd9a-f59a-4cba-8acf-b5158c79e8d2,1634467934102,13.4936697,52.4840256,5.2893033,0.80418587,1.1889265,-2.700079,on bike mount,cyclo cross,True,fine gravel,good
7ce222c2-4444-48e1-a926-af47030a2ab1,de3bd449-1586-49a6-bad7-77db4715e59e,bda02a3a-2161-4af1-b2ef-be83ea78518b,1634467934153,13.4936697,52.4840256,5.2893033,-0.10797766,0.56444716,-4.243484,on bike mount,cyclo cross,True,fine gravel,good
7ce222c2-4444-48e1-a926-af47030a2ab1,de3bd449-1586-49a6-bad7-77db4715e59e,9e2ae6f4-77fa-4bfb-b054-af087a85ff3a,1634467934204,13.4936697,52.4840256,5.2893033,-0.5970824,-0.23791122,-1.6490073,on bike mount,cyclo cross,True,fine gravel,good
7ce222c2-4444-48e1-a926-af47030a2ab1,de3bd449-1586-49a6-bad7-77db4715e59e,40b5b6e9-ceef-4811-872b-bff964541e00,1634467934254,13.4936697,52.4840256,5.2893033,0.033458445,-0.80900097,-1.6163025,on bike mount,cyclo cross,True,fine gravel,good
7ce222c2-4444-48e1-a926-af47030a2ab1,de3bd449-1586-49a6-bad7-77db4715e59e,97fb8c5a-543c-410a-b518-3230f9bef672,1634467934304,13.4936697,52.4840256,5.2893033,0.67652965,-4.9422894,-4.631179,on bike mount,cyclo cross,True,fine gravel,good
7ce222c2-4444-48e1-a926-af47030a2ab1,de3bd449-1586-49a6-bad7-77db4715e59e,9733c758-968e-4094-b833-9358a6db6d70,1634467934354,13.4936697,52.4840256,5.2893033,-0.8878808,-1.011348,-0.34329033,on bike mount,cyclo cross,True,fine gravel,good
7ce222c2-4444-48e1-a926-af47030a2ab1,de3bd449-1586-49a6-bad7-77db4715e59e,3979c2de-9389-4269-90ad-23319f675a72,1634467934419,13.4936697,52.4840256,5.2893033,0.02426079,1.7841353,-1.6325417,on bike mount,cyclo cross,True,fine gravel,good
7ce222c2-4444-48e1-a926-af47030a2ab1,de3bd449-1586-49a6-bad7-77db4715e59e,01163d37-6ad7-4501-85df-2de401f42595,1634467934471,13.4936697,52.4840256,5.2893033,0.13744828,2.4231024,-4.06896,on bike mount,cyclo cross,True,fine gravel,good
7ce222c2-4444-48e1-a926-af47030a2ab1,de3bd449-1586-49a6-bad7-77db4715e59e,4cd1f7f2-940a-4a65-ad67-9e65582ace8d,1634467934521,13.4936697,52.4840256,5.2893033,-0.77948105,4.279105,5.122596,on bike mount,cyclo cross,True,fine gravel,good
7ce222c2-4444-48e1-a926-af47030a2ab1,de3bd449-1586-49a6-bad7-77db4715e59e,30dfcdaf-49e4-48d5-b9c2-99104ec93d12,1634467934571,13.4936697,52.4840256,5.2893033,-0.74889386,-4.318306,-3.9102297,on bike mount,cyclo cross,True,fine gravel,good
7ce222c2-4444-48e1-a926-af47030a2ab1,de3bd449-1586-49a6-bad7-77db4715e59e,8ae81c01-edac-4366-842e-27832f2e1b68,1634467934621,13.4936697,52.4840256,5.2893033,0.7113874,-2.1569118,0.4249525,on bike mount,cyclo cross,True,fine gravel,good
7ce222c2-4444-48e1-a926-af47030a2ab1,de3bd449-1586-49a6-bad7-77db4715e59e,a1ea49e9-ca38-4b25-959a-f8d1baa553ca,1634467934671,13.4936697,52.4840256,5.2893033,0.38611397,-4.691737,3.5732632,on bike mount,cyclo cross,True,fine gravel,good
7ce222c2-4444-48e1-a926-af47030a2ab1,de3bd449-1586-49a6-bad7-77db4715e59e,8c7184d7-be50-4877-a7ad-dfc44424b37b,1634467934722,13.4936697,52.4840256,5.2893033,-0.69454026,2.5128746,3.2105522,on bike mount,cyclo cross,True,fine gravel,good
7ce222c2-4444-48e1-a926-af47030a2ab1,de3bd449-1586-49a6-bad7-77db4715e59e,fdc3928a-4ee5-4aa1-9931-504dbe9741cd,1634467934773,13.4936971,52.4839785,5.571005,-0.8436291,1.4056683,-1.681704,on bike mount,cyclo cross,True,fine gravel,good
7ce222c2-4444-48e1-a926-af47030a2ab1,de3bd449-1586-49a6-bad7-77db4715e59e,ded4771d-3e34-45b4-a623-d07afaa61979,1634467934838,13.4936971,52.4839785,5.571005,-0.66913843,-2.170848,3.573164,on bike mount,cyclo cross,True,fine gravel,good
7ce222c2-4444-48e1-a926-af47030a2ab1,de3bd449-1586-49a6-bad7-77db4715e59e,a5a9b4cd-b17b-4f14-bd8c-ea4c22fc9104,1634467934888,13.4936971,52.4839785,5.571005,-0.36191785,0.46915317,1.3067293,on bike mount,cyclo cross,True,fine gravel,good
7ce222c2-4444-48e1-a926-af47030a2ab1,de3bd449-1586-49a6-bad7-77db4715e59e,f9200d87-75f6-48c1-b3f9-2c8a805be823,1634467934939,13.4936971,52.4839785,5.571005,0.06370992,-0.6234131,0.6632633,on bike mount,cyclo cross,True,fine gravel,good
7ce222c2-4444-48e1-a926-af47030a2ab1,de3bd449-1586-49a6-bad7-77db4715e59e,2bd2ecf0-4a5e-4260-93e7-2b3e72a4a405,1634467934990,13.4936971,52.4839785,5.571005,-0.694114,-2.5044734,0.5050888,on bike mount,cyclo cross,True,fine gravel,good
7ce222c2-4444-48e1-a926-af47030a2ab1,de3bd449-1586-49a6-bad7-77db4715e59e,73470bd0-9bbc-4545-bfcf-9f06ccaa318e,1634467935056,13.4936971,52.4839785,5.571005,1.3199394,-4.5309925,3.8932285,on bike mount,cyclo cross,True,fine gravel,good
7ce222c2-4444-48e1-a926-af47030a2ab1,de3bd449-1586-49a6-bad7-77db4715e59e,d3635720-e12f-4bcb-8318-3399771424b2,1634467935106,13.4936971,52.4839785,5.571005,0.2873795,1.0541639,-0.78968906,on bike mount,cyclo cross,True,fine gravel,good
7ce222c2-4444-48e1-a926-af47030a2ab1,de3bd449-1586-49a6-bad7-77db4715e59e,d3ea0b00-ecaa-4018-9fd5-41a624a2b8f2,1634467935158,13.4936971,52.4839785,5.571005,-0.20981431,-1.9545281,0.8013706,on bike mount,cyclo cross,True,fine gravel,good
7ce222c2-4444-48e1-a926-af47030a2ab1,de3bd449-1586-49a6-bad7-77db4715e59e,1af2402f-9cd5-469c-96f3-ac5714422dae,1634467935224,13.4936971,52.4839785,5.571005,0.9093061,-1.4219998,2.5765343,on bike mount,cyclo cross,True,fine gravel,good
7ce222c2-4444-48e1-a926-af47030a2ab1,de3bd449-1586-49a6-bad7-77db4715e59e,2496b4de-60a3-4c87-9e87-24c5fe34aec1,1634467935273,13.4936971,52.4839785,5.571005,-0.55373657,1.4048982,2.8350897,on bike mount,cyclo cross,True,fine gravel,good
7ce222c2-4444-48e1-a926-af47030a2ab1,de3bd449-1586-49a6-bad7-77db4715e59e,8ab63f62-ab61-415f-80ff-4a779f1b4a31,1634467935341,13.4936971,52.4839785,5.571005,-0.6121038,-2.0662723,3.770258,on bike mount,cyclo cross,True,fine gravel,good
7ce222c2-4444-48e1-a926-af47030a2ab1,de3bd449-1586-49a6-bad7-77db4715e59e,37b5a8da-d97d-4201-b8f2-ed437d98e4c3,1634467935406,13.4936971,52.4839785,5.571005,1.1604825,-0.20478559,-5.8635826,on bike mount,cyclo cross,True,fine gravel,good
7ce222c2-4444-48e1-a926-af47030a2ab1,de3bd449-1586-49a6-bad7-77db4715e59e,5ebd2f0d-c306-4daa-8b52-d1fe3fb92ef1,1634467935456,13.4936971,52.4839785,5.571005,-0.11399305,1.1826291,-0.948905,on bike mount,cyclo cross,True,fine gravel,good
7ce222c2-4444-48e1-a926-af47030a2ab1,de3bd449-1586-49a6-bad7-77db4715e59e,e6eeda55-3e71-4914-9054-e4d800944abe,1634467935508,13.4936971,52.4839785,5.571005,1.9522352,-5.8303056,-0.045622826,on bike mount,cyclo cross,True,fine gravel,good
7ce222c2-4444-48e1-a926-af47030a2ab1,de3bd449-1586-49a6-bad7-77db4715e59e,1af8f580-7bfe-467b-bee1-57145023cbe4,1634467935559,13.4936971,52.4839785,5.571005,-0.19663334,1.0186958,-5.5590315,on bike mount,cyclo cross,True,fine gravel,good
7ce222c2-4444-48e1-a926-af47030a2ab1,de3bd449-1586-49a6-bad7-77db4715e59e,25210157-96f9-42e9-9540-2e526087f156,1634467935623,13.4936971,52.4839785,5.571005,0.17460006,-2.9887543,1.7007875,on bike mount,cyclo cross,True,fine gravel,good
7ce222c2-4444-48e1-a926-af47030a2ab1,de3bd449-1586-49a6-bad7-77db4715e59e,808ec6a2-6f54-4fe3-937d-8b4cf462cd80,1634467935673,13.4936971,52.4839785,5.571005,0.656664,-0.43404865,-3.8985305,on bike mount,cyclo cross,True,fine gravel,good
7ce222c2-4444-48e1-a926-af47030a2ab1,de3bd449-1586-49a6-bad7-77db4715e59e,6335ca37-c93c-4b76-8988-9e07e356480b,1634467935724,13.4936971,52.4839785,5.571005,0.15048212,1.4521866,0.9573746,on bike mount,cyclo cross,True,fine gravel,good
7ce222c2-4444-48e1-a926-af47030a2ab1,de3bd449-1586-49a6-bad7-77db4715e59e,1add8497-aa4b-4463-af89-e399675323e5,1634467935773,13.4937215,52.4839335,4.4700456,1.1100575,0.57712793,-1.5837169,on bike mount,cyclo cross,True,fine gravel,good
7ce222c2-4444-48e1-a926-af47030a2ab1,de3bd449-1586-49a6-bad7-77db4715e59e,0a5e5855-b037-4f36-ad18-fbd914a79fa9,1634467935823,13.4937215,52.4839335,4.4700456,0.36110523,-1.4994817,-4.3045316,on bike mount,cyclo cross,True,fine gravel,good
7ce222c2-4444-48e1-a926-af47030a2ab1,de3bd449-1586-49a6-bad7-77db4715e59e,631b7570-1ff8-4284-9702-86b502fd2fe9,1634467935874,13.4937215,52.4839335,4.4700456,0.99578214,0.36079907,-0.7853365,on bike mount,cyclo cross,True,fine gravel,good
7ce222c2-4444-48e1-a926-af47030a2ab1,de3bd449-1586-49a6-bad7-77db4715e59e,a016701a-bff4-4270-9742-d1c800e4c38f,1634467935924,13.4937215,52.4839335,4.4700456,0.072630286,2.2582042,-6.8342705,on bike mount,cyclo cross,True,fine gravel,good
7ce222c2-4444-48e1-a926-af47030a2ab1,de3bd449-1586-49a6-bad7-77db4715e59e,b7aae324-90ca-449d-a37a-7e93fdbee9df,1634467935975,13.4937215,52.4839335,4.4700456,-0.01905787,0.65902805,2.9355946,on bike mount,cyclo cross,True,fine gravel,good
7ce222c2-4444-48e1-a926-af47030a2ab1,de3bd449-1586-49a6-bad7-77db4715e59e,c818c953-7fe7-44c0-ac4e-e10f8a61c26d,1634467936025,13.4937215,52.4839335,4.4700456,0.6612405,-2.921925,-1.4680171,on bike mount,cyclo cross,True,fine gravel,good
7ce222c2-4444-48e1-a926-af47030a2ab1,de3bd449-1586-49a6-bad7-77db4715e59e,edf75c31-a2ab-4699-89cc-70f83b1ab1f5,1634467936075,13.4937215,52.4839335,4.4700456,0.28579506,-0.6511743,5.2752924,on bike mount,cyclo cross,True,fine gravel,good
7ce222c2-4444-48e1-a926-af47030a2ab1,de3bd449-1586-49a6-bad7-77db4715e59e,a0f6c75d-7452-48fe-95c8-2ddc8b86e405,1634467936125,13.4937215,52.4839335,4.4700456,0.27268,-0.12101245,-1.5333376,on bike mount,cyclo cross,True,fine gravel,good
7ce222c2-4444-48e1-a926-af47030a2ab1,de3bd449-1586-49a6-bad7-77db4715e59e,5a4e2d34-b9ba-48f4-9322-d6061256e0cb,1634467936176,13.4937215,52.4839335,4.4700456,-0.99914885,1.9356785,0.9150572,on bike mount,cyclo cross,True,fine gravel,good
7ce222c2-4444-48e1-a926-af47030a2ab1,de3bd449-1586-49a6-bad7-77db4715e59e,7e9675db-7116-457c-a814-d12fe45fb009,1634467936225,13.4937215,52.4839335,4.4700456,0.011905879,-2.6101153,-0.5258007,on bike mount,cyclo cross,True,fine gravel,good
7ce222c2-4444-48e1-a926-af47030a2ab1,de3bd449-1586-49a6-bad7-77db4715e59e,f3406771-e332-45be-b657-8038c59309f0,1634467936275,13.4937215,52.4839335,4.4700456,-0.16387796,0.83617306,-3.648728,on bike mount,cyclo cross,True,fine gravel,good
7ce222c2-4444-48e1-a926-af47030a2ab1,de3bd449-1586-49a6-bad7-77db4715e59e,066dabe1-547d-47e2-887a-22d1742c6d52,1634467936327,13.4937215,52.4839335,4.4700456,0.046512738,-0.7955518,0.68228054,on bike mount,cyclo cross,True,fine gravel,good
7ce222c2-4444-48e1-a926-af47030a2ab1,de3bd449-1586-49a6-bad7-77db4715e59e,fd77b111-bcfe-417a-bbca-9917ba6baef6,1634467936378,13.4937215,52.4839335,4.4700456,-0.7784956,-0.7301089,-1.9892635,on bike mount,cyclo cross,True,fine gravel,good
7ce222c2-4444-48e1-a926-af47030a2ab1,de3bd449-1586-49a6-bad7-77db4715e59e,fb04c328-dd14-41f8-b5c9-9a794536952a,1634467936443,13.4937215,52.4839335,4.4700456,-0.121526495,0.22206688,-2.6772342,on bike mount,cyclo cross,True,fine gravel,good
7ce222c2-4444-48e1-a926-af47030a2ab1,de3bd449-1586-49a6-bad7-77db4715e59e,1fb150fb-6b4b-4d4c-88bb-cad00901681b,1634467936493,13.4937215,52.4839335,4.4700456,-2.1922467,2.6606784,-1.6932569,on bike mount,cyclo cross,True,fine gravel,good
7ce222c2-4444-48e1-a926-af47030a2ab1,de3bd449-1586-49a6-bad7-77db4715e59e,f780a0d8-929f-4a88-b451-873e49933de8,1634467936544,13.4937215,52.4839335,4.4700456,0.21900713,-0.8113481,3.5059748,on bike mount,cyclo cross,True,fine gravel,good
7ce222c2-4444-48e1-a926-af47030a2ab1,de3bd449-1586-49a6-bad7-77db4715e59e,1599e88e-5295-4897-b959-1ab92e03d40c,1634467936594,13.4937215,52.4839335,4.4700456,0.038880095,-3.552289,4.303627,on bike mount,cyclo cross,True,fine gravel,good
7ce222c2-4444-48e1-a926-af47030a2ab1,de3bd449-1586-49a6-bad7-77db4715e59e,003c2a28-e6a3-4ff7-bd97-e5c221874852,1634467936644,13.4937215,52.4839335,4.4700456,-1.0974534,-2.0750246,0.30830097,on bike mount,cyclo cross,True,fine gravel,good
7ce222c2-4444-48e1-a926-af47030a2ab1,de3bd449-1586-49a6-bad7-77db4715e59e,c1fbabc6-3745-416a-aaf7-338a8aceb915,1634467936695,13.4937215,52.4839335,4.4700456,-0.25529894,0.7965832,0.9274502,on bike mount,cyclo cross,True,fine gravel,good
7ce222c2-4444-48e1-a926-af47030a2ab1,de3bd449-1586-49a6-bad7-77db4715e59e,e2310bd1-03f9-4bee-a74f-2eed48c492e8,1634467936762,13.4937352,52.4839049,4.3230433,0.09711394,-1.3574771,2.4693823,on bike mount,cyclo cross,True,fine gravel,good
7ce222c2-4444-48e1-a926-af47030a2ab1,de3bd449-1586-49a6-bad7-77db4715e59e,315e56ab-51c6-44cc-bf80-c5df87dcfcb5,1634467936812,13.4937352,52.4839049,4.3230433,0.113405526,-2.8604813,0.5431471,on bike mount,cyclo cross,True,fine gravel,good
7ce222c2-4444-48e1-a926-af47030a2ab1,de3bd449-1586-49a6-bad7-77db4715e59e,8b6adefa-ced9-44d7-8c77-f39f3a980e93,1634467936876,13.4937352,52.4839049,4.3230433,-0.20337008,0.73384,-3.0061622,on bike mount,cyclo cross,True,fine gravel,good
7ce222c2-4444-48e1-a926-af47030a2ab1,de3bd449-1586-49a6-bad7-77db4715e59e,8bcec218-2a56-420e-b0a3-e43ceaff5a0c,1634467936928,13.4937352,52.4839049,4.3230433,-0.709781,2.9617963,0.3328972,on bike mount,cyclo cross,True,fine gravel,good
7ce222c2-4444-48e1-a926-af47030a2ab1,de3bd449-1586-49a6-bad7-77db4715e59e,ea05a43c-1c1a-4648-8234-e5d5fbe7a86c,1634467936978,13.4937352,52.4839049,4.3230433,-0.025668979,-0.45765483,0.6522875,on bike mount,cyclo cross,True,fine gravel,good
7ce222c2-4444-48e1-a926-af47030a2ab1,de3bd449-1586-49a6-bad7-77db4715e59e,9d64ef66-3fa1-4790-8a30-b62d9e6e70d7,1634467937045,13.4937352,52.4839049,4.3230433,-0.15049055,-0.0018422604,4.8080893,on bike mount,cyclo cross,True,fine gravel,good
7ce222c2-4444-48e1-a926-af47030a2ab1,de3bd449-1586-49a6-bad7-77db4715e59e,a5d7e44a-4b3a-4a2f-925a-f07dc8de0f78,1634467937110,13.4937352,52.4839049,4.3230433,-0.004989147,-1.8906195,3.320053,on bike mount,cyclo cross,True,fine gravel,good
7ce222c2-4444-48e1-a926-af47030a2ab1,de3bd449-1586-49a6-bad7-77db4715e59e,899ac4fb-6685-4c5f-aecc-ad0fb4b0551b,1634467937160,13.4937352,52.4839049,4.3230433,-0.0178079,0.042025328,-4.0710144,on bike mount,cyclo cross,True,fine gravel,good
7ce222c2-4444-48e1-a926-af47030a2ab1,de3bd449-1586-49a6-bad7-77db4715e59e,7670c16c-7e0e-4572-b941-83ec3b07922b,1634467937211,13.4937352,52.4839049,4.3230433,-0.11259349,-0.29615688,5.8752823,on bike mount,cyclo cross,True,fine gravel,good
7ce222c2-4444-48e1-a926-af47030a2ab1,de3bd449-1586-49a6-bad7-77db4715e59e,342e436b-52aa-497c-b882-b370bfd59d8a,1634467937263,13.4937352,52.4839049,4.3230433,0.48305005,-3.6539886,-0.6014948,on bike mount,cyclo cross,True,fine gravel,good
7ce222c2-4444-48e1-a926-af47030a2ab1,de3bd449-1586-49a6-bad7-77db4715e59e,12e4c4f6-48ac-49cd-b604-a8b5ca7c1e95,1634467937328,13.4937352,52.4839049,4.3230433,-0.7898919,0.9220214,0.90036964,on bike mount,cyclo cross,True,fine gravel,good
7ce222c2-4444-48e1-a926-af47030a2ab1,de3bd449-1586-49a6-bad7-77db4715e59e,2c40c12c-4792-46bf-8b4c-0d0a7687571c,1634467937379,13.4937352,52.4839049,4.3230433,-1.5810546,1.8150926,2.7269802,on bike mount,cyclo cross,True,fine gravel,good
7ce222c2-4444-48e1-a926-af47030a2ab1,de3bd449-1586-49a6-bad7-77db4715e59e,9944222b-4358-40d1-99b8-d26d2d8478d5,1634467937428,13.4937352,52.4839049,4.3230433,-0.25536633,1.4422565,-5.280361,on bike mount,cyclo cross,True,fine gravel,good
7ce222c2-4444-48e1-a926-af47030a2ab1,de3bd449-1586-49a6-bad7-77db4715e59e,52a886a9-4c9b-4d21-8736-8e1fcbae4916,1634467937480,13.4937352,52.4839049,4.3230433,-0.30054626,-0.5803797,-2.0937796,on bike mount,cyclo cross,True,fine gravel,good
7ce222c2-4444-48e1-a926-af47030a2ab1,de3bd449-1586-49a6-bad7-77db4715e59e,781aaec0-2985-4f5b-9fd1-fb96cd128992,1634467937545,13.4937352,52.4839049,4.3230433,-0.7258627,1.81146,5.326599,on bike mount,cyclo cross,True,fine gravel,good
7ce222c2-4444-48e1-a926-af47030a2ab1,de3bd449-1586-49a6-bad7-77db4715e59e,4fac7f37-c7a9-47dd-998b-5784db1f329d,1634467937595,13.4937352,52.4839049,4.3230433,-0.20192839,0.9214072,-2.485468,on bike mount,cyclo cross,True,fine gravel,good
7ce222c2-4444-48e1-a926-af47030a2ab1,de3bd449-1586-49a6-bad7-77db4715e59e,d351fb99-4925-4acb-840c-3e56b81bb82c,1634467937647,13.4937352,52.4839049,4.3230433,-0.24148628,2.3871436,-1.2915463,on bike mount,cyclo cross,True,fine gravel,good
7ce222c2-4444-48e1-a926-af47030a2ab1,de3bd449-1586-49a6-bad7-77db4715e59e,69c1a9f9-f428-4056-997e-dc2f97bc1e75,1634467937698,13.4937352,52.4839049,4.3230433,-0.7805636,1.6572704,3.0242338,on bike mount,cyclo cross,True,fine gravel,good
7ce222c2-4444-48e1-a926-af47030a2ab1,de3bd449-1586-49a6-bad7-77db4715e59e,3e0043c4-9213-4592-a041-d3ea6a64e42a,1634467937763,13.4937464,52.4838768,2.3523273,-0.7460755,0.36315632,1.0408249,on bike mount,cyclo cross,True,fine gravel,good
7ce222c2-4444-48e1-a926-af47030a2ab1,de3bd449-1586-49a6-bad7-77db4715e59e,9f9939e4-2881-4600-ba2d-e54901e79638,1634467937812,13.4937464,52.4838768,2.3523273,-1.0159861,1.8814492,2.2045527,on bike mount,cyclo cross,True,fine gravel,good
7ce222c2-4444-48e1-a926-af47030a2ab1,de3bd449-1586-49a6-bad7-77db4715e59e,a93eab38-8c02-4f8e-906c-442412d509fc,1634467937862,13.4937464,52.4838768,2.3523273,-1.0684552,3.1286092,-0.5487366,on bike mount,cyclo cross,True,fine gravel,good
7ce222c2-4444-48e1-a926-af47030a2ab1,de3bd449-1586-49a6-bad7-77db4715e59e,8ae057ab-fe85-416e-8f86-c6a39d4eb0c6,1634467937912,13.4937464,52.4838768,2.3523273,-0.5187725,-1.0931439,-1.2403965,on bike mount,cyclo cross,True,fine gravel,good
7ce222c2-4444-48e1-a926-af47030a2ab1,de3bd449-1586-49a6-bad7-77db4715e59e,af36de46-3730-474b-b76f-c268fe46a027,1634467937962,13.4937464,52.4838768,2.3523273,0.19564825,1.17625,-2.2951717,on bike mount,cyclo cross,True,fine gravel,good
7ce222c2-4444-48e1-a926-af47030a2ab1,de3bd449-1586-49a6-bad7-77db4715e59e,fb4d8d70-29c5-4f59-9a3c-0ee48d03a70a,1634467938013,13.4937464,52.4838768,2.3523273,0.25795707,-2.5235066,-1.0968065,on bike mount,cyclo cross,True,fine gravel,good
7ce222c2-4444-48e1-a926-af47030a2ab1,de3bd449-1586-49a6-bad7-77db4715e59e,1484b31a-733f-45c7-a043-e3ebb2c9840c,1634467938064,13.4937464,52.4838768,2.3523273,-1.3254502,-3.2271225,2.0107021,on bike mount,cyclo cross,True,fine gravel,good
7ce222c2-4444-48e1-a926-af47030a2ab1,de3bd449-1586-49a6-bad7-77db4715e59e,c729d279-0f6f-4aa4-831b-af3936e6c875,1634467938114,13.4937464,52.4838768,2.3523273,-0.63554454,-0.09945178,-3.5515666,on bike mount,cyclo cross,True,fine gravel,good
7ce222c2-4444-48e1-a926-af47030a2ab1,de3bd449-1586-49a6-bad7-77db4715e59e,b2de03ff-b38a-46bb-a83f-885d03690ed6,1634467938164,13.4937464,52.4838768,2.3523273,-1.1624879,1.6748185,1.6814814,on bike mount,cyclo cross,True,fine gravel,good
7ce222c2-4444-48e1-a926-af47030a2ab1,de3bd449-1586-49a6-bad7-77db4715e59e,d371263c-2491-47d7-9a14-4a0a6e6d7573,1634467938214,13.4937464,52.4838768,2.3523273,-0.7907549,0.004876375,-2.0088787,on bike mount,cyclo cross,True,fine gravel,good
7ce222c2-4444-48e1-a926-af47030a2ab1,de3bd449-1586-49a6-bad7-77db4715e59e,a069bf77-423b-4287-a3f3-198283f0a767,1634467938264,13.4937464,52.4838768,2.3523273,-0.5686744,0.25140333,-4.7644634,on bike mount,cyclo cross,True,fine gravel,good
7ce222c2-4444-48e1-a926-af47030a2ab1,de3bd449-1586-49a6-bad7-77db4715e59e,6fe8d0bc-4bd9-45ec-82f6-694f84cfb422,1634467938316,13.4937464,52.4838768,2.3523273,-0.16195264,-1.4591559,4.11061,on bike mount,cyclo cross,True,fine gravel,good
7ce222c2-4444-48e1-a926-af47030a2ab1,de3bd449-1586-49a6-bad7-77db4715e59e,7bbd2d0b-cd5b-411f-a580-2ac0bf695920,1634467938382,13.4937464,52.4838768,2.3523273,-3.6230626,1.5343323,1.177804,on bike mount,cyclo cross,True,fine gravel,good
7ce222c2-4444-48e1-a926-af47030a2ab1,de3bd449-1586-49a6-bad7-77db4715e59e,ec748168-d57c-4cac-a971-0f482472c557,1634467938432,13.4937464,52.4838768,2.3523273,1.0648866,1.0302625,2.3383179,on bike mount,cyclo cross,True,fine gravel,good
7ce222c2-4444-48e1-a926-af47030a2ab1,de3bd449-1586-49a6-bad7-77db4715e59e,7e201547-07ea-4b07-8d83-6f895ebb1bb6,1634467938498,13.4937464,52.4838768,2.3523273,0.29616594,-3.0314121,-0.9585247,on bike mount,cyclo cross,True,fine gravel,good
7ce222c2-4444-48e1-a926-af47030a2ab1,de3bd449-1586-49a6-bad7-77db4715e59e,f3cb0095-2b37-4f77-8fa9-3714bcd57ad1,1634467938549,13.4937464,52.4838768,2.3523273,-0.18577468,-0.032740116,-2.6480646,on bike mount,cyclo cross,True,fine gravel,good
7ce222c2-4444-48e1-a926-af47030a2ab1,de3bd449-1586-49a6-bad7-77db4715e59e,c3d719b8-9595-4a1f-9ac1-42052c3e85bb,1634467938599,13.4937464,52.4838768,2.3523273,-0.8138931,2.8779874,1.3649616,on bike mount,cyclo cross,True,fine gravel,good
7ce222c2-4444-48e1-a926-af47030a2ab1,de3bd449-1586-49a6-bad7-77db4715e59e,7f45501d-03a0-47fb-98cf-7ae92e7ef61d,1634467938664,13.4937464,52.4838768,2.3523273,-0.47136733,-1.1753482,0.13675976,on bike mount,cyclo cross,True,fine gravel,good
7ce222c2-4444-48e1-a926-af47030a2ab1,de3bd449-1586-49a6-bad7-77db4715e59e,83dc0d8b-4fcc-4469-aa11-1a63fdbbf460,1634467938715,13.4937464,52.4838768,2.3523273,-0.3851382,2.072618,2.2538233,on bike mount,cyclo cross,True,fine gravel,good
7ce222c2-4444-48e1-a926-af47030a2ab1,de3bd449-1586-49a6-bad7-77db4715e59e,0f2aa1ce-893d-4755-9176-c4aa65f4f4c2,1634467938766,13.4937578,52.4838594,3.7531178,-1.3117521,0.3446436,1.4591646,on bike mount,cyclo cross,True,fine gravel,good
7ce222c2-4444-48e1-a926-af47030a2ab1,de3bd449-1586-49a6-bad7-77db4715e59e,78aeda7d-d36f-4c58-8aa8-d4bffc691efd,1634467938817,13.4937578,52.4838594,3.7531178,-0.6266903,0.2701881,-1.8481283,on bike mount,cyclo cross,True,fine gravel,good
7ce222c2-4444-48e1-a926-af47030a2ab1,de3bd449-1586-49a6-bad7-77db4715e59e,0456f3bd-8ea5-4b80-a529-5d9944796146,1634467938882,13.4937578,52.4838594,3.7531178,-0.57313746,1.2054608,-1.7521305,on bike mount,cyclo cross,True,fine gravel,good
7ce222c2-4444-48e1-a926-af47030a2ab1,de3bd449-1586-49a6-bad7-77db4715e59e,7bc01b51-109e-4fed-8f66-1cf9d9d83875,1634467938932,13.4937578,52.4838594,3.7531178,-1.3529062,2.5384555,-0.5390911,on bike mount,cyclo cross,True,fine gravel,good
7ce222c2-4444-48e1-a926-af47030a2ab1,de3bd449-1586-49a6-bad7-77db4715e59e,3b67453a-48bd-44ea-b996-60a4c5929fbe,1634467938983,13.4937578,52.4838594,3.7531178,-0.20235223,-0.34852266,1.2206125,on bike mount,cyclo cross,True,fine gravel,good
7ce222c2-4444-48e1-a926-af47030a2ab1,de3bd449-1586-49a6-bad7-77db4715e59e,f0b3e4b7-fcf0-49ac-bd01-0eefa9df7b4b,1634467939033,13.4937578,52.4838594,3.7531178,-1.655667,-0.7513702,-0.52252674,on bike mount,cyclo cross,True,fine gravel,good
7ce222c2-4444-48e1-a926-af47030a2ab1,de3bd449-1586-49a6-bad7-77db4715e59e,8cd64742-d35b-4aff-99e9-a404e58ea5c3,1634467939083,13.4937578,52.4838594,3.7531178,-0.93215406,1.4694638,0.047649384,on bike mount,cyclo cross,True,fine gravel,good
7ce222c2-4444-48e1-a926-af47030a2ab1,de3bd449-1586-49a6-bad7-77db4715e59e,46baccde-f8d5-4374-a963-9c8bdb16855a,1634467939133,13.4937578,52.4838594,3.7531178,-0.33947936,0.54986596,1.9597778,on bike mount,cyclo cross,True,fine gravel,good
7ce222c2-4444-48e1-a926-af47030a2ab1,de3bd449-1586-49a6-bad7-77db4715e59e,7d72abdf-3b91-417e-9158-006314203de7,1634467939201,13.4937578,52.4838594,3.7531178,-0.7725335,0.23984861,1.4794378,on bike mount,cyclo cross,True,fine gravel,good
7ce222c2-4444-48e1-a926-af47030a2ab1,de3bd449-1586-49a6-bad7-77db4715e59e,f034a2a6-5e35-470f-9ce9-3c00ab69f47a,1634467939251,13.4937578,52.4838594,3.7531178,-1.097334,-2.6372938,0.506999,on bike mount,cyclo cross,True,fine gravel,good
7ce222c2-4444-48e1-a926-af47030a2ab1,de3bd449-1586-49a6-bad7-77db4715e59e,772e2717-fbf2-46da-b9cb-fe2a71cfe926,1634467939318,13.4937578,52.4838594,3.7531178,0.25100642,2.5086532,0.093141556,on bike mount,cyclo cross,True,fine gravel,good
7ce222c2-4444-48e1-a926-af47030a2ab1,de3bd449-1586-49a6-bad7-77db4715e59e,dc519f99-7b87-4c3c-bf4e-443d3058f901,1634467939368,13.4937578,52.4838594,3.7531178,-0.13766962,2.7651277,0.71301746,on bike mount,cyclo cross,True,fine gravel,good
7ce222c2-4444-48e1-a926-af47030a2ab1,de3bd449-1586-49a6-bad7-77db4715e59e,60be7936-36de-4dfa-afd2-4ea99341b3a2,1634467939418,13.4937578,52.4838594,3.7531178,-1.7127943,-0.8787513,1.8807878,on bike mount,cyclo cross,True,fine gravel,good
7ce222c2-4444-48e1-a926-af47030a2ab1,de3bd449-1586-49a6-bad7-77db4715e59e,730516e6-0b57-40ea-a21d-e3a93c50a55b,1634467939469,13.4937578,52.4838594,3.7531178,-0.9334983,-1.589706,0.033644676,on bike mount,cyclo cross,True,fine gravel,good
7ce222c2-4444-48e1-a926-af47030a2ab1,de3bd449-1586-49a6-bad7-77db4715e59e,885220fb-650f-4b2f-8080-c2c2b744d38c,1634467939519,13.4937578,52.4838594,3.7531178,-0.9484669,1.8523178,1.1400642,on bike mount,cyclo cross,True,fine gravel,good
7ce222c2-4444-48e1-a926-af47030a2ab1,de3bd449-1586-49a6-bad7-77db4715e59e,f58024da-8400-43e1-9172-43419c2c6642,1634467939584,13.4937578,52.4838594,3.7531178,-0.5627038,-3.4502232,-0.0043992996,on bike mount,cyclo cross,True,fine gravel,good
7ce222c2-4444-48e1-a926-af47030a2ab1,de3bd449-1586-49a6-bad7-77db4715e59e,54935fe2-61c5-440c-9212-2bd3055e5ff7,1634467939634,13.4937578,52.4838594,3.7531178,1.1153178,-0.24550366,1.3051815,on bike mount,cyclo cross,True,fine gravel,good
7ce222c2-4444-48e1-a926-af47030a2ab1,de3bd449-1586-49a6-bad7-77db4715e59e,a1fcddeb-e61e-47b1-834c-4f8971156f99,1634467939684,13.4937578,52.4838594,3.7531178,-0.42594534,-0.55067825,-2.0539389,on bike mount,cyclo cross,True,fine gravel,good
7ce222c2-4444-48e1-a926-af47030a2ab1,de3bd449-1586-49a6-bad7-77db4715e59e,52e50018-f46a-4071-b03d-c7d4eed62f69,1634467939735,13.493795,52.4838259,4.3023643,-0.9346911,1.6684728,-1.5028276,on bike mount,cyclo cross,True,fine gravel,good
7ce222c2-4444-48e1-a926-af47030a2ab1,de3bd449-1586-49a6-bad7-77db4715e59e,796cb316-7ea8-457c-8a65-0a691f5183e7,1634467939785,13.493795,52.4838259,4.3023643,-0.74123245,1.0578985,2.1484156,on bike mount,cyclo cross,True,fine gravel,good
7ce222c2-4444-48e1-a926-af47030a2ab1,de3bd449-1586-49a6-bad7-77db4715e59e,8f7abe63-86ae-4abb-a8ab-58bf367b92d0,1634467939836,13.493795,52.4838259,4.3023643,-0.65190184,0.6605208,-2.1580882,on bike mount,cyclo cross,True,fine gravel,good
7ce222c2-4444-48e1-a926-af47030a2ab1,de3bd449-1586-49a6-bad7-77db4715e59e,b36c76f7-fc6d-45c7-9f35-fecbb30c2bd3,1634467939902,13.493795,52.4838259,4.3023643,-0.2088984,0.22333121,2.1468754,on bike mount,cyclo cross,True,fine gravel,good
7ce222c2-4444-48e1-a926-af47030a2ab1,de3bd449-1586-49a6-bad7-77db4715e59e,dfa97bf6-547a-417f-b6db-894ddd09a02d,1634467939951,13.493795,52.4838259,4.3023643,-0.7157718,-0.90934265,2.5492887,on bike mount,cyclo cross,True,fine gravel,good
7ce222c2-4444-48e1-a926-af47030a2ab1,de3bd449-1586-49a6-bad7-77db4715e59e,ce5a402c-50ab-4715-b87c-df02ceeb4d29,1634467940003,13.493795,52.4838259,4.3023643,-0.46023414,0.6030879,-2.0470252,on bike mount,cyclo cross,True,fine gravel,good
7ce222c2-4444-48e1-a926-af47030a2ab1,de3bd449-1586-49a6-bad7-77db4715e59e,36e4cdf8-3486-442d-9563-bd679ac6dff1,1634467940069,13.493795,52.4838259,4.3023643,-0.24175662,-2.695855,0.60825443,on bike mount,cyclo cross,True,fine gravel,good
7ce222c2-4444-48e1-a926-af47030a2ab1,de3bd449-1586-49a6-bad7-77db4715e59e,9c7b8409-9c50-4958-9589-30a9e78f7b44,1634467940135,13.493795,52.4838259,4.3023643,0.09543821,-0.8859329,0.45352745,on bike mount,cyclo cross,True,fine gravel,good
7ce222c2-4444-48e1-a926-af47030a2ab1,de3bd449-1586-49a6-bad7-77db4715e59e,5fb74881-4483-4e49-96c7-78dbc2857935,1634467940186,13.493795,52.4838259,4.3023643,-0.09878835,1.976511,0.9981308,on bike mount,cyclo cross,True,fine gravel,good
7ce222c2-4444-48e1-a926-af47030a2ab1,de3bd449-1586-49a6-bad7-77db4715e59e,dd9701e8-d280-4602-9b85-3c4cbc00a3e5,1634467940253,13.493795,52.4838259,4.3023643,0.35648066,-1.45475,2.320588,on bike mount,cyclo cross,True,fine gravel,good
7ce222c2-4444-48e1-a926-af47030a2ab1,de3bd449-1586-49a6-bad7-77db4715e59e,41c22468-7bb2-4ed4-b611-046015f5ca0d,1634467940321,13.493795,52.4838259,4.3023643,1.3227277,0.34827995,-1.6203432,on bike mount,cyclo cross,True,fine gravel,good
