bike_activity_uid,bike_activity_sample_uid,bike_activity_measurement,bike_activity_measurement_timestamp,bike_activity_measurement_lon,bike_activity_measurement_lat,bike_activity_measurement_speed,bike_activity_measurement_accelerometer_x,bike_activity_measurement_accelerometer_y,bike_activity_measurement_accelerometer_z,bike_activity_phone_position,bike_activity_bike_type,bike_activity_flagged_lab_conditions,bike_activity_surface_type,bike_activity_smoothness_type
8709a578-7c36-4f62-ac57-925fbd1789fe,44a6f780-6d49-4c91-b59d-36d7539047c0,96884f89-ed2e-4eca-819a-79b533c0f526,1643973221235,13.3982599,52.4723586,6.0421057,1.5175498,0.69567776,-0.53050137,on bike mount,cyclo cross,True,paving stones,good
8709a578-7c36-4f62-ac57-925fbd1789fe,44a6f780-6d49-4c91-b59d-36d7539047c0,9f03b476-28ce-4e5a-9bd7-069b9822f45f,1643973221293,13.3982599,52.4723586,6.0421057,0.7136789,3.3236938,1.7085142,on bike mount,cyclo cross,True,paving stones,good
8709a578-7c36-4f62-ac57-925fbd1789fe,44a6f780-6d49-4c91-b59d-36d7539047c0,40346599-20b2-4d47-a769-68c69011fb3a,1643973221348,13.3982599,52.4723586,6.0421057,-0.23827627,0.56999016,-1.5620856,on bike mount,cyclo cross,True,paving stones,good
8709a578-7c36-4f62-ac57-925fbd1789fe,44a6f780-6d49-4c91-b59d-36d7539047c0,11088cf0-4e5d-4fa9-b44d-8c220b8347ea,1643973221401,13.3982599,52.4723586,6.0421057,0.96116406,-1.6587304,0.93690205,on bike mount,cyclo cross,True,paving stones,good
8709a578-7c36-4f62-ac57-925fbd1789fe,44a6f780-6d49-4c91-b59d-36d7539047c0,b952f58a-5a37-404e-a7ad-3095601d594b,1643973221460,13.3982599,52.4723586,6.0421057,0.4643573,0.18464208,-0.5428314,on bike mount,cyclo cross,True,paving stones,good
8709a578-7c36-4f62-ac57-925fbd1789fe,44a6f780-6d49-4c91-b59d-36d7539047c0,6af75ca4-ef2f-4fab-be5d-8c2d977f945b,1643973221515,13.3982599,52.4723586,6.0421057,0.41150826,-1.5067295,2.964674,on bike mount,cyclo cross,True,paving stones,good
8709a578-7c36-4f62-ac57-925fbd1789fe,44a6f780-6d49-4c91-b59d-36d7539047c0,b44e83a4-43bb-43a6-abc3-df853a1936ac,1643973221568,13.3982599,52.4723586,6.0421057,-0.46434882,0.22819257,-3.4182944,on bike mount,cyclo cross,True,paving stones,good
8709a578-7c36-4f62-ac57-925fbd1789fe,44a6f780-6d49-4c91-b59d-36d7539047c0,f39ffd9a-6942-405f-bd48-bce5fcbd6b2b,1643973221624,13.3982599,52.4723586,6.0421057,-1.8664538,-1.2557251,0.71277237,on bike mount,cyclo cross,True,paving stones,good
8709a578-7c36-4f62-ac57-925fbd1789fe,44a6f780-6d49-4c91-b59d-36d7539047c0,0ecec3c7-c49e-4de1-b695-a180fe53b5ec,1643973221679,13.3982599,52.4723586,6.0421057,-0.56426525,-0.7915902,-0.04957199,on bike mount,cyclo cross,True,paving stones,good
8709a578-7c36-4f62-ac57-925fbd1789fe,44a6f780-6d49-4c91-b59d-36d7539047c0,e5bcc232-5e29-471f-ac97-6e25577fdd26,1643973221734,13.3982599,52.4723586,6.0421057,0.04658568,-0.71957994,-0.5745249,on bike mount,cyclo cross,True,paving stones,good
8709a578-7c36-4f62-ac57-925fbd1789fe,44a6f780-6d49-4c91-b59d-36d7539047c0,fafd9ead-d819-4fdd-8770-9f38f4759feb,1643973221793,13.3983434,52.4723421,5.92534,1.4384339,-6.480822,12.260876,on bike mount,cyclo cross,True,paving stones,good
8709a578-7c36-4f62-ac57-925fbd1789fe,44a6f780-6d49-4c91-b59d-36d7539047c0,a3c586d7-1c38-4f46-bd84-98c245409ed6,1643973221848,13.3983434,52.4723421,5.92534,-4.037637,0.7456622,-2.6442428,on bike mount,cyclo cross,True,paving stones,good
8709a578-7c36-4f62-ac57-925fbd1789fe,44a6f780-6d49-4c91-b59d-36d7539047c0,414a6d2a-4ec8-4111-8c18-51a083357fdc,1643973221902,13.3983434,52.4723421,5.92534,1.7067869,-6.4916773,13.115148,on bike mount,cyclo cross,True,paving stones,good
8709a578-7c36-4f62-ac57-925fbd1789fe,44a6f780-6d49-4c91-b59d-36d7539047c0,db09dc71-5ca2-492d-be0e-6a49df5348be,1643973221961,13.3983434,52.4723421,5.92534,-2.3967698,1.718051,-5.242522,on bike mount,cyclo cross,True,paving stones,good
8709a578-7c36-4f62-ac57-925fbd1789fe,44a6f780-6d49-4c91-b59d-36d7539047c0,23f2a175-b4b1-4853-8869-e9bbbc4082a6,1643973222013,13.3983434,52.4723421,5.92534,-2.635373,0.6242831,-4.9491434,on bike mount,cyclo cross,True,paving stones,good
8709a578-7c36-4f62-ac57-925fbd1789fe,44a6f780-6d49-4c91-b59d-36d7539047c0,cf3773d5-e38c-4990-8a0b-a8e8e9f4a7ca,1643973222070,13.3983434,52.4723421,5.92534,-0.05590126,2.9407768,1.4329157,on bike mount,cyclo cross,True,paving stones,good
8709a578-7c36-4f62-ac57-925fbd1789fe,44a6f780-6d49-4c91-b59d-36d7539047c0,d544e36a-3506-477f-bd05-dcf6086d9559,1643973222126,13.3983434,52.4723421,5.92534,2.2150867,0.98010063,-0.38808346,on bike mount,cyclo cross,True,paving stones,good
8709a578-7c36-4f62-ac57-925fbd1789fe,44a6f780-6d49-4c91-b59d-36d7539047c0,51bd22ff-9b1d-430a-81cc-b3f36ed863a6,1643973222181,13.3983434,52.4723421,5.92534,0.43481216,-0.6034789,-1.8197341,on bike mount,cyclo cross,True,paving stones,good
8709a578-7c36-4f62-ac57-925fbd1789fe,44a6f780-6d49-4c91-b59d-36d7539047c0,5314478a-274e-4329-9a98-11bd54b87edb,1643973222236,13.3983434,52.4723421,5.92534,0.65012574,-2.353974,3.6670628,on bike mount,cyclo cross,True,paving stones,good
8709a578-7c36-4f62-ac57-925fbd1789fe,44a6f780-6d49-4c91-b59d-36d7539047c0,b1110745-8588-41ce-bd39-4f04a05bd038,1643973222291,13.3983434,52.4723421,5.92534,0.42858106,-2.020565,-0.55249834,on bike mount,cyclo cross,True,paving stones,good
8709a578-7c36-4f62-ac57-925fbd1789fe,44a6f780-6d49-4c91-b59d-36d7539047c0,fc8195f5-09b7-47b4-b23a-10098145057d,1643973222346,13.3983434,52.4723421,5.92534,-1.1448752,2.968346,3.450468,on bike mount,cyclo cross,True,paving stones,good
8709a578-7c36-4f62-ac57-925fbd1789fe,44a6f780-6d49-4c91-b59d-36d7539047c0,f23e7559-ebd1-4e99-89a5-014a898127d1,1643973222407,13.3983434,52.4723421,5.92534,0.7218074,3.2893229,-0.45101357,on bike mount,cyclo cross,True,paving stones,good
8709a578-7c36-4f62-ac57-925fbd1789fe,44a6f780-6d49-4c91-b59d-36d7539047c0,a898b25e-41c9-42bb-aa24-3d361eb35e7b,1643973222457,13.3983434,52.4723421,5.92534,-0.69703233,-0.64528227,-1.8175282,on bike mount,cyclo cross,True,paving stones,good
8709a578-7c36-4f62-ac57-925fbd1789fe,44a6f780-6d49-4c91-b59d-36d7539047c0,972b15fd-aa38-4505-9490-1aceab3c569d,1643973222512,13.3983434,52.4723421,5.92534,-0.038814425,-3.351955,-3.9788473,on bike mount,cyclo cross,True,paving stones,good
8709a578-7c36-4f62-ac57-925fbd1789fe,44a6f780-6d49-4c91-b59d-36d7539047c0,79c7db51-7c25-4d81-8671-7d2245155608,1643973222568,13.3983434,52.4723421,5.92534,-0.45309803,0.6899471,3.108345,on bike mount,cyclo cross,True,paving stones,good
8709a578-7c36-4f62-ac57-925fbd1789fe,44a6f780-6d49-4c91-b59d-36d7539047c0,21f7ce2f-e6d0-490d-93fa-017140fefbc8,1643973222625,13.3983434,52.4723421,5.92534,0.6997276,-1.9658328,-0.31614876,on bike mount,cyclo cross,True,paving stones,good
8709a578-7c36-4f62-ac57-925fbd1789fe,44a6f780-6d49-4c91-b59d-36d7539047c0,8a5a63c4-49ab-4c99-95e5-17b06749e937,1643973222680,13.3983434,52.4723421,5.92534,0.59397274,0.90040326,4.5619144,on bike mount,cyclo cross,True,paving stones,good
8709a578-7c36-4f62-ac57-925fbd1789fe,44a6f780-6d49-4c91-b59d-36d7539047c0,bc79fc5c-269e-4f0c-a30c-ffd1e0b5e29e,1643973222737,13.3983434,52.4723421,5.92534,-1.4237282,-5.4008865,5.1171017,on bike mount,cyclo cross,True,paving stones,good
8709a578-7c36-4f62-ac57-925fbd1789fe,44a6f780-6d49-4c91-b59d-36d7539047c0,a3d05108-553b-4a0f-8765-415d414228cf,1643973222792,13.3983434,52.4723421,5.92534,-1.3956612,-0.82703686,-0.97076845,on bike mount,cyclo cross,True,paving stones,good
8709a578-7c36-4f62-ac57-925fbd1789fe,44a6f780-6d49-4c91-b59d-36d7539047c0,6de7fa76-986e-40e5-a91c-9130a3c827ca,1643973222846,13.3984301,52.4723353,5.9890366,1.1590366,-0.8282435,-3.7384768,on bike mount,cyclo cross,True,paving stones,good
8709a578-7c36-4f62-ac57-925fbd1789fe,44a6f780-6d49-4c91-b59d-36d7539047c0,52524cd5-1223-4ce3-816e-3d39dc30658d,1643973222901,13.3984301,52.4723353,5.9890366,-0.6696077,0.26263475,1.1542196,on bike mount,cyclo cross,True,paving stones,good
8709a578-7c36-4f62-ac57-925fbd1789fe,44a6f780-6d49-4c91-b59d-36d7539047c0,ea406c6a-ab10-49bb-9910-d5f219866b0c,1643973222958,13.3984301,52.4723353,5.9890366,1.4186786,-4.027899,-1.0573006,on bike mount,cyclo cross,True,paving stones,good
8709a578-7c36-4f62-ac57-925fbd1789fe,44a6f780-6d49-4c91-b59d-36d7539047c0,887ee2a3-6e9d-4f93-a600-0ac5f7be85bc,1643973223013,13.3984301,52.4723353,5.9890366,0.14499551,-0.70236397,2.276352,on bike mount,cyclo cross,True,paving stones,good
8709a578-7c36-4f62-ac57-925fbd1789fe,44a6f780-6d49-4c91-b59d-36d7539047c0,fb5f9239-447e-4158-9dc8-79ffe41d5ec4,1643973223069,13.3984301,52.4723353,5.9890366,-1.9813606,0.045226097,0.18363857,on bike mount,cyclo cross,True,paving stones,good
8709a578-7c36-4f62-ac57-925fbd1789fe,44a6f780-6d49-4c91-b59d-36d7539047c0,88ecec5e-89e5-4dc8-9323-790c371378fb,1643973223125,13.3984301,52.4723353,5.9890366,1.3575449,-2.197473,-6.4199953,on bike mount,cyclo cross,True,paving stones,good
8709a578-7c36-4f62-ac57-925fbd1789fe,44a6f780-6d49-4c91-b59d-36d7539047c0,99b0cb9a-d88e-4a5a-b5ca-adef0e6e0639,1643973223180,13.3984301,52.4723353,5.9890366,1.7237478,3.163837,-0.99084187,on bike mount,cyclo cross,True,paving stones,good
8709a578-7c36-4f62-ac57-925fbd1789fe,44a6f780-6d49-4c91-b59d-36d7539047c0,e8c052ee-4681-402c-ac2e-6a5b0c6f2d2d,1643973223235,13.3984301,52.4723353,5.9890366,0.15339094,-5.772434,-0.72793436,on bike mount,cyclo cross,True,paving stones,good
8709a578-7c36-4f62-ac57-925fbd1789fe,44a6f780-6d49-4c91-b59d-36d7539047c0,af1d34b6-3849-45c3-9f98-b42cb8483832,1643973223290,13.3984301,52.4723353,5.9890366,-0.03178069,-2.385896,2.5930862,on bike mount,cyclo cross,True,paving stones,good
8709a578-7c36-4f62-ac57-925fbd1789fe,44a6f780-6d49-4c91-b59d-36d7539047c0,2b388bf1-5836-4cf9-82cc-4ef70fc3cf41,1643973223346,13.3984301,52.4723353,5.9890366,2.0150847,3.0374804,-2.22435,on bike mount,cyclo cross,True,paving stones,good
8709a578-7c36-4f62-ac57-925fbd1789fe,44a6f780-6d49-4c91-b59d-36d7539047c0,0ab0f607-622e-4b7d-8a85-3139397d1012,1643973223401,13.3984301,52.4723353,5.9890366,-0.030635566,0.5420363,1.7371702,on bike mount,cyclo cross,True,paving stones,good
8709a578-7c36-4f62-ac57-925fbd1789fe,44a6f780-6d49-4c91-b59d-36d7539047c0,3f0b7269-cf8e-443c-b284-a10b863d0d77,1643973223458,13.3984301,52.4723353,5.9890366,-1.0608648,-3.7258344,1.4063396,on bike mount,cyclo cross,True,paving stones,good
8709a578-7c36-4f62-ac57-925fbd1789fe,44a6f780-6d49-4c91-b59d-36d7539047c0,79bab9da-f9d5-4eaa-92f9-f1264aa66096,1643973223516,13.3984301,52.4723353,5.9890366,1.2532463,2.9715242,-2.34981,on bike mount,cyclo cross,True,paving stones,good
8709a578-7c36-4f62-ac57-925fbd1789fe,44a6f780-6d49-4c91-b59d-36d7539047c0,7cde6fcc-a1ce-419e-80d5-078010363bc2,1643973223570,13.3984301,52.4723353,5.9890366,-0.89940286,-0.2802546,-0.4531951,on bike mount,cyclo cross,True,paving stones,good
8709a578-7c36-4f62-ac57-925fbd1789fe,44a6f780-6d49-4c91-b59d-36d7539047c0,3cc5190d-4b3d-48d6-bba1-504c12c40433,1643973223626,13.3984301,52.4723353,5.9890366,-0.45021975,-0.42634344,0.39785957,on bike mount,cyclo cross,True,paving stones,good
8709a578-7c36-4f62-ac57-925fbd1789fe,44a6f780-6d49-4c91-b59d-36d7539047c0,1d10c27c-2799-43b7-8b62-e317fa067745,1643973223679,13.3984301,52.4723353,5.9890366,1.2800941,1.3877828,1.3700218,on bike mount,cyclo cross,True,paving stones,good
8709a578-7c36-4f62-ac57-925fbd1789fe,44a6f780-6d49-4c91-b59d-36d7539047c0,6e3eaade-a221-479d-91f5-4810b6fdaa21,1643973223737,13.3984301,52.4723353,5.9890366,-0.795396,1.5868428,-1.579247,on bike mount,cyclo cross,True,paving stones,good
8709a578-7c36-4f62-ac57-925fbd1789fe,44a6f780-6d49-4c91-b59d-36d7539047c0,c5b3accc-d1a5-4d4f-b813-41778039558f,1643973223796,13.3985188,52.4723359,6.238111,1.9757218,-3.0617228,-3.1534767,on bike mount,cyclo cross,True,paving stones,good
8709a578-7c36-4f62-ac57-925fbd1789fe,44a6f780-6d49-4c91-b59d-36d7539047c0,abd3e06c-47a7-4477-acff-4aead262d228,1643973223847,13.3985188,52.4723359,6.238111,2.2222354,-1.7082691,1.0613346,on bike mount,cyclo cross,True,paving stones,good
8709a578-7c36-4f62-ac57-925fbd1789fe,44a6f780-6d49-4c91-b59d-36d7539047c0,a8cb53ce-f402-4456-a54e-18faf966e260,1643973223902,13.3985188,52.4723359,6.238111,-1.7152561,1.5417452,-3.2196765,on bike mount,cyclo cross,True,paving stones,good
8709a578-7c36-4f62-ac57-925fbd1789fe,44a6f780-6d49-4c91-b59d-36d7539047c0,033bd771-a1ed-423b-af56-713b049c5794,1643973223958,13.3985188,52.4723359,6.238111,0.3218269,-3.0229378,4.1430187,on bike mount,cyclo cross,True,paving stones,good
8709a578-7c36-4f62-ac57-925fbd1789fe,44a6f780-6d49-4c91-b59d-36d7539047c0,8c9dc7ae-8e4c-4e3e-9e5c-e67694a1f5ac,1643973224013,13.3985188,52.4723359,6.238111,0.5008999,-0.44705534,1.7150164,on bike mount,cyclo cross,True,paving stones,good
8709a578-7c36-4f62-ac57-925fbd1789fe,44a6f780-6d49-4c91-b59d-36d7539047c0,cc077597-c2fe-4ad8-a844-4d415d6d91e0,1643973224068,13.3985188,52.4723359,6.238111,3.5458617,-0.54494333,-2.5413404,on bike mount,cyclo cross,True,paving stones,good
8709a578-7c36-4f62-ac57-925fbd1789fe,44a6f780-6d49-4c91-b59d-36d7539047c0,50cc794e-c625-4c4a-99e6-331e07c8c11d,1643973224124,13.3985188,52.4723359,6.238111,-0.53776187,-2.4725094,-0.6509714,on bike mount,cyclo cross,True,paving stones,good
8709a578-7c36-4f62-ac57-925fbd1789fe,44a6f780-6d49-4c91-b59d-36d7539047c0,e00b92bf-3dab-43b4-a422-058f8cae6deb,1643973224180,13.3985188,52.4723359,6.238111,-0.4968863,1.3375292,-1.4258523,on bike mount,cyclo cross,True,paving stones,good
8709a578-7c36-4f62-ac57-925fbd1789fe,44a6f780-6d49-4c91-b59d-36d7539047c0,6590ca5e-1507-4596-a150-f4481df7cb05,1643973224236,13.3985188,52.4723359,6.238111,-0.6821562,-1.1592097,3.2469683,on bike mount,cyclo cross,True,paving stones,good
8709a578-7c36-4f62-ac57-925fbd1789fe,44a6f780-6d49-4c91-b59d-36d7539047c0,ed52f726-6e1a-421f-a526-160fc2cf7250,1643973224291,13.3985188,52.4723359,6.238111,0.25251597,1.5000575,-2.9691925,on bike mount,cyclo cross,True,paving stones,good
8709a578-7c36-4f62-ac57-925fbd1789fe,44a6f780-6d49-4c91-b59d-36d7539047c0,6e269820-9c77-463b-b20a-9fd716663903,1643973224347,13.3985188,52.4723359,6.238111,0.9664875,3.529295,-1.2685151,on bike mount,cyclo cross,True,paving stones,good
8709a578-7c36-4f62-ac57-925fbd1789fe,44a6f780-6d49-4c91-b59d-36d7539047c0,00ace693-ccd3-48e9-8c48-8a71389297d0,1643973224401,13.3985188,52.4723359,6.238111,-0.81321084,0.5229089,1.2568674,on bike mount,cyclo cross,True,paving stones,good
8709a578-7c36-4f62-ac57-925fbd1789fe,44a6f780-6d49-4c91-b59d-36d7539047c0,0f226843-fc99-4d16-86d8-9f1d7ea3924b,1643973224459,13.3985188,52.4723359,6.238111,-2.702383,-0.53338695,-2.3927903,on bike mount,cyclo cross,True,paving stones,good
8709a578-7c36-4f62-ac57-925fbd1789fe,44a6f780-6d49-4c91-b59d-36d7539047c0,469d0ebc-3f01-433c-be0b-bc0273b02702,1643973224512,13.3985188,52.4723359,6.238111,1.3396009,-5.4878845,2.5763102,on bike mount,cyclo cross,True,paving stones,good
8709a578-7c36-4f62-ac57-925fbd1789fe,44a6f780-6d49-4c91-b59d-36d7539047c0,955d233b-60c5-4655-847c-0f7d674510e9,1643973224569,13.3985188,52.4723359,6.238111,-1.8158942,-3.079932,0.06174755,on bike mount,cyclo cross,True,paving stones,good
8709a578-7c36-4f62-ac57-925fbd1789fe,44a6f780-6d49-4c91-b59d-36d7539047c0,e4ec816d-e59e-483b-b6b9-bf2562ca76cc,1643973224625,13.3985188,52.4723359,6.238111,0.12538704,-2.2982311,-1.3622403,on bike mount,cyclo cross,True,paving stones,good
8709a578-7c36-4f62-ac57-925fbd1789fe,44a6f780-6d49-4c91-b59d-36d7539047c0,3ca51318-bd0f-407a-bb35-8f81745b0116,1643973224681,13.3985188,52.4723359,6.238111,2.0187318,0.43627143,-1.5557013,on bike mount,cyclo cross,True,paving stones,good
8709a578-7c36-4f62-ac57-925fbd1789fe,44a6f780-6d49-4c91-b59d-36d7539047c0,5b73990a-c776-46f2-88ed-68838b6fbca4,1643973224736,13.3985188,52.4723359,6.238111,0.62178874,0.25147557,-0.6244459,on bike mount,cyclo cross,True,paving stones,good
8709a578-7c36-4f62-ac57-925fbd1789fe,44a6f780-6d49-4c91-b59d-36d7539047c0,1de5249f-35aa-44ce-9e49-37319f4ca986,1643973224793,13.3986119,52.4723404,6.2504787,0.50635105,4.597232,0.7617378,on bike mount,cyclo cross,True,paving stones,good
8709a578-7c36-4f62-ac57-925fbd1789fe,44a6f780-6d49-4c91-b59d-36d7539047c0,4e1d46c2-c88a-44ea-ae80-9db91b1df077,1643973224846,13.3986119,52.4723404,6.2504787,0.97976255,-0.21558118,-1.156187,on bike mount,cyclo cross,True,paving stones,good
8709a578-7c36-4f62-ac57-925fbd1789fe,44a6f780-6d49-4c91-b59d-36d7539047c0,d39f0c03-e2ed-448d-9011-129a6bace461,1643973224904,13.3986119,52.4723404,6.2504787,-1.2481456,-2.4948745,1.9331007,on bike mount,cyclo cross,True,paving stones,good
8709a578-7c36-4f62-ac57-925fbd1789fe,44a6f780-6d49-4c91-b59d-36d7539047c0,118544c2-18c6-4182-ae0a-48af4dbdb3e4,1643973224958,13.3986119,52.4723404,6.2504787,0.4194188,1.669074,-3.6409178,on bike mount,cyclo cross,True,paving stones,good
8709a578-7c36-4f62-ac57-925fbd1789fe,44a6f780-6d49-4c91-b59d-36d7539047c0,a3e69d8a-123d-4716-9e6d-dea0006dd9db,1643973225014,13.3986119,52.4723404,6.2504787,-1.1952168,-3.862747,1.3882103,on bike mount,cyclo cross,True,paving stones,good
8709a578-7c36-4f62-ac57-925fbd1789fe,44a6f780-6d49-4c91-b59d-36d7539047c0,235f469f-4c37-46a7-b990-6c340c7ebd71,1643973225069,13.3986119,52.4723404,6.2504787,-1.0664366,0.4911871,-3.1085534,on bike mount,cyclo cross,True,paving stones,good
8709a578-7c36-4f62-ac57-925fbd1789fe,44a6f780-6d49-4c91-b59d-36d7539047c0,f81513a4-cb62-41b9-aea5-04f7836178c7,1643973225124,13.3986119,52.4723404,6.2504787,-0.0071881264,-3.2872047,2.2690601,on bike mount,cyclo cross,True,paving stones,good
8709a578-7c36-4f62-ac57-925fbd1789fe,44a6f780-6d49-4c91-b59d-36d7539047c0,4fba4778-5a49-42d7-b775-cd2c93dc5ca1,1643973225180,13.3986119,52.4723404,6.2504787,0.39600506,1.3049242,-0.6093817,on bike mount,cyclo cross,True,paving stones,good
8709a578-7c36-4f62-ac57-925fbd1789fe,44a6f780-6d49-4c91-b59d-36d7539047c0,246a0de3-e588-4568-8c4a-cc90cd2255c8,1643973225235,13.3986119,52.4723404,6.2504787,-0.5348682,-1.0001175,1.9547377,on bike mount,cyclo cross,True,paving stones,good
8709a578-7c36-4f62-ac57-925fbd1789fe,44a6f780-6d49-4c91-b59d-36d7539047c0,8b106a73-454d-4c45-a2eb-8640b7988104,1643973225292,13.3986119,52.4723404,6.2504787,-0.63981354,0.2586646,-2.0123796,on bike mount,cyclo cross,True,paving stones,good
8709a578-7c36-4f62-ac57-925fbd1789fe,44a6f780-6d49-4c91-b59d-36d7539047c0,8b4542ba-3641-4ec5-bc00-aa856290656f,1643973225348,13.3986119,52.4723404,6.2504787,0.7998707,-3.199566,0.12654781,on bike mount,cyclo cross,True,paving stones,good
8709a578-7c36-4f62-ac57-925fbd1789fe,44a6f780-6d49-4c91-b59d-36d7539047c0,29dbb5ba-06e0-497a-916a-b5a8390f8fd7,1643973225402,13.3986119,52.4723404,6.2504787,-0.5375949,-3.747499,-0.52287865,on bike mount,cyclo cross,True,paving stones,good
8709a578-7c36-4f62-ac57-925fbd1789fe,44a6f780-6d49-4c91-b59d-36d7539047c0,74f8600f-1300-400d-bb4c-1bb44d89b2f7,1643973225458,13.3986119,52.4723404,6.2504787,0.35865077,0.1357162,-2.133943,on bike mount,cyclo cross,True,paving stones,good
8709a578-7c36-4f62-ac57-925fbd1789fe,44a6f780-6d49-4c91-b59d-36d7539047c0,1c06c50a-5165-498e-9a46-1d5c763f1b4a,1643973225513,13.3986119,52.4723404,6.2504787,1.0193819,0.985549,-0.372962,on bike mount,cyclo cross,True,paving stones,good
8709a578-7c36-4f62-ac57-925fbd1789fe,44a6f780-6d49-4c91-b59d-36d7539047c0,84664e5b-89ce-45cf-b231-c2df637ab343,1643973225569,13.3986119,52.4723404,6.2504787,-1.9435321,0.53020644,0.2468586,on bike mount,cyclo cross,True,paving stones,good
8709a578-7c36-4f62-ac57-925fbd1789fe,44a6f780-6d49-4c91-b59d-36d7539047c0,449227de-e453-497e-b427-4bb3b9057558,1643973225624,13.3986119,52.4723404,6.2504787,1.5708916,2.5367084,0.16062164,on bike mount,cyclo cross,True,paving stones,good
8709a578-7c36-4f62-ac57-925fbd1789fe,44a6f780-6d49-4c91-b59d-36d7539047c0,47296c6b-e6e8-47f6-bfd2-d499ddaa1068,1643973225681,13.3986119,52.4723404,6.2504787,0.2980979,0.3926673,-2.2754807,on bike mount,cyclo cross,True,paving stones,good
8709a578-7c36-4f62-ac57-925fbd1789fe,44a6f780-6d49-4c91-b59d-36d7539047c0,2489e017-f918-45d6-9774-82502ff43bd3,1643973225736,13.3986119,52.4723404,6.2504787,-0.81934303,-1.3090129,-1.8852267,on bike mount,cyclo cross,True,paving stones,good
8709a578-7c36-4f62-ac57-925fbd1789fe,44a6f780-6d49-4c91-b59d-36d7539047c0,38e0cd3f-9894-4e59-a3a7-9797849d3d60,1643973225794,13.3987043,52.4723451,6.2056217,0.42873973,-0.19413352,3.9814425,on bike mount,cyclo cross,True,paving stones,good
8709a578-7c36-4f62-ac57-925fbd1789fe,44a6f780-6d49-4c91-b59d-36d7539047c0,fc534962-2b5b-4ace-b196-f89329632b2f,1643973225849,13.3987043,52.4723451,6.2056217,-0.17588395,0.1284504,0.0010499954,on bike mount,cyclo cross,True,paving stones,good
8709a578-7c36-4f62-ac57-925fbd1789fe,44a6f780-6d49-4c91-b59d-36d7539047c0,770b345d-b7ee-40b7-8f20-44d45eda49ec,1643973225902,13.3987043,52.4723451,6.2056217,0.20265487,-1.3132926,1.3838148,on bike mount,cyclo cross,True,paving stones,good
8709a578-7c36-4f62-ac57-925fbd1789fe,44a6f780-6d49-4c91-b59d-36d7539047c0,82530984-9e4b-4697-b989-58813683b97b,1643973225957,13.3987043,52.4723451,6.2056217,-0.4099626,-0.63990045,-2.3114686,on bike mount,cyclo cross,True,paving stones,good
8709a578-7c36-4f62-ac57-925fbd1789fe,44a6f780-6d49-4c91-b59d-36d7539047c0,97163987-d396-42bd-bb20-93dc1e225f87,1643973226012,13.3987043,52.4723451,6.2056217,-0.21003097,2.4145455,-2.4852262,on bike mount,cyclo cross,True,paving stones,good
8709a578-7c36-4f62-ac57-925fbd1789fe,44a6f780-6d49-4c91-b59d-36d7539047c0,c0e50bc5-365b-4f3e-8c5a-e876b93e1a19,1643973226071,13.3987043,52.4723451,6.2056217,0.5829209,0.52258515,-2.055542,on bike mount,cyclo cross,True,paving stones,good
8709a578-7c36-4f62-ac57-925fbd1789fe,44a6f780-6d49-4c91-b59d-36d7539047c0,b5b7fe3e-bba6-44b9-8a72-4b334d2a2f5a,1643973226125,13.3987043,52.4723451,6.2056217,-1.592478,1.5926723,1.4975052,on bike mount,cyclo cross,True,paving stones,good
8709a578-7c36-4f62-ac57-925fbd1789fe,44a6f780-6d49-4c91-b59d-36d7539047c0,94d84f64-cf46-4378-b1c8-03c363443e39,1643973226183,13.3987043,52.4723451,6.2056217,1.5237551,-0.50241137,-0.31337166,on bike mount,cyclo cross,True,paving stones,good
8709a578-7c36-4f62-ac57-925fbd1789fe,44a6f780-6d49-4c91-b59d-36d7539047c0,f5c7e08a-d6b3-4333-8943-67e9565c1183,1643973226235,13.3987043,52.4723451,6.2056217,-0.56304026,-2.0087223,-1.5305405,on bike mount,cyclo cross,True,paving stones,good
8709a578-7c36-4f62-ac57-925fbd1789fe,44a6f780-6d49-4c91-b59d-36d7539047c0,28bfac5d-cb9d-4374-bd2f-b8a57f965254,1643973226291,13.3987043,52.4723451,6.2056217,0.08888242,-2.6606717,-3.355668,on bike mount,cyclo cross,True,paving stones,good
8709a578-7c36-4f62-ac57-925fbd1789fe,44a6f780-6d49-4c91-b59d-36d7539047c0,c56808a5-fae2-44e6-bc1f-79188ffc3080,1643973226347,13.3987043,52.4723451,6.2056217,2.784469,1.7678294,0.36997414,on bike mount,cyclo cross,True,paving stones,good
8709a578-7c36-4f62-ac57-925fbd1789fe,44a6f780-6d49-4c91-b59d-36d7539047c0,8083e491-5c4d-4aa7-95c9-b973c4661278,1643973226401,13.3987043,52.4723451,6.2056217,-2.5484288,2.205214,-2.0552487,on bike mount,cyclo cross,True,paving stones,good
8709a578-7c36-4f62-ac57-925fbd1789fe,44a6f780-6d49-4c91-b59d-36d7539047c0,9e143689-2122-4390-b4dd-b66a3e38a663,1643973226457,13.3987043,52.4723451,6.2056217,-0.053590566,1.5575991,-5.6368074,on bike mount,cyclo cross,True,paving stones,good
8709a578-7c36-4f62-ac57-925fbd1789fe,44a6f780-6d49-4c91-b59d-36d7539047c0,6043e8c6-14e0-4929-a0ea-10410abbbb21,1643973226514,13.3987043,52.4723451,6.2056217,0.11504355,8.623041,-4.215468,on bike mount,cyclo cross,True,paving stones,good
8709a578-7c36-4f62-ac57-925fbd1789fe,44a6f780-6d49-4c91-b59d-36d7539047c0,5cca5777-7baf-4b70-a4f8-95aba9610aea,1643973226569,13.3987043,52.4723451,6.2056217,-0.16225362,-6.717761,-1.5715699,on bike mount,cyclo cross,True,paving stones,good
8709a578-7c36-4f62-ac57-925fbd1789fe,44a6f780-6d49-4c91-b59d-36d7539047c0,b690f99d-9e04-4c25-bbc4-7bc34bc9c29f,1643973226625,13.3987043,52.4723451,6.2056217,1.5811493,-1.6924093,-1.9760313,on bike mount,cyclo cross,True,paving stones,good
8709a578-7c36-4f62-ac57-925fbd1789fe,44a6f780-6d49-4c91-b59d-36d7539047c0,10e2d3bb-1c57-474f-bd8c-82ef1a2d30cd,1643973226680,13.3987043,52.4723451,6.2056217,1.3495364,-6.675803,2.1234255,on bike mount,cyclo cross,True,paving stones,good
8709a578-7c36-4f62-ac57-925fbd1789fe,44a6f780-6d49-4c91-b59d-36d7539047c0,8934d866-26bc-4344-a578-5660eb77aaff,1643973226735,13.3987043,52.4723451,6.2056217,-3.227034,0.66645384,-0.70469093,on bike mount,cyclo cross,True,paving stones,good
8709a578-7c36-4f62-ac57-925fbd1789fe,44a6f780-6d49-4c91-b59d-36d7539047c0,82539f25-65dd-42b0-a0d3-6f350900a580,1643973226794,13.3987952,52.4723504,6.161708,1.7469968,-0.38858366,5.1310005,on bike mount,cyclo cross,True,paving stones,good
8709a578-7c36-4f62-ac57-925fbd1789fe,44a6f780-6d49-4c91-b59d-36d7539047c0,9e04c201-68c9-494f-b6ae-101194b16521,1643973226846,13.3987952,52.4723504,6.161708,0.53428197,5.1850433,-2.0967174,on bike mount,cyclo cross,True,paving stones,good
8709a578-7c36-4f62-ac57-925fbd1789fe,44a6f780-6d49-4c91-b59d-36d7539047c0,42c01cf7-c763-45b1-859e-b5c69f924b52,1643973226903,13.3987952,52.4723504,6.161708,-1.5818237,-1.1267464,0.58845997,on bike mount,cyclo cross,True,paving stones,good
8709a578-7c36-4f62-ac57-925fbd1789fe,44a6f780-6d49-4c91-b59d-36d7539047c0,b8b9fbe5-fa01-45f0-8186-949d6bca2c39,1643973226961,13.3987952,52.4723504,6.161708,0.69675326,3.386753,-3.670673,on bike mount,cyclo cross,True,paving stones,good
8709a578-7c36-4f62-ac57-925fbd1789fe,44a6f780-6d49-4c91-b59d-36d7539047c0,8b572971-b5ea-4398-af1e-70dc2541873a,1643973227014,13.3987952,52.4723504,6.161708,-0.021851093,2.41474,4.587551,on bike mount,cyclo cross,True,paving stones,good
8709a578-7c36-4f62-ac57-925fbd1789fe,44a6f780-6d49-4c91-b59d-36d7539047c0,17685c90-fe58-4520-b457-fe79f390a407,1643973227070,13.3987952,52.4723504,6.161708,-0.39569128,-2.6553109,-3.0700045,on bike mount,cyclo cross,True,paving stones,good
8709a578-7c36-4f62-ac57-925fbd1789fe,44a6f780-6d49-4c91-b59d-36d7539047c0,e2a8b502-9073-453d-ba58-e693a539abaf,1643973227126,13.3987952,52.4723504,6.161708,0.09126833,-2.5941494,1.6797266,on bike mount,cyclo cross,True,paving stones,good
8709a578-7c36-4f62-ac57-925fbd1789fe,44a6f780-6d49-4c91-b59d-36d7539047c0,463f2d68-046c-460a-8351-0c6aac87d10a,1643973227179,13.3987952,52.4723504,6.161708,0.18213236,-0.112993956,-3.9623864,on bike mount,cyclo cross,True,paving stones,good
8709a578-7c36-4f62-ac57-925fbd1789fe,44a6f780-6d49-4c91-b59d-36d7539047c0,58ade687-fbef-4a36-9056-664597bc6f3b,1643973227235,13.3987952,52.4723504,6.161708,0.5842747,0.21621108,3.4889393,on bike mount,cyclo cross,True,paving stones,good
8709a578-7c36-4f62-ac57-925fbd1789fe,44a6f780-6d49-4c91-b59d-36d7539047c0,30cbe51b-3e71-414d-836f-cfa6216d5173,1643973227291,13.3987952,52.4723504,6.161708,-1.140959,-0.18792868,-0.677474,on bike mount,cyclo cross,True,paving stones,good
8709a578-7c36-4f62-ac57-925fbd1789fe,44a6f780-6d49-4c91-b59d-36d7539047c0,2f7f4889-9e18-4bd5-80ee-cdd1f4a8f72c,1643973227347,13.3987952,52.4723504,6.161708,1.0344682,-1.2132022,-4.488549,on bike mount,cyclo cross,True,paving stones,good
8709a578-7c36-4f62-ac57-925fbd1789fe,44a6f780-6d49-4c91-b59d-36d7539047c0,c81238b3-c13b-4b8b-a62c-e0d54caf350f,1643973227402,13.3987952,52.4723504,6.161708,0.075334325,-2.277929,4.5874195,on bike mount,cyclo cross,True,paving stones,good
8709a578-7c36-4f62-ac57-925fbd1789fe,44a6f780-6d49-4c91-b59d-36d7539047c0,9210492d-e7fa-48ff-846c-2f8d7e669e29,1643973227458,13.3987952,52.4723504,6.161708,0.8409263,-0.9255121,-1.3999763,on bike mount,cyclo cross,True,paving stones,good
8709a578-7c36-4f62-ac57-925fbd1789fe,44a6f780-6d49-4c91-b59d-36d7539047c0,c9ff3122-23dc-4bb1-a921-41125f9fc8f9,1643973227513,13.3987952,52.4723504,6.161708,-1.5255985,3.0292268,-0.417037,on bike mount,cyclo cross,True,paving stones,good
8709a578-7c36-4f62-ac57-925fbd1789fe,44a6f780-6d49-4c91-b59d-36d7539047c0,d29be92e-c421-41ef-be8c-ac262c29be2d,1643973227569,13.3987952,52.4723504,6.161708,0.9457309,-1.5175095,-0.3855896,on bike mount,cyclo cross,True,paving stones,good
8709a578-7c36-4f62-ac57-925fbd1789fe,44a6f780-6d49-4c91-b59d-36d7539047c0,6558286b-e66f-47aa-a58a-954dcdc7c5c6,1643973227625,13.3987952,52.4723504,6.161708,0.7582552,-1.2888849,1.1505518,on bike mount,cyclo cross,True,paving stones,good
8709a578-7c36-4f62-ac57-925fbd1789fe,44a6f780-6d49-4c91-b59d-36d7539047c0,6b4f8673-0411-49dd-a199-9968aabb8053,1643973227681,13.3987952,52.4723504,6.161708,0.11546017,-0.109167576,2.597559,on bike mount,cyclo cross,True,paving stones,good
8709a578-7c36-4f62-ac57-925fbd1789fe,44a6f780-6d49-4c91-b59d-36d7539047c0,0325f60d-5f9a-4e01-adbe-8c164c878545,1643973227736,13.3987952,52.4723504,6.161708,-0.5886603,4.5048018,0.37835598,on bike mount,cyclo cross,True,paving stones,good
8709a578-7c36-4f62-ac57-925fbd1789fe,44a6f780-6d49-4c91-b59d-36d7539047c0,5c36d471-bdb7-436a-bd77-2ca17466f11c,1643973227793,13.3988856,52.4723549,6.1833487,0.30288452,-6.3831296,1.8307648,on bike mount,cyclo cross,True,paving stones,good
8709a578-7c36-4f62-ac57-925fbd1789fe,44a6f780-6d49-4c91-b59d-36d7539047c0,7ac62f9c-c37d-4f65-9626-eb46308f7ec8,1643973227847,13.3988856,52.4723549,6.1833487,0.55522645,0.7694676,-1.5509524,on bike mount,cyclo cross,True,paving stones,good
8709a578-7c36-4f62-ac57-925fbd1789fe,44a6f780-6d49-4c91-b59d-36d7539047c0,3d851783-9e7b-4d3c-a5e6-a3c0d7361617,1643973227902,13.3988856,52.4723549,6.1833487,-0.7748873,-0.26325464,3.019765,on bike mount,cyclo cross,True,paving stones,good
8709a578-7c36-4f62-ac57-925fbd1789fe,44a6f780-6d49-4c91-b59d-36d7539047c0,f1cd7347-ce63-47e4-b812-753956debeb0,1643973227959,13.3988856,52.4723549,6.1833487,1.3407367,-1.1059914,1.0874987,on bike mount,cyclo cross,True,paving stones,good
8709a578-7c36-4f62-ac57-925fbd1789fe,44a6f780-6d49-4c91-b59d-36d7539047c0,549d9b23-4b29-4561-9bae-df0b98f9706a,1643973228016,13.3988856,52.4723549,6.1833487,0.17723614,-3.7403693,-2.2933226,on bike mount,cyclo cross,True,paving stones,good
8709a578-7c36-4f62-ac57-925fbd1789fe,44a6f780-6d49-4c91-b59d-36d7539047c0,d5c2d5f6-45ba-4108-85c5-bbbc415fd3fb,1643973228070,13.3988856,52.4723549,6.1833487,1.3174397,4.8134294,-2.5199332,on bike mount,cyclo cross,True,paving stones,good
8709a578-7c36-4f62-ac57-925fbd1789fe,44a6f780-6d49-4c91-b59d-36d7539047c0,48700e63-7994-4276-8402-6c8a3323ec78,1643973228125,13.3988856,52.4723549,6.1833487,-0.8862816,2.612599,3.2760868,on bike mount,cyclo cross,True,paving stones,good
8709a578-7c36-4f62-ac57-925fbd1789fe,44a6f780-6d49-4c91-b59d-36d7539047c0,2b0d8454-5853-478f-9397-b1fe746f590b,1643973228180,13.3988856,52.4723549,6.1833487,0.09863657,1.196733,1.7379131,on bike mount,cyclo cross,True,paving stones,good
8709a578-7c36-4f62-ac57-925fbd1789fe,44a6f780-6d49-4c91-b59d-36d7539047c0,d9dd47d8-a312-4482-9dc9-2c579eb8f50b,1643973228238,13.3988856,52.4723549,6.1833487,-0.3337574,-3.8034267,-0.016580582,on bike mount,cyclo cross,True,paving stones,good
8709a578-7c36-4f62-ac57-925fbd1789fe,44a6f780-6d49-4c91-b59d-36d7539047c0,d3669360-29a3-4f91-b3be-4ff0546c0103,1643973228291,13.3988856,52.4723549,6.1833487,-1.8629773,-0.46152568,-4.9637623,on bike mount,cyclo cross,True,paving stones,good
8709a578-7c36-4f62-ac57-925fbd1789fe,44a6f780-6d49-4c91-b59d-36d7539047c0,42851436-0149-4702-993a-b7ae7808c0ab,1643973228350,13.3988856,52.4723549,6.1833487,-0.4630561,-0.8475728,0.9782095,on bike mount,cyclo cross,True,paving stones,good
8709a578-7c36-4f62-ac57-925fbd1789fe,44a6f780-6d49-4c91-b59d-36d7539047c0,58c4bc30-59e7-40ea-b2c6-109bb4e7db81,1643973228404,13.3988856,52.4723549,6.1833487,0.75742143,0.2234528,-4.0587845,on bike mount,cyclo cross,True,paving stones,good
8709a578-7c36-4f62-ac57-925fbd1789fe,44a6f780-6d49-4c91-b59d-36d7539047c0,76ae22b1-5183-4351-8da1-4689f34c28bf,1643973228459,13.3988856,52.4723549,6.1833487,-0.27793533,-0.90084004,-1.685422,on bike mount,cyclo cross,True,paving stones,good
8709a578-7c36-4f62-ac57-925fbd1789fe,44a6f780-6d49-4c91-b59d-36d7539047c0,0bc17f4f-b21a-4b66-a219-f6c02d93e6be,1643973228514,13.3988856,52.4723549,6.1833487,-1.5872111,1.7551665,-8.145216,on bike mount,cyclo cross,True,paving stones,good
8709a578-7c36-4f62-ac57-925fbd1789fe,44a6f780-6d49-4c91-b59d-36d7539047c0,9b9c1cc6-df5c-4c13-b259-ac0b2cc46986,1643973228570,13.3988856,52.4723549,6.1833487,0.83774394,0.5141301,2.3442783,on bike mount,cyclo cross,True,paving stones,good
8709a578-7c36-4f62-ac57-925fbd1789fe,44a6f780-6d49-4c91-b59d-36d7539047c0,00f92786-40dc-4e0d-8ffe-245578f2e1e8,1643973228625,13.3988856,52.4723549,6.1833487,-0.1916441,-1.5936873,1.9094343,on bike mount,cyclo cross,True,paving stones,good
8709a578-7c36-4f62-ac57-925fbd1789fe,44a6f780-6d49-4c91-b59d-36d7539047c0,5d6b0ca6-ff2a-4d75-bf7e-dc55a1aca6b8,1643973228680,13.3988856,52.4723549,6.1833487,-0.63929886,-1.2022433,-0.4393921,on bike mount,cyclo cross,True,paving stones,good
8709a578-7c36-4f62-ac57-925fbd1789fe,44a6f780-6d49-4c91-b59d-36d7539047c0,cf3ccaa1-b10f-4361-a472-7698aabcf53e,1643973228737,13.3988856,52.4723549,6.1833487,0.06782466,-0.4125867,4.273486,on bike mount,cyclo cross,True,paving stones,good
8709a578-7c36-4f62-ac57-925fbd1789fe,44a6f780-6d49-4c91-b59d-36d7539047c0,14e50ea4-1539-454d-a1bd-0bf713ec20a1,1643973228794,13.398977,52.4723571,6.335397,0.3506739,0.9275594,0.4948492,on bike mount,cyclo cross,True,paving stones,good
8709a578-7c36-4f62-ac57-925fbd1789fe,44a6f780-6d49-4c91-b59d-36d7539047c0,0a52f3c2-30fe-4225-b850-77f16ad13a16,1643973228848,13.398977,52.4723571,6.335397,-1.6848823,2.9709096,-2.712916,on bike mount,cyclo cross,True,paving stones,good
8709a578-7c36-4f62-ac57-925fbd1789fe,44a6f780-6d49-4c91-b59d-36d7539047c0,163310d2-01aa-4fc7-9e0b-56ab7924d896,1643973228903,13.398977,52.4723571,6.335397,0.64417326,0.28901434,-0.10474968,on bike mount,cyclo cross,True,paving stones,good
8709a578-7c36-4f62-ac57-925fbd1789fe,44a6f780-6d49-4c91-b59d-36d7539047c0,3dd9c7e6-2ee4-4678-9155-a23e87ef0563,1643973228959,13.398977,52.4723571,6.335397,0.25725555,-2.424806,3.6773396,on bike mount,cyclo cross,True,paving stones,good
8709a578-7c36-4f62-ac57-925fbd1789fe,44a6f780-6d49-4c91-b59d-36d7539047c0,eb6e593d-af3b-446a-be05-bb6b458ee72b,1643973229015,13.398977,52.4723571,6.335397,-0.3469721,-0.60999227,1.9291296,on bike mount,cyclo cross,True,paving stones,good
8709a578-7c36-4f62-ac57-925fbd1789fe,44a6f780-6d49-4c91-b59d-36d7539047c0,eb3dea7f-1ee6-4c00-b061-218c1d1d9a0b,1643973229070,13.398977,52.4723571,6.335397,1.3745737,-0.0059509277,1.2654705,on bike mount,cyclo cross,True,paving stones,good
8709a578-7c36-4f62-ac57-925fbd1789fe,44a6f780-6d49-4c91-b59d-36d7539047c0,440e52f2-869e-45ec-863d-fb17303d3af1,1643973229126,13.398977,52.4723571,6.335397,0.20735867,-3.1735494,1.6975021,on bike mount,cyclo cross,True,paving stones,good
8709a578-7c36-4f62-ac57-925fbd1789fe,44a6f780-6d49-4c91-b59d-36d7539047c0,1420c2b7-f6be-4a93-85d0-ac70d2bb5976,1643973229181,13.398977,52.4723571,6.335397,-0.52616805,0.7930126,-4.840193,on bike mount,cyclo cross,True,paving stones,good
8709a578-7c36-4f62-ac57-925fbd1789fe,44a6f780-6d49-4c91-b59d-36d7539047c0,960e81e9-3a8f-4578-944e-e1e4e112927c,1643973229238,13.398977,52.4723571,6.335397,-0.1909163,-2.1468291,1.1494122,on bike mount,cyclo cross,True,paving stones,good
8709a578-7c36-4f62-ac57-925fbd1789fe,44a6f780-6d49-4c91-b59d-36d7539047c0,94a399ef-0b11-4a0d-a8ca-0f070e2e438a,1643973229292,13.398977,52.4723571,6.335397,1.3459266,0.7790315,-0.798501,on bike mount,cyclo cross,True,paving stones,good
8709a578-7c36-4f62-ac57-925fbd1789fe,44a6f780-6d49-4c91-b59d-36d7539047c0,9538cbb2-9aa6-4952-b2a7-4064fd76ce4d,1643973229347,13.398977,52.4723571,6.335397,-0.015903939,0.123584986,0.14533997,on bike mount,cyclo cross,True,paving stones,good
8709a578-7c36-4f62-ac57-925fbd1789fe,44a6f780-6d49-4c91-b59d-36d7539047c0,4711c9c7-6ea6-4977-a9f0-769d9817e895,1643973229403,13.398977,52.4723571,6.335397,-0.50990355,-1.7087259,-2.03154,on bike mount,cyclo cross,True,paving stones,good
8709a578-7c36-4f62-ac57-925fbd1789fe,44a6f780-6d49-4c91-b59d-36d7539047c0,8be0f891-8290-40da-9aba-eb8ffc3c1529,1643973229459,13.398977,52.4723571,6.335397,2.0261126,-1.1548831,-1.8507814,on bike mount,cyclo cross,True,paving stones,good
8709a578-7c36-4f62-ac57-925fbd1789fe,44a6f780-6d49-4c91-b59d-36d7539047c0,a871ac80-34a9-47ed-86a6-a832ac73bc4e,1643973229514,13.398977,52.4723571,6.335397,-0.6062947,-3.1244302,8.914919,on bike mount,cyclo cross,True,paving stones,good
8709a578-7c36-4f62-ac57-925fbd1789fe,44a6f780-6d49-4c91-b59d-36d7539047c0,edd7fb18-b9e6-4c38-a7fd-e1cf20309721,1643973229571,13.398977,52.4723571,6.335397,-0.6791934,-2.0579846,0.984663,on bike mount,cyclo cross,True,paving stones,good
8709a578-7c36-4f62-ac57-925fbd1789fe,44a6f780-6d49-4c91-b59d-36d7539047c0,d6b333ff-4705-4c54-bd8a-34a7c2d09fc9,1643973229626,13.398977,52.4723571,6.335397,3.321728,-0.6354568,-1.1644387,on bike mount,cyclo cross,True,paving stones,good
8709a578-7c36-4f62-ac57-925fbd1789fe,44a6f780-6d49-4c91-b59d-36d7539047c0,69f863fc-04bf-43a5-9dbb-b8c415a9fb4a,1643973229681,13.398977,52.4723571,6.335397,-5.9398227,7.4385242,0.83941364,on bike mount,cyclo cross,True,paving stones,good
8709a578-7c36-4f62-ac57-925fbd1789fe,44a6f780-6d49-4c91-b59d-36d7539047c0,a147cffa-3349-4abe-86fd-a3982bbbb798,1643973229738,13.398977,52.4723571,6.335397,-0.4088307,-3.6752698,9.776334,on bike mount,cyclo cross,True,paving stones,good
8709a578-7c36-4f62-ac57-925fbd1789fe,44a6f780-6d49-4c91-b59d-36d7539047c0,7c934683-d37b-4be2-aabd-acd973bdf903,1643973229795,13.3990712,52.4723584,6.293173,0.8864223,-2.3413422,2.5791807,on bike mount,cyclo cross,True,paving stones,good
8709a578-7c36-4f62-ac57-925fbd1789fe,44a6f780-6d49-4c91-b59d-36d7539047c0,edb43fd1-6002-4a6b-ab9f-74ba10ca8f94,1643973229848,13.3990712,52.4723584,6.293173,-0.1686325,-3.0688038,1.0126038,on bike mount,cyclo cross,True,paving stones,good
8709a578-7c36-4f62-ac57-925fbd1789fe,44a6f780-6d49-4c91-b59d-36d7539047c0,9cdd2a02-ceca-43ae-a9de-28ef2cbe4e4c,1643973229904,13.3990712,52.4723584,6.293173,1.061755,-1.1801232,1.2606544,on bike mount,cyclo cross,True,paving stones,good
8709a578-7c36-4f62-ac57-925fbd1789fe,44a6f780-6d49-4c91-b59d-36d7539047c0,9c6a5c97-2799-4bd4-bd98-5f63fd62c82f,1643973229959,13.3990712,52.4723584,6.293173,0.7748072,1.6597624,-3.2414672,on bike mount,cyclo cross,True,paving stones,good
8709a578-7c36-4f62-ac57-925fbd1789fe,44a6f780-6d49-4c91-b59d-36d7539047c0,de1e0e79-2308-4a14-975a-b5abc5cc9c14,1643973230015,13.3990712,52.4723584,6.293173,1.5470651,-1.1191137,4.3686075,on bike mount,cyclo cross,True,paving stones,good
8709a578-7c36-4f62-ac57-925fbd1789fe,44a6f780-6d49-4c91-b59d-36d7539047c0,148d19b2-38fa-491b-83b0-19d46771541a,1643973230071,13.3990712,52.4723584,6.293173,0.33235455,0.47786427,-2.0927696,on bike mount,cyclo cross,True,paving stones,good
8709a578-7c36-4f62-ac57-925fbd1789fe,44a6f780-6d49-4c91-b59d-36d7539047c0,751567f9-bff5-4742-96b8-94a68b45302d,1643973230128,13.3990712,52.4723584,6.293173,1.8203762,-1.1751884,2.8136692,on bike mount,cyclo cross,True,paving stones,good
8709a578-7c36-4f62-ac57-925fbd1789fe,44a6f780-6d49-4c91-b59d-36d7539047c0,ace10704-1da0-423d-988b-0dda1cd7279d,1643973230182,13.3990712,52.4723584,6.293173,-0.08361548,1.3706665,0.2512951,on bike mount,cyclo cross,True,paving stones,good
8709a578-7c36-4f62-ac57-925fbd1789fe,44a6f780-6d49-4c91-b59d-36d7539047c0,70b7f87a-5c29-4a2d-9ac2-18d115ecc2ef,1643973230237,13.3990712,52.4723584,6.293173,-0.24383837,-2.9726067,3.300314,on bike mount,cyclo cross,True,paving stones,good
8709a578-7c36-4f62-ac57-925fbd1789fe,44a6f780-6d49-4c91-b59d-36d7539047c0,46c3592c-8e4f-4819-8cf1-20e4607ec380,1643973230292,13.3990712,52.4723584,6.293173,-0.15727532,-0.12101507,0.054468155,on bike mount,cyclo cross,True,paving stones,good
8709a578-7c36-4f62-ac57-925fbd1789fe,44a6f780-6d49-4c91-b59d-36d7539047c0,0513699c-6e7d-4668-8a04-206675ea5d17,1643973230347,13.3990712,52.4723584,6.293173,-1.362484,-2.9704425,6.5261126,on bike mount,cyclo cross,True,paving stones,good
8709a578-7c36-4f62-ac57-925fbd1789fe,44a6f780-6d49-4c91-b59d-36d7539047c0,d77363a2-43aa-4b40-80cc-dc127bec760d,1643973230404,13.3990712,52.4723584,6.293173,1.2152069,0.5079098,-9.199001,on bike mount,cyclo cross,True,paving stones,good
8709a578-7c36-4f62-ac57-925fbd1789fe,44a6f780-6d49-4c91-b59d-36d7539047c0,0ae64ceb-c28d-4f32-90fc-1c1355edbe84,1643973230460,13.3990712,52.4723584,6.293173,0.43935612,0.36293364,0.62446976,on bike mount,cyclo cross,True,paving stones,good
8709a578-7c36-4f62-ac57-925fbd1789fe,44a6f780-6d49-4c91-b59d-36d7539047c0,a88bdea5-1e13-40d6-8629-08792c5b0cc0,1643973230515,13.3990712,52.4723584,6.293173,-0.5856117,0.7873068,3.0625334,on bike mount,cyclo cross,True,paving stones,good
8709a578-7c36-4f62-ac57-925fbd1789fe,44a6f780-6d49-4c91-b59d-36d7539047c0,65c83d6e-0a3a-4b72-9f41-2d5c45be8604,1643973230570,13.3990712,52.4723584,6.293173,0.4597285,-0.06729603,-0.8229437,on bike mount,cyclo cross,True,paving stones,good
8709a578-7c36-4f62-ac57-925fbd1789fe,44a6f780-6d49-4c91-b59d-36d7539047c0,07bb8d1f-a1cf-4136-8f0f-1c9556500946,1643973230626,13.3990712,52.4723584,6.293173,-0.2737376,0.5039253,-0.35703182,on bike mount,cyclo cross,True,paving stones,good
8709a578-7c36-4f62-ac57-925fbd1789fe,44a6f780-6d49-4c91-b59d-36d7539047c0,0d5866d6-83a5-4c3a-a312-89ba0d1f061d,1643973230682,13.3990712,52.4723584,6.293173,0.014740646,-2.3940969,2.161088,on bike mount,cyclo cross,True,paving stones,good
8709a578-7c36-4f62-ac57-925fbd1789fe,44a6f780-6d49-4c91-b59d-36d7539047c0,45e41c38-845e-4636-9b8c-04b1a8b7f2f6,1643973230738,13.3990712,52.4723584,6.293173,-0.38105372,-0.7458794,-0.44317722,on bike mount,cyclo cross,True,paving stones,good
8709a578-7c36-4f62-ac57-925fbd1789fe,44a6f780-6d49-4c91-b59d-36d7539047c0,b5ed63b7-1b21-4f76-93c6-f1517303d6e6,1643973230797,13.3991644,52.4723598,6.3005047,-0.4841907,0.796046,-1.8325062,on bike mount,cyclo cross,True,paving stones,good
8709a578-7c36-4f62-ac57-925fbd1789fe,44a6f780-6d49-4c91-b59d-36d7539047c0,8f8875ff-20bd-4805-919a-1879597f764e,1643973230847,13.3991644,52.4723598,6.3005047,-0.31105322,-0.70842636,0.8979759,on bike mount,cyclo cross,True,paving stones,good
8709a578-7c36-4f62-ac57-925fbd1789fe,44a6f780-6d49-4c91-b59d-36d7539047c0,e0f7725f-8f27-4ad1-a9b4-04d70b53f820,1643973230904,13.3991644,52.4723598,6.3005047,0.7626901,-1.315833,-0.63815975,on bike mount,cyclo cross,True,paving stones,good
8709a578-7c36-4f62-ac57-925fbd1789fe,44a6f780-6d49-4c91-b59d-36d7539047c0,7abd83e5-e4e7-42fb-a6a9-7a629d0c1c41,1643973230960,13.3991644,52.4723598,6.3005047,-2.0301425,2.1323595,-2.7054648,on bike mount,cyclo cross,True,paving stones,good
8709a578-7c36-4f62-ac57-925fbd1789fe,44a6f780-6d49-4c91-b59d-36d7539047c0,b661569c-325a-4715-8774-e15cd4287993,1643973231015,13.3991644,52.4723598,6.3005047,-0.56402224,-2.3354306,1.4806337,on bike mount,cyclo cross,True,paving stones,good
8709a578-7c36-4f62-ac57-925fbd1789fe,44a6f780-6d49-4c91-b59d-36d7539047c0,8aa931d9-8a0f-48bb-a55b-b8579dd7093d,1643973231070,13.3991644,52.4723598,6.3005047,0.58775556,-2.2430036,-0.3340969,on bike mount,cyclo cross,True,paving stones,good
8709a578-7c36-4f62-ac57-925fbd1789fe,44a6f780-6d49-4c91-b59d-36d7539047c0,f8534970-6aee-4366-8880-069d99f8ac82,1643973231126,13.3991644,52.4723598,6.3005047,-1.9611303,-3.3908374,2.3166914,on bike mount,cyclo cross,True,paving stones,good
8709a578-7c36-4f62-ac57-925fbd1789fe,44a6f780-6d49-4c91-b59d-36d7539047c0,58bfb6cf-f3ee-4565-8f70-058d59d1d5c3,1643973231181,13.3991644,52.4723598,6.3005047,-0.80057675,0.6085763,-0.06524563,on bike mount,cyclo cross,True,paving stones,good
8709a578-7c36-4f62-ac57-925fbd1789fe,44a6f780-6d49-4c91-b59d-36d7539047c0,c9bee2a0-ac24-4772-a500-d7495f24cf83,1643973231237,13.3991644,52.4723598,6.3005047,-0.5704132,-1.7299569,7.060748,on bike mount,cyclo cross,True,paving stones,good
8709a578-7c36-4f62-ac57-925fbd1789fe,44a6f780-6d49-4c91-b59d-36d7539047c0,bff7ea5c-4e56-4b78-96d7-55e05070c459,1643973231295,13.3991644,52.4723598,6.3005047,0.26707563,4.1616344,-8.13899,on bike mount,cyclo cross,True,paving stones,good
8709a578-7c36-4f62-ac57-925fbd1789fe,44a6f780-6d49-4c91-b59d-36d7539047c0,5cce3d7d-dcad-4c5b-8619-3a2785dd5c93,1643973231349,13.3991644,52.4723598,6.3005047,-0.29176176,-0.96256566,-1.8023334,on bike mount,cyclo cross,True,paving stones,good
8709a578-7c36-4f62-ac57-925fbd1789fe,44a6f780-6d49-4c91-b59d-36d7539047c0,e72f7648-1d84-4745-bab5-73632807e34a,1643973231405,13.3991644,52.4723598,6.3005047,0.6452953,5.445321,-4.0075164,on bike mount,cyclo cross,True,paving stones,good
8709a578-7c36-4f62-ac57-925fbd1789fe,44a6f780-6d49-4c91-b59d-36d7539047c0,fc34e022-e9af-43a9-91ca-a9dbf3857b43,1643973231459,13.3991644,52.4723598,6.3005047,0.9231455,0.74577045,-0.5597935,on bike mount,cyclo cross,True,paving stones,good
8709a578-7c36-4f62-ac57-925fbd1789fe,44a6f780-6d49-4c91-b59d-36d7539047c0,c86fb087-db69-4520-8e0b-9ab9390a0175,1643973231514,13.3991644,52.4723598,6.3005047,-0.7051978,-1.0794554,1.0056696,on bike mount,cyclo cross,True,paving stones,good
8709a578-7c36-4f62-ac57-925fbd1789fe,44a6f780-6d49-4c91-b59d-36d7539047c0,c506d1ac-94ea-4e37-b8ee-b7df3a180a85,1643973231570,13.3991644,52.4723598,6.3005047,-0.6299318,-1.4736636,2.6361074,on bike mount,cyclo cross,True,paving stones,good
8709a578-7c36-4f62-ac57-925fbd1789fe,44a6f780-6d49-4c91-b59d-36d7539047c0,a28e36e1-309c-40cf-a505-713f5a0ff19b,1643973231627,13.3991644,52.4723598,6.3005047,-0.73895323,3.2895222,-2.8196473,on bike mount,cyclo cross,True,paving stones,good
8709a578-7c36-4f62-ac57-925fbd1789fe,44a6f780-6d49-4c91-b59d-36d7539047c0,ce9fee0f-ed23-4bf6-b0d7-2d03dbde4d11,1643973231683,13.3991644,52.4723598,6.3005047,1.2269325,-1.2618077,-2.4701724,on bike mount,cyclo cross,True,paving stones,good
8709a578-7c36-4f62-ac57-925fbd1789fe,44a6f780-6d49-4c91-b59d-36d7539047c0,f58d4acd-c5f7-419f-8ffe-4f64320d1da7,1643973231737,13.3991644,52.4723598,6.3005047,-1.1626353,2.4655395,-4.924863,on bike mount,cyclo cross,True,paving stones,good
8709a578-7c36-4f62-ac57-925fbd1789fe,44a6f780-6d49-4c91-b59d-36d7539047c0,1e1de5d9-70bc-482e-b76d-f7c25dd79cec,1643973231793,13.3992576,52.4723631,6.317587,-3.1827962,3.683011,-0.42666817,on bike mount,cyclo cross,True,paving stones,good
8709a578-7c36-4f62-ac57-925fbd1789fe,44a6f780-6d49-4c91-b59d-36d7539047c0,ea867182-8e26-45dd-8a39-3ade37f3069c,1643973231849,13.3992576,52.4723631,6.317587,1.0589575,0.31753635,-1.9619532,on bike mount,cyclo cross,True,paving stones,good
8709a578-7c36-4f62-ac57-925fbd1789fe,44a6f780-6d49-4c91-b59d-36d7539047c0,79363c1c-05ca-4dda-99ef-085e3aeaf83b,1643973231905,13.3992576,52.4723631,6.317587,-1.1900878,-0.964146,0.1645031,on bike mount,cyclo cross,True,paving stones,good
8709a578-7c36-4f62-ac57-925fbd1789fe,44a6f780-6d49-4c91-b59d-36d7539047c0,3a1c559b-f86a-47df-9740-8199224844da,1643973231960,13.3992576,52.4723631,6.317587,-0.20332873,-0.38525295,1.8814068,on bike mount,cyclo cross,True,paving stones,good
8709a578-7c36-4f62-ac57-925fbd1789fe,44a6f780-6d49-4c91-b59d-36d7539047c0,81786a4e-8410-4797-bce8-279c0c85673d,1643973232014,13.3992576,52.4723631,6.317587,2.2282367,-2.031751,1.4797344,on bike mount,cyclo cross,True,paving stones,good
8709a578-7c36-4f62-ac57-925fbd1789fe,44a6f780-6d49-4c91-b59d-36d7539047c0,fc50da0a-1967-4073-9ca9-7231986e469f,1643973232071,13.3992576,52.4723631,6.317587,-0.85792196,4.6305046,-1.452138,on bike mount,cyclo cross,True,paving stones,good
8709a578-7c36-4f62-ac57-925fbd1789fe,44a6f780-6d49-4c91-b59d-36d7539047c0,5b686e1e-fdb1-45b9-93da-b7f6f154f0ac,1643973232126,13.3992576,52.4723631,6.317587,-0.085660785,-3.787404,3.997366,on bike mount,cyclo cross,True,paving stones,good
8709a578-7c36-4f62-ac57-925fbd1789fe,44a6f780-6d49-4c91-b59d-36d7539047c0,2ac9bdbd-c36f-4000-808d-23c5849590c5,1643973232184,13.3992576,52.4723631,6.317587,1.5480739,2.1978612,-7.4672337,on bike mount,cyclo cross,True,paving stones,good
8709a578-7c36-4f62-ac57-925fbd1789fe,44a6f780-6d49-4c91-b59d-36d7539047c0,cbc97c74-2b7b-41f3-9de6-507ec03ef704,1643973232237,13.3992576,52.4723631,6.317587,2.5469537,-0.09069753,1.6345272,on bike mount,cyclo cross,True,paving stones,good
8709a578-7c36-4f62-ac57-925fbd1789fe,44a6f780-6d49-4c91-b59d-36d7539047c0,80a8ee0e-cc0f-49f6-a5c9-a340f9b8d6e9,1643973232292,13.3992576,52.4723631,6.317587,0.11856521,0.58341455,-2.5826116,on bike mount,cyclo cross,True,paving stones,good
8709a578-7c36-4f62-ac57-925fbd1789fe,44a6f780-6d49-4c91-b59d-36d7539047c0,6bd11a95-d066-4796-80ab-4c68e0f713b7,1643973232349,13.3992576,52.4723631,6.317587,0.034929276,1.2420347,-1.570077,on bike mount,cyclo cross,True,paving stones,good
8709a578-7c36-4f62-ac57-925fbd1789fe,44a6f780-6d49-4c91-b59d-36d7539047c0,58e316ab-25dc-4af2-9f18-ad934b5bb207,1643973232403,13.3992576,52.4723631,6.317587,-0.22712684,3.7248287,-3.505876,on bike mount,cyclo cross,True,paving stones,good
8709a578-7c36-4f62-ac57-925fbd1789fe,44a6f780-6d49-4c91-b59d-36d7539047c0,f532c425-f1a7-41f9-9e44-4da3bf16dd03,1643973232459,13.3992576,52.4723631,6.317587,0.4395323,-2.2257912,2.4660711,on bike mount,cyclo cross,True,paving stones,good
8709a578-7c36-4f62-ac57-925fbd1789fe,44a6f780-6d49-4c91-b59d-36d7539047c0,397da014-40ce-4d3b-850a-c2e446ddce6f,1643973232515,13.3992576,52.4723631,6.317587,-0.38903564,-1.3247882,2.6589956,on bike mount,cyclo cross,True,paving stones,good
8709a578-7c36-4f62-ac57-925fbd1789fe,44a6f780-6d49-4c91-b59d-36d7539047c0,a6c1d332-9367-4751-8fed-5902a3fbea57,1643973232571,13.3992576,52.4723631,6.317587,-0.05883068,2.1796007,3.5593338,on bike mount,cyclo cross,True,paving stones,good
8709a578-7c36-4f62-ac57-925fbd1789fe,44a6f780-6d49-4c91-b59d-36d7539047c0,2a57325a-df5b-4860-8395-509238fb979a,1643973232626,13.3992576,52.4723631,6.317587,-0.16952747,1.6669173,0.3432932,on bike mount,cyclo cross,True,paving stones,good
8709a578-7c36-4f62-ac57-925fbd1789fe,44a6f780-6d49-4c91-b59d-36d7539047c0,9743ab87-fba5-4713-93e4-eef438adf7b7,1643973232682,13.3992576,52.4723631,6.317587,-0.30806357,-0.0806582,-0.67520046,on bike mount,cyclo cross,True,paving stones,good
8709a578-7c36-4f62-ac57-925fbd1789fe,44a6f780-6d49-4c91-b59d-36d7539047c0,7788b030-f4cc-4a91-908f-63db7054351e,1643973232737,13.3992576,52.4723631,6.317587,-0.500609,0.008395195,0.29125404,on bike mount,cyclo cross,True,paving stones,good
8709a578-7c36-4f62-ac57-925fbd1789fe,44a6f780-6d49-4c91-b59d-36d7539047c0,d2f61f8d-f1f0-4361-9e79-1f3fe894f238,1643973232792,13.3993516,52.4723672,6.3900666,0.40779144,0.024153471,2.5456,on bike mount,cyclo cross,True,paving stones,good
8709a578-7c36-4f62-ac57-925fbd1789fe,44a6f780-6d49-4c91-b59d-36d7539047c0,7d5369e6-213a-4e7b-9590-64aa6decf97a,1643973232847,13.3993516,52.4723672,6.3900666,0.66090494,-3.5276282,-0.102220535,on bike mount,cyclo cross,True,paving stones,good
8709a578-7c36-4f62-ac57-925fbd1789fe,44a6f780-6d49-4c91-b59d-36d7539047c0,8d217011-2f49-49fb-a638-b95ecc8bdb81,1643973232905,13.3993516,52.4723672,6.3900666,-0.50045544,3.7398462,0.55360985,on bike mount,cyclo cross,True,paving stones,good
8709a578-7c36-4f62-ac57-925fbd1789fe,44a6f780-6d49-4c91-b59d-36d7539047c0,d4e3e290-50ed-4185-8835-7f116d634d74,1643973232960,13.3993516,52.4723672,6.3900666,0.9745312,-1.0286565,-3.8006468,on bike mount,cyclo cross,True,paving stones,good
8709a578-7c36-4f62-ac57-925fbd1789fe,44a6f780-6d49-4c91-b59d-36d7539047c0,038d6d6d-6e0e-43a8-87b6-d87db087401b,1643973233017,13.3993516,52.4723672,6.3900666,0.21880287,-0.5818863,0.51704025,on bike mount,cyclo cross,True,paving stones,good
8709a578-7c36-4f62-ac57-925fbd1789fe,44a6f780-6d49-4c91-b59d-36d7539047c0,a27ebbbb-98c9-463d-b3d1-76a04b3beb45,1643973233074,13.3993516,52.4723672,6.3900666,-0.3896518,-2.3553813,-2.5626283,on bike mount,cyclo cross,True,paving stones,good
8709a578-7c36-4f62-ac57-925fbd1789fe,44a6f780-6d49-4c91-b59d-36d7539047c0,63f60d55-6cca-44ac-a7ad-865e7aac5ec8,1643973233126,13.3993516,52.4723672,6.3900666,-0.59746504,-2.7977872,-0.76288795,on bike mount,cyclo cross,True,paving stones,good
8709a578-7c36-4f62-ac57-925fbd1789fe,44a6f780-6d49-4c91-b59d-36d7539047c0,2dd57437-d8f9-48d9-ad1d-f68a05724f9f,1643973233184,13.3993516,52.4723672,6.3900666,0.14729543,0.71119094,-0.6966486,on bike mount,cyclo cross,True,paving stones,good
8709a578-7c36-4f62-ac57-925fbd1789fe,44a6f780-6d49-4c91-b59d-36d7539047c0,3a942fbd-283f-4459-9a7a-7ea72b420d21,1643973233238,13.3993516,52.4723672,6.3900666,-1.24879,-1.1912948,-0.32228947,on bike mount,cyclo cross,True,paving stones,good
8709a578-7c36-4f62-ac57-925fbd1789fe,44a6f780-6d49-4c91-b59d-36d7539047c0,7e02bf40-c130-40c6-a1cd-d16ffa5c8351,1643973233294,13.3993516,52.4723672,6.3900666,1.8603415,-2.6697538,1.933239,on bike mount,cyclo cross,True,paving stones,good
8709a578-7c36-4f62-ac57-925fbd1789fe,44a6f780-6d49-4c91-b59d-36d7539047c0,675a6e90-c981-4761-9e23-a5f0c600ac30,1643973233348,13.3993516,52.4723672,6.3900666,-0.07458043,1.1212931,-2.288217,on bike mount,cyclo cross,True,paving stones,good
8709a578-7c36-4f62-ac57-925fbd1789fe,44a6f780-6d49-4c91-b59d-36d7539047c0,705d7545-cddb-40b3-98d8-32d859ab4dbe,1643973233405,13.3993516,52.4723672,6.3900666,-2.352735,-0.37025666,6.385931,on bike mount,cyclo cross,True,paving stones,good
8709a578-7c36-4f62-ac57-925fbd1789fe,44a6f780-6d49-4c91-b59d-36d7539047c0,7ae380e9-e03f-4c40-a7c1-0bffefe3d550,1643973233459,13.3993516,52.4723672,6.3900666,2.4230695,2.7934427,-1.0269947,on bike mount,cyclo cross,True,paving stones,good
8709a578-7c36-4f62-ac57-925fbd1789fe,44a6f780-6d49-4c91-b59d-36d7539047c0,b53a595b-a1e2-4bff-a358-7d9ddd8ce4ef,1643973233515,13.3993516,52.4723672,6.3900666,-0.5798242,-0.16743398,-1.521668,on bike mount,cyclo cross,True,paving stones,good
8709a578-7c36-4f62-ac57-925fbd1789fe,44a6f780-6d49-4c91-b59d-36d7539047c0,66badeea-7c69-4a80-b059-bd06c3d1de76,1643973233572,13.3993516,52.4723672,6.3900666,0.036936194,-1.8539766,-1.7254791,on bike mount,cyclo cross,True,paving stones,good
8709a578-7c36-4f62-ac57-925fbd1789fe,44a6f780-6d49-4c91-b59d-36d7539047c0,c0b28cd3-4179-42da-af0f-c674107093b0,1643973233626,13.3993516,52.4723672,6.3900666,1.291759,-0.68838215,1.471529,on bike mount,cyclo cross,True,paving stones,good
8709a578-7c36-4f62-ac57-925fbd1789fe,44a6f780-6d49-4c91-b59d-36d7539047c0,26c2f2e7-5eae-491f-8c10-15d9411568a6,1643973233683,13.3993516,52.4723672,6.3900666,-1.1665756,-3.7405667,2.78617,on bike mount,cyclo cross,True,paving stones,good
8709a578-7c36-4f62-ac57-925fbd1789fe,44a6f780-6d49-4c91-b59d-36d7539047c0,5e5d3b68-e7d6-4016-9738-31ba075819d4,1643973233738,13.3993516,52.4723672,6.3900666,-2.4345222,4.7160244,-0.90980196,on bike mount,cyclo cross,True,paving stones,good
8709a578-7c36-4f62-ac57-925fbd1789fe,44a6f780-6d49-4c91-b59d-36d7539047c0,7a347ede-bc31-408d-b480-4d7844b09fef,1643973233797,13.399447,52.4723724,6.4040937,3.2806573,-2.0505397,3.1657982,on bike mount,cyclo cross,True,paving stones,good
8709a578-7c36-4f62-ac57-925fbd1789fe,44a6f780-6d49-4c91-b59d-36d7539047c0,380f7c98-df22-4443-a2a9-9d28df754db2,1643973233849,13.399447,52.4723724,6.4040937,-1.3322455,-4.1703014,-13.901582,on bike mount,cyclo cross,True,paving stones,good
8709a578-7c36-4f62-ac57-925fbd1789fe,44a6f780-6d49-4c91-b59d-36d7539047c0,d12524fb-b455-4f26-ae91-6ff23858dd9d,1643973233904,13.399447,52.4723724,6.4040937,-1.008559,6.522691,-17.247765,on bike mount,cyclo cross,True,paving stones,good
8709a578-7c36-4f62-ac57-925fbd1789fe,44a6f780-6d49-4c91-b59d-36d7539047c0,582e67d1-f3fb-4530-a448-fd5dd72e355c,1643973233960,13.399447,52.4723724,6.4040937,2.4942503,-1.4490753,-1.1297092,on bike mount,cyclo cross,True,paving stones,good
8709a578-7c36-4f62-ac57-925fbd1789fe,44a6f780-6d49-4c91-b59d-36d7539047c0,e66a3ac6-8964-4cae-9566-61b9ba2b287d,1643973234016,13.399447,52.4723724,6.4040937,3.134274,-2.3745344,-0.68064594,on bike mount,cyclo cross,True,paving stones,good
8709a578-7c36-4f62-ac57-925fbd1789fe,44a6f780-6d49-4c91-b59d-36d7539047c0,fcf36f9d-c9e1-4dba-865d-0465d29d5cd4,1643973234073,13.399447,52.4723724,6.4040937,2.3053489,-21.899605,-2.7178602,on bike mount,cyclo cross,True,paving stones,good
8709a578-7c36-4f62-ac57-925fbd1789fe,44a6f780-6d49-4c91-b59d-36d7539047c0,ce5f72d1-2f46-4fa3-9079-d01e68defe19,1643973234127,13.399447,52.4723724,6.4040937,-1.3528293,3.4539337,2.9870338,on bike mount,cyclo cross,True,paving stones,good
8709a578-7c36-4f62-ac57-925fbd1789fe,44a6f780-6d49-4c91-b59d-36d7539047c0,10243e82-4377-412a-852b-85b0f8c650bf,1643973234181,13.399447,52.4723724,6.4040937,-1.8709824,-4.1322727,2.5836048,on bike mount,cyclo cross,True,paving stones,good
8709a578-7c36-4f62-ac57-925fbd1789fe,44a6f780-6d49-4c91-b59d-36d7539047c0,d8bff67e-b7f9-406f-a1e9-5c369f1ba91a,1643973234239,13.399447,52.4723724,6.4040937,2.0512662,-3.2445147,-0.63780594,on bike mount,cyclo cross,True,paving stones,good
8709a578-7c36-4f62-ac57-925fbd1789fe,44a6f780-6d49-4c91-b59d-36d7539047c0,481d1d60-69a7-44eb-91fc-0d048e4cb82b,1643973234293,13.399447,52.4723724,6.4040937,-0.45484835,-4.180024,-2.7207108,on bike mount,cyclo cross,True,paving stones,good
8709a578-7c36-4f62-ac57-925fbd1789fe,44a6f780-6d49-4c91-b59d-36d7539047c0,a38882a4-8ff2-4c8e-99d4-ba4c297f6141,1643973234352,13.399447,52.4723724,6.4040937,-0.5416852,2.1804576,-0.9828558,on bike mount,cyclo cross,True,paving stones,good
8709a578-7c36-4f62-ac57-925fbd1789fe,44a6f780-6d49-4c91-b59d-36d7539047c0,6b5cefe4-ebeb-4972-8105-c6b64e924751,1643973234404,13.399447,52.4723724,6.4040937,0.9463408,-2.309878,2.7663841,on bike mount,cyclo cross,True,paving stones,good
8709a578-7c36-4f62-ac57-925fbd1789fe,44a6f780-6d49-4c91-b59d-36d7539047c0,53a039bc-3a26-4068-895b-d043b780a9f7,1643973234460,13.399447,52.4723724,6.4040937,-0.9271171,1.8600967,-2.6726656,on bike mount,cyclo cross,True,paving stones,good
8709a578-7c36-4f62-ac57-925fbd1789fe,44a6f780-6d49-4c91-b59d-36d7539047c0,08599a56-f534-4baa-9169-eb2c31cda901,1643973234516,13.399447,52.4723724,6.4040937,-0.50784016,-5.3043385,2.6194487,on bike mount,cyclo cross,True,paving stones,good
8709a578-7c36-4f62-ac57-925fbd1789fe,44a6f780-6d49-4c91-b59d-36d7539047c0,2d92ced1-6121-4b5b-a9d0-11f82fce77bd,1643973234573,13.399447,52.4723724,6.4040937,1.2357854,1.6624179,-4.2708178,on bike mount,cyclo cross,True,paving stones,good
8709a578-7c36-4f62-ac57-925fbd1789fe,44a6f780-6d49-4c91-b59d-36d7539047c0,4a15fc79-e6de-4360-93d3-e176df1adfbd,1643973234627,13.399447,52.4723724,6.4040937,0.49535945,-3.169097,2.441245,on bike mount,cyclo cross,True,paving stones,good
8709a578-7c36-4f62-ac57-925fbd1789fe,44a6f780-6d49-4c91-b59d-36d7539047c0,94066b34-524a-4835-87a2-7cd95e1a7b95,1643973234684,13.399447,52.4723724,6.4040937,-0.60539067,1.7116423,19.720284,on bike mount,cyclo cross,True,paving stones,good
8709a578-7c36-4f62-ac57-925fbd1789fe,44a6f780-6d49-4c91-b59d-36d7539047c0,84928ac7-81c8-4715-b4a5-777d079a7d14,1643973234739,13.399447,52.4723724,6.4040937,-4.7617455,5.073571,-12.500828,on bike mount,cyclo cross,True,paving stones,good
8709a578-7c36-4f62-ac57-925fbd1789fe,44a6f780-6d49-4c91-b59d-36d7539047c0,357a8fcd-9312-47d4-b137-1782a9438dfe,1643973234793,13.3995422,52.4723756,6.3454413,1.9615388,0.3321066,-3.2135081,on bike mount,cyclo cross,True,paving stones,good
8709a578-7c36-4f62-ac57-925fbd1789fe,44a6f780-6d49-4c91-b59d-36d7539047c0,a67e84c1-92ad-454b-8171-9f66c65d5e13,1643973234849,13.3995422,52.4723756,6.3454413,0.49003857,-5.701989,7.245082,on bike mount,cyclo cross,True,paving stones,good
8709a578-7c36-4f62-ac57-925fbd1789fe,44a6f780-6d49-4c91-b59d-36d7539047c0,9a79bc23-11c4-4633-8f16-ea96421c52b2,1643973234906,13.3995422,52.4723756,6.3454413,-1.047814,1.5988643,0.7059059,on bike mount,cyclo cross,True,paving stones,good
8709a578-7c36-4f62-ac57-925fbd1789fe,44a6f780-6d49-4c91-b59d-36d7539047c0,5225588c-9c1c-41c3-9de4-7406e0364e9f,1643973234960,13.3995422,52.4723756,6.3454413,-1.0097117,-2.0699472,-2.9842448,on bike mount,cyclo cross,True,paving stones,good
8709a578-7c36-4f62-ac57-925fbd1789fe,44a6f780-6d49-4c91-b59d-36d7539047c0,53be220e-5ec6-46f8-9132-10a65f9ac127,1643973235015,13.3995422,52.4723756,6.3454413,-1.692166,-1.9422497,-1.6132984,on bike mount,cyclo cross,True,paving stones,good
8709a578-7c36-4f62-ac57-925fbd1789fe,44a6f780-6d49-4c91-b59d-36d7539047c0,07adfa05-6068-4ea6-a995-08dff4478918,1643973235070,13.3995422,52.4723756,6.3454413,-0.036990017,-0.7363026,-0.2827282,on bike mount,cyclo cross,True,paving stones,good
