bike_activity_uid,bike_activity_sample_uid,bike_activity_measurement,bike_activity_measurement_timestamp,bike_activity_measurement_lon,bike_activity_measurement_lat,bike_activity_measurement_speed,bike_activity_measurement_accelerometer_x,bike_activity_measurement_accelerometer_y,bike_activity_measurement_accelerometer_z,bike_activity_phone_position,bike_activity_bike_type,bike_activity_flagged_lab_conditions,bike_activity_surface_type,bike_activity_smoothness_type
aa460e9e-5072-4184-b5d4-d40d99b4c733,5578d37b-2d05-4953-9257-83ae91099c82,a8983945-f377-49de-95db-35bf96e322ce,1635696282736,13.3989936,52.4802305,8.079985,-0.59427774,1.0412683,1.0970707,on bike mount,cyclo cross,True,concrete plates,good
aa460e9e-5072-4184-b5d4-d40d99b4c733,5578d37b-2d05-4953-9257-83ae91099c82,ca02b148-00f3-4f2c-b948-a4bd2204a2b2,1635696282801,13.3989936,52.4802305,8.079985,-1.6741711,2.7240694,-1.8773961,on bike mount,cyclo cross,True,concrete plates,good
aa460e9e-5072-4184-b5d4-d40d99b4c733,5578d37b-2d05-4953-9257-83ae91099c82,418dc708-1964-41c9-a840-c6ae671efd1e,1635696282855,13.3989936,52.4802305,8.079985,1.2221841,-1.5553674,-1.7391105,on bike mount,cyclo cross,True,concrete plates,good
aa460e9e-5072-4184-b5d4-d40d99b4c733,5578d37b-2d05-4953-9257-83ae91099c82,85e164c5-631e-4e30-8223-e06d212f72f8,1635696282917,13.3989936,52.4802305,8.079985,1.7084813,2.114427,1.1676025,on bike mount,cyclo cross,True,concrete plates,good
aa460e9e-5072-4184-b5d4-d40d99b4c733,5578d37b-2d05-4953-9257-83ae91099c82,78d90fd0-ec39-4d0e-ba05-2ad2f67bf7b6,1635696282969,13.3989936,52.4802305,8.079985,-2.676615,-3.2386918,-0.2831049,on bike mount,cyclo cross,True,concrete plates,good
aa460e9e-5072-4184-b5d4-d40d99b4c733,5578d37b-2d05-4953-9257-83ae91099c82,a9d13d41-2fe4-4ffe-991e-5d3cbbd7b9a2,1635696283019,13.3989936,52.4802305,8.079985,1.3054718,-4.178363,-2.8581834,on bike mount,cyclo cross,True,concrete plates,good
aa460e9e-5072-4184-b5d4-d40d99b4c733,5578d37b-2d05-4953-9257-83ae91099c82,072fd4af-9387-4488-9818-f78807af2c9d,1635696283070,13.3989936,52.4802305,8.079985,-0.33115527,-1.9150027,-3.6223145,on bike mount,cyclo cross,True,concrete plates,good
aa460e9e-5072-4184-b5d4-d40d99b4c733,5578d37b-2d05-4953-9257-83ae91099c82,8141bc5a-7c38-471b-aa14-f1e843180ed2,1635696283123,13.3989936,52.4802305,8.079985,1.2361474,-1.4470068,1.4542532,on bike mount,cyclo cross,True,concrete plates,good
aa460e9e-5072-4184-b5d4-d40d99b4c733,5578d37b-2d05-4953-9257-83ae91099c82,9e2d617f-fdfa-4106-94d3-c53fb924517b,1635696283184,13.3989936,52.4802305,8.079985,0.373838,-7.671198,3.3907938,on bike mount,cyclo cross,True,concrete plates,good
aa460e9e-5072-4184-b5d4-d40d99b4c733,5578d37b-2d05-4953-9257-83ae91099c82,28717334-bcf4-455f-bf2f-fa4c283a0c89,1635696283235,13.3989936,52.4802305,8.079985,0.14745447,0.82935286,-4.3282356,on bike mount,cyclo cross,True,concrete plates,good
aa460e9e-5072-4184-b5d4-d40d99b4c733,5578d37b-2d05-4953-9257-83ae91099c82,2ce620b2-7839-426c-bec1-4666d53f9edd,1635696283286,13.3989936,52.4802305,8.079985,0.48810306,-7.6079807,0.96442604,on bike mount,cyclo cross,True,concrete plates,good
aa460e9e-5072-4184-b5d4-d40d99b4c733,5578d37b-2d05-4953-9257-83ae91099c82,c1af63dc-d0c7-4302-9eaf-ec3c7ab6b973,1635696283336,13.3989936,52.4802305,8.079985,1.1993554,-0.4442873,0.7386503,on bike mount,cyclo cross,True,concrete plates,good
aa460e9e-5072-4184-b5d4-d40d99b4c733,5578d37b-2d05-4953-9257-83ae91099c82,d47d1929-5241-4c02-8f81-0d47a92ebe46,1635696283386,13.3989936,52.4802305,8.079985,-1.3591074,0.94827366,-1.6308937,on bike mount,cyclo cross,True,concrete plates,good
aa460e9e-5072-4184-b5d4-d40d99b4c733,5578d37b-2d05-4953-9257-83ae91099c82,b1517397-711e-40bf-a03f-f68256d3f398,1635696283438,13.3989936,52.4802305,8.079985,-1.326519,-0.44954515,-2.096528,on bike mount,cyclo cross,True,concrete plates,good
aa460e9e-5072-4184-b5d4-d40d99b4c733,5578d37b-2d05-4953-9257-83ae91099c82,0f81c8c9-7a52-4642-b192-9faefdd65fe8,1635696283504,13.3989936,52.4802305,8.079985,-2.0786178,-1.6913806,8.297371,on bike mount,cyclo cross,True,concrete plates,good
aa460e9e-5072-4184-b5d4-d40d99b4c733,5578d37b-2d05-4953-9257-83ae91099c82,27404a3a-dba4-48a0-afc5-424a69e8b58e,1635696283555,13.3989936,52.4802305,8.079985,-0.29350898,-0.5787082,-2.2302165,on bike mount,cyclo cross,True,concrete plates,good
aa460e9e-5072-4184-b5d4-d40d99b4c733,5578d37b-2d05-4953-9257-83ae91099c82,720c9e70-c9ac-4ebf-8289-e5bd58a31bca,1635696283606,13.3989936,52.4802305,8.079985,0.65036285,2.2249713,-0.050935745,on bike mount,cyclo cross,True,concrete plates,good
aa460e9e-5072-4184-b5d4-d40d99b4c733,5578d37b-2d05-4953-9257-83ae91099c82,eb9a88f4-08dc-4f37-bb1a-f58ad840afc9,1635696283670,13.3989936,52.4802305,8.079985,-1.000809,1.4468222,-1.6938066,on bike mount,cyclo cross,True,concrete plates,good
aa460e9e-5072-4184-b5d4-d40d99b4c733,5578d37b-2d05-4953-9257-83ae91099c82,345b4ae8-a23a-4d20-86a5-cf68b0399bd3,1635696283721,13.3988738,52.4802382,8.169736,0.64815813,0.047504902,-0.06543255,on bike mount,cyclo cross,True,concrete plates,good
aa460e9e-5072-4184-b5d4-d40d99b4c733,5578d37b-2d05-4953-9257-83ae91099c82,2ec94704-ff41-44b8-afd5-542feee1cc83,1635696283787,13.3988738,52.4802382,8.169736,-0.66214305,-0.12987852,0.9703989,on bike mount,cyclo cross,True,concrete plates,good
aa460e9e-5072-4184-b5d4-d40d99b4c733,5578d37b-2d05-4953-9257-83ae91099c82,5b80a478-2df0-4229-95cb-9e3143e4f166,1635696283837,13.3988738,52.4802382,8.169736,0.26076323,-1.0720835,-0.7998738,on bike mount,cyclo cross,True,concrete plates,good
aa460e9e-5072-4184-b5d4-d40d99b4c733,5578d37b-2d05-4953-9257-83ae91099c82,595d0035-989e-4c7b-a660-117c9ba68ff8,1635696283889,13.3988738,52.4802382,8.169736,0.12348731,1.3688681,1.8690233,on bike mount,cyclo cross,True,concrete plates,good
aa460e9e-5072-4184-b5d4-d40d99b4c733,5578d37b-2d05-4953-9257-83ae91099c82,4a8a53e2-61c8-41ba-8ec2-56adf647e85b,1635696283953,13.3988738,52.4802382,8.169736,0.13270387,0.12853646,1.8335056,on bike mount,cyclo cross,True,concrete plates,good
aa460e9e-5072-4184-b5d4-d40d99b4c733,5578d37b-2d05-4953-9257-83ae91099c82,97b769e5-1549-43d0-8145-5d4f72cb88a7,1635696284006,13.3988738,52.4802382,8.169736,2.027234,0.7126012,0.31969547,on bike mount,cyclo cross,True,concrete plates,good
aa460e9e-5072-4184-b5d4-d40d99b4c733,5578d37b-2d05-4953-9257-83ae91099c82,9050e5ce-9e1b-4acc-baa1-642e3c25c62a,1635696284055,13.3988738,52.4802382,8.169736,-0.6835128,-4.4156647,-1.0778289,on bike mount,cyclo cross,True,concrete plates,good
aa460e9e-5072-4184-b5d4-d40d99b4c733,5578d37b-2d05-4953-9257-83ae91099c82,4d9ce8f1-7999-4d16-affd-f0c548c89be5,1635696284105,13.3988738,52.4802382,8.169736,0.33487743,1.4379573,-0.88679934,on bike mount,cyclo cross,True,concrete plates,good
aa460e9e-5072-4184-b5d4-d40d99b4c733,5578d37b-2d05-4953-9257-83ae91099c82,b4bc415e-8812-488d-b7b3-80c1ce366428,1635696284157,13.3988738,52.4802382,8.169736,1.1717746,3.1724997,1.6933479,on bike mount,cyclo cross,True,concrete plates,good
aa460e9e-5072-4184-b5d4-d40d99b4c733,5578d37b-2d05-4953-9257-83ae91099c82,7b54c33f-af26-4238-a9f8-7ffed398b396,1635696284220,13.3988738,52.4802382,8.169736,-0.25759804,-0.43742418,-1.7823162,on bike mount,cyclo cross,True,concrete plates,good
aa460e9e-5072-4184-b5d4-d40d99b4c733,5578d37b-2d05-4953-9257-83ae91099c82,53af24d0-4903-42cb-9501-edeadf415ec3,1635696284271,13.3988738,52.4802382,8.169736,0.047192603,-0.8872185,-1.0596867,on bike mount,cyclo cross,True,concrete plates,good
aa460e9e-5072-4184-b5d4-d40d99b4c733,5578d37b-2d05-4953-9257-83ae91099c82,ae787a28-db24-4f67-b0a9-50934d0ca6d9,1635696284321,13.3988738,52.4802382,8.169736,-1.1794808,-4.2137413,5.9441967,on bike mount,cyclo cross,True,concrete plates,good
aa460e9e-5072-4184-b5d4-d40d99b4c733,5578d37b-2d05-4953-9257-83ae91099c82,4d7adea0-9956-49cf-82fa-1b1e7502a23b,1635696284374,13.3988738,52.4802382,8.169736,-0.23504359,0.56212234,-3.1514463,on bike mount,cyclo cross,True,concrete plates,good
aa460e9e-5072-4184-b5d4-d40d99b4c733,5578d37b-2d05-4953-9257-83ae91099c82,36d177b4-55ed-4f77-b1c8-1fb56924a81d,1635696284440,13.3988738,52.4802382,8.169736,-0.2136054,-0.6407788,-5.9710145,on bike mount,cyclo cross,True,concrete plates,good
aa460e9e-5072-4184-b5d4-d40d99b4c733,5578d37b-2d05-4953-9257-83ae91099c82,91151d5a-3725-455e-9358-ab47cd864344,1635696284506,13.3988738,52.4802382,8.169736,2.0522482,-1.5273423,-0.060268402,on bike mount,cyclo cross,True,concrete plates,good
aa460e9e-5072-4184-b5d4-d40d99b4c733,5578d37b-2d05-4953-9257-83ae91099c82,c22989b2-a07b-4441-9803-beb1339c92de,1635696284555,13.3988738,52.4802382,8.169736,-0.48229787,-0.09916425,1.1659002,on bike mount,cyclo cross,True,concrete plates,good
aa460e9e-5072-4184-b5d4-d40d99b4c733,5578d37b-2d05-4953-9257-83ae91099c82,39b77e46-cef5-46b2-b6eb-0f065d402b73,1635696284606,13.3988738,52.4802382,8.169736,-1.5824783,2.2145362,-1.2493105,on bike mount,cyclo cross,True,concrete plates,good
aa460e9e-5072-4184-b5d4-d40d99b4c733,5578d37b-2d05-4953-9257-83ae91099c82,1ebad1b7-e9af-4078-8995-ac48369c91e1,1635696284657,13.3988738,52.4802382,8.169736,-1.5796566,-0.3926692,6.537781,on bike mount,cyclo cross,True,concrete plates,good
aa460e9e-5072-4184-b5d4-d40d99b4c733,5578d37b-2d05-4953-9257-83ae91099c82,436088de-8e0a-4c7d-a2bc-3bc0f9e0be35,1635696284722,13.3987524,52.4802443,8.362997,-0.5278465,-3.7023814,2.4179306,on bike mount,cyclo cross,True,concrete plates,good
aa460e9e-5072-4184-b5d4-d40d99b4c733,5578d37b-2d05-4953-9257-83ae91099c82,64fdfe67-aa1e-41f2-8bfe-9f9d7ff2478b,1635696284774,13.3987524,52.4802443,8.362997,0.79819965,0.5081625,-0.13914967,on bike mount,cyclo cross,True,concrete plates,good
aa460e9e-5072-4184-b5d4-d40d99b4c733,5578d37b-2d05-4953-9257-83ae91099c82,1059b6f7-d938-4a7c-b01d-3251edebe46e,1635696284841,13.3987524,52.4802443,8.362997,-0.9406699,-3.0181534,1.2390728,on bike mount,cyclo cross,True,concrete plates,good
aa460e9e-5072-4184-b5d4-d40d99b4c733,5578d37b-2d05-4953-9257-83ae91099c82,bed98631-0157-43a2-972f-4f6c2288edbd,1635696284891,13.3987524,52.4802443,8.362997,-0.08815378,-3.2591224,-5.5201306,on bike mount,cyclo cross,True,concrete plates,good
aa460e9e-5072-4184-b5d4-d40d99b4c733,5578d37b-2d05-4953-9257-83ae91099c82,434e56be-6dda-49ea-bd36-240ac086335b,1635696284943,13.3987524,52.4802443,8.362997,0.521178,1.6440954,-2.623342,on bike mount,cyclo cross,True,concrete plates,good
aa460e9e-5072-4184-b5d4-d40d99b4c733,5578d37b-2d05-4953-9257-83ae91099c82,0e35845d-747f-4523-a189-5d9893073fd3,1635696285006,13.3987524,52.4802443,8.362997,-0.9465514,-2.6569188,-4.7945337,on bike mount,cyclo cross,True,concrete plates,good
aa460e9e-5072-4184-b5d4-d40d99b4c733,5578d37b-2d05-4953-9257-83ae91099c82,119fc2a8-fa87-4eea-8da9-d8e31c55cd22,1635696285056,13.3987524,52.4802443,8.362997,0.24202031,0.20396662,-0.21018124,on bike mount,cyclo cross,True,concrete plates,good
aa460e9e-5072-4184-b5d4-d40d99b4c733,5578d37b-2d05-4953-9257-83ae91099c82,cfa0fdbd-1e85-4159-8f75-2da6665720dc,1635696285107,13.3987524,52.4802443,8.362997,-0.1920942,-1.4418133,-2.2783885,on bike mount,cyclo cross,True,concrete plates,good
aa460e9e-5072-4184-b5d4-d40d99b4c733,5578d37b-2d05-4953-9257-83ae91099c82,14a78623-905e-445f-bb13-5c42002c15e8,1635696285160,13.3987524,52.4802443,8.362997,0.7991022,0.064881325,-1.0824528,on bike mount,cyclo cross,True,concrete plates,good
aa460e9e-5072-4184-b5d4-d40d99b4c733,5578d37b-2d05-4953-9257-83ae91099c82,7996b294-8570-444b-b4fa-c6a244772a5d,1635696285225,13.3987524,52.4802443,8.362997,-0.71987844,-2.6417372,-1.9690804,on bike mount,cyclo cross,True,concrete plates,good
aa460e9e-5072-4184-b5d4-d40d99b4c733,5578d37b-2d05-4953-9257-83ae91099c82,632abc50-16ba-4f39-b426-b79e8b9e8a0f,1635696285276,13.3987524,52.4802443,8.362997,-1.0348568,0.8340001,-0.604331,on bike mount,cyclo cross,True,concrete plates,good
aa460e9e-5072-4184-b5d4-d40d99b4c733,5578d37b-2d05-4953-9257-83ae91099c82,d47944c7-0616-4223-9591-9165f516fb75,1635696285325,13.3987524,52.4802443,8.362997,-0.24719357,-2.5144992,1.4410915,on bike mount,cyclo cross,True,concrete plates,good
aa460e9e-5072-4184-b5d4-d40d99b4c733,5578d37b-2d05-4953-9257-83ae91099c82,b8ce2a4a-21fe-4b51-b5a5-98222f3d559d,1635696285376,13.3987524,52.4802443,8.362997,0.75511587,1.4916258,-4.7366686,on bike mount,cyclo cross,True,concrete plates,good
aa460e9e-5072-4184-b5d4-d40d99b4c733,5578d37b-2d05-4953-9257-83ae91099c82,2d03a88a-414b-4024-887c-6ba95e3b42c9,1635696285425,13.3987524,52.4802443,8.362997,-0.62099576,-2.3634348,4.254508,on bike mount,cyclo cross,True,concrete plates,good
aa460e9e-5072-4184-b5d4-d40d99b4c733,5578d37b-2d05-4953-9257-83ae91099c82,745249f3-5ddc-4868-9544-843fa2287401,1635696285475,13.3987524,52.4802443,8.362997,-0.45014018,1.4611392,-0.67671394,on bike mount,cyclo cross,True,concrete plates,good
aa460e9e-5072-4184-b5d4-d40d99b4c733,5578d37b-2d05-4953-9257-83ae91099c82,c41aeb45-6cde-47ca-8d27-c9c3b84d14ef,1635696285525,13.3987524,52.4802443,8.362997,1.7759743,-1.1740413,1.6214008,on bike mount,cyclo cross,True,concrete plates,good
aa460e9e-5072-4184-b5d4-d40d99b4c733,5578d37b-2d05-4953-9257-83ae91099c82,0c8cf1e5-2171-461a-b9cc-c11b41293d6a,1635696285576,13.3987524,52.4802443,8.362997,1.870919,-3.3455112,-2.4558868,on bike mount,cyclo cross,True,concrete plates,good
aa460e9e-5072-4184-b5d4-d40d99b4c733,5578d37b-2d05-4953-9257-83ae91099c82,031009bc-25c9-46ab-b020-b86698dd86e2,1635696285625,13.3987524,52.4802443,8.362997,-0.22533181,4.172449,-0.5558257,on bike mount,cyclo cross,True,concrete plates,good
aa460e9e-5072-4184-b5d4-d40d99b4c733,5578d37b-2d05-4953-9257-83ae91099c82,7f853edf-3120-42de-b0bc-00527f3c589e,1635696285677,13.3987524,52.4802443,8.362997,-0.20311368,-4.6251993,1.302175,on bike mount,cyclo cross,True,concrete plates,good
aa460e9e-5072-4184-b5d4-d40d99b4c733,5578d37b-2d05-4953-9257-83ae91099c82,2e0a07e4-6016-422f-9717-51d7303afc38,1635696285727,13.3986294,52.4802493,8.221405,0.7710277,-0.99502265,0.9977436,on bike mount,cyclo cross,True,concrete plates,good
aa460e9e-5072-4184-b5d4-d40d99b4c733,5578d37b-2d05-4953-9257-83ae91099c82,831507dd-39b2-469a-9db3-c5009089386e,1635696285793,13.3986294,52.4802493,8.221405,-0.25381678,3.4532943,3.1921215,on bike mount,cyclo cross,True,concrete plates,good
aa460e9e-5072-4184-b5d4-d40d99b4c733,5578d37b-2d05-4953-9257-83ae91099c82,f8ad080d-2f0f-45f6-b6da-4cbc0bc394eb,1635696285844,13.3986294,52.4802493,8.221405,-1.2547711,-3.6919756,3.1045218,on bike mount,cyclo cross,True,concrete plates,good
aa460e9e-5072-4184-b5d4-d40d99b4c733,5578d37b-2d05-4953-9257-83ae91099c82,ca569d5f-116d-44e8-8a88-634dd84edee7,1635696285909,13.3986294,52.4802493,8.221405,0.5005938,-1.5510213,-0.034427643,on bike mount,cyclo cross,True,concrete plates,good
aa460e9e-5072-4184-b5d4-d40d99b4c733,5578d37b-2d05-4953-9257-83ae91099c82,e98e31b6-0263-486b-917c-91d847398b36,1635696285960,13.3986294,52.4802493,8.221405,-0.8945585,-3.8608968,1.8652897,on bike mount,cyclo cross,True,concrete plates,good
aa460e9e-5072-4184-b5d4-d40d99b4c733,5578d37b-2d05-4953-9257-83ae91099c82,af74a151-91e6-4fe4-b853-657209f85e58,1635696286011,13.3986294,52.4802493,8.221405,-1.0780103,2.7357187,-1.0634375,on bike mount,cyclo cross,True,concrete plates,good
aa460e9e-5072-4184-b5d4-d40d99b4c733,5578d37b-2d05-4953-9257-83ae91099c82,ec9d0400-7489-48ba-9939-708ea4b1d781,1635696286061,13.3986294,52.4802493,8.221405,-1.4786403,1.5977092,-2.731215,on bike mount,cyclo cross,True,concrete plates,good
aa460e9e-5072-4184-b5d4-d40d99b4c733,5578d37b-2d05-4953-9257-83ae91099c82,abc088dc-b6e0-4d38-b1c1-e7c5f04ac148,1635696286110,13.3986294,52.4802493,8.221405,1.628662,0.044288635,1.2645559,on bike mount,cyclo cross,True,concrete plates,good
aa460e9e-5072-4184-b5d4-d40d99b4c733,5578d37b-2d05-4953-9257-83ae91099c82,42770cfa-5260-498d-b98a-106f6973df08,1635696286160,13.3986294,52.4802493,8.221405,0.09458603,-0.52432215,-2.4027262,on bike mount,cyclo cross,True,concrete plates,good
aa460e9e-5072-4184-b5d4-d40d99b4c733,5578d37b-2d05-4953-9257-83ae91099c82,c063f073-b98b-4d23-96d4-5429e8d79f40,1635696286212,13.3986294,52.4802493,8.221405,1.2531248,-0.025783777,4.0289965,on bike mount,cyclo cross,True,concrete plates,good
aa460e9e-5072-4184-b5d4-d40d99b4c733,5578d37b-2d05-4953-9257-83ae91099c82,c0e7797a-78f6-450f-8183-71f7c488ba6b,1635696286263,13.3986294,52.4802493,8.221405,-0.60298634,1.3081212,-5.963718,on bike mount,cyclo cross,True,concrete plates,good
aa460e9e-5072-4184-b5d4-d40d99b4c733,5578d37b-2d05-4953-9257-83ae91099c82,e3ec8992-769d-407c-9a74-25b643048c52,1635696286327,13.3986294,52.4802493,8.221405,-0.2004891,-2.5084183,-1.3111839,on bike mount,cyclo cross,True,concrete plates,good
aa460e9e-5072-4184-b5d4-d40d99b4c733,5578d37b-2d05-4953-9257-83ae91099c82,76cd3266-485e-4478-8877-26a3f042e6f2,1635696286378,13.3986294,52.4802493,8.221405,0.80987155,1.2391105,-1.2564487,on bike mount,cyclo cross,True,concrete plates,good
aa460e9e-5072-4184-b5d4-d40d99b4c733,5578d37b-2d05-4953-9257-83ae91099c82,b6af04d7-fe47-4c3c-ad4e-827deae257c9,1635696286428,13.3986294,52.4802493,8.221405,-0.8616589,5.216798,-3.4399242,on bike mount,cyclo cross,True,concrete plates,good
aa460e9e-5072-4184-b5d4-d40d99b4c733,5578d37b-2d05-4953-9257-83ae91099c82,2dcf1e53-8496-4736-b303-9bae40dce339,1635696286480,13.3986294,52.4802493,8.221405,0.92460865,-7.0354023,1.4727716,on bike mount,cyclo cross,True,concrete plates,good
aa460e9e-5072-4184-b5d4-d40d99b4c733,5578d37b-2d05-4953-9257-83ae91099c82,b4f9d1ef-37ae-4c1e-8847-b1f6f82cf6d6,1635696286543,13.3986294,52.4802493,8.221405,-0.32604045,0.6858082,0.12860966,on bike mount,cyclo cross,True,concrete plates,good
aa460e9e-5072-4184-b5d4-d40d99b4c733,5578d37b-2d05-4953-9257-83ae91099c82,9ab510a0-9036-44c9-8d2f-fe62db1b45cc,1635696286598,13.3986294,52.4802493,8.221405,-1.2082729,-1.647008,-3.2165704,on bike mount,cyclo cross,True,concrete plates,good
aa460e9e-5072-4184-b5d4-d40d99b4c733,5578d37b-2d05-4953-9257-83ae91099c82,46c65f3d-0958-48e3-bf01-6cf2e28fe01a,1635696286661,13.3986294,52.4802493,8.221405,0.24471308,-3.0200284,6.6299515,on bike mount,cyclo cross,True,concrete plates,good
aa460e9e-5072-4184-b5d4-d40d99b4c733,5578d37b-2d05-4953-9257-83ae91099c82,675e4c54-9dfa-4c11-a6bb-62a8933baafb,1635696286712,13.398511,52.4802552,8.130216,1.4577967,-2.9854484,-0.05090809,on bike mount,cyclo cross,True,concrete plates,good
aa460e9e-5072-4184-b5d4-d40d99b4c733,5578d37b-2d05-4953-9257-83ae91099c82,f3df83e0-91fb-4f3e-95be-13f82f59cc06,1635696286777,13.398511,52.4802552,8.130216,-0.82002234,-2.2402172,0.26774216,on bike mount,cyclo cross,True,concrete plates,good
aa460e9e-5072-4184-b5d4-d40d99b4c733,5578d37b-2d05-4953-9257-83ae91099c82,00765720-2df4-4c3a-8898-9f9fa41d00c7,1635696286827,13.398511,52.4802552,8.130216,-0.3218534,0.34337497,0.16495132,on bike mount,cyclo cross,True,concrete plates,good
aa460e9e-5072-4184-b5d4-d40d99b4c733,5578d37b-2d05-4953-9257-83ae91099c82,76a9672b-de59-46c8-bf26-7262ab66bf33,1635696286878,13.398511,52.4802552,8.130216,0.27510098,-0.31008458,-0.19071579,on bike mount,cyclo cross,True,concrete plates,good
aa460e9e-5072-4184-b5d4-d40d99b4c733,5578d37b-2d05-4953-9257-83ae91099c82,bc8337bc-2f7a-492b-a324-54a34310c82f,1635696286927,13.398511,52.4802552,8.130216,-0.74042106,1.054455,1.6579247,on bike mount,cyclo cross,True,concrete plates,good
aa460e9e-5072-4184-b5d4-d40d99b4c733,5578d37b-2d05-4953-9257-83ae91099c82,ca0812ec-4707-46da-9bf2-93b7b34e1e94,1635696286977,13.398511,52.4802552,8.130216,0.76774836,-3.0497308,1.4148521,on bike mount,cyclo cross,True,concrete plates,good
aa460e9e-5072-4184-b5d4-d40d99b4c733,5578d37b-2d05-4953-9257-83ae91099c82,6193c657-e7d3-482d-95eb-e606f98ea185,1635696287027,13.398511,52.4802552,8.130216,-0.276358,-1.6858741,-1.0963936,on bike mount,cyclo cross,True,concrete plates,good
aa460e9e-5072-4184-b5d4-d40d99b4c733,5578d37b-2d05-4953-9257-83ae91099c82,bff9095e-352c-46ad-b4ef-d1c796474f8b,1635696287077,13.398511,52.4802552,8.130216,-0.4136803,0.7830782,0.8872347,on bike mount,cyclo cross,True,concrete plates,good
aa460e9e-5072-4184-b5d4-d40d99b4c733,5578d37b-2d05-4953-9257-83ae91099c82,90474b82-30c6-4503-aa04-e09ac837e248,1635696287128,13.398511,52.4802552,8.130216,-0.17604755,-2.5218227,-4.2982826,on bike mount,cyclo cross,True,concrete plates,good
aa460e9e-5072-4184-b5d4-d40d99b4c733,5578d37b-2d05-4953-9257-83ae91099c82,4f05ca3b-52e0-4aea-b0f0-58caaa9815a9,1635696287177,13.398511,52.4802552,8.130216,0.5902974,0.6940038,-1.9270401,on bike mount,cyclo cross,True,concrete plates,good
aa460e9e-5072-4184-b5d4-d40d99b4c733,5578d37b-2d05-4953-9257-83ae91099c82,b2c1aaa3-864a-443e-9695-34f5197b02da,1635696287227,13.398511,52.4802552,8.130216,-0.7640248,-0.34045792,2.3744621,on bike mount,cyclo cross,True,concrete plates,good
aa460e9e-5072-4184-b5d4-d40d99b4c733,5578d37b-2d05-4953-9257-83ae91099c82,22247128-8b54-4b04-8737-9c0644fa9150,1635696287278,13.398511,52.4802552,8.130216,-2.58186,2.7076373,-2.7882557,on bike mount,cyclo cross,True,concrete plates,good
aa460e9e-5072-4184-b5d4-d40d99b4c733,5578d37b-2d05-4953-9257-83ae91099c82,42f63484-dcd5-4aad-acc1-a51a273fc6e2,1635696287328,13.398511,52.4802552,8.130216,0.9311135,-2.802989,2.486061,on bike mount,cyclo cross,True,concrete plates,good
aa460e9e-5072-4184-b5d4-d40d99b4c733,5578d37b-2d05-4953-9257-83ae91099c82,627eb857-582e-43a3-8b96-40d0322e3469,1635696287378,13.398511,52.4802552,8.130216,0.9175394,3.3637652,15.144823,on bike mount,cyclo cross,True,concrete plates,good
aa460e9e-5072-4184-b5d4-d40d99b4c733,5578d37b-2d05-4953-9257-83ae91099c82,05860d17-a896-41fc-ae05-5874dcda1453,1635696287428,13.398511,52.4802552,8.130216,-1.3772591,2.020484,-7.2994986,on bike mount,cyclo cross,True,concrete plates,good
aa460e9e-5072-4184-b5d4-d40d99b4c733,5578d37b-2d05-4953-9257-83ae91099c82,fd944e59-d97d-4524-b389-fd19025a5859,1635696287479,13.398511,52.4802552,8.130216,2.7752442,-0.74264,-5.186492,on bike mount,cyclo cross,True,concrete plates,good
aa460e9e-5072-4184-b5d4-d40d99b4c733,5578d37b-2d05-4953-9257-83ae91099c82,e05c07e1-ea40-476d-b869-395d717f8574,1635696287529,13.398511,52.4802552,8.130216,0.69596344,-7.82561,-1.1940408,on bike mount,cyclo cross,True,concrete plates,good
aa460e9e-5072-4184-b5d4-d40d99b4c733,5578d37b-2d05-4953-9257-83ae91099c82,02cd1279-1527-4384-93a5-9a797f1e4eff,1635696287595,13.398511,52.4802552,8.130216,0.85910314,1.0499558,-1.7061424,on bike mount,cyclo cross,True,concrete plates,good
aa460e9e-5072-4184-b5d4-d40d99b4c733,5578d37b-2d05-4953-9257-83ae91099c82,23cbb348-95ad-4211-97a9-6fd410a709c7,1635696287646,13.398511,52.4802552,8.130216,0.13586207,0.59160376,-4.192697,on bike mount,cyclo cross,True,concrete plates,good
aa460e9e-5072-4184-b5d4-d40d99b4c733,5578d37b-2d05-4953-9257-83ae91099c82,3767c66c-9166-4903-8563-746f50983319,1635696287697,13.3983904,52.4802605,8.229751,-0.6704229,-0.28140712,2.762969,on bike mount,cyclo cross,True,concrete plates,good
aa460e9e-5072-4184-b5d4-d40d99b4c733,5578d37b-2d05-4953-9257-83ae91099c82,92a4a30b-1781-454c-a3c8-bd068e90ece7,1635696287747,13.3983904,52.4802605,8.229751,0.42696398,-2.6268575,2.8805904,on bike mount,cyclo cross,True,concrete plates,good
aa460e9e-5072-4184-b5d4-d40d99b4c733,5578d37b-2d05-4953-9257-83ae91099c82,f4cbff57-25dc-4ff3-8d49-8b52358e3083,1635696287796,13.3983904,52.4802605,8.229751,0.055075616,1.5719211,-5.0263395,on bike mount,cyclo cross,True,concrete plates,good
aa460e9e-5072-4184-b5d4-d40d99b4c733,5578d37b-2d05-4953-9257-83ae91099c82,34bbb9d7-9c7b-4b16-848b-526ee5043800,1635696287845,13.3983904,52.4802605,8.229751,0.9433707,-0.96497273,6.3618774,on bike mount,cyclo cross,True,concrete plates,good
aa460e9e-5072-4184-b5d4-d40d99b4c733,5578d37b-2d05-4953-9257-83ae91099c82,b0bc68c9-a3ef-49f0-929b-70326d0507d1,1635696287896,13.3983904,52.4802605,8.229751,-0.9472501,-1.988508,-0.55076313,on bike mount,cyclo cross,True,concrete plates,good
aa460e9e-5072-4184-b5d4-d40d99b4c733,5578d37b-2d05-4953-9257-83ae91099c82,ac04d999-9c90-4e4b-99fe-c0ce06fe7a21,1635696287946,13.3983904,52.4802605,8.229751,-0.3864525,0.46573782,1.3435507,on bike mount,cyclo cross,True,concrete plates,good
aa460e9e-5072-4184-b5d4-d40d99b4c733,5578d37b-2d05-4953-9257-83ae91099c82,e58d5b02-7f53-4f80-9be7-7d3adde5a080,1635696287996,13.3983904,52.4802605,8.229751,1.4561028,-0.331805,2.9027262,on bike mount,cyclo cross,True,concrete plates,good
aa460e9e-5072-4184-b5d4-d40d99b4c733,5578d37b-2d05-4953-9257-83ae91099c82,ac4b7e9f-0ef1-4c3a-bbc0-8b8324e07775,1635696288046,13.3983904,52.4802605,8.229751,-1.384639,-1.4057715,0.7479782,on bike mount,cyclo cross,True,concrete plates,good
aa460e9e-5072-4184-b5d4-d40d99b4c733,5578d37b-2d05-4953-9257-83ae91099c82,55c47693-faac-43c8-a981-4aea392e98a4,1635696288096,13.3983904,52.4802605,8.229751,1.4480261,-2.669728,2.579855,on bike mount,cyclo cross,True,concrete plates,good
aa460e9e-5072-4184-b5d4-d40d99b4c733,5578d37b-2d05-4953-9257-83ae91099c82,9dc63023-beba-4856-a404-df54fd55d17d,1635696288148,13.3983904,52.4802605,8.229751,0.69902563,2.4502692,3.596058,on bike mount,cyclo cross,True,concrete plates,good
aa460e9e-5072-4184-b5d4-d40d99b4c733,5578d37b-2d05-4953-9257-83ae91099c82,2682af8c-54e9-4083-a8a5-89b9e1d15ddf,1635696288198,13.3983904,52.4802605,8.229751,-1.4294175,-0.6484432,6.925102,on bike mount,cyclo cross,True,concrete plates,good
aa460e9e-5072-4184-b5d4-d40d99b4c733,5578d37b-2d05-4953-9257-83ae91099c82,dfdaa8d2-06a7-4c44-8cba-f9902c543fb0,1635696288250,13.3983904,52.4802605,8.229751,0.38569075,1.9363091,-4.727433,on bike mount,cyclo cross,True,concrete plates,good
aa460e9e-5072-4184-b5d4-d40d99b4c733,5578d37b-2d05-4953-9257-83ae91099c82,5784f8b1-e1c1-4b1b-b163-ef2a347b871e,1635696288313,13.3983904,52.4802605,8.229751,-0.48201877,2.2040696,3.1069374,on bike mount,cyclo cross,True,concrete plates,good
aa460e9e-5072-4184-b5d4-d40d99b4c733,5578d37b-2d05-4953-9257-83ae91099c82,b300aa04-13cf-4dac-a006-e97bd289b73e,1635696288364,13.3983904,52.4802605,8.229751,-0.501732,2.945147,-3.5376353,on bike mount,cyclo cross,True,concrete plates,good
aa460e9e-5072-4184-b5d4-d40d99b4c733,5578d37b-2d05-4953-9257-83ae91099c82,3fc61150-eb26-418f-8faf-cf370981cee4,1635696288414,13.3983904,52.4802605,8.229751,-0.7915044,2.1719542,3.3742723,on bike mount,cyclo cross,True,concrete plates,good
aa460e9e-5072-4184-b5d4-d40d99b4c733,5578d37b-2d05-4953-9257-83ae91099c82,6f38a3df-2ecc-4fed-8236-230a520ad5e8,1635696288466,13.3983904,52.4802605,8.229751,0.7897275,-2.7637043,3.0531502,on bike mount,cyclo cross,True,concrete plates,good
aa460e9e-5072-4184-b5d4-d40d99b4c733,5578d37b-2d05-4953-9257-83ae91099c82,a7b062be-d30c-4c27-bfd3-5c8242b8e1d4,1635696288517,13.3983904,52.4802605,8.229751,-0.011749335,-1.2793913,-3.5187793,on bike mount,cyclo cross,True,concrete plates,good
aa460e9e-5072-4184-b5d4-d40d99b4c733,5578d37b-2d05-4953-9257-83ae91099c82,0399f79e-94fc-484a-bca6-74ec4771ccb0,1635696288582,13.3983904,52.4802605,8.229751,-0.25211304,0.3620181,1.4085026,on bike mount,cyclo cross,True,concrete plates,good
aa460e9e-5072-4184-b5d4-d40d99b4c733,5578d37b-2d05-4953-9257-83ae91099c82,5278e0d0-329b-4d6d-ad09-89f2a76471d7,1635696288634,13.3983904,52.4802605,8.229751,-0.105932385,-2.086874,2.156561,on bike mount,cyclo cross,True,concrete plates,good
aa460e9e-5072-4184-b5d4-d40d99b4c733,5578d37b-2d05-4953-9257-83ae91099c82,421e8275-fcf3-40f2-a427-c4dd11f8e9b3,1635696288687,13.3983904,52.4802605,8.229751,0.029745623,-3.335324,1.3407097,on bike mount,cyclo cross,True,concrete plates,good
aa460e9e-5072-4184-b5d4-d40d99b4c733,5578d37b-2d05-4953-9257-83ae91099c82,c6399f13-e411-488c-b794-b5fe0ffb957a,1635696288749,13.3982731,52.480265,7.8674016,0.6464996,-1.2339853,2.3775864,on bike mount,cyclo cross,True,concrete plates,good
aa460e9e-5072-4184-b5d4-d40d99b4c733,5578d37b-2d05-4953-9257-83ae91099c82,4fb89dae-962f-4f86-a2fd-582432489f8a,1635696288800,13.3982731,52.480265,7.8674016,0.31350002,1.2731009,0.093164444,on bike mount,cyclo cross,True,concrete plates,good
aa460e9e-5072-4184-b5d4-d40d99b4c733,5578d37b-2d05-4953-9257-83ae91099c82,5ca9cf7f-0b73-45d0-920b-fa93cc5c33e9,1635696288851,13.3982731,52.480265,7.8674016,-1.0735191,1.0411973,2.5062046,on bike mount,cyclo cross,True,concrete plates,good
aa460e9e-5072-4184-b5d4-d40d99b4c733,5578d37b-2d05-4953-9257-83ae91099c82,7fb56890-46bc-4922-bff3-bff2ff528d0d,1635696288915,13.3982731,52.480265,7.8674016,0.8107898,-0.58655524,1.9337921,on bike mount,cyclo cross,True,concrete plates,good
aa460e9e-5072-4184-b5d4-d40d99b4c733,5578d37b-2d05-4953-9257-83ae91099c82,91ef7bc3-9c12-4115-aaf1-4ea9ad902645,1635696288966,13.3982731,52.480265,7.8674016,-0.11315727,0.78267765,-4.87222,on bike mount,cyclo cross,True,concrete plates,good
aa460e9e-5072-4184-b5d4-d40d99b4c733,5578d37b-2d05-4953-9257-83ae91099c82,0aac6fe3-4397-4898-8e18-9c76aa3d8232,1635696289018,13.3982731,52.480265,7.8674016,-0.6000674,-1.9740088,5.2892733,on bike mount,cyclo cross,True,concrete plates,good
aa460e9e-5072-4184-b5d4-d40d99b4c733,5578d37b-2d05-4953-9257-83ae91099c82,50b3ec7d-640f-4a3a-82f1-ccf50dbdf123,1635696289069,13.3982731,52.480265,7.8674016,0.6716391,0.9501536,-2.741271,on bike mount,cyclo cross,True,concrete plates,good
aa460e9e-5072-4184-b5d4-d40d99b4c733,5578d37b-2d05-4953-9257-83ae91099c82,da20bae8-8313-4584-88a4-4573e9bf0363,1635696289121,13.3982731,52.480265,7.8674016,1.0132084,0.63847136,8.561041,on bike mount,cyclo cross,True,concrete plates,good
aa460e9e-5072-4184-b5d4-d40d99b4c733,5578d37b-2d05-4953-9257-83ae91099c82,5f11a623-1bb6-466b-854c-ed004d083735,1635696289186,13.3982731,52.480265,7.8674016,-1.5894055,-4.433279,9.505422,on bike mount,cyclo cross,True,concrete plates,good
aa460e9e-5072-4184-b5d4-d40d99b4c733,5578d37b-2d05-4953-9257-83ae91099c82,cb688a2c-2c91-45ea-918a-bee0fe9b4366,1635696289254,13.3982731,52.480265,7.8674016,-1.7391341,-5.91824,5.213976,on bike mount,cyclo cross,True,concrete plates,good
aa460e9e-5072-4184-b5d4-d40d99b4c733,5578d37b-2d05-4953-9257-83ae91099c82,23b9e0b9-5525-4e72-8f46-c5d28b9e4abd,1635696289307,13.3982731,52.480265,7.8674016,-0.56464773,5.1344686,1.814106,on bike mount,cyclo cross,True,concrete plates,good
aa460e9e-5072-4184-b5d4-d40d99b4c733,5578d37b-2d05-4953-9257-83ae91099c82,9eacee5b-817c-4423-8ec3-1d05e88e436a,1635696289367,13.3982731,52.480265,7.8674016,-0.9027239,2.724278,-0.41624165,on bike mount,cyclo cross,True,concrete plates,good
aa460e9e-5072-4184-b5d4-d40d99b4c733,5578d37b-2d05-4953-9257-83ae91099c82,4f25715a-3c9a-44b2-9665-6b172027a1b2,1635696289418,13.3982731,52.480265,7.8674016,1.3664978,-1.2451985,-0.13045883,on bike mount,cyclo cross,True,concrete plates,good
aa460e9e-5072-4184-b5d4-d40d99b4c733,5578d37b-2d05-4953-9257-83ae91099c82,91b73ad5-8471-4ce6-a3c4-476bb8f0e1ef,1635696289471,13.3982731,52.480265,7.8674016,0.2710557,-0.1089561,-3.7525728,on bike mount,cyclo cross,True,concrete plates,good
aa460e9e-5072-4184-b5d4-d40d99b4c733,5578d37b-2d05-4953-9257-83ae91099c82,b2c4a878-f974-47ed-a545-94bd10f5aa0e,1635696289535,13.3982731,52.480265,7.8674016,0.4571843,-2.9160037,2.1306257,on bike mount,cyclo cross,True,concrete plates,good
aa460e9e-5072-4184-b5d4-d40d99b4c733,5578d37b-2d05-4953-9257-83ae91099c82,a40b4bda-84d4-417b-b81f-bc5a8415f729,1635696289584,13.3982731,52.480265,7.8674016,1.449225,-0.41163898,0.42074013,on bike mount,cyclo cross,True,concrete plates,good
aa460e9e-5072-4184-b5d4-d40d99b4c733,5578d37b-2d05-4953-9257-83ae91099c82,e8ebe33f-706c-43f3-ace2-d459a92a7d9f,1635696289634,13.3982731,52.480265,7.8674016,0.12925734,1.7280624,2.9584255,on bike mount,cyclo cross,True,concrete plates,good
aa460e9e-5072-4184-b5d4-d40d99b4c733,5578d37b-2d05-4953-9257-83ae91099c82,34ff5507-d05b-490e-91da-edde6591676d,1635696289684,13.3982731,52.480265,7.8674016,0.77562326,-1.093682,0.14715767,on bike mount,cyclo cross,True,concrete plates,good
aa460e9e-5072-4184-b5d4-d40d99b4c733,5578d37b-2d05-4953-9257-83ae91099c82,64233fab-3f2b-4a14-afb2-9cc19ee4e344,1635696289735,13.3981511,52.4802715,8.5977125,0.18021321,0.07648635,0.033543587,on bike mount,cyclo cross,True,concrete plates,good
aa460e9e-5072-4184-b5d4-d40d99b4c733,5578d37b-2d05-4953-9257-83ae91099c82,bf524adf-068e-4521-9e47-11492e21e6b0,1635696289788,13.3981511,52.4802715,8.5977125,-0.108805835,-1.9228193,1.7460413,on bike mount,cyclo cross,True,concrete plates,good
aa460e9e-5072-4184-b5d4-d40d99b4c733,5578d37b-2d05-4953-9257-83ae91099c82,9d535cdd-cc38-4b3e-b8da-ca720f684f95,1635696289840,13.3981511,52.4802715,8.5977125,0.55567646,-2.497274,-1.7647681,on bike mount,cyclo cross,True,concrete plates,good
aa460e9e-5072-4184-b5d4-d40d99b4c733,5578d37b-2d05-4953-9257-83ae91099c82,631b8761-59d0-4aaa-a2a0-e1450ba2a4ee,1635696289901,13.3981511,52.4802715,8.5977125,-1.4947159,-2.2376611,-1.5976849,on bike mount,cyclo cross,True,concrete plates,good
aa460e9e-5072-4184-b5d4-d40d99b4c733,5578d37b-2d05-4953-9257-83ae91099c82,51a9cf28-6a7f-4e0c-81a9-833574699041,1635696289952,13.3981511,52.4802715,8.5977125,-1.4820944,0.0030634403,3.5671463,on bike mount,cyclo cross,True,concrete plates,good
aa460e9e-5072-4184-b5d4-d40d99b4c733,5578d37b-2d05-4953-9257-83ae91099c82,a82b0d5f-5eb0-485f-b6c4-d1a372d6df6f,1635696290003,13.3981511,52.4802715,8.5977125,0.071825564,2.4175134,-0.12177467,on bike mount,cyclo cross,True,concrete plates,good
aa460e9e-5072-4184-b5d4-d40d99b4c733,5578d37b-2d05-4953-9257-83ae91099c82,ae236bac-5c51-4f87-bc09-2ea97c6314d9,1635696290055,13.3981511,52.4802715,8.5977125,3.648849,-3.7242885,-0.26072884,on bike mount,cyclo cross,True,concrete plates,good
aa460e9e-5072-4184-b5d4-d40d99b4c733,5578d37b-2d05-4953-9257-83ae91099c82,69bb5a50-c32f-48a1-9c1c-19316853068f,1635696290119,13.3981511,52.4802715,8.5977125,0.37265062,-1.778776,0.46103,on bike mount,cyclo cross,True,concrete plates,good
aa460e9e-5072-4184-b5d4-d40d99b4c733,5578d37b-2d05-4953-9257-83ae91099c82,c773d54c-d8e4-48da-a623-f23235ecba45,1635696290170,13.3981511,52.4802715,8.5977125,0.398423,-1.7060958,3.4025507,on bike mount,cyclo cross,True,concrete plates,good
aa460e9e-5072-4184-b5d4-d40d99b4c733,5578d37b-2d05-4953-9257-83ae91099c82,7d6bba0c-6c0a-4020-86d3-20ff628584e2,1635696290220,13.3981511,52.4802715,8.5977125,-0.48265725,-4.776597,-6.6317863,on bike mount,cyclo cross,True,concrete plates,good
aa460e9e-5072-4184-b5d4-d40d99b4c733,5578d37b-2d05-4953-9257-83ae91099c82,d4ec51b1-e871-468b-92e2-e72f905ad634,1635696290270,13.3981511,52.4802715,8.5977125,-1.4628732,1.0055354,1.0525789,on bike mount,cyclo cross,True,concrete plates,good
aa460e9e-5072-4184-b5d4-d40d99b4c733,5578d37b-2d05-4953-9257-83ae91099c82,59458674-7d5c-4b83-94d3-e2c73228f34f,1635696290322,13.3981511,52.4802715,8.5977125,-0.89698446,-2.7575407,-0.25305462,on bike mount,cyclo cross,True,concrete plates,good
aa460e9e-5072-4184-b5d4-d40d99b4c733,5578d37b-2d05-4953-9257-83ae91099c82,89238c0b-bf80-400f-bea8-b656cd28ec99,1635696290374,13.3981511,52.4802715,8.5977125,1.8580713,4.0775466,1.0727549,on bike mount,cyclo cross,True,concrete plates,good
aa460e9e-5072-4184-b5d4-d40d99b4c733,5578d37b-2d05-4953-9257-83ae91099c82,548d6f2e-1100-4ed6-959c-40ce0671f816,1635696290437,13.3981511,52.4802715,8.5977125,-0.18534097,-2.4420877,1.2924213,on bike mount,cyclo cross,True,concrete plates,good
aa460e9e-5072-4184-b5d4-d40d99b4c733,5578d37b-2d05-4953-9257-83ae91099c82,c396ec67-4b24-4844-8ec8-4f2ee5a16276,1635696290489,13.3981511,52.4802715,8.5977125,-0.7263473,-1.4356455,2.5142727,on bike mount,cyclo cross,True,concrete plates,good
aa460e9e-5072-4184-b5d4-d40d99b4c733,5578d37b-2d05-4953-9257-83ae91099c82,832c67d6-9293-486d-827b-992fe0a913c1,1635696290539,13.3981511,52.4802715,8.5977125,-0.022000894,-0.30057478,1.2580261,on bike mount,cyclo cross,True,concrete plates,good
aa460e9e-5072-4184-b5d4-d40d99b4c733,5578d37b-2d05-4953-9257-83ae91099c82,4cc01cb7-8d4d-4a43-871f-6d00fa604604,1635696290590,13.3981511,52.4802715,8.5977125,-1.2460141,0.4574828,1.2361641,on bike mount,cyclo cross,True,concrete plates,good
aa460e9e-5072-4184-b5d4-d40d99b4c733,5578d37b-2d05-4953-9257-83ae91099c82,7b94b494-9b20-4f83-8e00-db7d6705e16f,1635696290642,13.3981511,52.4802715,8.5977125,-0.009077966,-0.718966,-0.87909174,on bike mount,cyclo cross,True,concrete plates,good
aa460e9e-5072-4184-b5d4-d40d99b4c733,5578d37b-2d05-4953-9257-83ae91099c82,ae4e2798-75b3-4d1f-a870-b7bf53d6e845,1635696290711,13.3981511,52.4802715,8.5977125,0.41849023,-4.8660803,6.4528437,on bike mount,cyclo cross,True,concrete plates,good
aa460e9e-5072-4184-b5d4-d40d99b4c733,5578d37b-2d05-4953-9257-83ae91099c82,798e3760-b387-4acd-9b9f-520c9186896f,1635696290770,13.398026,52.4802811,8.154908,0.44723898,4.280672,-1.9034653,on bike mount,cyclo cross,True,concrete plates,good
aa460e9e-5072-4184-b5d4-d40d99b4c733,5578d37b-2d05-4953-9257-83ae91099c82,c60d875e-1072-4e08-83f4-d6346f611497,1635696290820,13.398026,52.4802811,8.154908,0.63298804,-2.814408,-0.51498795,on bike mount,cyclo cross,True,concrete plates,good
aa460e9e-5072-4184-b5d4-d40d99b4c733,5578d37b-2d05-4953-9257-83ae91099c82,7c53670c-676e-4214-868b-473e82b08b4a,1635696290873,13.398026,52.4802811,8.154908,0.10694945,-3.6189015,0.27297974,on bike mount,cyclo cross,True,concrete plates,good
aa460e9e-5072-4184-b5d4-d40d99b4c733,5578d37b-2d05-4953-9257-83ae91099c82,68c04bc9-b78e-4a0e-8bf8-a3166acf3305,1635696290939,13.398026,52.4802811,8.154908,-0.21546859,0.9997101,-11.259033,on bike mount,cyclo cross,True,concrete plates,good
aa460e9e-5072-4184-b5d4-d40d99b4c733,5578d37b-2d05-4953-9257-83ae91099c82,bc1870dc-0302-41a9-81d3-e50741cc64c2,1635696290988,13.398026,52.4802811,8.154908,-2.2566519,-3.1251044,1.7814379,on bike mount,cyclo cross,True,concrete plates,good
aa460e9e-5072-4184-b5d4-d40d99b4c733,5578d37b-2d05-4953-9257-83ae91099c82,9a9cad15-06f8-499f-83bd-30a9a0f1d40c,1635696291038,13.398026,52.4802811,8.154908,-2.3522754,1.2692947,1.0022812,on bike mount,cyclo cross,True,concrete plates,good
aa460e9e-5072-4184-b5d4-d40d99b4c733,5578d37b-2d05-4953-9257-83ae91099c82,6a5dc785-83bc-4e84-b03d-f6dad28ebda1,1635696291089,13.398026,52.4802811,8.154908,-2.1212232,1.9796715,-2.8267164,on bike mount,cyclo cross,True,concrete plates,good
aa460e9e-5072-4184-b5d4-d40d99b4c733,5578d37b-2d05-4953-9257-83ae91099c82,fd906f37-b661-4bbf-adbb-9aaf536c1c9c,1635696291139,13.398026,52.4802811,8.154908,1.17066,-1.0683472,-1.2303452,on bike mount,cyclo cross,True,concrete plates,good
aa460e9e-5072-4184-b5d4-d40d99b4c733,5578d37b-2d05-4953-9257-83ae91099c82,830bd70a-61d2-479d-b1dd-bc32872bd626,1635696291190,13.398026,52.4802811,8.154908,0.31243902,0.091148615,0.47774982,on bike mount,cyclo cross,True,concrete plates,good
aa460e9e-5072-4184-b5d4-d40d99b4c733,5578d37b-2d05-4953-9257-83ae91099c82,047c1cef-8cb3-4a6a-8162-180bd52afde9,1635696291257,13.398026,52.4802811,8.154908,0.090374134,-0.28082204,3.299161,on bike mount,cyclo cross,True,concrete plates,good
aa460e9e-5072-4184-b5d4-d40d99b4c733,5578d37b-2d05-4953-9257-83ae91099c82,00b2d919-ffd6-4ebf-a5e6-d0746f3980ae,1635696291310,13.398026,52.4802811,8.154908,1.2711314,-1.1378433,-8.165296,on bike mount,cyclo cross,True,concrete plates,good
aa460e9e-5072-4184-b5d4-d40d99b4c733,5578d37b-2d05-4953-9257-83ae91099c82,5c49478f-581b-446a-83f4-1903e256e360,1635696291374,13.398026,52.4802811,8.154908,-2.774125,-0.1291008,0.8199854,on bike mount,cyclo cross,True,concrete plates,good
aa460e9e-5072-4184-b5d4-d40d99b4c733,5578d37b-2d05-4953-9257-83ae91099c82,aef5ec4c-4707-41eb-b05f-483e9839abc8,1635696291425,13.398026,52.4802811,8.154908,-1.0193,-0.1449058,-0.25709438,on bike mount,cyclo cross,True,concrete plates,good
aa460e9e-5072-4184-b5d4-d40d99b4c733,5578d37b-2d05-4953-9257-83ae91099c82,faa08c95-4e06-4aad-be85-faf8aa551b80,1635696291491,13.398026,52.4802811,8.154908,0.32905403,1.9431624,0.98262596,on bike mount,cyclo cross,True,concrete plates,good
aa460e9e-5072-4184-b5d4-d40d99b4c733,5578d37b-2d05-4953-9257-83ae91099c82,7de8bb17-4e35-46f9-b585-af35b309fbcb,1635696291540,13.398026,52.4802811,8.154908,-0.675267,-2.744543,2.8775625,on bike mount,cyclo cross,True,concrete plates,good
aa460e9e-5072-4184-b5d4-d40d99b4c733,5578d37b-2d05-4953-9257-83ae91099c82,d4c1ccba-0d63-4300-86d8-63f200478092,1635696291591,13.398026,52.4802811,8.154908,-0.5362314,-2.1288033,-5.9456096,on bike mount,cyclo cross,True,concrete plates,good
aa460e9e-5072-4184-b5d4-d40d99b4c733,5578d37b-2d05-4953-9257-83ae91099c82,ce8f1055-9ac2-415b-9aa7-9f2163c9223d,1635696291641,13.398026,52.4802811,8.154908,0.6633295,1.8648114,0.024743557,on bike mount,cyclo cross,True,concrete plates,good
aa460e9e-5072-4184-b5d4-d40d99b4c733,5578d37b-2d05-4953-9257-83ae91099c82,8a87d25d-4162-4639-8890-66ff74050e5d,1635696291695,13.398026,52.4802811,8.154908,1.2807572,0.6006644,-3.8701138,on bike mount,cyclo cross,True,concrete plates,good
aa460e9e-5072-4184-b5d4-d40d99b4c733,5578d37b-2d05-4953-9257-83ae91099c82,cffb8452-eb60-4d45-ac68-7fbc58508cc8,1635696291756,13.3979042,52.4802882,8.278833,0.28737584,-1.1309571,1.5628939,on bike mount,cyclo cross,True,concrete plates,good
aa460e9e-5072-4184-b5d4-d40d99b4c733,5578d37b-2d05-4953-9257-83ae91099c82,9169ffd4-eb54-40df-bd07-3c0a8f0d6aa6,1635696291816,13.3979042,52.4802882,8.278833,-0.36122528,-4.38433,0.72580147,on bike mount,cyclo cross,True,concrete plates,good
aa460e9e-5072-4184-b5d4-d40d99b4c733,5578d37b-2d05-4953-9257-83ae91099c82,61d8070d-d9ab-454e-8d29-d82f29879eaf,1635696291875,13.3979042,52.4802882,8.278833,-0.57545584,1.6798778,-0.11652565,on bike mount,cyclo cross,True,concrete plates,good
aa460e9e-5072-4184-b5d4-d40d99b4c733,5578d37b-2d05-4953-9257-83ae91099c82,3738d44d-9ce1-49d8-a5c5-0d7d4984bc34,1635696291940,13.3979042,52.4802882,8.278833,1.3208492,0.42264962,1.9287777,on bike mount,cyclo cross,True,concrete plates,good
aa460e9e-5072-4184-b5d4-d40d99b4c733,5578d37b-2d05-4953-9257-83ae91099c82,8b6a3713-619d-43e9-b906-40f19a81239c,1635696291990,13.3979042,52.4802882,8.278833,0.3306865,-0.6937928,1.3189945,on bike mount,cyclo cross,True,concrete plates,good
aa460e9e-5072-4184-b5d4-d40d99b4c733,5578d37b-2d05-4953-9257-83ae91099c82,25f06ade-5792-468b-b2cd-89d0ec56739d,1635696292042,13.3979042,52.4802882,8.278833,0.07343325,7.7039037,-2.9038734,on bike mount,cyclo cross,True,concrete plates,good
aa460e9e-5072-4184-b5d4-d40d99b4c733,5578d37b-2d05-4953-9257-83ae91099c82,c3269d0e-ae93-4e8b-98e7-b5567288b326,1635696292110,13.3979042,52.4802882,8.278833,-0.039642014,1.1096544,2.6917105,on bike mount,cyclo cross,True,concrete plates,good
aa460e9e-5072-4184-b5d4-d40d99b4c733,5578d37b-2d05-4953-9257-83ae91099c82,594032d3-2de7-4203-8677-07c9dd7fa93f,1635696292176,13.3979042,52.4802882,8.278833,-1.5517515,0.64401317,0.44272614,on bike mount,cyclo cross,True,concrete plates,good
aa460e9e-5072-4184-b5d4-d40d99b4c733,5578d37b-2d05-4953-9257-83ae91099c82,6fa890d5-0f02-48db-a26d-c612c2e0f360,1635696292226,13.3979042,52.4802882,8.278833,0.3685696,-0.0026869774,-1.5418987,on bike mount,cyclo cross,True,concrete plates,good
aa460e9e-5072-4184-b5d4-d40d99b4c733,5578d37b-2d05-4953-9257-83ae91099c82,af4dc1d4-f5aa-44c8-b883-ae1dce8c40e7,1635696292277,13.3979042,52.4802882,8.278833,-1.2289467,-0.60690737,2.7871084,on bike mount,cyclo cross,True,concrete plates,good
aa460e9e-5072-4184-b5d4-d40d99b4c733,5578d37b-2d05-4953-9257-83ae91099c82,140d4070-9d07-4209-aea7-8fce4669d530,1635696292341,13.3979042,52.4802882,8.278833,-0.50738144,2.255878,0.79816437,on bike mount,cyclo cross,True,concrete plates,good
aa460e9e-5072-4184-b5d4-d40d99b4c733,5578d37b-2d05-4953-9257-83ae91099c82,7881c720-70e4-49d6-8c4a-f72f2e0d0e9c,1635696292393,13.3979042,52.4802882,8.278833,-0.1129514,4.339196,-2.2002077,on bike mount,cyclo cross,True,concrete plates,good
aa460e9e-5072-4184-b5d4-d40d99b4c733,5578d37b-2d05-4953-9257-83ae91099c82,4b246950-f3ea-4029-8ac9-c06979b5ac68,1635696292459,13.3979042,52.4802882,8.278833,-0.13123,-1.4226173,0.26036263,on bike mount,cyclo cross,True,concrete plates,good
aa460e9e-5072-4184-b5d4-d40d99b4c733,5578d37b-2d05-4953-9257-83ae91099c82,81befc47-cb52-4f23-8d10-d86a855f2e2c,1635696292510,13.3979042,52.4802882,8.278833,-0.29039776,-1.1346089,-1.0246792,on bike mount,cyclo cross,True,concrete plates,good
aa460e9e-5072-4184-b5d4-d40d99b4c733,5578d37b-2d05-4953-9257-83ae91099c82,55473fd4-20ec-4bd6-8b16-b38cc0b102cc,1635696292562,13.3979042,52.4802882,8.278833,-0.10546309,-1.0194938,4.879593,on bike mount,cyclo cross,True,concrete plates,good
aa460e9e-5072-4184-b5d4-d40d99b4c733,5578d37b-2d05-4953-9257-83ae91099c82,ee1dc205-9119-4370-aa11-aa87757f81c3,1635696292612,13.3979042,52.4802882,8.278833,-0.15965241,-1.9467938,-3.5925856,on bike mount,cyclo cross,True,concrete plates,good
aa460e9e-5072-4184-b5d4-d40d99b4c733,5578d37b-2d05-4953-9257-83ae91099c82,82cb347c-769b-4c99-a1e8-50ae62a1b3c7,1635696292681,13.3979042,52.4802882,8.278833,-0.5130265,-2.9331183,0.5812483,on bike mount,cyclo cross,True,concrete plates,good
aa460e9e-5072-4184-b5d4-d40d99b4c733,5578d37b-2d05-4953-9257-83ae91099c82,fc712698-f528-46d4-800b-c9f553e95e6b,1635696292741,13.3977824,52.4802942,8.180222,-0.07794958,0.07246232,5.3419952,on bike mount,cyclo cross,True,concrete plates,good
aa460e9e-5072-4184-b5d4-d40d99b4c733,5578d37b-2d05-4953-9257-83ae91099c82,e5b92ef0-0be7-4ee4-82fe-b17213be0981,1635696292793,13.3977824,52.4802942,8.180222,-2.4034705,-5.821773,4.3293552,on bike mount,cyclo cross,True,concrete plates,good
aa460e9e-5072-4184-b5d4-d40d99b4c733,5578d37b-2d05-4953-9257-83ae91099c82,d18e6cd2-5d94-4916-93ff-fd7e34d17762,1635696292844,13.3977824,52.4802942,8.180222,1.1900175,-0.9430388,-0.36661625,on bike mount,cyclo cross,True,concrete plates,good
aa460e9e-5072-4184-b5d4-d40d99b4c733,5578d37b-2d05-4953-9257-83ae91099c82,d06bab6c-cb56-4efc-af0c-dc5125a8cf88,1635696292909,13.3977824,52.4802942,8.180222,0.7390901,1.0055611,-1.6730065,on bike mount,cyclo cross,True,concrete plates,good
aa460e9e-5072-4184-b5d4-d40d99b4c733,5578d37b-2d05-4953-9257-83ae91099c82,84a5adff-436a-4c75-80b7-5073e40a154f,1635696292959,13.3977824,52.4802942,8.180222,-2.6986837,-0.65303564,3.7587605,on bike mount,cyclo cross,True,concrete plates,good
aa460e9e-5072-4184-b5d4-d40d99b4c733,5578d37b-2d05-4953-9257-83ae91099c82,c44d8e9d-77e3-4a5f-ba44-b2f67dacb4a4,1635696293012,13.3977824,52.4802942,8.180222,0.5532148,-0.52771664,-1.6658425,on bike mount,cyclo cross,True,concrete plates,good
aa460e9e-5072-4184-b5d4-d40d99b4c733,5578d37b-2d05-4953-9257-83ae91099c82,629e23a1-c35a-4386-8800-8a195b7c9531,1635696293077,13.3977824,52.4802942,8.180222,-0.89178956,-1.4797057,0.032307625,on bike mount,cyclo cross,True,concrete plates,good
aa460e9e-5072-4184-b5d4-d40d99b4c733,5578d37b-2d05-4953-9257-83ae91099c82,5d1569d4-29ae-4723-bb42-bd680eab6aae,1635696293128,13.3977824,52.4802942,8.180222,-2.2471676,-0.8807452,-1.8506217,on bike mount,cyclo cross,True,concrete plates,good
aa460e9e-5072-4184-b5d4-d40d99b4c733,5578d37b-2d05-4953-9257-83ae91099c82,8e719398-a3e5-42e9-94fc-5ea262b94161,1635696293193,13.3977824,52.4802942,8.180222,1.516638,0.770473,-0.4640293,on bike mount,cyclo cross,True,concrete plates,good
aa460e9e-5072-4184-b5d4-d40d99b4c733,5578d37b-2d05-4953-9257-83ae91099c82,57f24894-3ef1-4510-8755-840f1842500d,1635696293243,13.3977824,52.4802942,8.180222,1.0998156,-0.25399375,-0.5756655,on bike mount,cyclo cross,True,concrete plates,good
aa460e9e-5072-4184-b5d4-d40d99b4c733,5578d37b-2d05-4953-9257-83ae91099c82,8f8a0999-bc74-4d2f-a5e2-0e2dcba9ceca,1635696293296,13.3977824,52.4802942,8.180222,-0.20878848,0.8863869,-2.617947,on bike mount,cyclo cross,True,concrete plates,good
aa460e9e-5072-4184-b5d4-d40d99b4c733,5578d37b-2d05-4953-9257-83ae91099c82,a76c7961-140d-438c-94c6-484c37b2b99f,1635696293348,13.3977824,52.4802942,8.180222,-1.6026162,3.3638968,-1.0048628,on bike mount,cyclo cross,True,concrete plates,good
aa460e9e-5072-4184-b5d4-d40d99b4c733,5578d37b-2d05-4953-9257-83ae91099c82,3b2b78b9-cc98-4705-bd6f-63509c3cba85,1635696293412,13.3977824,52.4802942,8.180222,0.20345408,-4.9209275,4.5792522,on bike mount,cyclo cross,True,concrete plates,good
aa460e9e-5072-4184-b5d4-d40d99b4c733,5578d37b-2d05-4953-9257-83ae91099c82,f1b77358-8149-46a8-9ce7-bd203a25dd82,1635696293462,13.3977824,52.4802942,8.180222,-0.5202854,-0.07229257,-3.8055358,on bike mount,cyclo cross,True,concrete plates,good
aa460e9e-5072-4184-b5d4-d40d99b4c733,5578d37b-2d05-4953-9257-83ae91099c82,fc325ad0-b929-4af3-9150-fb6e87a8f8e9,1635696293514,13.3977824,52.4802942,8.180222,-0.07791787,1.6349874,2.920576,on bike mount,cyclo cross,True,concrete plates,good
aa460e9e-5072-4184-b5d4-d40d99b4c733,5578d37b-2d05-4953-9257-83ae91099c82,73d0283c-ebf6-4be6-8cdf-79cf50b0d899,1635696293579,13.3977824,52.4802942,8.180222,-0.6425915,3.1503744,2.5010738,on bike mount,cyclo cross,True,concrete plates,good
aa460e9e-5072-4184-b5d4-d40d99b4c733,5578d37b-2d05-4953-9257-83ae91099c82,10694c6e-c27f-41c8-a30d-5902655236c8,1635696293628,13.3977824,52.4802942,8.180222,-0.6292973,2.4915524,3.92311,on bike mount,cyclo cross,True,concrete plates,good
aa460e9e-5072-4184-b5d4-d40d99b4c733,5578d37b-2d05-4953-9257-83ae91099c82,ea86ab7f-0f4b-4b03-bb0a-362aebbd8c97,1635696293683,13.3977824,52.4802942,8.180222,0.0353781,1.1256347,-3.5260096,on bike mount,cyclo cross,True,concrete plates,good
aa460e9e-5072-4184-b5d4-d40d99b4c733,5578d37b-2d05-4953-9257-83ae91099c82,9a6c41b7-9fd2-451c-9464-7ef05ca3baf6,1635696293746,13.397663,52.4802955,8.179945,0.44403014,-2.741494,-1.4799948,on bike mount,cyclo cross,True,concrete plates,good
aa460e9e-5072-4184-b5d4-d40d99b4c733,5578d37b-2d05-4953-9257-83ae91099c82,bb502e77-07fc-46c0-8139-d7dbf77ef68e,1635696293796,13.397663,52.4802955,8.179945,-0.19487327,3.2426963,-0.7440481,on bike mount,cyclo cross,True,concrete plates,good
aa460e9e-5072-4184-b5d4-d40d99b4c733,5578d37b-2d05-4953-9257-83ae91099c82,251ab103-032d-4f4c-8bad-76e831829c18,1635696293847,13.397663,52.4802955,8.179945,0.8022676,-0.037104487,0.6722107,on bike mount,cyclo cross,True,concrete plates,good
aa460e9e-5072-4184-b5d4-d40d99b4c733,5578d37b-2d05-4953-9257-83ae91099c82,167bb73d-02f3-4c16-903b-92527d67d111,1635696293896,13.397663,52.4802955,8.179945,1.7297645,1.087404,2.159666,on bike mount,cyclo cross,True,concrete plates,good
aa460e9e-5072-4184-b5d4-d40d99b4c733,5578d37b-2d05-4953-9257-83ae91099c82,78abf8da-a4c1-4e79-8988-0354ebb19b31,1635696293948,13.397663,52.4802955,8.179945,1.1350472,-0.19488037,2.39534,on bike mount,cyclo cross,True,concrete plates,good
aa460e9e-5072-4184-b5d4-d40d99b4c733,5578d37b-2d05-4953-9257-83ae91099c82,947301f9-fafb-40d7-919e-847b0df5aafa,1635696293998,13.397663,52.4802955,8.179945,3.8318796,1.9580488,0.16079617,on bike mount,cyclo cross,True,concrete plates,good
aa460e9e-5072-4184-b5d4-d40d99b4c733,5578d37b-2d05-4953-9257-83ae91099c82,ec0d6116-ac4c-4c27-ae08-64e9fd93ffaa,1635696294048,13.397663,52.4802955,8.179945,0.8390729,-4.3956776,1.9063702,on bike mount,cyclo cross,True,concrete plates,good
aa460e9e-5072-4184-b5d4-d40d99b4c733,5578d37b-2d05-4953-9257-83ae91099c82,52e17477-1098-4afc-b96e-20212c66f2f2,1635696294112,13.397663,52.4802955,8.179945,-0.29690754,1.8437448,-1.0886569,on bike mount,cyclo cross,True,concrete plates,good
aa460e9e-5072-4184-b5d4-d40d99b4c733,5578d37b-2d05-4953-9257-83ae91099c82,ff4a8d9b-e933-43e4-af3a-7ae54af4057c,1635696294165,13.397663,52.4802955,8.179945,-1.3478849,-1.734003,0.7053127,on bike mount,cyclo cross,True,concrete plates,good
aa460e9e-5072-4184-b5d4-d40d99b4c733,5578d37b-2d05-4953-9257-83ae91099c82,7d39b3cf-e88e-49d0-bb85-c652ff43b18e,1635696294215,13.397663,52.4802955,8.179945,-0.6893711,1.4827642,-0.29773808,on bike mount,cyclo cross,True,concrete plates,good
aa460e9e-5072-4184-b5d4-d40d99b4c733,5578d37b-2d05-4953-9257-83ae91099c82,b37ec372-41cd-436d-b52a-9f49381495ab,1635696294266,13.397663,52.4802955,8.179945,0.12801099,0.10740781,2.4620237,on bike mount,cyclo cross,True,concrete plates,good
aa460e9e-5072-4184-b5d4-d40d99b4c733,5578d37b-2d05-4953-9257-83ae91099c82,e68a878c-b5cb-40ce-be94-98be819a5cc3,1635696294332,13.397663,52.4802955,8.179945,1.0486746,-1.1642742,2.821062,on bike mount,cyclo cross,True,concrete plates,good
aa460e9e-5072-4184-b5d4-d40d99b4c733,5578d37b-2d05-4953-9257-83ae91099c82,24e6e41b-8ad4-4cca-b299-f67ff30d706a,1635696294381,13.397663,52.4802955,8.179945,-0.9247627,1.8710461,-3.8826709,on bike mount,cyclo cross,True,concrete plates,good
aa460e9e-5072-4184-b5d4-d40d99b4c733,5578d37b-2d05-4953-9257-83ae91099c82,a24e144a-4772-434d-b814-4d70c7ca7a05,1635696294432,13.397663,52.4802955,8.179945,2.429706,-2.4948924,2.3294878,on bike mount,cyclo cross,True,concrete plates,good
aa460e9e-5072-4184-b5d4-d40d99b4c733,5578d37b-2d05-4953-9257-83ae91099c82,f8ebdb48-1d4e-439d-9d29-46207de43851,1635696294484,13.397663,52.4802955,8.179945,0.5611778,-0.4072485,-3.950455,on bike mount,cyclo cross,True,concrete plates,good
aa460e9e-5072-4184-b5d4-d40d99b4c733,5578d37b-2d05-4953-9257-83ae91099c82,53540995-f8b5-4b15-828d-6aeee4aa877b,1635696294549,13.397663,52.4802955,8.179945,0.9305862,-0.6998768,-2.5757976,on bike mount,cyclo cross,True,concrete plates,good
aa460e9e-5072-4184-b5d4-d40d99b4c733,5578d37b-2d05-4953-9257-83ae91099c82,8e5c4bf6-9f06-44b4-9097-c36d036dc3cc,1635696294619,13.397663,52.4802955,8.179945,0.08192548,-0.9104488,1.2205982,on bike mount,cyclo cross,True,concrete plates,good
aa460e9e-5072-4184-b5d4-d40d99b4c733,5578d37b-2d05-4953-9257-83ae91099c82,709a2f55-1ba3-4a67-86fc-03969d4e6108,1635696294685,13.397663,52.4802955,8.179945,0.12512112,-2.5235746,-0.010097504,on bike mount,cyclo cross,True,concrete plates,good
aa460e9e-5072-4184-b5d4-d40d99b4c733,5578d37b-2d05-4953-9257-83ae91099c82,83a8d8be-95a5-4b96-9334-a9b2527c51ff,1635696294748,13.3975431,52.480291,8.189867,-0.18306428,-0.001347065,-1.9109206,on bike mount,cyclo cross,True,concrete plates,good
aa460e9e-5072-4184-b5d4-d40d99b4c733,5578d37b-2d05-4953-9257-83ae91099c82,b1418a92-576c-4a8d-a36f-502d6110732e,1635696294798,13.3975431,52.480291,8.189867,1.0534041,-1.0225203,0.35842323,on bike mount,cyclo cross,True,concrete plates,good
aa460e9e-5072-4184-b5d4-d40d99b4c733,5578d37b-2d05-4953-9257-83ae91099c82,d4776ef0-8b74-41fd-b4ab-7e73c5cca905,1635696294848,13.3975431,52.480291,8.189867,1.1619542,0.6128137,2.6534567,on bike mount,cyclo cross,True,concrete plates,good
aa460e9e-5072-4184-b5d4-d40d99b4c733,5578d37b-2d05-4953-9257-83ae91099c82,21a13b10-a045-478d-bb04-9268878d9757,1635696294899,13.3975431,52.480291,8.189867,-0.005326867,1.5750546,0.041451454,on bike mount,cyclo cross,True,concrete plates,good
aa460e9e-5072-4184-b5d4-d40d99b4c733,5578d37b-2d05-4953-9257-83ae91099c82,58e93689-e835-4a1a-b896-bdd7bd3220c7,1635696294948,13.3975431,52.480291,8.189867,0.38742793,-1.3543044,4.9461145,on bike mount,cyclo cross,True,concrete plates,good
aa460e9e-5072-4184-b5d4-d40d99b4c733,5578d37b-2d05-4953-9257-83ae91099c82,1471d403-1047-4274-8d2f-b02ab6210814,1635696294997,13.3975431,52.480291,8.189867,0.36306128,-1.097228,2.2107458,on bike mount,cyclo cross,True,concrete plates,good
aa460e9e-5072-4184-b5d4-d40d99b4c733,5578d37b-2d05-4953-9257-83ae91099c82,bb4e8f1e-38d1-400f-91fc-648bf90918b2,1635696295047,13.3975431,52.480291,8.189867,0.6553523,-1.0086775,-4.2518454,on bike mount,cyclo cross,True,concrete plates,good
aa460e9e-5072-4184-b5d4-d40d99b4c733,5578d37b-2d05-4953-9257-83ae91099c82,fdab68fc-9b7a-40d1-9376-9fd8695d6ded,1635696295099,13.3975431,52.480291,8.189867,0.3171335,-3.027787,0.3268814,on bike mount,cyclo cross,True,concrete plates,good
aa460e9e-5072-4184-b5d4-d40d99b4c733,5578d37b-2d05-4953-9257-83ae91099c82,50570446-01f9-4a98-9890-cb3923e59f97,1635696295149,13.3975431,52.480291,8.189867,1.6411371,-1.1771139,-0.45943928,on bike mount,cyclo cross,True,concrete plates,good
aa460e9e-5072-4184-b5d4-d40d99b4c733,5578d37b-2d05-4953-9257-83ae91099c82,85d87468-18f5-426b-b511-46b614b8e5e6,1635696295199,13.3975431,52.480291,8.189867,-1.3450222,1.6130447,1.1314192,on bike mount,cyclo cross,True,concrete plates,good
aa460e9e-5072-4184-b5d4-d40d99b4c733,5578d37b-2d05-4953-9257-83ae91099c82,198fac18-953c-472e-83e4-ac23d20e26d4,1635696295250,13.3975431,52.480291,8.189867,0.61443734,-0.9181336,0.1468296,on bike mount,cyclo cross,True,concrete plates,good
aa460e9e-5072-4184-b5d4-d40d99b4c733,5578d37b-2d05-4953-9257-83ae91099c82,fe417bfd-fe6e-46a8-9742-65503ce5eccc,1635696295299,13.3975431,52.480291,8.189867,-0.17630985,-2.057261,-2.585588,on bike mount,cyclo cross,True,concrete plates,good
aa460e9e-5072-4184-b5d4-d40d99b4c733,5578d37b-2d05-4953-9257-83ae91099c82,65bfe7ef-2070-417e-ad31-e64e9cc8fe3a,1635696295351,13.3975431,52.480291,8.189867,0.8101232,-2.115678,-2.0601416,on bike mount,cyclo cross,True,concrete plates,good
aa460e9e-5072-4184-b5d4-d40d99b4c733,5578d37b-2d05-4953-9257-83ae91099c82,22b2c67a-e4ad-4354-91b4-2addb2ad3934,1635696295402,13.3975431,52.480291,8.189867,-0.5082451,-2.0772903,1.9226036,on bike mount,cyclo cross,True,concrete plates,good
aa460e9e-5072-4184-b5d4-d40d99b4c733,5578d37b-2d05-4953-9257-83ae91099c82,13287140-b46e-4972-9b95-1d2d34b43855,1635696295467,13.3975431,52.480291,8.189867,0.10402284,-2.6121068,2.1975088,on bike mount,cyclo cross,True,concrete plates,good
aa460e9e-5072-4184-b5d4-d40d99b4c733,5578d37b-2d05-4953-9257-83ae91099c82,b7ab71da-b257-49f9-a6a3-7f84794c4113,1635696295517,13.3975431,52.480291,8.189867,-0.1308136,-1.4741266,2.00669,on bike mount,cyclo cross,True,concrete plates,good
aa460e9e-5072-4184-b5d4-d40d99b4c733,5578d37b-2d05-4953-9257-83ae91099c82,db98f42a-28d0-43e8-ab4a-e6c4c5d088f6,1635696295568,13.3975431,52.480291,8.189867,-0.57062036,2.7908125,-5.6183357,on bike mount,cyclo cross,True,concrete plates,good
aa460e9e-5072-4184-b5d4-d40d99b4c733,5578d37b-2d05-4953-9257-83ae91099c82,73fae472-3115-46b6-9ed3-d4d3dd78ecd1,1635696295633,13.3975431,52.480291,8.189867,3.0974555,5.7737217,-2.5495489,on bike mount,cyclo cross,True,concrete plates,good
aa460e9e-5072-4184-b5d4-d40d99b4c733,5578d37b-2d05-4953-9257-83ae91099c82,4f3954dd-0266-4de7-b485-e410d3834775,1635696295685,13.3975431,52.480291,8.189867,-0.01954326,0.0764122,3.069522,on bike mount,cyclo cross,True,concrete plates,good
aa460e9e-5072-4184-b5d4-d40d99b4c733,5578d37b-2d05-4953-9257-83ae91099c82,768cb36b-1662-42a9-ae92-1ac8fd7e4566,1635696295749,13.3974239,52.4802937,8.141522,-0.20392993,-3.2805917,2.9133062,on bike mount,cyclo cross,True,concrete plates,good
aa460e9e-5072-4184-b5d4-d40d99b4c733,5578d37b-2d05-4953-9257-83ae91099c82,92444c60-f084-478c-8c9e-08e88d0c7b27,1635696295801,13.3974239,52.4802937,8.141522,-0.49509698,1.1213312,-0.26544094,on bike mount,cyclo cross,True,concrete plates,good
aa460e9e-5072-4184-b5d4-d40d99b4c733,5578d37b-2d05-4953-9257-83ae91099c82,da54a544-20fd-490c-9732-afb654f0b685,1635696295852,13.3974239,52.4802937,8.141522,1.0432389,0.4133253,-2.5093765,on bike mount,cyclo cross,True,concrete plates,good
aa460e9e-5072-4184-b5d4-d40d99b4c733,5578d37b-2d05-4953-9257-83ae91099c82,233ebd1a-7a62-4841-8973-9667b5f02708,1635696295901,13.3974239,52.4802937,8.141522,0.29178026,0.44201732,-0.10489941,on bike mount,cyclo cross,True,concrete plates,good
aa460e9e-5072-4184-b5d4-d40d99b4c733,5578d37b-2d05-4953-9257-83ae91099c82,705e1be5-ce99-4435-8d35-26ffd89eb6c3,1635696295953,13.3974239,52.4802937,8.141522,-1.2051175,4.506031,-0.1259036,on bike mount,cyclo cross,True,concrete plates,good
aa460e9e-5072-4184-b5d4-d40d99b4c733,5578d37b-2d05-4953-9257-83ae91099c82,3ae87a9d-0b3f-49db-8e53-e65db642aa1a,1635696296017,13.3974239,52.4802937,8.141522,-1.1504933,-2.5503228,-1.9950042,on bike mount,cyclo cross,True,concrete plates,good
aa460e9e-5072-4184-b5d4-d40d99b4c733,5578d37b-2d05-4953-9257-83ae91099c82,26052ffd-7b64-40c0-861d-53c5bdad680d,1635696296070,13.3974239,52.4802937,8.141522,0.86072266,3.2531285,-7.98126,on bike mount,cyclo cross,True,concrete plates,good
aa460e9e-5072-4184-b5d4-d40d99b4c733,5578d37b-2d05-4953-9257-83ae91099c82,5479a07c-baf8-4b51-8fb8-05d13205455a,1635696296138,13.3974239,52.4802937,8.141522,1.2514086,0.31233406,-1.8525138,on bike mount,cyclo cross,True,concrete plates,good
aa460e9e-5072-4184-b5d4-d40d99b4c733,5578d37b-2d05-4953-9257-83ae91099c82,5791f055-027c-443b-913c-48d14ec1e290,1635696296202,13.3974239,52.4802937,8.141522,-1.3138926,-1.30233,-2.7296667,on bike mount,cyclo cross,True,concrete plates,good
aa460e9e-5072-4184-b5d4-d40d99b4c733,5578d37b-2d05-4953-9257-83ae91099c82,fba3822b-0eab-487b-9e6a-b40e54218544,1635696296255,13.3974239,52.4802937,8.141522,1.2687373,-0.52621365,2.6075907,on bike mount,cyclo cross,True,concrete plates,good
aa460e9e-5072-4184-b5d4-d40d99b4c733,5578d37b-2d05-4953-9257-83ae91099c82,0badd95e-4c01-49fe-85d9-a0e326836794,1635696296317,13.3974239,52.4802937,8.141522,-0.67979866,-2.3309174,3.7909803,on bike mount,cyclo cross,True,concrete plates,good
