bike_activity_uid,bike_activity_sample_uid,bike_activity_measurement,bike_activity_measurement_timestamp,bike_activity_measurement_lon,bike_activity_measurement_lat,bike_activity_measurement_speed,bike_activity_measurement_accelerometer_x,bike_activity_measurement_accelerometer_y,bike_activity_measurement_accelerometer_z,bike_activity_phone_position,bike_activity_bike_type,bike_activity_flagged_lab_conditions,bike_activity_surface_type,bike_activity_smoothness_type
c30021c9-29a0-469f-8f0c-1e4cb6e47c66,6c792f98-9451-49cd-9330-6ff7176acfa2,fcc4ec4b-08ec-48ce-a9d6-382bb3190e31,1635687385832,13.4147076,52.4865405,4.714312,0.7770687,-0.08647227,1.3437042,on bike mount,cyclo cross,True,asphalt,excellent
c30021c9-29a0-469f-8f0c-1e4cb6e47c66,6c792f98-9451-49cd-9330-6ff7176acfa2,88abaf43-3e8b-4827-be0c-9f3bfbddc766,1635687385882,13.4147076,52.4865405,4.714312,-0.30986822,0.8960829,0.62846947,on bike mount,cyclo cross,True,asphalt,excellent
c30021c9-29a0-469f-8f0c-1e4cb6e47c66,6c792f98-9451-49cd-9330-6ff7176acfa2,4c75e65d-df52-4b3e-a5cb-b407f906076a,1635687385934,13.4147076,52.4865405,4.714312,0.45732728,-0.6920767,1.5600567,on bike mount,cyclo cross,True,asphalt,excellent
c30021c9-29a0-469f-8f0c-1e4cb6e47c66,6c792f98-9451-49cd-9330-6ff7176acfa2,cbf7328b-2664-4f13-97c3-052460d6fd4a,1635687385999,13.4147076,52.4865405,4.714312,1.1618776,0.8024745,-0.9758744,on bike mount,cyclo cross,True,asphalt,excellent
c30021c9-29a0-469f-8f0c-1e4cb6e47c66,6c792f98-9451-49cd-9330-6ff7176acfa2,a6e5bba9-4219-43b1-9c09-08d2f8dbb1bb,1635687386050,13.4147076,52.4865405,4.714312,2.3973448,0.08009124,-0.049635887,on bike mount,cyclo cross,True,asphalt,excellent
c30021c9-29a0-469f-8f0c-1e4cb6e47c66,6c792f98-9451-49cd-9330-6ff7176acfa2,9b9d5146-378a-42b3-a8df-3f85de46d1a9,1635687386100,13.4147076,52.4865405,4.714312,0.5492649,0.37964916,-1.738864,on bike mount,cyclo cross,True,asphalt,excellent
c30021c9-29a0-469f-8f0c-1e4cb6e47c66,6c792f98-9451-49cd-9330-6ff7176acfa2,0ef49c5e-35f6-4e2c-98d1-e5d9cc014121,1635687386150,13.4147076,52.4865405,4.714312,-0.024376988,-0.25863266,0.01834774,on bike mount,cyclo cross,True,asphalt,excellent
c30021c9-29a0-469f-8f0c-1e4cb6e47c66,6c792f98-9451-49cd-9330-6ff7176acfa2,2b5c6191-aee0-461e-9c6d-9b711cc4c5f9,1635687386202,13.4147076,52.4865405,4.714312,1.9548522,-0.8629463,2.0445642,on bike mount,cyclo cross,True,asphalt,excellent
c30021c9-29a0-469f-8f0c-1e4cb6e47c66,6c792f98-9451-49cd-9330-6ff7176acfa2,951e61b0-72b3-43e8-8901-48725cbe6787,1635687386269,13.4147076,52.4865405,4.714312,0.71942383,-0.08591175,-1.8579831,on bike mount,cyclo cross,True,asphalt,excellent
c30021c9-29a0-469f-8f0c-1e4cb6e47c66,6c792f98-9451-49cd-9330-6ff7176acfa2,6105b222-3a6c-4f65-8f06-695cd93723ab,1635687386319,13.4147076,52.4865405,4.714312,0.21191812,-0.04931116,-0.009533882,on bike mount,cyclo cross,True,asphalt,excellent
c30021c9-29a0-469f-8f0c-1e4cb6e47c66,6c792f98-9451-49cd-9330-6ff7176acfa2,0e6a88f6-38fc-4a86-8bbf-db0f6c5bdcca,1635687386384,13.4147076,52.4865405,4.714312,2.5992548,-1.5542476,-0.3744917,on bike mount,cyclo cross,True,asphalt,excellent
c30021c9-29a0-469f-8f0c-1e4cb6e47c66,6c792f98-9451-49cd-9330-6ff7176acfa2,50598cdf-8306-4dfa-a791-f8ed7ffac7dd,1635687386435,13.4147076,52.4865405,4.714312,0.053538084,0.35937548,-0.4360819,on bike mount,cyclo cross,True,asphalt,excellent
c30021c9-29a0-469f-8f0c-1e4cb6e47c66,6c792f98-9451-49cd-9330-6ff7176acfa2,ec54793f-d80d-4823-8966-357ac6599482,1635687386502,13.4147076,52.4865405,4.714312,0.049384356,0.28035522,-0.19681454,on bike mount,cyclo cross,True,asphalt,excellent
c30021c9-29a0-469f-8f0c-1e4cb6e47c66,6c792f98-9451-49cd-9330-6ff7176acfa2,e9f7719c-3b33-4b76-b822-4eb942ca8080,1635687386552,13.4147076,52.4865405,4.714312,0.172876,0.023085356,0.1309681,on bike mount,cyclo cross,True,asphalt,excellent
c30021c9-29a0-469f-8f0c-1e4cb6e47c66,6c792f98-9451-49cd-9330-6ff7176acfa2,e8dbca51-fc15-4a5e-9804-0c96dca575f7,1635687386603,13.4147076,52.4865405,4.714312,0.13990462,-1.2052162,-1.480217,on bike mount,cyclo cross,True,asphalt,excellent
c30021c9-29a0-469f-8f0c-1e4cb6e47c66,6c792f98-9451-49cd-9330-6ff7176acfa2,70309355-fdad-47c6-b7ae-69c1ae840b2c,1635687386653,13.4147076,52.4865405,4.714312,0.014960051,0.6790278,0.29469585,on bike mount,cyclo cross,True,asphalt,excellent
c30021c9-29a0-469f-8f0c-1e4cb6e47c66,6c792f98-9451-49cd-9330-6ff7176acfa2,7adc1425-8767-40ba-bd47-e73d9d44d9ee,1635687386703,13.4147411,52.4865051,4.175599,-0.2787797,0.26683068,0.17028236,on bike mount,cyclo cross,True,asphalt,excellent
c30021c9-29a0-469f-8f0c-1e4cb6e47c66,6c792f98-9451-49cd-9330-6ff7176acfa2,7e36136e-5a25-4d8f-abe4-fa396c2163b7,1635687386769,13.4147411,52.4865051,4.175599,0.06690085,1.4353237,-1.7569132,on bike mount,cyclo cross,True,asphalt,excellent
c30021c9-29a0-469f-8f0c-1e4cb6e47c66,6c792f98-9451-49cd-9330-6ff7176acfa2,c18ab17f-792b-4ac1-9016-1340d6703830,1635687386819,13.4147411,52.4865051,4.175599,-0.3522454,1.0229733,0.10534668,on bike mount,cyclo cross,True,asphalt,excellent
c30021c9-29a0-469f-8f0c-1e4cb6e47c66,6c792f98-9451-49cd-9330-6ff7176acfa2,7bf0e6a6-dd0f-45d9-931d-c684550eaf93,1635687386885,13.4147411,52.4865051,4.175599,0.2979233,-0.48171806,2.574644,on bike mount,cyclo cross,True,asphalt,excellent
c30021c9-29a0-469f-8f0c-1e4cb6e47c66,6c792f98-9451-49cd-9330-6ff7176acfa2,6db1df47-af32-4daf-8a90-dfaa9479c372,1635687386937,13.4147411,52.4865051,4.175599,0.18041416,-2.1822536,-0.8525367,on bike mount,cyclo cross,True,asphalt,excellent
c30021c9-29a0-469f-8f0c-1e4cb6e47c66,6c792f98-9451-49cd-9330-6ff7176acfa2,bcc34e79-564e-4857-8ed2-8b8b767ab5f2,1635687387001,13.4147411,52.4865051,4.175599,0.5170069,-1.2898726,-0.1905508,on bike mount,cyclo cross,True,asphalt,excellent
c30021c9-29a0-469f-8f0c-1e4cb6e47c66,6c792f98-9451-49cd-9330-6ff7176acfa2,f9def542-7eb5-4edc-b402-46ef1c6781eb,1635687387052,13.4147411,52.4865051,4.175599,0.21942024,0.67680264,-0.44360828,on bike mount,cyclo cross,True,asphalt,excellent
c30021c9-29a0-469f-8f0c-1e4cb6e47c66,6c792f98-9451-49cd-9330-6ff7176acfa2,22b65df2-17e4-4e98-93c4-ebdd5e8f9b36,1635687387103,13.4147411,52.4865051,4.175599,-0.29465503,-0.20676732,0.1845913,on bike mount,cyclo cross,True,asphalt,excellent
c30021c9-29a0-469f-8f0c-1e4cb6e47c66,6c792f98-9451-49cd-9330-6ff7176acfa2,902dc914-d7c6-4d86-8ee5-67f659faa784,1635687387153,13.4147411,52.4865051,4.175599,0.124064535,0.53632283,0.41028595,on bike mount,cyclo cross,True,asphalt,excellent
c30021c9-29a0-469f-8f0c-1e4cb6e47c66,6c792f98-9451-49cd-9330-6ff7176acfa2,f4730986-8e2d-4191-9fd9-bdd75257d92f,1635687387204,13.4147411,52.4865051,4.175599,0.27700853,0.39238143,-2.1374388,on bike mount,cyclo cross,True,asphalt,excellent
c30021c9-29a0-469f-8f0c-1e4cb6e47c66,6c792f98-9451-49cd-9330-6ff7176acfa2,cfd25287-9d99-4ab7-bb9f-a9d4f7097274,1635687387254,13.4147411,52.4865051,4.175599,0.38193154,-0.534318,1.0387125,on bike mount,cyclo cross,True,asphalt,excellent
c30021c9-29a0-469f-8f0c-1e4cb6e47c66,6c792f98-9451-49cd-9330-6ff7176acfa2,84d172cb-b085-4e03-9abf-6de8f5f1cfcc,1635687387304,13.4147411,52.4865051,4.175599,0.8140808,0.87547565,-0.10665035,on bike mount,cyclo cross,True,asphalt,excellent
c30021c9-29a0-469f-8f0c-1e4cb6e47c66,6c792f98-9451-49cd-9330-6ff7176acfa2,5ae7baca-d07f-48c4-968e-72739ec5f89d,1635687387370,13.4147411,52.4865051,4.175599,0.9090715,-1.725179,-1.8172464,on bike mount,cyclo cross,True,asphalt,excellent
c30021c9-29a0-469f-8f0c-1e4cb6e47c66,6c792f98-9451-49cd-9330-6ff7176acfa2,e74ba42d-35ec-453d-83b9-6fa91bb6f3c4,1635687387422,13.4147411,52.4865051,4.175599,0.16261876,1.080368,-1.6672316,on bike mount,cyclo cross,True,asphalt,excellent
c30021c9-29a0-469f-8f0c-1e4cb6e47c66,6c792f98-9451-49cd-9330-6ff7176acfa2,abd625b6-c429-4964-910e-07b8ac9e7e4a,1635687387487,13.4147411,52.4865051,4.175599,0.94035876,-0.849962,-0.4397993,on bike mount,cyclo cross,True,asphalt,excellent
c30021c9-29a0-469f-8f0c-1e4cb6e47c66,6c792f98-9451-49cd-9330-6ff7176acfa2,f8ab28e6-9607-4b67-847e-b4550bef66e9,1635687387539,13.4147411,52.4865051,4.175599,1.1662923,-0.66984916,-0.6424694,on bike mount,cyclo cross,True,asphalt,excellent
c30021c9-29a0-469f-8f0c-1e4cb6e47c66,6c792f98-9451-49cd-9330-6ff7176acfa2,57d9b531-d63f-466e-86b8-1e8c30ec9934,1635687387589,13.4147411,52.4865051,4.175599,2.7264962,2.6720295,2.71037,on bike mount,cyclo cross,True,asphalt,excellent
c30021c9-29a0-469f-8f0c-1e4cb6e47c66,6c792f98-9451-49cd-9330-6ff7176acfa2,57f3f71f-3bd9-4662-8b0d-afe9debbb252,1635687387657,13.4147411,52.4865051,4.175599,0.93982375,0.80127096,0.972559,on bike mount,cyclo cross,True,asphalt,excellent
c30021c9-29a0-469f-8f0c-1e4cb6e47c66,6c792f98-9451-49cd-9330-6ff7176acfa2,77f5cacc-0fc5-4440-9c7e-7f6285b5641d,1635687387720,13.4147683,52.4864701,3.8379195,1.2861663,-3.3800178,-1.6859002,on bike mount,cyclo cross,True,asphalt,excellent
c30021c9-29a0-469f-8f0c-1e4cb6e47c66,6c792f98-9451-49cd-9330-6ff7176acfa2,9e54598b-18f5-4f21-bf31-0afc19d7c43b,1635687387772,13.4147683,52.4864701,3.8379195,2.6092517,0.4704783,1.175065,on bike mount,cyclo cross,True,asphalt,excellent
c30021c9-29a0-469f-8f0c-1e4cb6e47c66,6c792f98-9451-49cd-9330-6ff7176acfa2,dac8bdaf-59fa-488a-8976-58c5ec748291,1635687387839,13.4147683,52.4864701,3.8379195,0.44412625,0.46007085,-0.7744217,on bike mount,cyclo cross,True,asphalt,excellent
c30021c9-29a0-469f-8f0c-1e4cb6e47c66,6c792f98-9451-49cd-9330-6ff7176acfa2,de469832-de04-4632-8148-72a1c13a334c,1635687387888,13.4147683,52.4864701,3.8379195,1.0718731,-0.15286589,1.5762138,on bike mount,cyclo cross,True,asphalt,excellent
c30021c9-29a0-469f-8f0c-1e4cb6e47c66,6c792f98-9451-49cd-9330-6ff7176acfa2,5ec9ce12-12ba-4c5c-8ca8-11b7e3ad49cd,1635687387939,13.4147683,52.4864701,3.8379195,1.6097836,1.8065958,-0.23066139,on bike mount,cyclo cross,True,asphalt,excellent
c30021c9-29a0-469f-8f0c-1e4cb6e47c66,6c792f98-9451-49cd-9330-6ff7176acfa2,10b555e6-0bd1-4488-a746-7129260d67da,1635687388004,13.4147683,52.4864701,3.8379195,1.260226,-0.73639536,-1.0925493,on bike mount,cyclo cross,True,asphalt,excellent
c30021c9-29a0-469f-8f0c-1e4cb6e47c66,6c792f98-9451-49cd-9330-6ff7176acfa2,430eab87-b300-4fe9-916a-2a866c5c2e3e,1635687388054,13.4147683,52.4864701,3.8379195,-0.41253686,-0.71417713,-1.3747759,on bike mount,cyclo cross,True,asphalt,excellent
c30021c9-29a0-469f-8f0c-1e4cb6e47c66,6c792f98-9451-49cd-9330-6ff7176acfa2,8d1ba192-f09b-43f3-bbda-d6d2a9bfd748,1635687388106,13.4147683,52.4864701,3.8379195,-0.27435207,-0.6433854,8.652458,on bike mount,cyclo cross,True,asphalt,excellent
c30021c9-29a0-469f-8f0c-1e4cb6e47c66,6c792f98-9451-49cd-9330-6ff7176acfa2,19b396a2-1ad7-4ea0-8a36-8d1999f34dc1,1635687388156,13.4147683,52.4864701,3.8379195,0.5519706,-2.205907,-1.144978,on bike mount,cyclo cross,True,asphalt,excellent
c30021c9-29a0-469f-8f0c-1e4cb6e47c66,6c792f98-9451-49cd-9330-6ff7176acfa2,3c3f6760-30f3-4fa5-8577-bc60cb96773b,1635687388206,13.4147683,52.4864701,3.8379195,0.7007165,-1.5751983,-1.1870904,on bike mount,cyclo cross,True,asphalt,excellent
c30021c9-29a0-469f-8f0c-1e4cb6e47c66,6c792f98-9451-49cd-9330-6ff7176acfa2,c59ea24a-90a1-4c05-8339-39e20e3bb6f8,1635687388256,13.4147683,52.4864701,3.8379195,1.1812637,0.7470348,0.66608334,on bike mount,cyclo cross,True,asphalt,excellent
c30021c9-29a0-469f-8f0c-1e4cb6e47c66,6c792f98-9451-49cd-9330-6ff7176acfa2,b85b5685-52a0-4faf-aec0-4fec6011d728,1635687388306,13.4147683,52.4864701,3.8379195,0.17742944,0.04728365,-0.37580585,on bike mount,cyclo cross,True,asphalt,excellent
c30021c9-29a0-469f-8f0c-1e4cb6e47c66,6c792f98-9451-49cd-9330-6ff7176acfa2,0517b877-2d36-43fe-aec0-adcd84bdabda,1635687388356,13.4147683,52.4864701,3.8379195,1.3277918,1.2179999,2.8945246,on bike mount,cyclo cross,True,asphalt,excellent
c30021c9-29a0-469f-8f0c-1e4cb6e47c66,6c792f98-9451-49cd-9330-6ff7176acfa2,d9c84986-3699-42e0-9d22-e116bf82d721,1635687388407,13.4147683,52.4864701,3.8379195,0.40238884,-1.9559524,-1.1859136,on bike mount,cyclo cross,True,asphalt,excellent
c30021c9-29a0-469f-8f0c-1e4cb6e47c66,6c792f98-9451-49cd-9330-6ff7176acfa2,802a25e6-2531-4a83-ba10-9961a2568649,1635687388471,13.4147683,52.4864701,3.8379195,1.08818,-0.82169545,-0.934371,on bike mount,cyclo cross,True,asphalt,excellent
c30021c9-29a0-469f-8f0c-1e4cb6e47c66,6c792f98-9451-49cd-9330-6ff7176acfa2,ef556619-da98-4cd0-ae0d-e45b17a15508,1635687388523,13.4147683,52.4864701,3.8379195,-1.184078,2.1094623,0.33884335,on bike mount,cyclo cross,True,asphalt,excellent
c30021c9-29a0-469f-8f0c-1e4cb6e47c66,6c792f98-9451-49cd-9330-6ff7176acfa2,cb7ebd15-72d3-40e9-aa04-2b97bd8d096e,1635687388574,13.4147683,52.4864701,3.8379195,-0.45944786,-0.00038576126,-0.82900715,on bike mount,cyclo cross,True,asphalt,excellent
c30021c9-29a0-469f-8f0c-1e4cb6e47c66,6c792f98-9451-49cd-9330-6ff7176acfa2,1823c2fd-cc7c-4677-a1a2-e381acbb4955,1635687388639,13.4147683,52.4864701,3.8379195,-1.1668209,0.4028082,-0.44517708,on bike mount,cyclo cross,True,asphalt,excellent
c30021c9-29a0-469f-8f0c-1e4cb6e47c66,6c792f98-9451-49cd-9330-6ff7176acfa2,d16e57e2-e3a5-474e-ae50-0555f7507a77,1635687388691,13.4147741,52.4864358,3.9569426,0.028207602,-3.0390267,-0.25110912,on bike mount,cyclo cross,True,asphalt,excellent
c30021c9-29a0-469f-8f0c-1e4cb6e47c66,6c792f98-9451-49cd-9330-6ff7176acfa2,700b252c-800f-4e69-8907-6215814a5b08,1635687388741,13.4147741,52.4864358,3.9569426,-0.35424268,-0.43800306,0.8658743,on bike mount,cyclo cross,True,asphalt,excellent
c30021c9-29a0-469f-8f0c-1e4cb6e47c66,6c792f98-9451-49cd-9330-6ff7176acfa2,6fcfd47f-06ef-487d-8c1f-41e4ae5c7469,1635687388807,13.4147741,52.4864358,3.9569426,-0.48900867,1.7956982,-0.4434309,on bike mount,cyclo cross,True,asphalt,excellent
c30021c9-29a0-469f-8f0c-1e4cb6e47c66,6c792f98-9451-49cd-9330-6ff7176acfa2,3a2cae98-5999-467b-a496-00404048ea43,1635687388874,13.4147741,52.4864358,3.9569426,-0.75684464,1.9039412,1.0450602,on bike mount,cyclo cross,True,asphalt,excellent
c30021c9-29a0-469f-8f0c-1e4cb6e47c66,6c792f98-9451-49cd-9330-6ff7176acfa2,f6978643-17bd-4f91-8150-c32e5d1d9ee2,1635687388939,13.4147741,52.4864358,3.9569426,-1.215858,-1.1884701,0.07703972,on bike mount,cyclo cross,True,asphalt,excellent
c30021c9-29a0-469f-8f0c-1e4cb6e47c66,6c792f98-9451-49cd-9330-6ff7176acfa2,97bbc865-88f3-4969-aed1-75473373fa6e,1635687388990,13.4147741,52.4864358,3.9569426,-0.39035806,-0.59747434,0.18903923,on bike mount,cyclo cross,True,asphalt,excellent
c30021c9-29a0-469f-8f0c-1e4cb6e47c66,6c792f98-9451-49cd-9330-6ff7176acfa2,24182400-f7fb-425d-8311-5319be060c70,1635687389040,13.4147741,52.4864358,3.9569426,-0.043587267,0.9002199,0.14423943,on bike mount,cyclo cross,True,asphalt,excellent
c30021c9-29a0-469f-8f0c-1e4cb6e47c66,6c792f98-9451-49cd-9330-6ff7176acfa2,9791769c-c1bd-4dd4-9c47-8ff63fb97eaa,1635687389092,13.4147741,52.4864358,3.9569426,0.11313856,0.820966,-0.53097534,on bike mount,cyclo cross,True,asphalt,excellent
c30021c9-29a0-469f-8f0c-1e4cb6e47c66,6c792f98-9451-49cd-9330-6ff7176acfa2,ee4cabb4-20c5-4f4c-a7b4-c579ba76fcc7,1635687389156,13.4147741,52.4864358,3.9569426,0.5661243,0.06449461,1.0168905,on bike mount,cyclo cross,True,asphalt,excellent
c30021c9-29a0-469f-8f0c-1e4cb6e47c66,6c792f98-9451-49cd-9330-6ff7176acfa2,43e2ae52-0b09-4e3e-818d-dfc943c1f52b,1635687389209,13.4147741,52.4864358,3.9569426,-1.1617141,-1.311907,0.062434196,on bike mount,cyclo cross,True,asphalt,excellent
c30021c9-29a0-469f-8f0c-1e4cb6e47c66,6c792f98-9451-49cd-9330-6ff7176acfa2,f59a61fe-0d99-4e4f-b2e9-2896b485a322,1635687389274,13.4147741,52.4864358,3.9569426,-0.7996313,-0.6642978,-0.6805048,on bike mount,cyclo cross,True,asphalt,excellent
c30021c9-29a0-469f-8f0c-1e4cb6e47c66,6c792f98-9451-49cd-9330-6ff7176acfa2,61cb2497-3baa-4a8a-ab94-a9315f9e4926,1635687389324,13.4147741,52.4864358,3.9569426,-0.3769828,0.92363167,-0.121601105,on bike mount,cyclo cross,True,asphalt,excellent
c30021c9-29a0-469f-8f0c-1e4cb6e47c66,6c792f98-9451-49cd-9330-6ff7176acfa2,6c17d50b-2d8b-43e4-9ae0-05afbeb74a16,1635687389376,13.4147741,52.4864358,3.9569426,-0.26022172,-0.19498539,-0.2440157,on bike mount,cyclo cross,True,asphalt,excellent
c30021c9-29a0-469f-8f0c-1e4cb6e47c66,6c792f98-9451-49cd-9330-6ff7176acfa2,510acbd3-182a-4116-beca-d77f9793a4e1,1635687389442,13.4147741,52.4864358,3.9569426,-0.49897322,-0.7802532,0.37476063,on bike mount,cyclo cross,True,asphalt,excellent
c30021c9-29a0-469f-8f0c-1e4cb6e47c66,6c792f98-9451-49cd-9330-6ff7176acfa2,8f2eeea8-b70d-4d7b-a65e-9597c24f1a78,1635687389493,13.4147741,52.4864358,3.9569426,-0.44723225,-0.4350767,-0.43235874,on bike mount,cyclo cross,True,asphalt,excellent
c30021c9-29a0-469f-8f0c-1e4cb6e47c66,6c792f98-9451-49cd-9330-6ff7176acfa2,e27ebe9a-4828-4a7b-8f19-5c814b439913,1635687389558,13.4147741,52.4864358,3.9569426,0.1349734,-0.1993351,0.5647173,on bike mount,cyclo cross,True,asphalt,excellent
c30021c9-29a0-469f-8f0c-1e4cb6e47c66,6c792f98-9451-49cd-9330-6ff7176acfa2,2eeb7d2f-bf73-4804-9e23-7026e58b58b9,1635687389609,13.4147741,52.4864358,3.9569426,-0.36931163,1.9468861,0.69463444,on bike mount,cyclo cross,True,asphalt,excellent
c30021c9-29a0-469f-8f0c-1e4cb6e47c66,6c792f98-9451-49cd-9330-6ff7176acfa2,4d25617c-1e74-4590-8c5d-d34845b470d4,1635687389675,13.4147741,52.4864358,3.9569426,0.17133015,0.30194664,-1.6199441,on bike mount,cyclo cross,True,asphalt,excellent
c30021c9-29a0-469f-8f0c-1e4cb6e47c66,6c792f98-9451-49cd-9330-6ff7176acfa2,3bd164b1-b390-4842-a764-5e670402a90c,1635687389725,13.4147654,52.4864001,3.592274,0.050331295,-0.88846135,-0.122878075,on bike mount,cyclo cross,True,asphalt,excellent
c30021c9-29a0-469f-8f0c-1e4cb6e47c66,6c792f98-9451-49cd-9330-6ff7176acfa2,e2b0e4ab-b862-47eb-9002-fd9c0c78f469,1635687389776,13.4147654,52.4864001,3.592274,-0.2187922,0.16106486,-0.18464851,on bike mount,cyclo cross,True,asphalt,excellent
c30021c9-29a0-469f-8f0c-1e4cb6e47c66,6c792f98-9451-49cd-9330-6ff7176acfa2,f676284a-dde3-47a3-848c-475ad17d1502,1635687389841,13.4147654,52.4864001,3.592274,-1.729378,-0.071810484,0.7163954,on bike mount,cyclo cross,True,asphalt,excellent
c30021c9-29a0-469f-8f0c-1e4cb6e47c66,6c792f98-9451-49cd-9330-6ff7176acfa2,8a14c0b9-6dba-4fab-8f7d-57484965e034,1635687389894,13.4147654,52.4864001,3.592274,0.3278349,0.19060493,0.3121004,on bike mount,cyclo cross,True,asphalt,excellent
c30021c9-29a0-469f-8f0c-1e4cb6e47c66,6c792f98-9451-49cd-9330-6ff7176acfa2,13f0ab08-61d3-4b27-ad8c-c836f531ee62,1635687389944,13.4147654,52.4864001,3.592274,-0.4335679,0.72264004,0.18528461,on bike mount,cyclo cross,True,asphalt,excellent
c30021c9-29a0-469f-8f0c-1e4cb6e47c66,6c792f98-9451-49cd-9330-6ff7176acfa2,ae555201-64bb-49ff-8e7d-92e13c0e2dcd,1635687390012,13.4147654,52.4864001,3.592274,0.1204465,0.59908485,-1.006639,on bike mount,cyclo cross,True,asphalt,excellent
c30021c9-29a0-469f-8f0c-1e4cb6e47c66,6c792f98-9451-49cd-9330-6ff7176acfa2,de88edac-b8b5-423a-b2cf-190463ab04f7,1635687390075,13.4147654,52.4864001,3.592274,0.80600643,0.59480214,-2.2676368,on bike mount,cyclo cross,True,asphalt,excellent
c30021c9-29a0-469f-8f0c-1e4cb6e47c66,6c792f98-9451-49cd-9330-6ff7176acfa2,42ab55cd-25b5-41e6-937e-dd3131a2f109,1635687390129,13.4147654,52.4864001,3.592274,-2.7336383,-5.4551063,8.055918,on bike mount,cyclo cross,True,asphalt,excellent
c30021c9-29a0-469f-8f0c-1e4cb6e47c66,6c792f98-9451-49cd-9330-6ff7176acfa2,adb54275-1164-4e3b-b686-87c209bb0e71,1635687390193,13.4147654,52.4864001,3.592274,-0.54562485,-1.8579668,-2.6849613,on bike mount,cyclo cross,True,asphalt,excellent
c30021c9-29a0-469f-8f0c-1e4cb6e47c66,6c792f98-9451-49cd-9330-6ff7176acfa2,a10623fd-2b47-49c0-830f-2d43ca379cc6,1635687390244,13.4147654,52.4864001,3.592274,0.17476618,-2.668923,2.9191551,on bike mount,cyclo cross,True,asphalt,excellent
c30021c9-29a0-469f-8f0c-1e4cb6e47c66,6c792f98-9451-49cd-9330-6ff7176acfa2,7f7518d8-d835-492c-a165-aa25d7abed69,1635687390293,13.4147654,52.4864001,3.592274,1.6537347,2.1690059,-1.5375957,on bike mount,cyclo cross,True,asphalt,excellent
c30021c9-29a0-469f-8f0c-1e4cb6e47c66,6c792f98-9451-49cd-9330-6ff7176acfa2,44afe3df-262f-44e4-9571-819ee47b486d,1635687390344,13.4147654,52.4864001,3.592274,-3.23033,2.321271,-1.4571543,on bike mount,cyclo cross,True,asphalt,excellent
c30021c9-29a0-469f-8f0c-1e4cb6e47c66,6c792f98-9451-49cd-9330-6ff7176acfa2,8bfc5580-af89-4380-b914-4f23373132ee,1635687390409,13.4147654,52.4864001,3.592274,-0.7662183,1.8714924,1.3512945,on bike mount,cyclo cross,True,asphalt,excellent
c30021c9-29a0-469f-8f0c-1e4cb6e47c66,6c792f98-9451-49cd-9330-6ff7176acfa2,e147fd5e-c696-4165-88b5-88b652fcb251,1635687390461,13.4147654,52.4864001,3.592274,-0.15936796,2.405809,0.49579716,on bike mount,cyclo cross,True,asphalt,excellent
c30021c9-29a0-469f-8f0c-1e4cb6e47c66,6c792f98-9451-49cd-9330-6ff7176acfa2,bdffdc8c-6b3b-4854-bc7d-fbfe14ee16e6,1635687390513,13.4147654,52.4864001,3.592274,-2.2996895,-1.5994163,-0.49237823,on bike mount,cyclo cross,True,asphalt,excellent
c30021c9-29a0-469f-8f0c-1e4cb6e47c66,6c792f98-9451-49cd-9330-6ff7176acfa2,db600e3f-9d02-408b-8fd8-17fe9b89bb8c,1635687390577,13.4147654,52.4864001,3.592274,-0.09960312,0.84900546,1.1154089,on bike mount,cyclo cross,True,asphalt,excellent
c30021c9-29a0-469f-8f0c-1e4cb6e47c66,6c792f98-9451-49cd-9330-6ff7176acfa2,becf7942-ee08-4fd4-b022-6271b3d03113,1635687390645,13.4147654,52.4864001,3.592274,-0.2509855,-1.1671096,0.45368576,on bike mount,cyclo cross,True,asphalt,excellent
c30021c9-29a0-469f-8f0c-1e4cb6e47c66,6c792f98-9451-49cd-9330-6ff7176acfa2,3b70ab82-7b75-4516-8a9e-2e7022c8ab2a,1635687390696,13.4147601,52.4863575,4.349752,0.19272602,-4.424963,0.39370823,on bike mount,cyclo cross,True,asphalt,excellent
c30021c9-29a0-469f-8f0c-1e4cb6e47c66,6c792f98-9451-49cd-9330-6ff7176acfa2,4005fafb-bd0e-4a72-8b54-2b6b4d8eeda1,1635687390745,13.4147601,52.4863575,4.349752,-0.43082404,0.8884697,0.28389454,on bike mount,cyclo cross,True,asphalt,excellent
c30021c9-29a0-469f-8f0c-1e4cb6e47c66,6c792f98-9451-49cd-9330-6ff7176acfa2,70166264-80f8-4c4e-b728-6105aaca3330,1635687390795,13.4147601,52.4863575,4.349752,-1.0443158,0.7395859,-0.36453152,on bike mount,cyclo cross,True,asphalt,excellent
c30021c9-29a0-469f-8f0c-1e4cb6e47c66,6c792f98-9451-49cd-9330-6ff7176acfa2,51c07e73-ff0c-4afc-b54f-21e0d339a2a0,1635687390845,13.4147601,52.4863575,4.349752,-0.3694179,2.9515638,-2.119104,on bike mount,cyclo cross,True,asphalt,excellent
c30021c9-29a0-469f-8f0c-1e4cb6e47c66,6c792f98-9451-49cd-9330-6ff7176acfa2,0d114c57-1d18-4f5e-8947-701737a38d7a,1635687390895,13.4147601,52.4863575,4.349752,1.1137512,0.8687525,-2.8764625,on bike mount,cyclo cross,True,asphalt,excellent
c30021c9-29a0-469f-8f0c-1e4cb6e47c66,6c792f98-9451-49cd-9330-6ff7176acfa2,b9b2741e-8c39-43d6-b535-fb640052b167,1635687390962,13.4147601,52.4863575,4.349752,-1.7156391,-1.4079782,1.2021036,on bike mount,cyclo cross,True,asphalt,excellent
c30021c9-29a0-469f-8f0c-1e4cb6e47c66,6c792f98-9451-49cd-9330-6ff7176acfa2,b6850f64-4644-41e8-817c-45c19d69129a,1635687391028,13.4147601,52.4863575,4.349752,-0.77066845,-1.4422632,-0.3907566,on bike mount,cyclo cross,True,asphalt,excellent
c30021c9-29a0-469f-8f0c-1e4cb6e47c66,6c792f98-9451-49cd-9330-6ff7176acfa2,4547aa95-a55a-4fdc-a9b2-c161efcf2972,1635687391093,13.4147601,52.4863575,4.349752,-0.8143149,-0.47749686,1.6767282,on bike mount,cyclo cross,True,asphalt,excellent
c30021c9-29a0-469f-8f0c-1e4cb6e47c66,6c792f98-9451-49cd-9330-6ff7176acfa2,9bf00c33-38d9-420c-970a-d297953c3950,1635687391145,13.4147601,52.4863575,4.349752,1.079166,-1.4724345,-1.3690624,on bike mount,cyclo cross,True,asphalt,excellent
c30021c9-29a0-469f-8f0c-1e4cb6e47c66,6c792f98-9451-49cd-9330-6ff7176acfa2,46de6f05-8ee0-4b23-9bdd-a269d4036ca4,1635687391194,13.4147601,52.4863575,4.349752,-1.1894941,-0.8955507,-2.487031,on bike mount,cyclo cross,True,asphalt,excellent
c30021c9-29a0-469f-8f0c-1e4cb6e47c66,6c792f98-9451-49cd-9330-6ff7176acfa2,5628033f-07fb-4ac0-8a35-adb0570f46b9,1635687391245,13.4147601,52.4863575,4.349752,-0.015458047,-0.94553876,0.3375044,on bike mount,cyclo cross,True,asphalt,excellent
c30021c9-29a0-469f-8f0c-1e4cb6e47c66,6c792f98-9451-49cd-9330-6ff7176acfa2,e908c144-38ff-417e-95f3-5006ac247b43,1635687391295,13.4147601,52.4863575,4.349752,0.7964506,-0.954067,1.2446957,on bike mount,cyclo cross,True,asphalt,excellent
c30021c9-29a0-469f-8f0c-1e4cb6e47c66,6c792f98-9451-49cd-9330-6ff7176acfa2,a8eccbc5-d59e-4d26-ae15-6db143ce74c5,1635687391345,13.4147601,52.4863575,4.349752,-0.12853114,1.0658429,-0.15513134,on bike mount,cyclo cross,True,asphalt,excellent
c30021c9-29a0-469f-8f0c-1e4cb6e47c66,edc41c0b-d26e-4c69-a1c3-837016a08e7d,78006e33-51ff-4a8c-8712-fd93ea35de1c,1635687389090,13.4147741,52.4864358,3.9569426,-0.634113,1.8939695,-1.7530627,on bike mount,cyclo cross,True,asphalt,excellent
c30021c9-29a0-469f-8f0c-1e4cb6e47c66,edc41c0b-d26e-4c69-a1c3-837016a08e7d,27f6b84e-915c-43d7-9327-c6fd0850b15b,1635687389141,13.4147741,52.4864358,3.9569426,-0.32355592,-0.53468585,1.0238495,on bike mount,cyclo cross,True,asphalt,excellent
c30021c9-29a0-469f-8f0c-1e4cb6e47c66,edc41c0b-d26e-4c69-a1c3-837016a08e7d,0083d9df-8f39-421d-97fc-a21c8f72fefa,1635687389207,13.4147741,52.4864358,3.9569426,-0.83901256,-0.80656886,0.4303112,on bike mount,cyclo cross,True,asphalt,excellent
c30021c9-29a0-469f-8f0c-1e4cb6e47c66,edc41c0b-d26e-4c69-a1c3-837016a08e7d,619a07b7-e8fa-4626-ae8e-5c28b6402f9f,1635687389256,13.4147741,52.4864358,3.9569426,-0.99049306,0.562479,-0.07137394,on bike mount,cyclo cross,True,asphalt,excellent
c30021c9-29a0-469f-8f0c-1e4cb6e47c66,edc41c0b-d26e-4c69-a1c3-837016a08e7d,a666229a-e36c-4ae7-af3c-039386327647,1635687389308,13.4147741,52.4864358,3.9569426,-0.64024234,0.8216703,-1.376503,on bike mount,cyclo cross,True,asphalt,excellent
c30021c9-29a0-469f-8f0c-1e4cb6e47c66,edc41c0b-d26e-4c69-a1c3-837016a08e7d,795b8ca7-3301-4aaa-abc6-c74fb4f15566,1635687389374,13.4147741,52.4864358,3.9569426,-0.5001471,0.527612,-0.026545525,on bike mount,cyclo cross,True,asphalt,excellent
c30021c9-29a0-469f-8f0c-1e4cb6e47c66,edc41c0b-d26e-4c69-a1c3-837016a08e7d,eca61906-09e7-48e1-888a-a692c1f0369a,1635687389424,13.4147741,52.4864358,3.9569426,-0.47585234,0.022331238,-1.6196499,on bike mount,cyclo cross,True,asphalt,excellent
c30021c9-29a0-469f-8f0c-1e4cb6e47c66,edc41c0b-d26e-4c69-a1c3-837016a08e7d,3f1cdfea-d2e4-4ff2-bf61-bcda40b7e4e5,1635687389476,13.4147741,52.4864358,3.9569426,-0.7378561,0.29617572,-0.19933414,on bike mount,cyclo cross,True,asphalt,excellent
c30021c9-29a0-469f-8f0c-1e4cb6e47c66,edc41c0b-d26e-4c69-a1c3-837016a08e7d,a788ea12-2539-4a9d-9553-cb940a203de7,1635687389543,13.4147741,52.4864358,3.9569426,-0.28042737,0.79286385,-0.31027317,on bike mount,cyclo cross,True,asphalt,excellent
c30021c9-29a0-469f-8f0c-1e4cb6e47c66,edc41c0b-d26e-4c69-a1c3-837016a08e7d,606fa7bd-56a5-41d9-9bb1-5ecbd627abe9,1635687389593,13.4147741,52.4864358,3.9569426,-0.31223682,-0.5185821,2.62916,on bike mount,cyclo cross,True,asphalt,excellent
c30021c9-29a0-469f-8f0c-1e4cb6e47c66,edc41c0b-d26e-4c69-a1c3-837016a08e7d,49d689f8-8f85-4a53-a239-73c04adbb799,1635687389643,13.4147741,52.4864358,3.9569426,-0.45600015,-2.4266121,3.3753643,on bike mount,cyclo cross,True,asphalt,excellent
c30021c9-29a0-469f-8f0c-1e4cb6e47c66,edc41c0b-d26e-4c69-a1c3-837016a08e7d,9df3c57f-c67b-4f17-9971-1ab009de9b48,1635687389693,13.4147654,52.4864001,3.592274,-0.96925205,-1.9507327,-0.8293905,on bike mount,cyclo cross,True,asphalt,excellent
c30021c9-29a0-469f-8f0c-1e4cb6e47c66,edc41c0b-d26e-4c69-a1c3-837016a08e7d,933020a2-348d-4a16-bd82-6716aa227c99,1635687389758,13.4147654,52.4864001,3.592274,0.43729317,-0.02466774,-0.07458401,on bike mount,cyclo cross,True,asphalt,excellent
c30021c9-29a0-469f-8f0c-1e4cb6e47c66,edc41c0b-d26e-4c69-a1c3-837016a08e7d,d96442d1-cfe8-432f-9f67-e8a8408e0a60,1635687389809,13.4147654,52.4864001,3.592274,0.15076101,0.86598873,-2.0954642,on bike mount,cyclo cross,True,asphalt,excellent
c30021c9-29a0-469f-8f0c-1e4cb6e47c66,edc41c0b-d26e-4c69-a1c3-837016a08e7d,e63e9e4a-4a0e-46e4-9f22-1516b3d788a5,1635687389875,13.4147654,52.4864001,3.592274,-0.7737757,1.4054842,0.8789425,on bike mount,cyclo cross,True,asphalt,excellent
c30021c9-29a0-469f-8f0c-1e4cb6e47c66,edc41c0b-d26e-4c69-a1c3-837016a08e7d,db1dde27-dbb7-481c-b875-5d3b0ab4c9c2,1635687389926,13.4147654,52.4864001,3.592274,-1.2540797,-1.5506439,3.5401382,on bike mount,cyclo cross,True,asphalt,excellent
c30021c9-29a0-469f-8f0c-1e4cb6e47c66,edc41c0b-d26e-4c69-a1c3-837016a08e7d,265b187f-13fd-4e56-876f-0592ce540f66,1635687389976,13.4147654,52.4864001,3.592274,0.5650548,0.028470278,0.18625546,on bike mount,cyclo cross,True,asphalt,excellent
c30021c9-29a0-469f-8f0c-1e4cb6e47c66,edc41c0b-d26e-4c69-a1c3-837016a08e7d,5840dffc-6572-42f4-866d-b7ffb3935522,1635687390027,13.4147654,52.4864001,3.592274,0.4359727,1.3400679,-3.9902558,on bike mount,cyclo cross,True,asphalt,excellent
c30021c9-29a0-469f-8f0c-1e4cb6e47c66,edc41c0b-d26e-4c69-a1c3-837016a08e7d,f6bec59c-9727-4d41-80a5-d1753b157945,1635687390092,13.4147654,52.4864001,3.592274,1.5772862,1.9576821,-2.991825,on bike mount,cyclo cross,True,asphalt,excellent
c30021c9-29a0-469f-8f0c-1e4cb6e47c66,edc41c0b-d26e-4c69-a1c3-837016a08e7d,cbdfbfff-fccc-46c2-91b6-0aa70c52ce19,1635687390144,13.4147654,52.4864001,3.592274,1.6429768,3.5463595,-4.396678,on bike mount,cyclo cross,True,asphalt,excellent
c30021c9-29a0-469f-8f0c-1e4cb6e47c66,edc41c0b-d26e-4c69-a1c3-837016a08e7d,2637d99f-9390-428b-81d2-89803d246e1e,1635687390213,13.4147654,52.4864001,3.592274,0.28439975,-3.6530704,-0.6966057,on bike mount,cyclo cross,True,asphalt,excellent
c30021c9-29a0-469f-8f0c-1e4cb6e47c66,edc41c0b-d26e-4c69-a1c3-837016a08e7d,44050a32-e9e3-408f-b0d6-80e55d8258b3,1635687390278,13.4147654,52.4864001,3.592274,1.0406331,0.24999833,-0.8403535,on bike mount,cyclo cross,True,asphalt,excellent
c30021c9-29a0-469f-8f0c-1e4cb6e47c66,edc41c0b-d26e-4c69-a1c3-837016a08e7d,df7c0e5a-b3e7-4cff-b78a-3bb930bb15c2,1635687390328,13.4147654,52.4864001,3.592274,-1.533784,-2.5035613,1.3403225,on bike mount,cyclo cross,True,asphalt,excellent
c30021c9-29a0-469f-8f0c-1e4cb6e47c66,edc41c0b-d26e-4c69-a1c3-837016a08e7d,0ee62715-8b67-4649-bf22-7ab42546b205,1635687390378,13.4147654,52.4864001,3.592274,-0.08552942,-0.014877796,0.330698,on bike mount,cyclo cross,True,asphalt,excellent
c30021c9-29a0-469f-8f0c-1e4cb6e47c66,edc41c0b-d26e-4c69-a1c3-837016a08e7d,fa1ddc1e-e7d2-4c2c-a00e-b97cc875b915,1635687390444,13.4147654,52.4864001,3.592274,0.21563524,-0.24386024,-0.11475563,on bike mount,cyclo cross,True,asphalt,excellent
c30021c9-29a0-469f-8f0c-1e4cb6e47c66,edc41c0b-d26e-4c69-a1c3-837016a08e7d,c29443d9-4c6a-47d7-bf8a-51cf6836629b,1635687390511,13.4147654,52.4864001,3.592274,-1.7405777,-1.0529237,-1.3515329,on bike mount,cyclo cross,True,asphalt,excellent
c30021c9-29a0-469f-8f0c-1e4cb6e47c66,edc41c0b-d26e-4c69-a1c3-837016a08e7d,e0347b1c-b865-45bc-a2a7-102e34143b0b,1635687390561,13.4147654,52.4864001,3.592274,-0.35583228,1.1944258,-1.3305559,on bike mount,cyclo cross,True,asphalt,excellent
c30021c9-29a0-469f-8f0c-1e4cb6e47c66,edc41c0b-d26e-4c69-a1c3-837016a08e7d,56914308-3969-4874-8817-e58394adefe8,1635687390627,13.4147654,52.4864001,3.592274,-0.8266748,0.009845972,0.16419983,on bike mount,cyclo cross,True,asphalt,excellent
c30021c9-29a0-469f-8f0c-1e4cb6e47c66,edc41c0b-d26e-4c69-a1c3-837016a08e7d,d8472af4-a6f7-4570-9066-b1902eac955d,1635687390681,13.4147601,52.4863575,4.349752,-0.24699965,-0.93230605,-0.070342064,on bike mount,cyclo cross,True,asphalt,excellent
c30021c9-29a0-469f-8f0c-1e4cb6e47c66,edc41c0b-d26e-4c69-a1c3-837016a08e7d,17304962-95f8-402e-8832-1ddffc68ad95,1635687390743,13.4147601,52.4863575,4.349752,-0.2690387,-0.002112627,-0.2451992,on bike mount,cyclo cross,True,asphalt,excellent
c30021c9-29a0-469f-8f0c-1e4cb6e47c66,edc41c0b-d26e-4c69-a1c3-837016a08e7d,643a1869-4520-47d9-b503-3eb3bf54b567,1635687390793,13.4147601,52.4863575,4.349752,-1.8443773,1.9168096,0.8690357,on bike mount,cyclo cross,True,asphalt,excellent
c30021c9-29a0-469f-8f0c-1e4cb6e47c66,edc41c0b-d26e-4c69-a1c3-837016a08e7d,5f9bf67d-d8f8-4364-9de0-255ea5ff0b1c,1635687390843,13.4147601,52.4863575,4.349752,-1.4169695,2.8025289,-0.63847446,on bike mount,cyclo cross,True,asphalt,excellent
c30021c9-29a0-469f-8f0c-1e4cb6e47c66,edc41c0b-d26e-4c69-a1c3-837016a08e7d,bc613e18-3807-4c11-a84e-d60f0a0348c0,1635687390893,13.4147601,52.4863575,4.349752,0.9993305,-0.17048836,-2.2708783,on bike mount,cyclo cross,True,asphalt,excellent
c30021c9-29a0-469f-8f0c-1e4cb6e47c66,edc41c0b-d26e-4c69-a1c3-837016a08e7d,c86ddbef-c70c-45ce-9334-4daaaf1249f3,1635687390943,13.4147601,52.4863575,4.349752,-1.2661943,-0.5337453,0.32154655,on bike mount,cyclo cross,True,asphalt,excellent
c30021c9-29a0-469f-8f0c-1e4cb6e47c66,edc41c0b-d26e-4c69-a1c3-837016a08e7d,e7cbc970-8990-4bb7-860b-89ab62f7b584,1635687390994,13.4147601,52.4863575,4.349752,0.96192694,-2.32545,-1.2021823,on bike mount,cyclo cross,True,asphalt,excellent
c30021c9-29a0-469f-8f0c-1e4cb6e47c66,edc41c0b-d26e-4c69-a1c3-837016a08e7d,ddd111ff-7afb-4e51-a1f1-78614a784d97,1635687391044,13.4147601,52.4863575,4.349752,-1.2563685,-1.2941288,-0.98526907,on bike mount,cyclo cross,True,asphalt,excellent
c30021c9-29a0-469f-8f0c-1e4cb6e47c66,edc41c0b-d26e-4c69-a1c3-837016a08e7d,35b616d1-b919-4ff5-922e-63c3c1d359d3,1635687391094,13.4147601,52.4863575,4.349752,-0.8143149,-0.47749686,1.6767282,on bike mount,cyclo cross,True,asphalt,excellent
c30021c9-29a0-469f-8f0c-1e4cb6e47c66,edc41c0b-d26e-4c69-a1c3-837016a08e7d,567858ce-0e4e-45bb-9966-bc9fcd8d008f,1635687391146,13.4147601,52.4863575,4.349752,1.079166,-1.4724345,-1.3690624,on bike mount,cyclo cross,True,asphalt,excellent
c30021c9-29a0-469f-8f0c-1e4cb6e47c66,edc41c0b-d26e-4c69-a1c3-837016a08e7d,1848225f-3eaf-42af-98ad-128d04910c27,1635687391196,13.4147601,52.4863575,4.349752,-0.9214123,0.426682,-2.281394,on bike mount,cyclo cross,True,asphalt,excellent
c30021c9-29a0-469f-8f0c-1e4cb6e47c66,edc41c0b-d26e-4c69-a1c3-837016a08e7d,c826d176-3714-4bee-b510-d69b7699fd2e,1635687391263,13.4147601,52.4863575,4.349752,-0.16291136,-0.16350603,-1.488205,on bike mount,cyclo cross,True,asphalt,excellent
c30021c9-29a0-469f-8f0c-1e4cb6e47c66,edc41c0b-d26e-4c69-a1c3-837016a08e7d,518d8340-ce23-4d29-8ada-c1986c886689,1635687391328,13.4147601,52.4863575,4.349752,-0.1760175,0.31234097,-1.654345,on bike mount,cyclo cross,True,asphalt,excellent
c30021c9-29a0-469f-8f0c-1e4cb6e47c66,edc41c0b-d26e-4c69-a1c3-837016a08e7d,5dca21a7-33e6-4fbb-96e4-436c6ef2aee9,1635687391378,13.4147601,52.4863575,4.349752,0.07004467,2.1448298,-0.4383049,on bike mount,cyclo cross,True,asphalt,excellent
c30021c9-29a0-469f-8f0c-1e4cb6e47c66,edc41c0b-d26e-4c69-a1c3-837016a08e7d,644601a0-8e6a-4255-b9f9-c31afc219527,1635687391428,13.4147601,52.4863575,4.349752,0.11668503,-1.2021831,0.81662273,on bike mount,cyclo cross,True,asphalt,excellent
c30021c9-29a0-469f-8f0c-1e4cb6e47c66,edc41c0b-d26e-4c69-a1c3-837016a08e7d,08933a3c-c766-4961-994b-d697586afabc,1635687391478,13.4147601,52.4863575,4.349752,0.94917434,-0.264014,-0.28041363,on bike mount,cyclo cross,True,asphalt,excellent
c30021c9-29a0-469f-8f0c-1e4cb6e47c66,edc41c0b-d26e-4c69-a1c3-837016a08e7d,5e675c49-7cce-4480-ac58-78785ebcb1a6,1635687391529,13.4147601,52.4863575,4.349752,1.4255396,0.14137578,-1.0942144,on bike mount,cyclo cross,True,asphalt,excellent
c30021c9-29a0-469f-8f0c-1e4cb6e47c66,edc41c0b-d26e-4c69-a1c3-837016a08e7d,fbd99b62-1d0a-4b3d-a841-477beece2624,1635687391581,13.4147601,52.4863575,4.349752,-0.16801703,-0.50539875,0.40473652,on bike mount,cyclo cross,True,asphalt,excellent
c30021c9-29a0-469f-8f0c-1e4cb6e47c66,edc41c0b-d26e-4c69-a1c3-837016a08e7d,14d6e75c-27a8-4ad2-b7ba-964353e1c4da,1635687391648,13.4147601,52.4863575,4.349752,-0.4583329,0.36822867,-0.971468,on bike mount,cyclo cross,True,asphalt,excellent
c30021c9-29a0-469f-8f0c-1e4cb6e47c66,edc41c0b-d26e-4c69-a1c3-837016a08e7d,21fb474d-1766-4f7c-952e-bee3df455b25,1635687391713,13.414765,52.4863059,4.5388746,-0.5761107,0.35117006,-1.4176464,on bike mount,cyclo cross,True,asphalt,excellent
c30021c9-29a0-469f-8f0c-1e4cb6e47c66,edc41c0b-d26e-4c69-a1c3-837016a08e7d,7388538a-5fe7-49b0-9bc7-d8aa1da7b1e3,1635687391763,13.414765,52.4863059,4.5388746,-0.5242701,-0.41841578,1.7121983,on bike mount,cyclo cross,True,asphalt,excellent
c30021c9-29a0-469f-8f0c-1e4cb6e47c66,edc41c0b-d26e-4c69-a1c3-837016a08e7d,55e033ae-20df-44db-82f9-b7cf636a9038,1635687391815,13.414765,52.4863059,4.5388746,-0.58025265,0.25391865,-0.95905924,on bike mount,cyclo cross,True,asphalt,excellent
c30021c9-29a0-469f-8f0c-1e4cb6e47c66,edc41c0b-d26e-4c69-a1c3-837016a08e7d,04771efe-53ee-45cf-8b94-70ad3d8a767f,1635687391865,13.414765,52.4863059,4.5388746,0.3717015,-0.32334018,-3.0398483,on bike mount,cyclo cross,True,asphalt,excellent
c30021c9-29a0-469f-8f0c-1e4cb6e47c66,edc41c0b-d26e-4c69-a1c3-837016a08e7d,c0b650e0-2e54-49c3-80ba-a6485ad1607b,1635687391931,13.414765,52.4863059,4.5388746,0.5901494,-0.5149145,-0.91098166,on bike mount,cyclo cross,True,asphalt,excellent
c30021c9-29a0-469f-8f0c-1e4cb6e47c66,edc41c0b-d26e-4c69-a1c3-837016a08e7d,57de4ccc-00d3-4b2c-9cca-c19955dd8467,1635687391981,13.414765,52.4863059,4.5388746,-0.44363207,-0.0011274815,-1.1986408,on bike mount,cyclo cross,True,asphalt,excellent
c30021c9-29a0-469f-8f0c-1e4cb6e47c66,edc41c0b-d26e-4c69-a1c3-837016a08e7d,e16bab90-e200-414e-8d82-b6c00b86b2af,1635687392048,13.414765,52.4863059,4.5388746,-0.15183392,-0.8864932,0.27548122,on bike mount,cyclo cross,True,asphalt,excellent
c30021c9-29a0-469f-8f0c-1e4cb6e47c66,edc41c0b-d26e-4c69-a1c3-837016a08e7d,1b535b66-791a-4b05-bef4-99644bd4ab61,1635687392097,13.414765,52.4863059,4.5388746,0.3938976,-0.48030996,-2.093367,on bike mount,cyclo cross,True,asphalt,excellent
c30021c9-29a0-469f-8f0c-1e4cb6e47c66,edc41c0b-d26e-4c69-a1c3-837016a08e7d,9d102d4b-d887-4034-8374-c190ddf76ed8,1635687392148,13.414765,52.4863059,4.5388746,-0.42441785,-1.0218725,0.20000076,on bike mount,cyclo cross,True,asphalt,excellent
c30021c9-29a0-469f-8f0c-1e4cb6e47c66,edc41c0b-d26e-4c69-a1c3-837016a08e7d,4d9a6d92-ec74-4386-9e8f-0350896e8825,1635687392213,13.414765,52.4863059,4.5388746,0.13956177,1.4338832,-0.2708292,on bike mount,cyclo cross,True,asphalt,excellent
c30021c9-29a0-469f-8f0c-1e4cb6e47c66,edc41c0b-d26e-4c69-a1c3-837016a08e7d,321abdb7-fd0d-4018-a6b9-657599941851,1635687392266,13.414765,52.4863059,4.5388746,-0.5260795,0.402951,0.5004711,on bike mount,cyclo cross,True,asphalt,excellent
c30021c9-29a0-469f-8f0c-1e4cb6e47c66,edc41c0b-d26e-4c69-a1c3-837016a08e7d,8c863a39-36f0-48d1-b6b6-b5ee50f2118c,1635687392331,13.414765,52.4863059,4.5388746,-0.8921555,-0.694206,0.92366695,on bike mount,cyclo cross,True,asphalt,excellent
c30021c9-29a0-469f-8f0c-1e4cb6e47c66,edc41c0b-d26e-4c69-a1c3-837016a08e7d,cb44a074-f3cd-4f49-8bc7-3cd232ace631,1635687392398,13.414765,52.4863059,4.5388746,-2.0992413,-0.8489754,-0.37847424,on bike mount,cyclo cross,True,asphalt,excellent
c30021c9-29a0-469f-8f0c-1e4cb6e47c66,edc41c0b-d26e-4c69-a1c3-837016a08e7d,1e6afc34-07ff-4436-b7d6-39f56309571d,1635687392448,13.414765,52.4863059,4.5388746,-0.61346495,-2.1646202,0.9577055,on bike mount,cyclo cross,True,asphalt,excellent
c30021c9-29a0-469f-8f0c-1e4cb6e47c66,edc41c0b-d26e-4c69-a1c3-837016a08e7d,ec13ae73-96e7-44c2-8fd0-3f31cc918258,1635687392498,13.414765,52.4863059,4.5388746,-1.3219168,1.2223454,-4.283223,on bike mount,cyclo cross,True,asphalt,excellent
c30021c9-29a0-469f-8f0c-1e4cb6e47c66,edc41c0b-d26e-4c69-a1c3-837016a08e7d,99bb084d-fb08-4870-a331-92d930d11888,1635687392548,13.414765,52.4863059,4.5388746,1.2865177,-0.3197031,2.6788254,on bike mount,cyclo cross,True,asphalt,excellent
c30021c9-29a0-469f-8f0c-1e4cb6e47c66,edc41c0b-d26e-4c69-a1c3-837016a08e7d,627c8707-48c3-46b8-a68d-ea5d7b22e6d9,1635687392598,13.414765,52.4863059,4.5388746,-1.3031602,0.46891356,-1.4687943,on bike mount,cyclo cross,True,asphalt,excellent
c30021c9-29a0-469f-8f0c-1e4cb6e47c66,edc41c0b-d26e-4c69-a1c3-837016a08e7d,dc51b608-6b58-4425-9b26-184305cca972,1635687392653,13.414765,52.4863059,4.5388746,-0.5751018,1.2794557,0.5181284,on bike mount,cyclo cross,True,asphalt,excellent
c30021c9-29a0-469f-8f0c-1e4cb6e47c66,edc41c0b-d26e-4c69-a1c3-837016a08e7d,c56fc9ce-0c09-4f30-91ec-6aa362bdbb9f,1635687392715,13.4147729,52.4862677,3.7592087,0.1706028,-0.55304813,-0.2726345,on bike mount,cyclo cross,True,asphalt,excellent
c30021c9-29a0-469f-8f0c-1e4cb6e47c66,edc41c0b-d26e-4c69-a1c3-837016a08e7d,7577b880-243a-4b97-96ab-3184ab7cfa84,1635687392781,13.4147729,52.4862677,3.7592087,1.1731782,-1.0442412,-0.26036644,on bike mount,cyclo cross,True,asphalt,excellent
c30021c9-29a0-469f-8f0c-1e4cb6e47c66,edc41c0b-d26e-4c69-a1c3-837016a08e7d,cb3dab29-97ef-418b-973f-2ad2d483461e,1635687392832,13.4147729,52.4862677,3.7592087,-1.2937568,0.76624775,-2.428422,on bike mount,cyclo cross,True,asphalt,excellent
c30021c9-29a0-469f-8f0c-1e4cb6e47c66,edc41c0b-d26e-4c69-a1c3-837016a08e7d,f6e8e5b0-014c-4307-acc5-5c112a2d773c,1635687392882,13.4147729,52.4862677,3.7592087,0.37538657,0.2988894,0.7990303,on bike mount,cyclo cross,True,asphalt,excellent
c30021c9-29a0-469f-8f0c-1e4cb6e47c66,edc41c0b-d26e-4c69-a1c3-837016a08e7d,afa5be52-1482-4c72-9f77-57e5eb64597c,1635687392933,13.4147729,52.4862677,3.7592087,0.72953993,-0.032239437,-2.0617652,on bike mount,cyclo cross,True,asphalt,excellent
c30021c9-29a0-469f-8f0c-1e4cb6e47c66,edc41c0b-d26e-4c69-a1c3-837016a08e7d,1c1b2a17-8964-419c-917b-542307877a96,1635687392998,13.4147729,52.4862677,3.7592087,0.5137105,0.3781228,1.0236216,on bike mount,cyclo cross,True,asphalt,excellent
c30021c9-29a0-469f-8f0c-1e4cb6e47c66,edc41c0b-d26e-4c69-a1c3-837016a08e7d,7995db46-d319-4bca-9224-c8ff96c037ee,1635687393048,13.4147729,52.4862677,3.7592087,-0.120030284,-0.16201353,-1.1732116,on bike mount,cyclo cross,True,asphalt,excellent
c30021c9-29a0-469f-8f0c-1e4cb6e47c66,edc41c0b-d26e-4c69-a1c3-837016a08e7d,7efe6fbb-24cd-4c53-ba78-5dcbe06bae47,1635687393098,13.4147729,52.4862677,3.7592087,-0.39663455,-0.069759846,1.2513304,on bike mount,cyclo cross,True,asphalt,excellent
c30021c9-29a0-469f-8f0c-1e4cb6e47c66,edc41c0b-d26e-4c69-a1c3-837016a08e7d,55c6479f-6a43-4642-8b7e-0729efdee754,1635687393148,13.4147729,52.4862677,3.7592087,0.31442654,0.17251873,0.16546154,on bike mount,cyclo cross,True,asphalt,excellent
c30021c9-29a0-469f-8f0c-1e4cb6e47c66,edc41c0b-d26e-4c69-a1c3-837016a08e7d,d609662e-5ac1-4a03-85c1-feee1eef005e,1635687393199,13.4147729,52.4862677,3.7592087,-0.15969437,-0.3739679,-1.775774,on bike mount,cyclo cross,True,asphalt,excellent
c30021c9-29a0-469f-8f0c-1e4cb6e47c66,edc41c0b-d26e-4c69-a1c3-837016a08e7d,0a7ea219-962d-435e-8d8f-f4cd6001901f,1635687393249,13.4147729,52.4862677,3.7592087,-0.16964877,0.9801464,-1.6888232,on bike mount,cyclo cross,True,asphalt,excellent
c30021c9-29a0-469f-8f0c-1e4cb6e47c66,edc41c0b-d26e-4c69-a1c3-837016a08e7d,0f07ea71-5b5a-47f7-a4c5-6e7e58f94683,1635687393299,13.4147729,52.4862677,3.7592087,0.63215613,2.301013,0.79518795,on bike mount,cyclo cross,True,asphalt,excellent
c30021c9-29a0-469f-8f0c-1e4cb6e47c66,edc41c0b-d26e-4c69-a1c3-837016a08e7d,ff802ef2-91d4-414d-a7bd-134142e00577,1635687393351,13.4147729,52.4862677,3.7592087,-0.8361217,0.35229874,-1.3590789,on bike mount,cyclo cross,True,asphalt,excellent
c30021c9-29a0-469f-8f0c-1e4cb6e47c66,edc41c0b-d26e-4c69-a1c3-837016a08e7d,395817d7-aaef-4f9f-9894-637b847fe364,1635687393416,13.4147729,52.4862677,3.7592087,0.13892287,-0.091154814,-0.6668453,on bike mount,cyclo cross,True,asphalt,excellent
c30021c9-29a0-469f-8f0c-1e4cb6e47c66,edc41c0b-d26e-4c69-a1c3-837016a08e7d,c3582bfa-a73e-44d5-8e8f-afdb702eed81,1635687393467,13.4147729,52.4862677,3.7592087,0.8371918,-1.5203558,-0.37804317,on bike mount,cyclo cross,True,asphalt,excellent
c30021c9-29a0-469f-8f0c-1e4cb6e47c66,edc41c0b-d26e-4c69-a1c3-837016a08e7d,d15359eb-0a7a-4365-b9cc-e92bca5a82b1,1635687393517,13.4147729,52.4862677,3.7592087,-0.14525226,0.9630239,1.5134068,on bike mount,cyclo cross,True,asphalt,excellent
c30021c9-29a0-469f-8f0c-1e4cb6e47c66,edc41c0b-d26e-4c69-a1c3-837016a08e7d,48d1acfc-9585-4f22-94bf-51744daff477,1635687393585,13.4147729,52.4862677,3.7592087,0.07788432,1.4076099,-0.5938902,on bike mount,cyclo cross,True,asphalt,excellent
c30021c9-29a0-469f-8f0c-1e4cb6e47c66,edc41c0b-d26e-4c69-a1c3-837016a08e7d,771cde62-ceea-40ec-9796-5252af92f3db,1635687393655,13.4147729,52.4862677,3.7592087,-0.44726568,-1.6009786,-0.64725685,on bike mount,cyclo cross,True,asphalt,excellent
c30021c9-29a0-469f-8f0c-1e4cb6e47c66,edc41c0b-d26e-4c69-a1c3-837016a08e7d,7407cbd0-683b-4313-b639-069a68e709a7,1635687393718,13.4147898,52.4862292,4.7046685,-0.20438096,1.4072523,0.8457985,on bike mount,cyclo cross,True,asphalt,excellent
c30021c9-29a0-469f-8f0c-1e4cb6e47c66,edc41c0b-d26e-4c69-a1c3-837016a08e7d,4c37b10a-d9d5-44f1-bd65-23f878adf842,1635687393784,13.4147898,52.4862292,4.7046685,0.3429689,-0.48037815,0.48757553,on bike mount,cyclo cross,True,asphalt,excellent
c30021c9-29a0-469f-8f0c-1e4cb6e47c66,edc41c0b-d26e-4c69-a1c3-837016a08e7d,857d068f-a14a-4f51-875e-f4d0eed34875,1635687393833,13.4147898,52.4862292,4.7046685,-0.35291103,0.41316342,1.1790323,on bike mount,cyclo cross,True,asphalt,excellent
c30021c9-29a0-469f-8f0c-1e4cb6e47c66,edc41c0b-d26e-4c69-a1c3-837016a08e7d,31a313b3-2392-4a23-9e1f-e403f2bd565a,1635687393883,13.4147898,52.4862292,4.7046685,-0.18768734,-0.48175716,0.21615314,on bike mount,cyclo cross,True,asphalt,excellent
c30021c9-29a0-469f-8f0c-1e4cb6e47c66,edc41c0b-d26e-4c69-a1c3-837016a08e7d,e54f5e7c-c28b-43fa-82a2-5c7929b0059e,1635687393933,13.4147898,52.4862292,4.7046685,-0.8348531,-1.2826388,0.05193138,on bike mount,cyclo cross,True,asphalt,excellent
c30021c9-29a0-469f-8f0c-1e4cb6e47c66,edc41c0b-d26e-4c69-a1c3-837016a08e7d,374f8a15-bf53-47ba-8f52-f07b24e7ff25,1635687393985,13.4147898,52.4862292,4.7046685,-0.25828713,-0.89325666,-1.8695164,on bike mount,cyclo cross,True,asphalt,excellent
c30021c9-29a0-469f-8f0c-1e4cb6e47c66,edc41c0b-d26e-4c69-a1c3-837016a08e7d,45c0a5ca-a157-41b9-a977-7c990b2ac554,1635687394051,13.4147898,52.4862292,4.7046685,0.26826409,1.3391056,0.1471796,on bike mount,cyclo cross,True,asphalt,excellent
c30021c9-29a0-469f-8f0c-1e4cb6e47c66,edc41c0b-d26e-4c69-a1c3-837016a08e7d,b4e441da-4250-40be-86f8-2d97c51a4947,1635687394102,13.4147898,52.4862292,4.7046685,0.13943478,1.1849318,0.6939907,on bike mount,cyclo cross,True,asphalt,excellent
c30021c9-29a0-469f-8f0c-1e4cb6e47c66,edc41c0b-d26e-4c69-a1c3-837016a08e7d,f4e6c23f-b33a-43f8-b812-a0951c106b8d,1635687394153,13.4147898,52.4862292,4.7046685,-0.71769917,-1.7987226,0.5759878,on bike mount,cyclo cross,True,asphalt,excellent
c30021c9-29a0-469f-8f0c-1e4cb6e47c66,edc41c0b-d26e-4c69-a1c3-837016a08e7d,f500f5f4-1e4a-4f53-be41-36461e4eea96,1635687394218,13.4147898,52.4862292,4.7046685,-0.022208378,0.72334003,0.6354265,on bike mount,cyclo cross,True,asphalt,excellent
c30021c9-29a0-469f-8f0c-1e4cb6e47c66,edc41c0b-d26e-4c69-a1c3-837016a08e7d,3079e75b-6c3f-478d-94cb-b4fd9e634514,1635687394268,13.4147898,52.4862292,4.7046685,1.215064,-0.18995523,1.4224939,on bike mount,cyclo cross,True,asphalt,excellent
c30021c9-29a0-469f-8f0c-1e4cb6e47c66,edc41c0b-d26e-4c69-a1c3-837016a08e7d,10b1e95a-8645-4a0f-805e-24bce7465a5b,1635687394320,13.4147898,52.4862292,4.7046685,-0.088607475,-0.6187165,0.07553387,on bike mount,cyclo cross,True,asphalt,excellent
c30021c9-29a0-469f-8f0c-1e4cb6e47c66,edc41c0b-d26e-4c69-a1c3-837016a08e7d,2cb4cb2c-13e1-415b-80a5-c8f3c97521f3,1635687394369,13.4147898,52.4862292,4.7046685,-0.0006822853,2.205546,2.8917818,on bike mount,cyclo cross,True,asphalt,excellent
c30021c9-29a0-469f-8f0c-1e4cb6e47c66,edc41c0b-d26e-4c69-a1c3-837016a08e7d,442f2615-b4a2-40d4-8aff-5c1794a4c487,1635687394420,13.4147898,52.4862292,4.7046685,-0.6131915,0.06479597,1.4934492,on bike mount,cyclo cross,True,asphalt,excellent
c30021c9-29a0-469f-8f0c-1e4cb6e47c66,edc41c0b-d26e-4c69-a1c3-837016a08e7d,a7ef3b31-774f-4316-8447-ad8e32dbacf5,1635687394486,13.4147898,52.4862292,4.7046685,0.09870729,0.47552204,0.55049706,on bike mount,cyclo cross,True,asphalt,excellent
c30021c9-29a0-469f-8f0c-1e4cb6e47c66,edc41c0b-d26e-4c69-a1c3-837016a08e7d,a5105949-3969-4090-a879-702a0b6181d5,1635687394537,13.4147898,52.4862292,4.7046685,0.3737244,-2.0072532,0.25434113,on bike mount,cyclo cross,True,asphalt,excellent
c30021c9-29a0-469f-8f0c-1e4cb6e47c66,edc41c0b-d26e-4c69-a1c3-837016a08e7d,4ede4ba1-e0b2-490b-9545-96cffd122a0f,1635687394603,13.4147898,52.4862292,4.7046685,0.00866431,0.9813826,-0.43393993,on bike mount,cyclo cross,True,asphalt,excellent
c30021c9-29a0-469f-8f0c-1e4cb6e47c66,edc41c0b-d26e-4c69-a1c3-837016a08e7d,d6954e2e-1a56-4dae-919b-1f7b00eb1662,1635687394669,13.4147898,52.4862292,4.7046685,1.2526468,-0.29101276,0.79983425,on bike mount,cyclo cross,True,asphalt,excellent
c30021c9-29a0-469f-8f0c-1e4cb6e47c66,edc41c0b-d26e-4c69-a1c3-837016a08e7d,008b0117-deff-4545-b247-899b6dfc292d,1635687394720,13.4148107,52.4861906,4.4695773,-0.36429232,0.11864972,0.7333927,on bike mount,cyclo cross,True,asphalt,excellent
c30021c9-29a0-469f-8f0c-1e4cb6e47c66,edc41c0b-d26e-4c69-a1c3-837016a08e7d,b88a9502-1df2-4a79-872f-0f3e34cf1de1,1635687394785,13.4148107,52.4861906,4.4695773,0.04868695,-0.6092725,-0.86504745,on bike mount,cyclo cross,True,asphalt,excellent
c30021c9-29a0-469f-8f0c-1e4cb6e47c66,edc41c0b-d26e-4c69-a1c3-837016a08e7d,25e3e68e-a775-486b-bee4-0d6ee391f8ab,1635687394836,13.4148107,52.4861906,4.4695773,1.6696316,-0.24693203,-0.13673401,on bike mount,cyclo cross,True,asphalt,excellent
c30021c9-29a0-469f-8f0c-1e4cb6e47c66,edc41c0b-d26e-4c69-a1c3-837016a08e7d,2d41927d-3be1-4ae1-801a-3d70ebc7cac5,1635687394885,13.4148107,52.4861906,4.4695773,0.119309574,0.48336792,-2.410315,on bike mount,cyclo cross,True,asphalt,excellent
c30021c9-29a0-469f-8f0c-1e4cb6e47c66,edc41c0b-d26e-4c69-a1c3-837016a08e7d,7fb4beef-5d48-4629-9d73-e9f705e29e49,1635687394935,13.4148107,52.4861906,4.4695773,0.47018686,1.0427489,-0.085998535,on bike mount,cyclo cross,True,asphalt,excellent
c30021c9-29a0-469f-8f0c-1e4cb6e47c66,edc41c0b-d26e-4c69-a1c3-837016a08e7d,850839b9-3a9a-488d-a97b-f4b16fe6da8c,1635687394986,13.4148107,52.4861906,4.4695773,0.3814653,0.36985636,1.4294529,on bike mount,cyclo cross,True,asphalt,excellent
c30021c9-29a0-469f-8f0c-1e4cb6e47c66,edc41c0b-d26e-4c69-a1c3-837016a08e7d,8827cecf-7ce1-42cc-89b9-704cce2da61a,1635687395036,13.4148107,52.4861906,4.4695773,0.73130304,-0.8003812,-1.569233,on bike mount,cyclo cross,True,asphalt,excellent
c30021c9-29a0-469f-8f0c-1e4cb6e47c66,edc41c0b-d26e-4c69-a1c3-837016a08e7d,a00fb316-bc1b-4284-a772-d1233d34e3df,1635687395086,13.4148107,52.4861906,4.4695773,0.71749485,-0.42533374,1.8678799,on bike mount,cyclo cross,True,asphalt,excellent
c30021c9-29a0-469f-8f0c-1e4cb6e47c66,edc41c0b-d26e-4c69-a1c3-837016a08e7d,4ae34df1-5a37-455d-9055-843d9a5cc6ed,1635687395137,13.4148107,52.4861906,4.4695773,0.98417103,0.4552796,-2.5917583,on bike mount,cyclo cross,True,asphalt,excellent
c30021c9-29a0-469f-8f0c-1e4cb6e47c66,edc41c0b-d26e-4c69-a1c3-837016a08e7d,35d20b94-1ad5-4611-86fb-9d9b08696ffe,1635687395187,13.4148107,52.4861906,4.4695773,0.71355253,0.8439741,1.1609564,on bike mount,cyclo cross,True,asphalt,excellent
c30021c9-29a0-469f-8f0c-1e4cb6e47c66,edc41c0b-d26e-4c69-a1c3-837016a08e7d,c6f5096a-0564-419b-9885-95c1bf38f914,1635687395252,13.4148107,52.4861906,4.4695773,0.40466553,1.518065,-0.6664448,on bike mount,cyclo cross,True,asphalt,excellent
c30021c9-29a0-469f-8f0c-1e4cb6e47c66,edc41c0b-d26e-4c69-a1c3-837016a08e7d,0d634e89-5056-42a0-abf0-d69b6b00c1da,1635687395304,13.4148107,52.4861906,4.4695773,0.2702375,0.74698925,1.9859486,on bike mount,cyclo cross,True,asphalt,excellent
c30021c9-29a0-469f-8f0c-1e4cb6e47c66,edc41c0b-d26e-4c69-a1c3-837016a08e7d,7534e465-e43d-4ff0-8df9-5ea061f5f6a2,1635687395355,13.4148107,52.4861906,4.4695773,1.148176,0.12577939,-1.4210601,on bike mount,cyclo cross,True,asphalt,excellent
c30021c9-29a0-469f-8f0c-1e4cb6e47c66,edc41c0b-d26e-4c69-a1c3-837016a08e7d,1b22ee02-4bc2-436a-ac74-cbcf0e823514,1635687395405,13.4148107,52.4861906,4.4695773,1.2357078,0.4486959,-1.1236591,on bike mount,cyclo cross,True,asphalt,excellent
c30021c9-29a0-469f-8f0c-1e4cb6e47c66,edc41c0b-d26e-4c69-a1c3-837016a08e7d,b1628441-f4aa-40f0-b229-4f7c5d6ef705,1635687395471,13.4148107,52.4861906,4.4695773,0.37155536,-0.26980305,1.2617369,on bike mount,cyclo cross,True,asphalt,excellent
c30021c9-29a0-469f-8f0c-1e4cb6e47c66,edc41c0b-d26e-4c69-a1c3-837016a08e7d,0b76dc1c-3b5c-4b4b-94d8-94b057e5f729,1635687395521,13.4148107,52.4861906,4.4695773,0.048968792,0.32490277,0.5357065,on bike mount,cyclo cross,True,asphalt,excellent
c30021c9-29a0-469f-8f0c-1e4cb6e47c66,edc41c0b-d26e-4c69-a1c3-837016a08e7d,dd0270e8-4680-4aff-974a-4217a6a24615,1635687395572,13.4148107,52.4861906,4.4695773,-0.18126217,0.5226939,0.77329826,on bike mount,cyclo cross,True,asphalt,excellent
c30021c9-29a0-469f-8f0c-1e4cb6e47c66,edc41c0b-d26e-4c69-a1c3-837016a08e7d,594b6989-9433-44f5-89d0-a76b904e0f33,1635687395622,13.4148107,52.4861906,4.4695773,-0.14262709,-3.1505146,1.149765,on bike mount,cyclo cross,True,asphalt,excellent
c30021c9-29a0-469f-8f0c-1e4cb6e47c66,edc41c0b-d26e-4c69-a1c3-837016a08e7d,01c1b9fd-cedb-4a6a-a8db-4b391307cfe9,1635687395689,13.4148107,52.4861906,4.4695773,-0.57086515,1.213664,-1.6051226,on bike mount,cyclo cross,True,asphalt,excellent
c30021c9-29a0-469f-8f0c-1e4cb6e47c66,edc41c0b-d26e-4c69-a1c3-837016a08e7d,33ed966b-c964-4144-93e4-e2a912cff51a,1635687395754,13.4148367,52.4861497,5.5382557,0.061038688,1.5282183,1.5878,on bike mount,cyclo cross,True,asphalt,excellent
c30021c9-29a0-469f-8f0c-1e4cb6e47c66,edc41c0b-d26e-4c69-a1c3-837016a08e7d,991a179c-42f6-43e3-91d0-402d48e72ca9,1635687395805,13.4148367,52.4861497,5.5382557,-1.2419229,-1.8445628,-0.5649042,on bike mount,cyclo cross,True,asphalt,excellent
c30021c9-29a0-469f-8f0c-1e4cb6e47c66,edc41c0b-d26e-4c69-a1c3-837016a08e7d,10fca640-cc20-4261-b878-c1888b0e01f3,1635687395857,13.4148367,52.4861497,5.5382557,-1.1618006,-0.6547904,-2.4291253,on bike mount,cyclo cross,True,asphalt,excellent
c30021c9-29a0-469f-8f0c-1e4cb6e47c66,edc41c0b-d26e-4c69-a1c3-837016a08e7d,5807e2f6-70d4-4e7c-9971-56d0e74c99f2,1635687395922,13.4148367,52.4861497,5.5382557,-0.56029254,-1.5222343,-1.4724946,on bike mount,cyclo cross,True,asphalt,excellent
c30021c9-29a0-469f-8f0c-1e4cb6e47c66,edc41c0b-d26e-4c69-a1c3-837016a08e7d,201cd9bf-323a-44b1-a43e-20da390410ff,1635687395989,13.4148367,52.4861497,5.5382557,0.69920653,0.30071306,1.5733175,on bike mount,cyclo cross,True,asphalt,excellent
c30021c9-29a0-469f-8f0c-1e4cb6e47c66,edc41c0b-d26e-4c69-a1c3-837016a08e7d,5daafe1a-a928-41c8-865b-eeeb2fc00744,1635687396055,13.4148367,52.4861497,5.5382557,-0.35313654,0.46456766,-0.48695564,on bike mount,cyclo cross,True,asphalt,excellent
c30021c9-29a0-469f-8f0c-1e4cb6e47c66,edc41c0b-d26e-4c69-a1c3-837016a08e7d,c063e717-bd23-4ccd-84b6-20d6828e7b2a,1635687396104,13.4148367,52.4861497,5.5382557,-0.6580465,-2.4741275,3.4143505,on bike mount,cyclo cross,True,asphalt,excellent
c30021c9-29a0-469f-8f0c-1e4cb6e47c66,edc41c0b-d26e-4c69-a1c3-837016a08e7d,f9ce0f20-4ed7-45a1-be8f-2c4d7f483857,1635687396155,13.4148367,52.4861497,5.5382557,2.6646316,2.915214,-1.5102987,on bike mount,cyclo cross,True,asphalt,excellent
c30021c9-29a0-469f-8f0c-1e4cb6e47c66,edc41c0b-d26e-4c69-a1c3-837016a08e7d,290a04af-98da-4efd-8be0-179aa7f1a410,1635687396205,13.4148367,52.4861497,5.5382557,0.68105614,0.36052084,-0.8543482,on bike mount,cyclo cross,True,asphalt,excellent
c30021c9-29a0-469f-8f0c-1e4cb6e47c66,edc41c0b-d26e-4c69-a1c3-837016a08e7d,5531c7bf-fd76-4773-af2a-10a0e944bc7a,1635687396258,13.4148367,52.4861497,5.5382557,1.6102097,-0.85813046,1.0995541,on bike mount,cyclo cross,True,asphalt,excellent
c30021c9-29a0-469f-8f0c-1e4cb6e47c66,edc41c0b-d26e-4c69-a1c3-837016a08e7d,3f3181f8-7412-473f-a9fe-ce007827b40d,1635687396324,13.4148367,52.4861497,5.5382557,1.7668345,-1.2313977,2.331153,on bike mount,cyclo cross,True,asphalt,excellent
c30021c9-29a0-469f-8f0c-1e4cb6e47c66,edc41c0b-d26e-4c69-a1c3-837016a08e7d,dcf155ea-8641-4c7a-87b4-c45940a35324,1635687396389,13.4148367,52.4861497,5.5382557,0.6303576,0.35551572,2.179164,on bike mount,cyclo cross,True,asphalt,excellent
c30021c9-29a0-469f-8f0c-1e4cb6e47c66,edc41c0b-d26e-4c69-a1c3-837016a08e7d,fa145d23-363d-4a57-ba60-0e755019deac,1635687396440,13.4148367,52.4861497,5.5382557,0.7153625,-0.24938488,-1.0368237,on bike mount,cyclo cross,True,asphalt,excellent
c30021c9-29a0-469f-8f0c-1e4cb6e47c66,edc41c0b-d26e-4c69-a1c3-837016a08e7d,434dd61a-622a-4919-9b08-b44e9a1b9228,1635687396490,13.4148367,52.4861497,5.5382557,0.5351392,-0.049964428,0.25663948,on bike mount,cyclo cross,True,asphalt,excellent
c30021c9-29a0-469f-8f0c-1e4cb6e47c66,edc41c0b-d26e-4c69-a1c3-837016a08e7d,e1c9f23f-da05-4fc8-882e-a10850f61c94,1635687396540,13.4148367,52.4861497,5.5382557,2.0086174,-0.37860203,0.017944336,on bike mount,cyclo cross,True,asphalt,excellent
c30021c9-29a0-469f-8f0c-1e4cb6e47c66,edc41c0b-d26e-4c69-a1c3-837016a08e7d,880ce047-281f-4662-a60b-1c2f0dd7967d,1635687396590,13.4148367,52.4861497,5.5382557,1.0635543,0.76295376,-0.57092476,on bike mount,cyclo cross,True,asphalt,excellent
c30021c9-29a0-469f-8f0c-1e4cb6e47c66,edc41c0b-d26e-4c69-a1c3-837016a08e7d,cedd866b-0df5-4073-9108-f2f82a04a9c1,1635687396640,13.4148367,52.4861497,5.5382557,0.94812137,0.16334772,0.8106308,on bike mount,cyclo cross,True,asphalt,excellent
c30021c9-29a0-469f-8f0c-1e4cb6e47c66,edc41c0b-d26e-4c69-a1c3-837016a08e7d,312b577c-48c1-4e0b-82ea-c7d0264a1a8c,1635687396691,13.4148367,52.4861497,5.5382557,0.83040977,1.8036757,-0.95325613,on bike mount,cyclo cross,True,asphalt,excellent
c30021c9-29a0-469f-8f0c-1e4cb6e47c66,edc41c0b-d26e-4c69-a1c3-837016a08e7d,86575dc7-d002-4740-988e-702cd53f62b1,1635687396742,13.414854,52.4861112,4.5015726,1.3903185,-1.3392737,0.5571604,on bike mount,cyclo cross,True,asphalt,excellent
c30021c9-29a0-469f-8f0c-1e4cb6e47c66,edc41c0b-d26e-4c69-a1c3-837016a08e7d,9ff8ff7f-c27f-4b00-8e7a-61228950274f,1635687396807,13.414854,52.4861112,4.5015726,1.2049713,2.294724,-0.82906437,on bike mount,cyclo cross,True,asphalt,excellent
c30021c9-29a0-469f-8f0c-1e4cb6e47c66,edc41c0b-d26e-4c69-a1c3-837016a08e7d,72e5a300-4490-4462-bd12-d235e5a3f19f,1635687396859,13.414854,52.4861112,4.5015726,3.0128126,-0.24722886,2.3909302,on bike mount,cyclo cross,True,asphalt,excellent
c30021c9-29a0-469f-8f0c-1e4cb6e47c66,edc41c0b-d26e-4c69-a1c3-837016a08e7d,ccb886e9-88e0-4f60-ad65-4c8d682e307f,1635687396908,13.414854,52.4861112,4.5015726,0.25548828,0.20882058,-0.91734505,on bike mount,cyclo cross,True,asphalt,excellent
c30021c9-29a0-469f-8f0c-1e4cb6e47c66,edc41c0b-d26e-4c69-a1c3-837016a08e7d,1a48d1b9-a942-413d-ae39-e18a4b50c320,1635687396959,13.414854,52.4861112,4.5015726,0.13252485,2.2996616,-0.8975444,on bike mount,cyclo cross,True,asphalt,excellent
c30021c9-29a0-469f-8f0c-1e4cb6e47c66,edc41c0b-d26e-4c69-a1c3-837016a08e7d,0b3fff55-2f9e-45b9-bdda-fc6288ea39b0,1635687397026,13.414854,52.4861112,4.5015726,0.94900227,0.51362634,-1.5758014,on bike mount,cyclo cross,True,asphalt,excellent
c30021c9-29a0-469f-8f0c-1e4cb6e47c66,edc41c0b-d26e-4c69-a1c3-837016a08e7d,7cb8878f-75a3-4c18-9d98-4d8f4f3663b1,1635687397091,13.414854,52.4861112,4.5015726,1.9585768,0.02265954,-0.4646139,on bike mount,cyclo cross,True,asphalt,excellent
c30021c9-29a0-469f-8f0c-1e4cb6e47c66,edc41c0b-d26e-4c69-a1c3-837016a08e7d,ff9a9d7d-f934-48f1-9d8e-51592faff5fa,1635687397141,13.414854,52.4861112,4.5015726,0.7100527,0.86662936,-0.7815027,on bike mount,cyclo cross,True,asphalt,excellent
c30021c9-29a0-469f-8f0c-1e4cb6e47c66,edc41c0b-d26e-4c69-a1c3-837016a08e7d,98a898d3-c442-44cb-ba7b-106559805eec,1635687397191,13.414854,52.4861112,4.5015726,-0.5101763,0.07138491,1.0289164,on bike mount,cyclo cross,True,asphalt,excellent
c30021c9-29a0-469f-8f0c-1e4cb6e47c66,edc41c0b-d26e-4c69-a1c3-837016a08e7d,f7343d2b-ef66-4eb4-9541-3af9b6810357,1635687397242,13.414854,52.4861112,4.5015726,0.25885424,1.5723472,-1.856781,on bike mount,cyclo cross,True,asphalt,excellent
c30021c9-29a0-469f-8f0c-1e4cb6e47c66,edc41c0b-d26e-4c69-a1c3-837016a08e7d,e73a5dbe-5c0b-458c-ac82-3904bdd1e86b,1635687397292,13.414854,52.4861112,4.5015726,-0.78787255,0.32540274,-1.2548962,on bike mount,cyclo cross,True,asphalt,excellent
c30021c9-29a0-469f-8f0c-1e4cb6e47c66,edc41c0b-d26e-4c69-a1c3-837016a08e7d,2e8ec711-fb60-4d5c-9cc3-3fa285007de7,1635687397357,13.414854,52.4861112,4.5015726,0.25021422,-0.48797226,-0.5910578,on bike mount,cyclo cross,True,asphalt,excellent
