bike_activity_uid,bike_activity_sample_uid,bike_activity_measurement,bike_activity_measurement_timestamp,bike_activity_measurement_lon,bike_activity_measurement_lat,bike_activity_measurement_speed,bike_activity_measurement_accelerometer_x,bike_activity_measurement_accelerometer_y,bike_activity_measurement_accelerometer_z,bike_activity_phone_position,bike_activity_bike_type,bike_activity_flagged_lab_conditions,bike_activity_surface_type,bike_activity_smoothness_type
c788515a-89a8-42a5-9546-82bc5a7be065,ad886f0c-cdfc-4b69-ab34-4fc3672c2987,51f1fa3e-03aa-49ec-84b7-6c42e3addee1,1625681938526,13.4533628,52.4944189,1.4471872,-1.6261046,-1.0330458,0.60449934,in backpack,cyclo cross,False,mixed,mixed
c788515a-89a8-42a5-9546-82bc5a7be065,ad886f0c-cdfc-4b69-ab34-4fc3672c2987,6ee73c48-e8ab-4439-828a-c3e47e25384b,1625681938576,13.4533628,52.4944189,1.4471872,0.21635914,1.22609,1.4368873,in backpack,cyclo cross,False,mixed,mixed
c788515a-89a8-42a5-9546-82bc5a7be065,ad886f0c-cdfc-4b69-ab34-4fc3672c2987,b632acb7-4929-48c2-bcf0-b7a1fedc9aaa,1625681938626,13.4533628,52.4944189,1.4471872,2.054576,1.9412346,0.32232332,in backpack,cyclo cross,False,mixed,mixed
c788515a-89a8-42a5-9546-82bc5a7be065,ad886f0c-cdfc-4b69-ab34-4fc3672c2987,6428345e-b871-492e-8979-b2d92f7ccc12,1625681938676,13.4533628,52.4944189,1.4471872,0.42822552,0.094023705,-0.8301897,in backpack,cyclo cross,False,mixed,mixed
c788515a-89a8-42a5-9546-82bc5a7be065,ad886f0c-cdfc-4b69-ab34-4fc3672c2987,dc79c33b-a1c4-4dbc-b492-c8fbf86b5c6e,1625681938726,13.4533628,52.4944189,1.4471872,0.25667286,-0.9656801,-0.54785585,in backpack,cyclo cross,False,mixed,mixed
c788515a-89a8-42a5-9546-82bc5a7be065,ad886f0c-cdfc-4b69-ab34-4fc3672c2987,096fa646-69af-48a7-90e9-17ff9452cbe9,1625681938776,13.4533628,52.4944189,1.4471872,0.2212081,-1.3264701,0.9204359,in backpack,cyclo cross,False,mixed,mixed
c788515a-89a8-42a5-9546-82bc5a7be065,ad886f0c-cdfc-4b69-ab34-4fc3672c2987,5f3bcbef-8e58-46f2-bb68-fefdfe9244d6,1625681938826,13.4533628,52.4944189,1.4471872,-0.4916048,-1.0575793,1.4043078,in backpack,cyclo cross,False,mixed,mixed
c788515a-89a8-42a5-9546-82bc5a7be065,ad886f0c-cdfc-4b69-ab34-4fc3672c2987,d21c403d-4d4b-4405-961d-9e19c72b8ae5,1625681938876,13.4533628,52.4944189,1.4471872,-0.11137295,-0.035190582,0.36166286,in backpack,cyclo cross,False,mixed,mixed
c788515a-89a8-42a5-9546-82bc5a7be065,ad886f0c-cdfc-4b69-ab34-4fc3672c2987,32ae22e3-8df0-41c2-b37a-26a007687826,1625681938926,13.4533628,52.4944189,1.4471872,1.2408199,1.8894157,-0.6435938,in backpack,cyclo cross,False,mixed,mixed
c788515a-89a8-42a5-9546-82bc5a7be065,ad886f0c-cdfc-4b69-ab34-4fc3672c2987,45a1661b-5f6c-4665-9a41-aec5d3b48538,1625681938976,13.4533628,52.4944189,1.4471872,1.2364511,1.930768,-1.9602365,in backpack,cyclo cross,False,mixed,mixed
c788515a-89a8-42a5-9546-82bc5a7be065,ad886f0c-cdfc-4b69-ab34-4fc3672c2987,4e16acf3-f8f9-4374-8693-4b0cc16e887e,1625681939026,13.4533628,52.4944189,1.4471872,-1.2186027,-1.8189211,-0.4941783,in backpack,cyclo cross,False,mixed,mixed
c788515a-89a8-42a5-9546-82bc5a7be065,ad886f0c-cdfc-4b69-ab34-4fc3672c2987,decbd243-742e-483a-830f-1a070da08064,1625681939076,13.4533628,52.4944189,1.4471872,-1.0754938,-1.8452404,0.3878579,in backpack,cyclo cross,False,mixed,mixed
c788515a-89a8-42a5-9546-82bc5a7be065,ad886f0c-cdfc-4b69-ab34-4fc3672c2987,57f89a89-f762-4677-b46c-017239f3b83a,1625681939126,13.4533527,52.494423,1.7021241,0.42015505,0.14945173,1.3073373,in backpack,cyclo cross,False,mixed,mixed
c788515a-89a8-42a5-9546-82bc5a7be065,ad886f0c-cdfc-4b69-ab34-4fc3672c2987,4534311f-1b11-4227-bded-bd1b96ee9bb5,1625681939176,13.4533527,52.494423,1.7021241,0.27835083,1.5185394,1.2087207,in backpack,cyclo cross,False,mixed,mixed
c788515a-89a8-42a5-9546-82bc5a7be065,ad886f0c-cdfc-4b69-ab34-4fc3672c2987,8e2b14b8-6688-436c-8aea-2ab693a57358,1625681939226,13.4533527,52.494423,1.7021241,-1.4976065,0.5957999,0.5158868,in backpack,cyclo cross,False,mixed,mixed
c788515a-89a8-42a5-9546-82bc5a7be065,ad886f0c-cdfc-4b69-ab34-4fc3672c2987,73faf365-df0c-4f3a-ae9c-2aa5d5dd4eba,1625681939276,13.4533527,52.494423,1.7021241,0.20774078,0.9851327,-0.17480421,in backpack,cyclo cross,False,mixed,mixed
c788515a-89a8-42a5-9546-82bc5a7be065,ad886f0c-cdfc-4b69-ab34-4fc3672c2987,f5e8c910-8921-46db-b791-465d5fd51134,1625681939326,13.4533527,52.494423,1.7021241,2.1533113,2.1642437,-1.3222656,in backpack,cyclo cross,False,mixed,mixed
c788515a-89a8-42a5-9546-82bc5a7be065,ad886f0c-cdfc-4b69-ab34-4fc3672c2987,57605bf6-a980-4339-8c93-cb845cd1a2f0,1625681939376,13.4533527,52.494423,1.7021241,-0.94748855,-0.3808732,-0.597764,in backpack,cyclo cross,False,mixed,mixed
c788515a-89a8-42a5-9546-82bc5a7be065,ad886f0c-cdfc-4b69-ab34-4fc3672c2987,b8d708af-61a2-40ad-924a-f17f91708e12,1625681939426,13.4533527,52.494423,1.7021241,-1.9302039,-1.4643643,1.3833046,in backpack,cyclo cross,False,mixed,mixed
c788515a-89a8-42a5-9546-82bc5a7be065,ad886f0c-cdfc-4b69-ab34-4fc3672c2987,0222fdd6-ce25-4317-aa5d-661950f90a69,1625681939476,13.4533527,52.494423,1.7021241,-0.3146162,-0.8008218,1.3813095,in backpack,cyclo cross,False,mixed,mixed
c788515a-89a8-42a5-9546-82bc5a7be065,ad886f0c-cdfc-4b69-ab34-4fc3672c2987,780bed8f-2c70-4c5b-8e0e-aa05ce25aac0,1625681939526,13.4533527,52.494423,1.7021241,1.4701147,1.0904284,1.878968,in backpack,cyclo cross,False,mixed,mixed
c788515a-89a8-42a5-9546-82bc5a7be065,ad886f0c-cdfc-4b69-ab34-4fc3672c2987,068c8418-0ce7-4902-8b22-14e8212e4a07,1625681939576,13.4533527,52.494423,1.7021241,5.8751345,5.868539,-0.41099405,in backpack,cyclo cross,False,mixed,mixed
c788515a-89a8-42a5-9546-82bc5a7be065,ad886f0c-cdfc-4b69-ab34-4fc3672c2987,b5ce387e-d563-4a82-b8ca-ff5462ef816f,1625681939626,13.4533527,52.494423,1.7021241,0.15610075,-0.15990543,-4.1058054,in backpack,cyclo cross,False,mixed,mixed
c788515a-89a8-42a5-9546-82bc5a7be065,ad886f0c-cdfc-4b69-ab34-4fc3672c2987,c4719b6e-4c8e-4d0d-9e7c-7dbcb56dfb00,1625681939676,13.4533527,52.494423,1.7021241,-1.9505045,-3.435007,-1.1865659,in backpack,cyclo cross,False,mixed,mixed
c788515a-89a8-42a5-9546-82bc5a7be065,ad886f0c-cdfc-4b69-ab34-4fc3672c2987,e9d1dcab-7d4d-4fb1-bcca-4e3fd0617ce1,1625681939726,13.4533825,52.4944083,3.6147351,-1.5467257,-3.0467753,0.9157891,in backpack,cyclo cross,False,mixed,mixed
c788515a-89a8-42a5-9546-82bc5a7be065,ad886f0c-cdfc-4b69-ab34-4fc3672c2987,ebee4cbb-35de-47ea-adcb-2a34f634cc6d,1625681939777,13.4533825,52.4944083,3.6147351,-0.63032436,-1.9659541,3.3219578,in backpack,cyclo cross,False,mixed,mixed
c788515a-89a8-42a5-9546-82bc5a7be065,ad886f0c-cdfc-4b69-ab34-4fc3672c2987,f6978469-48f8-4190-a9dc-d17ee2500ccd,1625681939826,13.4533825,52.4944083,3.6147351,1.3375306,1.0482125,2.668519,in backpack,cyclo cross,False,mixed,mixed
c788515a-89a8-42a5-9546-82bc5a7be065,ad886f0c-cdfc-4b69-ab34-4fc3672c2987,1c4ee89c-5ce9-4335-8976-81fe7baf5d18,1625681939876,13.4533825,52.4944083,3.6147351,1.2081752,1.8642097,0.8767986,in backpack,cyclo cross,False,mixed,mixed
c788515a-89a8-42a5-9546-82bc5a7be065,ad886f0c-cdfc-4b69-ab34-4fc3672c2987,865332bb-3a61-4b7f-a053-75951af10d5b,1625681939926,13.4533825,52.4944083,3.6147351,2.1370358,2.554349,-1.2052922,in backpack,cyclo cross,False,mixed,mixed
c788515a-89a8-42a5-9546-82bc5a7be065,ad886f0c-cdfc-4b69-ab34-4fc3672c2987,415690f3-7e3d-4198-9fa6-66d84d52532c,1625681939976,13.4533825,52.4944083,3.6147351,0.40324688,-2.0305507,-1.3203487,in backpack,cyclo cross,False,mixed,mixed
c788515a-89a8-42a5-9546-82bc5a7be065,ad886f0c-cdfc-4b69-ab34-4fc3672c2987,31057688-5b1c-4305-a413-5229d58a8171,1625681940026,13.4533825,52.4944083,3.6147351,0.0053915977,-2.4548073,1.0522108,in backpack,cyclo cross,False,mixed,mixed
c788515a-89a8-42a5-9546-82bc5a7be065,ad886f0c-cdfc-4b69-ab34-4fc3672c2987,f5e3d287-432e-4ddf-9f62-9ebf1c1e3cd1,1625681940076,13.4533825,52.4944083,3.6147351,1.1636605,-0.57751846,1.0704789,in backpack,cyclo cross,False,mixed,mixed
c788515a-89a8-42a5-9546-82bc5a7be065,ad886f0c-cdfc-4b69-ab34-4fc3672c2987,8c8362b3-88ed-4d45-8135-50f40a8f6c4c,1625681940126,13.4533825,52.4944083,3.6147351,0.67871,0.65324974,0.4764061,in backpack,cyclo cross,False,mixed,mixed
c788515a-89a8-42a5-9546-82bc5a7be065,ad886f0c-cdfc-4b69-ab34-4fc3672c2987,3234a665-e7c7-4096-8317-6e4156eb8b30,1625681940176,13.4533825,52.4944083,3.6147351,0.32407427,1.7069645,-0.6267295,in backpack,cyclo cross,False,mixed,mixed
c788515a-89a8-42a5-9546-82bc5a7be065,ad886f0c-cdfc-4b69-ab34-4fc3672c2987,922db275-cd46-4b3b-91c5-4ad44ea398b5,1625681940226,13.4533825,52.4944083,3.6147351,-0.26972628,0.75518036,-1.612011,in backpack,cyclo cross,False,mixed,mixed
c788515a-89a8-42a5-9546-82bc5a7be065,ad886f0c-cdfc-4b69-ab34-4fc3672c2987,60f29543-561a-48ed-96e7-831466ced5d3,1625681940276,13.4533825,52.4944083,3.6147351,-1.2814257,-0.6981478,-0.31831884,in backpack,cyclo cross,False,mixed,mixed
c788515a-89a8-42a5-9546-82bc5a7be065,ad886f0c-cdfc-4b69-ab34-4fc3672c2987,ba3e933d-ae47-46ba-876d-c66c82eca75f,1625681940327,13.4533825,52.4944083,3.6147351,-0.759562,-0.4168234,1.6904683,in backpack,cyclo cross,False,mixed,mixed
c788515a-89a8-42a5-9546-82bc5a7be065,ad886f0c-cdfc-4b69-ab34-4fc3672c2987,8e9499bb-b8e1-4f32-89eb-e99c67d68579,1625681940378,13.4534139,52.4943869,4.27654,-0.7048454,-0.27047586,1.8747559,in backpack,cyclo cross,False,mixed,mixed
c788515a-89a8-42a5-9546-82bc5a7be065,ad886f0c-cdfc-4b69-ab34-4fc3672c2987,34139869-145e-4c26-b41b-aa1e09172dad,1625681940429,13.4534139,52.4943869,4.27654,-0.0021305084,2.4058933,0.94232607,in backpack,cyclo cross,False,mixed,mixed
c788515a-89a8-42a5-9546-82bc5a7be065,ad886f0c-cdfc-4b69-ab34-4fc3672c2987,e097025e-e47d-450d-9c42-37a1b1cd71eb,1625681940479,13.4534139,52.4943869,4.27654,1.8645182,2.927095,-0.12284279,in backpack,cyclo cross,False,mixed,mixed
c788515a-89a8-42a5-9546-82bc5a7be065,ad886f0c-cdfc-4b69-ab34-4fc3672c2987,e9e6ee94-4f90-4a6e-be49-917bb7995bce,1625681940529,13.4534139,52.4943869,4.27654,-0.41853952,-0.61035204,0.1347661,in backpack,cyclo cross,False,mixed,mixed
c788515a-89a8-42a5-9546-82bc5a7be065,ad886f0c-cdfc-4b69-ab34-4fc3672c2987,4aee2bd3-55c0-4925-8dcc-62d42189c0d8,1625681940579,13.4534139,52.4943869,4.27654,0.9083371,0.26158953,-0.30869198,in backpack,cyclo cross,False,mixed,mixed
c788515a-89a8-42a5-9546-82bc5a7be065,ad886f0c-cdfc-4b69-ab34-4fc3672c2987,2378d598-aa0c-4906-bf6a-837be616fe11,1625681940630,13.4534139,52.4943869,4.27654,1.7913218,-0.038118362,-0.7251682,in backpack,cyclo cross,False,mixed,mixed
c788515a-89a8-42a5-9546-82bc5a7be065,ad886f0c-cdfc-4b69-ab34-4fc3672c2987,7f9703db-6dd8-44a5-9a7c-7177c6343204,1625681940680,13.4534139,52.4943869,4.27654,0.48774433,0.37428045,-1.0189004,in backpack,cyclo cross,False,mixed,mixed
c788515a-89a8-42a5-9546-82bc5a7be065,ad886f0c-cdfc-4b69-ab34-4fc3672c2987,d25fb63a-5db5-4ac6-be77-be92d4d3d832,1625681940731,13.4534139,52.4943869,4.27654,-1.9737604,-0.83734775,-0.44669962,in backpack,cyclo cross,False,mixed,mixed
c788515a-89a8-42a5-9546-82bc5a7be065,ad886f0c-cdfc-4b69-ab34-4fc3672c2987,3d08e25b-d758-4480-9736-27eed2f962cd,1625681940782,13.4534139,52.4943869,4.27654,0.036701202,-0.52444863,-0.63046455,in backpack,cyclo cross,False,mixed,mixed
c788515a-89a8-42a5-9546-82bc5a7be065,ad886f0c-cdfc-4b69-ab34-4fc3672c2987,7fc55fa5-f8ca-45b7-9af6-2df379b85350,1625681940832,13.4534139,52.4943869,4.27654,-0.5582056,0.45768547,0.8354416,in backpack,cyclo cross,False,mixed,mixed
c788515a-89a8-42a5-9546-82bc5a7be065,ad886f0c-cdfc-4b69-ab34-4fc3672c2987,be4e87ac-3c9c-4f5b-bca0-89c8432b0ad7,1625681940883,13.4534139,52.4943869,4.27654,-0.4027295,1.014967,0.49503517,in backpack,cyclo cross,False,mixed,mixed
c788515a-89a8-42a5-9546-82bc5a7be065,ad886f0c-cdfc-4b69-ab34-4fc3672c2987,9ce9a4d4-42ee-4e52-81aa-ae8d91dfe49a,1625681940934,13.4534139,52.4943869,4.27654,0.061326504,1.4329844,-0.8633685,in backpack,cyclo cross,False,mixed,mixed
c788515a-89a8-42a5-9546-82bc5a7be065,ad886f0c-cdfc-4b69-ab34-4fc3672c2987,d0caa6d0-243e-4131-bfd2-437954ad3c22,1625681940984,13.4534139,52.4943869,4.27654,-2.1883245,1.4909043,-0.2211361,in backpack,cyclo cross,False,mixed,mixed
c788515a-89a8-42a5-9546-82bc5a7be065,ad886f0c-cdfc-4b69-ab34-4fc3672c2987,da767d30-76f3-43ea-9698-5a966e17d226,1625681941035,13.4534139,52.4943869,4.27654,-0.67043304,2.5150557,-0.09234381,in backpack,cyclo cross,False,mixed,mixed
c788515a-89a8-42a5-9546-82bc5a7be065,ad886f0c-cdfc-4b69-ab34-4fc3672c2987,7ff2f92f-9b14-4c2e-b701-188d80e07eca,1625681941084,13.4534139,52.4943869,4.27654,0.65363026,0.9052458,1.1628246,in backpack,cyclo cross,False,mixed,mixed
c788515a-89a8-42a5-9546-82bc5a7be065,ad886f0c-cdfc-4b69-ab34-4fc3672c2987,0a1651c0-14a6-4cd6-8514-6efd66e3a0a0,1625681941134,13.4534139,52.4943869,4.27654,0.15596914,0.4058776,1.0690031,in backpack,cyclo cross,False,mixed,mixed
c788515a-89a8-42a5-9546-82bc5a7be065,ad886f0c-cdfc-4b69-ab34-4fc3672c2987,9c9a578e-d4e0-442f-93e4-19925e9ab3d0,1625681941184,13.4534139,52.4943869,4.27654,0.25993872,-0.064527035,1.4852271,in backpack,cyclo cross,False,mixed,mixed
c788515a-89a8-42a5-9546-82bc5a7be065,ad886f0c-cdfc-4b69-ab34-4fc3672c2987,925c1666-ae77-4758-9ab7-7e57ddef4882,1625681941234,13.4534538,52.4943622,3.645331,0.1058383,-0.3614235,0.7402835,in backpack,cyclo cross,False,mixed,mixed
c788515a-89a8-42a5-9546-82bc5a7be065,ad886f0c-cdfc-4b69-ab34-4fc3672c2987,b995b78d-26b4-4e2d-91f5-afa71ccaac9f,1625681941284,13.4534538,52.4943622,3.645331,2.3164997,0.84937525,0.32105255,in backpack,cyclo cross,False,mixed,mixed
c788515a-89a8-42a5-9546-82bc5a7be065,ad886f0c-cdfc-4b69-ab34-4fc3672c2987,d6b6d538-976c-4365-8f77-26f469e2a9ac,1625681941335,13.4534538,52.4943622,3.645331,3.9846663,3.9973984,-1.7811298,in backpack,cyclo cross,False,mixed,mixed
c788515a-89a8-42a5-9546-82bc5a7be065,ad886f0c-cdfc-4b69-ab34-4fc3672c2987,0de3475a-e6ca-44bf-b3ca-190fe7823620,1625681941395,13.4534538,52.4943622,3.645331,-1.9088035,-1.5543237,-1.5663066,in backpack,cyclo cross,False,mixed,mixed
c788515a-89a8-42a5-9546-82bc5a7be065,ad886f0c-cdfc-4b69-ab34-4fc3672c2987,0e96edd8-b21b-40ee-84d6-757ecfed94bc,1625681941446,13.4534538,52.4943622,3.645331,-2.8267329,-3.36128,1.7300985,in backpack,cyclo cross,False,mixed,mixed
c788515a-89a8-42a5-9546-82bc5a7be065,ad886f0c-cdfc-4b69-ab34-4fc3672c2987,11fb42e4-58ea-438a-97f1-2349e71c9677,1625681941496,13.4534538,52.4943622,3.645331,-2.0385966,-3.2089915,1.5390592,in backpack,cyclo cross,False,mixed,mixed
c788515a-89a8-42a5-9546-82bc5a7be065,ad886f0c-cdfc-4b69-ab34-4fc3672c2987,c1c820ac-faeb-4dcc-ac52-2e148f3adaf0,1625681941546,13.4534538,52.4943622,3.645331,-1.0776939,-0.116980076,2.8758757,in backpack,cyclo cross,False,mixed,mixed
c788515a-89a8-42a5-9546-82bc5a7be065,ad886f0c-cdfc-4b69-ab34-4fc3672c2987,1d914bca-10bf-410d-a50b-64264ac15d9a,1625681941595,13.4534538,52.4943622,3.645331,1.596127,3.572915,1.1682868,in backpack,cyclo cross,False,mixed,mixed
c788515a-89a8-42a5-9546-82bc5a7be065,ad886f0c-cdfc-4b69-ab34-4fc3672c2987,984ec75f-e20d-4ca2-88c6-3bfdd8547a08,1625681941646,13.4534538,52.4943622,3.645331,2.1864715,4.6814494,-3.7716818,in backpack,cyclo cross,False,mixed,mixed
c788515a-89a8-42a5-9546-82bc5a7be065,ad886f0c-cdfc-4b69-ab34-4fc3672c2987,3beef9c7-9a86-421d-a8fb-ac13f0258bc8,1625681941697,13.4534538,52.4943622,3.645331,-0.900898,0.217772,-1.4409695,in backpack,cyclo cross,False,mixed,mixed
c788515a-89a8-42a5-9546-82bc5a7be065,ad886f0c-cdfc-4b69-ab34-4fc3672c2987,8c6ff688-d77e-4489-bcb6-fafa599f4768,1625681941748,13.4534538,52.4943622,3.645331,-0.08023834,-0.6049261,1.1139991,in backpack,cyclo cross,False,mixed,mixed
c788515a-89a8-42a5-9546-82bc5a7be065,ad886f0c-cdfc-4b69-ab34-4fc3672c2987,24f82802-301d-4d66-810d-44e306920bc8,1625681941798,13.4534538,52.4943622,3.645331,0.21096563,-0.59691286,2.8042972,in backpack,cyclo cross,False,mixed,mixed
c788515a-89a8-42a5-9546-82bc5a7be065,ad886f0c-cdfc-4b69-ab34-4fc3672c2987,19a92ef0-2a59-4165-ae64-251d028294ba,1625681941849,13.4534538,52.4943622,3.645331,-0.76832104,-0.110191345,2.6590202,in backpack,cyclo cross,False,mixed,mixed
c788515a-89a8-42a5-9546-82bc5a7be065,ad886f0c-cdfc-4b69-ab34-4fc3672c2987,8c1b09ab-6037-42b4-b844-f0dbc7f48885,1625681941900,13.4534538,52.4943622,3.645331,0.020671844,3.8589363,1.2882218,in backpack,cyclo cross,False,mixed,mixed
c788515a-89a8-42a5-9546-82bc5a7be065,ad886f0c-cdfc-4b69-ab34-4fc3672c2987,a1239183-707b-4ed0-9605-cb35c8fb5086,1625681941950,13.4534538,52.4943622,3.645331,-1.285327,2.5126705,-0.078017235,in backpack,cyclo cross,False,mixed,mixed
c788515a-89a8-42a5-9546-82bc5a7be065,ad886f0c-cdfc-4b69-ab34-4fc3672c2987,9aff40b9-a6f2-435f-99b7-b2dd0145d57c,1625681942000,13.4534538,52.4943622,3.645331,0.88341,0.68597364,-2.7138658,in backpack,cyclo cross,False,mixed,mixed
c788515a-89a8-42a5-9546-82bc5a7be065,ad886f0c-cdfc-4b69-ab34-4fc3672c2987,e27d5dc6-85cd-4fce-ad8f-faea77dbc4ec,1625681942050,13.4534538,52.4943622,3.645331,0.75907516,0.41430092,-1.3971939,in backpack,cyclo cross,False,mixed,mixed
c788515a-89a8-42a5-9546-82bc5a7be065,ad886f0c-cdfc-4b69-ab34-4fc3672c2987,6ac8d407-c7d9-45d7-83d6-00385645df7f,1625681942100,13.4534538,52.4943622,3.645331,-2.1897235,-1.0598817,0.2660985,in backpack,cyclo cross,False,mixed,mixed
c788515a-89a8-42a5-9546-82bc5a7be065,ad886f0c-cdfc-4b69-ab34-4fc3672c2987,271d540f-90a9-44f5-9f70-2a13dc906753,1625681942150,13.4534538,52.4943622,3.645331,-2.4300098,-1.7700505,1.1507254,in backpack,cyclo cross,False,mixed,mixed
c788515a-89a8-42a5-9546-82bc5a7be065,ad886f0c-cdfc-4b69-ab34-4fc3672c2987,52698f15-bce5-4a3d-8bb3-7d71743746da,1625681942200,13.4534538,52.4943622,3.645331,3.8235683,3.1741495,2.6454632,in backpack,cyclo cross,False,mixed,mixed
c788515a-89a8-42a5-9546-82bc5a7be065,ad886f0c-cdfc-4b69-ab34-4fc3672c2987,c36d50bb-f754-4663-b6de-1a50131460ee,1625681942250,13.4534538,52.4943622,3.645331,2.4436188,2.2425203,0.47230577,in backpack,cyclo cross,False,mixed,mixed
c788515a-89a8-42a5-9546-82bc5a7be065,ad886f0c-cdfc-4b69-ab34-4fc3672c2987,0bd47291-827a-4a75-b1b7-1b11f6886cee,1625681942301,13.4534538,52.4943622,3.645331,-0.76528597,0.23640203,-2.501462,in backpack,cyclo cross,False,mixed,mixed
c788515a-89a8-42a5-9546-82bc5a7be065,ad886f0c-cdfc-4b69-ab34-4fc3672c2987,e25312ea-7d41-4479-a096-983830209e11,1625681942351,13.4534538,52.4943622,3.645331,-0.7692156,-1.5115957,-0.723886,in backpack,cyclo cross,False,mixed,mixed
c788515a-89a8-42a5-9546-82bc5a7be065,ad886f0c-cdfc-4b69-ab34-4fc3672c2987,7de84ad0-17d6-4268-bcdf-d06b13ae9e59,1625681942401,13.4535699,52.4943096,3.7557478,0.638844,-1.7350023,1.0888214,in backpack,cyclo cross,False,mixed,mixed
c788515a-89a8-42a5-9546-82bc5a7be065,ad886f0c-cdfc-4b69-ab34-4fc3672c2987,275504aa-976e-4178-8126-918c17ad02d4,1625681942451,13.4535699,52.4943096,3.7557478,-0.950953,-2.0780232,1.4385076,in backpack,cyclo cross,False,mixed,mixed
c788515a-89a8-42a5-9546-82bc5a7be065,ad886f0c-cdfc-4b69-ab34-4fc3672c2987,c8244b6e-faa5-412a-8d2d-0fed87cbc7c0,1625681942501,13.4535699,52.4943096,3.7557478,-1.2779267,0.2065978,1.123066,in backpack,cyclo cross,False,mixed,mixed
c788515a-89a8-42a5-9546-82bc5a7be065,ad886f0c-cdfc-4b69-ab34-4fc3672c2987,ac124092-62fd-4364-9a0e-f0f3c1ca740e,1625681942551,13.4535699,52.4943096,3.7557478,0.25939798,2.2096853,0.19875431,in backpack,cyclo cross,False,mixed,mixed
c788515a-89a8-42a5-9546-82bc5a7be065,ad886f0c-cdfc-4b69-ab34-4fc3672c2987,e3c5dd46-0172-4e12-8f49-7e5bc77ff02c,1625681942601,13.4535699,52.4943096,3.7557478,0.09013224,-0.19019508,-1.5613551,in backpack,cyclo cross,False,mixed,mixed
c788515a-89a8-42a5-9546-82bc5a7be065,ad886f0c-cdfc-4b69-ab34-4fc3672c2987,eb0ad349-d3ba-4a47-b771-02b8971e03c6,1625681942652,13.4535699,52.4943096,3.7557478,1.2128506,0.6829152,-0.5312705,in backpack,cyclo cross,False,mixed,mixed
c788515a-89a8-42a5-9546-82bc5a7be065,ad886f0c-cdfc-4b69-ab34-4fc3672c2987,529da5c7-28de-4f25-b56b-54ce3be63346,1625681942701,13.4535699,52.4943096,3.7557478,3.3094893,0.57407427,-1.4369879,in backpack,cyclo cross,False,mixed,mixed
c788515a-89a8-42a5-9546-82bc5a7be065,ad886f0c-cdfc-4b69-ab34-4fc3672c2987,2c774400-25d4-4df9-9dd9-32f108a26ece,1625681942752,13.4535699,52.4943096,3.7557478,0.75238323,-0.018535614,-1.841826,in backpack,cyclo cross,False,mixed,mixed
c788515a-89a8-42a5-9546-82bc5a7be065,ad886f0c-cdfc-4b69-ab34-4fc3672c2987,4d40eda7-5300-4bcf-8042-d5e5939971b3,1625681942802,13.4535699,52.4943096,3.7557478,-2.313228,-1.8544455,0.8530874,in backpack,cyclo cross,False,mixed,mixed
c788515a-89a8-42a5-9546-82bc5a7be065,ad886f0c-cdfc-4b69-ab34-4fc3672c2987,15790297-e32a-455f-834e-2bffc2ba7c00,1625681942853,13.4535699,52.4943096,3.7557478,-2.874713,-2.490069,2.3423054,in backpack,cyclo cross,False,mixed,mixed
c788515a-89a8-42a5-9546-82bc5a7be065,ad886f0c-cdfc-4b69-ab34-4fc3672c2987,52f354be-ed73-4619-9ce8-8710f2768f86,1625681942902,13.4535699,52.4943096,3.7557478,0.052844524,-0.30810976,1.6511755,in backpack,cyclo cross,False,mixed,mixed
c788515a-89a8-42a5-9546-82bc5a7be065,ad886f0c-cdfc-4b69-ab34-4fc3672c2987,669c445b-25cb-4617-ac2f-63d8a37692e5,1625681942952,13.4535699,52.4943096,3.7557478,5.6096697,5.4368477,2.6524258,in backpack,cyclo cross,False,mixed,mixed
c788515a-89a8-42a5-9546-82bc5a7be065,ad886f0c-cdfc-4b69-ab34-4fc3672c2987,bda76938-e36f-4caa-9788-04107c82e3c9,1625681943002,13.4535699,52.4943096,3.7557478,0.33638096,1.0390406,-2.3267217,in backpack,cyclo cross,False,mixed,mixed
c788515a-89a8-42a5-9546-82bc5a7be065,ad886f0c-cdfc-4b69-ab34-4fc3672c2987,dace527f-c48f-4ed1-90e2-71bba09fc377,1625681943053,13.4535699,52.4943096,3.7557478,-0.5154314,-1.9830284,-4.1009216,in backpack,cyclo cross,False,mixed,mixed
c788515a-89a8-42a5-9546-82bc5a7be065,ad886f0c-cdfc-4b69-ab34-4fc3672c2987,c85b5607-3c81-4683-abce-062af109e0ee,1625681943103,13.4535996,52.4942969,2.8607316,3.1818075,-0.14529419,-1.3418489,in backpack,cyclo cross,False,mixed,mixed
c788515a-89a8-42a5-9546-82bc5a7be065,ad886f0c-cdfc-4b69-ab34-4fc3672c2987,4ed01c02-d5e9-4c1e-ab9c-654ec0c37f86,1625681943154,13.4535996,52.4942969,2.8607316,0.9422512,-1.4740338,0.040308952,in backpack,cyclo cross,False,mixed,mixed
c788515a-89a8-42a5-9546-82bc5a7be065,ad886f0c-cdfc-4b69-ab34-4fc3672c2987,59ce9193-de0d-49f4-8fa2-93a09ad3f0b9,1625681943204,13.4535996,52.4942969,2.8607316,-2.559889,-1.0271897,1.2622814,in backpack,cyclo cross,False,mixed,mixed
c788515a-89a8-42a5-9546-82bc5a7be065,ad886f0c-cdfc-4b69-ab34-4fc3672c2987,13e86491-74ca-48cb-a4c8-5fc177f98b72,1625681943254,13.4535996,52.4942969,2.8607316,-1.2195833,0.5528741,0.72824335,in backpack,cyclo cross,False,mixed,mixed
c788515a-89a8-42a5-9546-82bc5a7be065,ad886f0c-cdfc-4b69-ab34-4fc3672c2987,47bc0ded-562a-48e3-887d-1e5e965dee90,1625681943304,13.4535996,52.4942969,2.8607316,0.66777897,0.8688612,0.9924965,in backpack,cyclo cross,False,mixed,mixed
c788515a-89a8-42a5-9546-82bc5a7be065,ad886f0c-cdfc-4b69-ab34-4fc3672c2987,1ab6d3a6-94f8-4826-b690-278f680ea33e,1625681943354,13.4535996,52.4942969,2.8607316,-1.3885651,-1.9162431,0.84866,in backpack,cyclo cross,False,mixed,mixed
c788515a-89a8-42a5-9546-82bc5a7be065,ad886f0c-cdfc-4b69-ab34-4fc3672c2987,0f221817-2551-4b88-892e-04d3083d290b,1625681943404,13.4535996,52.4942969,2.8607316,2.6768298,-0.33520365,-0.97220516,in backpack,cyclo cross,False,mixed,mixed
c788515a-89a8-42a5-9546-82bc5a7be065,ad886f0c-cdfc-4b69-ab34-4fc3672c2987,7f871f22-072e-41bc-8b7d-78ab92be25d2,1625681943455,13.4535996,52.4942969,2.8607316,4.4713364,0.96334696,-2.2215524,in backpack,cyclo cross,False,mixed,mixed
c788515a-89a8-42a5-9546-82bc5a7be065,ad886f0c-cdfc-4b69-ab34-4fc3672c2987,49df0618-b994-483c-8003-fd72310213df,1625681943505,13.4535996,52.4942969,2.8607316,-0.7537036,-0.46686697,-0.49743128,in backpack,cyclo cross,False,mixed,mixed
c788515a-89a8-42a5-9546-82bc5a7be065,ad886f0c-cdfc-4b69-ab34-4fc3672c2987,30ce66ac-d45a-4923-9330-c4b1936b7904,1625681943555,13.4535996,52.4942969,2.8607316,-1.7976522,-2.0834796,0.016040325,in backpack,cyclo cross,False,mixed,mixed
c788515a-89a8-42a5-9546-82bc5a7be065,ad886f0c-cdfc-4b69-ab34-4fc3672c2987,6666aa4a-de55-4f14-add0-cb39688fac99,1625681943605,13.4535996,52.4942969,2.8607316,0.01057291,0.15200663,1.4674842,in backpack,cyclo cross,False,mixed,mixed
c788515a-89a8-42a5-9546-82bc5a7be065,ad886f0c-cdfc-4b69-ab34-4fc3672c2987,b84d197c-b05b-4cf1-af76-e19c355548cc,1625681943655,13.4535996,52.4942969,2.8607316,-0.41621065,-0.43261623,-0.9339862,in backpack,cyclo cross,False,mixed,mixed
c788515a-89a8-42a5-9546-82bc5a7be065,ad886f0c-cdfc-4b69-ab34-4fc3672c2987,0da3babb-309e-4db8-850f-22e71977f98a,1625681943705,13.4535996,52.4942969,2.8607316,0.24687386,-1.0319791,-0.8798237,in backpack,cyclo cross,False,mixed,mixed
c788515a-89a8-42a5-9546-82bc5a7be065,ad886f0c-cdfc-4b69-ab34-4fc3672c2987,e43e34d7-39a3-4c2a-a30b-f86e325f130f,1625681943755,13.4535996,52.4942969,2.8607316,0.19343853,-0.9066191,-1.107151,in backpack,cyclo cross,False,mixed,mixed
c788515a-89a8-42a5-9546-82bc5a7be065,ad886f0c-cdfc-4b69-ab34-4fc3672c2987,4a623769-046f-4c3f-be20-4d711de045b7,1625681943805,13.4535996,52.4942969,2.8607316,0.8739972,-1.2527175,-0.5904112,in backpack,cyclo cross,False,mixed,mixed
c788515a-89a8-42a5-9546-82bc5a7be065,ad886f0c-cdfc-4b69-ab34-4fc3672c2987,0b838af6-3355-47d7-83e0-efe2cef02766,1625681943855,13.4535996,52.4942969,2.8607316,0.88166285,-0.5950341,1.1029902,in backpack,cyclo cross,False,mixed,mixed
c788515a-89a8-42a5-9546-82bc5a7be065,ad886f0c-cdfc-4b69-ab34-4fc3672c2987,c8853fb1-73fc-468a-bf69-f9a4781657ab,1625681943905,13.4535996,52.4942969,2.8607316,1.7468352,-0.18118048,-0.2598815,in backpack,cyclo cross,False,mixed,mixed
c788515a-89a8-42a5-9546-82bc5a7be065,ad886f0c-cdfc-4b69-ab34-4fc3672c2987,8d2be66f-64b8-4e85-8f42-7724dee66d0f,1625681943955,13.4535996,52.4942969,2.8607316,2.4356441,1.8803258,-0.5055413,in backpack,cyclo cross,False,mixed,mixed
c788515a-89a8-42a5-9546-82bc5a7be065,ad886f0c-cdfc-4b69-ab34-4fc3672c2987,ba228c8d-4a4b-46b6-93a7-285c5bfd62bc,1625681944005,13.4535996,52.4942969,2.8607316,0.1510706,-0.29953384,-1.4968309,in backpack,cyclo cross,False,mixed,mixed
c788515a-89a8-42a5-9546-82bc5a7be065,ad886f0c-cdfc-4b69-ab34-4fc3672c2987,8f0f961d-18f3-4757-a24e-ac6cc124df4b,1625681944062,13.4535996,52.4942969,2.8607316,-0.49033785,-3.0941317,-0.8748579,in backpack,cyclo cross,False,mixed,mixed
c788515a-89a8-42a5-9546-82bc5a7be065,ad886f0c-cdfc-4b69-ab34-4fc3672c2987,f3981013-05f0-47b8-af34-f6c4b5029c5d,1625681944112,13.4535996,52.4942969,2.8607316,0.7993293,-1.1316047,-0.00014066696,in backpack,cyclo cross,False,mixed,mixed
c788515a-89a8-42a5-9546-82bc5a7be065,ad886f0c-cdfc-4b69-ab34-4fc3672c2987,a9724a6d-2a2a-4a55-a3ce-418b44b49378,1625681944162,13.4535996,52.4942969,2.8607316,0.43919373,-0.89743567,-0.26677227,in backpack,cyclo cross,False,mixed,mixed
c788515a-89a8-42a5-9546-82bc5a7be065,ad886f0c-cdfc-4b69-ab34-4fc3672c2987,59d7bf02-e9f8-476d-89c4-22a79c004e4e,1625681944212,13.4536776,52.494259,4.3801646,-0.34454155,-1.0987244,-0.7198496,in backpack,cyclo cross,False,mixed,mixed
c788515a-89a8-42a5-9546-82bc5a7be065,ad886f0c-cdfc-4b69-ab34-4fc3672c2987,35cf3d17-2093-4119-8466-7426dc16195f,1625681944262,13.4536776,52.494259,4.3801646,0.83409786,-0.15913296,0.16726828,in backpack,cyclo cross,False,mixed,mixed
c788515a-89a8-42a5-9546-82bc5a7be065,ad886f0c-cdfc-4b69-ab34-4fc3672c2987,104e4792-9018-433e-aac3-e03dd8833f53,1625681944311,13.4536776,52.494259,4.3801646,2.21142,0.44090748,-0.13520575,in backpack,cyclo cross,False,mixed,mixed
c788515a-89a8-42a5-9546-82bc5a7be065,ad886f0c-cdfc-4b69-ab34-4fc3672c2987,d10fb6da-f423-452a-9964-de68c1da3bfd,1625681944360,13.4536776,52.494259,4.3801646,1.4526672,-0.3252015,-2.1482267,in backpack,cyclo cross,False,mixed,mixed
c788515a-89a8-42a5-9546-82bc5a7be065,ad886f0c-cdfc-4b69-ab34-4fc3672c2987,ac7ca5c7-e9d1-462d-8420-928356b0f8b7,1625681944412,13.4536776,52.494259,4.3801646,1.2823558,-0.46274137,-2.0315871,in backpack,cyclo cross,False,mixed,mixed
c788515a-89a8-42a5-9546-82bc5a7be065,ad886f0c-cdfc-4b69-ab34-4fc3672c2987,3a81bf2d-6ab1-49cc-9e25-815bf8cc1401,1625681944462,13.4536776,52.494259,4.3801646,-0.06634569,-0.8020754,-0.1712308,in backpack,cyclo cross,False,mixed,mixed
c788515a-89a8-42a5-9546-82bc5a7be065,ad886f0c-cdfc-4b69-ab34-4fc3672c2987,8b92bbd0-195e-4ddb-b359-034bfa2b0c73,1625681944512,13.4536776,52.494259,4.3801646,-1.5413375,-2.0330358,1.1738076,in backpack,cyclo cross,False,mixed,mixed
c788515a-89a8-42a5-9546-82bc5a7be065,ad886f0c-cdfc-4b69-ab34-4fc3672c2987,5908c012-c6de-467d-900a-12739cbb7101,1625681944562,13.4536776,52.494259,4.3801646,0.36838531,-0.17580843,0.82600737,in backpack,cyclo cross,False,mixed,mixed
c788515a-89a8-42a5-9546-82bc5a7be065,ad886f0c-cdfc-4b69-ab34-4fc3672c2987,ff39e556-13b4-4d46-ab94-fe2bd4e01084,1625681944612,13.4536776,52.494259,4.3801646,2.4862523,2.2367363,-1.3231578,in backpack,cyclo cross,False,mixed,mixed
c788515a-89a8-42a5-9546-82bc5a7be065,ad886f0c-cdfc-4b69-ab34-4fc3672c2987,2b2c3116-c859-4439-8a8f-a6650f747277,1625681944689,13.4536776,52.494259,4.3801646,-1.0794435,-1.8223546,-0.853508,in backpack,cyclo cross,False,mixed,mixed
c788515a-89a8-42a5-9546-82bc5a7be065,ad886f0c-cdfc-4b69-ab34-4fc3672c2987,f0dd874d-1663-46d7-b9c6-081e9ea485c1,1625681944739,13.453702,52.4942424,4.653145,-0.08203745,-2.4801984,0.41400385,in backpack,cyclo cross,False,mixed,mixed
c788515a-89a8-42a5-9546-82bc5a7be065,ad886f0c-cdfc-4b69-ab34-4fc3672c2987,93560f38-5f80-469e-bb12-864016db7390,1625681944789,13.453702,52.4942424,4.653145,1.4507813,-0.42334604,0.42959738,in backpack,cyclo cross,False,mixed,mixed
c788515a-89a8-42a5-9546-82bc5a7be065,87967cff-1026-49f1-93ef-6eb738cb27e9,89cf03c4-8c7d-41b1-ab62-9fe9d9e63851,1625681944656,13.4536776,52.494259,4.3801646,-0.48130417,-0.049057484,-0.89342785,in backpack,cyclo cross,False,mixed,mixed
c788515a-89a8-42a5-9546-82bc5a7be065,87967cff-1026-49f1-93ef-6eb738cb27e9,4783aee4-6597-4fff-9f60-315fe8c8a836,1625681944706,13.4536776,52.494259,4.3801646,-0.8787203,-1.6914849,0.4573989,in backpack,cyclo cross,False,mixed,mixed
c788515a-89a8-42a5-9546-82bc5a7be065,87967cff-1026-49f1-93ef-6eb738cb27e9,a65cbd1d-daa9-4ce5-8c76-1afa9fc235a7,1625681944756,13.453702,52.4942424,4.653145,0.5356393,-2.1488168,0.047333717,in backpack,cyclo cross,False,mixed,mixed
c788515a-89a8-42a5-9546-82bc5a7be065,87967cff-1026-49f1-93ef-6eb738cb27e9,3be64d50-ef91-4d96-b88f-a0c74cb4b4e6,1625681944806,13.453702,52.4942424,4.653145,1.1653452,0.004804611,0.4141507,in backpack,cyclo cross,False,mixed,mixed
c788515a-89a8-42a5-9546-82bc5a7be065,87967cff-1026-49f1-93ef-6eb738cb27e9,e146f6cc-1685-465f-89d1-bcc5dd59c8c2,1625681944856,13.453702,52.4942424,4.653145,-1.4961607,-0.45031643,-0.27736616,in backpack,cyclo cross,False,mixed,mixed
c788515a-89a8-42a5-9546-82bc5a7be065,87967cff-1026-49f1-93ef-6eb738cb27e9,a88080b0-3ead-4bcd-aa10-e36c8fcce919,1625681944906,13.453702,52.4942424,4.653145,1.2117915,1.4320369,-1.6778879,in backpack,cyclo cross,False,mixed,mixed
c788515a-89a8-42a5-9546-82bc5a7be065,87967cff-1026-49f1-93ef-6eb738cb27e9,747325ca-44e4-485e-b90f-c1c7804a8377,1625681944963,13.453702,52.4942424,4.653145,1.4481525,0.58716345,-0.7752781,in backpack,cyclo cross,False,mixed,mixed
c788515a-89a8-42a5-9546-82bc5a7be065,87967cff-1026-49f1-93ef-6eb738cb27e9,2398f2a8-1a58-41b0-8090-b13a2d24197e,1625681945013,13.453702,52.4942424,4.653145,-1.310282,-1.5609891,0.662375,in backpack,cyclo cross,False,mixed,mixed
c788515a-89a8-42a5-9546-82bc5a7be065,87967cff-1026-49f1-93ef-6eb738cb27e9,a64d27fe-d7c7-41bb-9a4f-9321e62a2963,1625681945064,13.453702,52.4942424,4.653145,-1.4778674,-2.6278234,0.8330884,in backpack,cyclo cross,False,mixed,mixed
c788515a-89a8-42a5-9546-82bc5a7be065,87967cff-1026-49f1-93ef-6eb738cb27e9,f7b75ded-1148-4d7f-a369-926625160e4f,1625681945114,13.453702,52.4942424,4.653145,4.0302105,2.8313837,-0.61686945,in backpack,cyclo cross,False,mixed,mixed
c788515a-89a8-42a5-9546-82bc5a7be065,87967cff-1026-49f1-93ef-6eb738cb27e9,5760acc8-c0e9-4ab8-9227-b801c30fdae0,1625681945164,13.453702,52.4942424,4.653145,-0.8546095,0.5676966,-1.8812833,in backpack,cyclo cross,False,mixed,mixed
c788515a-89a8-42a5-9546-82bc5a7be065,87967cff-1026-49f1-93ef-6eb738cb27e9,370e125c-dbe1-44ae-90c4-538fc92080af,1625681945214,13.453702,52.4942424,4.653145,-3.7833002,-1.8449354,0.4578619,in backpack,cyclo cross,False,mixed,mixed
c788515a-89a8-42a5-9546-82bc5a7be065,87967cff-1026-49f1-93ef-6eb738cb27e9,57b562cf-aa9b-4255-9ab4-91e9d3d51878,1625681945264,13.453702,52.4942424,4.653145,-0.54849863,-1.6777146,1.7695334,in backpack,cyclo cross,False,mixed,mixed
c788515a-89a8-42a5-9546-82bc5a7be065,87967cff-1026-49f1-93ef-6eb738cb27e9,f6440497-7d3c-4181-b6da-b4a6be4ea843,1625681945314,13.453702,52.4942424,4.653145,3.3626723,0.9251218,0.8568044,in backpack,cyclo cross,False,mixed,mixed
c788515a-89a8-42a5-9546-82bc5a7be065,87967cff-1026-49f1-93ef-6eb738cb27e9,5b3b6ee1-a433-4155-b344-501fb9a8ef07,1625681945364,13.4537315,52.4942225,4.8282204,0.94347477,1.2435284,-2.2673779,in backpack,cyclo cross,False,mixed,mixed
c788515a-89a8-42a5-9546-82bc5a7be065,87967cff-1026-49f1-93ef-6eb738cb27e9,7b76f24f-c936-46ab-b084-7cc72a18c14e,1625681945415,13.4537315,52.4942225,4.8282204,-1.6493897,-0.50645924,-2.8468175,in backpack,cyclo cross,False,mixed,mixed
c788515a-89a8-42a5-9546-82bc5a7be065,87967cff-1026-49f1-93ef-6eb738cb27e9,be55aa53-ddf7-4d08-a84f-6663f382b586,1625681945464,13.4537315,52.4942225,4.8282204,-2.3300993,-2.5819068,1.2293992,in backpack,cyclo cross,False,mixed,mixed
c788515a-89a8-42a5-9546-82bc5a7be065,87967cff-1026-49f1-93ef-6eb738cb27e9,8d421e97-fd57-44e2-a29a-ec42f250b40b,1625681945513,13.4537315,52.4942225,4.8282204,0.6711917,-1.0221734,0.67913485,in backpack,cyclo cross,False,mixed,mixed
c788515a-89a8-42a5-9546-82bc5a7be065,87967cff-1026-49f1-93ef-6eb738cb27e9,0a69d03e-73a2-4884-b416-7b296d5079b9,1625681945563,13.4537315,52.4942225,4.8282204,3.122301,1.9814491,0.04959917,in backpack,cyclo cross,False,mixed,mixed
c788515a-89a8-42a5-9546-82bc5a7be065,87967cff-1026-49f1-93ef-6eb738cb27e9,ae080f9a-8f99-44c8-955d-54c938e36782,1625681945613,13.4537315,52.4942225,4.8282204,-2.7703707,0.17475271,-0.16816092,in backpack,cyclo cross,False,mixed,mixed
c788515a-89a8-42a5-9546-82bc5a7be065,87967cff-1026-49f1-93ef-6eb738cb27e9,dfbd119f-be30-4fd5-a974-588b073eea6c,1625681945663,13.4537315,52.4942225,4.8282204,-0.6105399,0.8113265,-0.268373,in backpack,cyclo cross,False,mixed,mixed
c788515a-89a8-42a5-9546-82bc5a7be065,87967cff-1026-49f1-93ef-6eb738cb27e9,8bba9973-ed36-48eb-b5c7-56772e720ce6,1625681945713,13.4537315,52.4942225,4.8282204,2.5493488,0.86322594,-0.06567526,in backpack,cyclo cross,False,mixed,mixed
c788515a-89a8-42a5-9546-82bc5a7be065,87967cff-1026-49f1-93ef-6eb738cb27e9,ba32f699-5213-46db-a2f6-59bda138652a,1625681945763,13.4537315,52.4942225,4.8282204,1.0794125,0.9850416,-0.28184986,in backpack,cyclo cross,False,mixed,mixed
c788515a-89a8-42a5-9546-82bc5a7be065,87967cff-1026-49f1-93ef-6eb738cb27e9,f8550ec3-befc-4ab9-91fc-b242715ccf49,1625681945813,13.4537315,52.4942225,4.8282204,-2.4895363,-1.3476334,0.058351517,in backpack,cyclo cross,False,mixed,mixed
c788515a-89a8-42a5-9546-82bc5a7be065,87967cff-1026-49f1-93ef-6eb738cb27e9,e9c42201-bd4d-4b55-8f4c-4a9ee940ebc9,1625681945863,13.4537315,52.4942225,4.8282204,-3.9767303,-2.4891238,1.731,in backpack,cyclo cross,False,mixed,mixed
c788515a-89a8-42a5-9546-82bc5a7be065,87967cff-1026-49f1-93ef-6eb738cb27e9,12e17b02-e612-448b-b240-7e9f8cbc9633,1625681945913,13.4537599,52.4942071,4.9350567,0.5665841,0.45993567,1.0003381,in backpack,cyclo cross,False,mixed,mixed
c788515a-89a8-42a5-9546-82bc5a7be065,87967cff-1026-49f1-93ef-6eb738cb27e9,ac63d2fe-f299-44ec-bf9d-2ffa0b12879c,1625681945963,13.4537599,52.4942071,4.9350567,1.068306,1.3568282,0.6205926,in backpack,cyclo cross,False,mixed,mixed
c788515a-89a8-42a5-9546-82bc5a7be065,87967cff-1026-49f1-93ef-6eb738cb27e9,f086fcd1-c1c6-4627-8790-f045ba289984,1625681946013,13.4537599,52.4942071,4.9350567,1.0783067,1.8923669,-1.474318,in backpack,cyclo cross,False,mixed,mixed
c788515a-89a8-42a5-9546-82bc5a7be065,87967cff-1026-49f1-93ef-6eb738cb27e9,304323f8-96cc-4790-8aba-91f2ef63b94c,1625681946063,13.4537599,52.4942071,4.9350567,-0.1110487,0.03531742,-1.0356836,in backpack,cyclo cross,False,mixed,mixed
c788515a-89a8-42a5-9546-82bc5a7be065,87967cff-1026-49f1-93ef-6eb738cb27e9,8dfff0d6-31d6-44f0-915a-34cb058cec6f,1625681946113,13.4537599,52.4942071,4.9350567,0.1183877,-0.6464257,0.1734953,in backpack,cyclo cross,False,mixed,mixed
c788515a-89a8-42a5-9546-82bc5a7be065,87967cff-1026-49f1-93ef-6eb738cb27e9,20b8314f-26f2-4319-9ef5-bf1a1c1f8d16,1625681946163,13.4537599,52.4942071,4.9350567,0.39305305,0.5172796,-0.009318352,in backpack,cyclo cross,False,mixed,mixed
c788515a-89a8-42a5-9546-82bc5a7be065,87967cff-1026-49f1-93ef-6eb738cb27e9,d663bf21-48f0-4b4c-967b-5c68d65d7526,1625681946213,13.4537599,52.4942071,4.9350567,-1.5903802,2.0944824,-0.70529747,in backpack,cyclo cross,False,mixed,mixed
c788515a-89a8-42a5-9546-82bc5a7be065,87967cff-1026-49f1-93ef-6eb738cb27e9,5b5f0e42-018f-43b4-bc7c-4bd7a8e15f86,1625681946263,13.4537599,52.4942071,4.9350567,-1.7857623,0.3541317,0.7792883,in backpack,cyclo cross,False,mixed,mixed
c788515a-89a8-42a5-9546-82bc5a7be065,87967cff-1026-49f1-93ef-6eb738cb27e9,af3979d5-23a4-4adb-a3f1-aec0a2f30c2c,1625681946313,13.4537599,52.4942071,4.9350567,-1.5423815,-0.357275,1.6237991,in backpack,cyclo cross,False,mixed,mixed
c788515a-89a8-42a5-9546-82bc5a7be065,87967cff-1026-49f1-93ef-6eb738cb27e9,bcb2fce9-6a5d-489e-bcfd-c9f3e65a683e,1625681946364,13.4537599,52.4942071,4.9350567,0.08111715,0.93023777,2.7103643,in backpack,cyclo cross,False,mixed,mixed
c788515a-89a8-42a5-9546-82bc5a7be065,87967cff-1026-49f1-93ef-6eb738cb27e9,6983f3c2-f05a-40d5-aec5-725c303e6650,1625681946414,13.4537599,52.4942071,4.9350567,4.2489862,4.5897055,-0.673491,in backpack,cyclo cross,False,mixed,mixed
c788515a-89a8-42a5-9546-82bc5a7be065,87967cff-1026-49f1-93ef-6eb738cb27e9,c56a4336-b3d6-4e3d-ab65-1b6e0affb362,1625681946465,13.4537599,52.4942071,4.9350567,-1.5010953,2.4909534,-4.0173507,in backpack,cyclo cross,False,mixed,mixed
c788515a-89a8-42a5-9546-82bc5a7be065,87967cff-1026-49f1-93ef-6eb738cb27e9,fb370a29-9a02-4cbd-b86f-bb203f40af10,1625681946515,13.4537599,52.4942071,4.9350567,-2.789579,-0.84242105,-0.83636045,in backpack,cyclo cross,False,mixed,mixed
c788515a-89a8-42a5-9546-82bc5a7be065,87967cff-1026-49f1-93ef-6eb738cb27e9,958bedce-3604-42e1-95a5-a6ad6be8ae78,1625681946565,13.4537599,52.4942071,4.9350567,-0.3430171,-0.61555743,0.6429663,in backpack,cyclo cross,False,mixed,mixed
c788515a-89a8-42a5-9546-82bc5a7be065,87967cff-1026-49f1-93ef-6eb738cb27e9,9f6a4e01-aaf8-4668-82e6-e921eab6c001,1625681946615,13.4537599,52.4942071,4.9350567,-0.94371843,0.50445056,1.7625375,in backpack,cyclo cross,False,mixed,mixed
c788515a-89a8-42a5-9546-82bc5a7be065,87967cff-1026-49f1-93ef-6eb738cb27e9,fa87367b-c387-4723-924a-f0316a713dbc,1625681946665,13.4537599,52.4942071,4.9350567,-1.5380542,2.0762978,0.8257408,in backpack,cyclo cross,False,mixed,mixed
c788515a-89a8-42a5-9546-82bc5a7be065,87967cff-1026-49f1-93ef-6eb738cb27e9,ebe045f1-76ad-4230-98ec-f19e95d5e83e,1625681946715,13.4537599,52.4942071,4.9350567,-1.3148255,2.9931521,-1.0809326,in backpack,cyclo cross,False,mixed,mixed
c788515a-89a8-42a5-9546-82bc5a7be065,87967cff-1026-49f1-93ef-6eb738cb27e9,92346693-eba4-4f07-8c9c-38e2564134a8,1625681946765,13.4537599,52.4942071,4.9350567,0.06405878,1.1769361,-0.7320957,in backpack,cyclo cross,False,mixed,mixed
c788515a-89a8-42a5-9546-82bc5a7be065,87967cff-1026-49f1-93ef-6eb738cb27e9,25a4089f-6514-425b-b838-e2b96ee5d003,1625681946815,13.4537599,52.4942071,4.9350567,2.5831842,2.2096553,-0.7835622,in backpack,cyclo cross,False,mixed,mixed
c788515a-89a8-42a5-9546-82bc5a7be065,87967cff-1026-49f1-93ef-6eb738cb27e9,5dd46bce-591c-4462-babc-6fd4540a9b15,1625681946864,13.4537599,52.4942071,4.9350567,-0.9927244,-0.018712044,-0.041716576,in backpack,cyclo cross,False,mixed,mixed
c788515a-89a8-42a5-9546-82bc5a7be065,87967cff-1026-49f1-93ef-6eb738cb27e9,de9c978e-a214-4287-a346-73c1dc58cf5e,1625681946916,13.4537599,52.4942071,4.9350567,-2.6007714,-0.3128581,1.1095195,in backpack,cyclo cross,False,mixed,mixed
c788515a-89a8-42a5-9546-82bc5a7be065,87967cff-1026-49f1-93ef-6eb738cb27e9,5ca4c6ea-614d-4ab6-af96-bde1dd5bce40,1625681946966,13.4537599,52.4942071,4.9350567,-0.65953827,0.86874485,0.45906687,in backpack,cyclo cross,False,mixed,mixed
c788515a-89a8-42a5-9546-82bc5a7be065,87967cff-1026-49f1-93ef-6eb738cb27e9,a2850a5e-c2da-445d-8dd2-e26314538c68,1625681947017,13.4537599,52.4942071,4.9350567,-1.3565223,1.4050727,0.9589071,in backpack,cyclo cross,False,mixed,mixed
c788515a-89a8-42a5-9546-82bc5a7be065,87967cff-1026-49f1-93ef-6eb738cb27e9,34e3bc8d-1907-4a00-97e1-257414c48c1a,1625681947067,13.4537599,52.4942071,4.9350567,-0.5471449,1.5210266,0.3193245,in backpack,cyclo cross,False,mixed,mixed
c788515a-89a8-42a5-9546-82bc5a7be065,87967cff-1026-49f1-93ef-6eb738cb27e9,fd9c6d1e-af6a-4674-a4fd-9c2ab522c0b8,1625681947117,13.4537599,52.4942071,4.9350567,-0.34067965,-0.1316328,-1.3268833,in backpack,cyclo cross,False,mixed,mixed
c788515a-89a8-42a5-9546-82bc5a7be065,87967cff-1026-49f1-93ef-6eb738cb27e9,ad357e7a-d64f-4b40-b9ea-936c0127564f,1625681947167,13.4537599,52.4942071,4.9350567,-0.027552128,0.016510963,-1.2030344,in backpack,cyclo cross,False,mixed,mixed
c788515a-89a8-42a5-9546-82bc5a7be065,87967cff-1026-49f1-93ef-6eb738cb27e9,e58b473f-69fa-4bc3-adff-1c61413005f8,1625681947217,13.4537599,52.4942071,4.9350567,1.2756529,2.4635077,-1.1063185,in backpack,cyclo cross,False,mixed,mixed
c788515a-89a8-42a5-9546-82bc5a7be065,87967cff-1026-49f1-93ef-6eb738cb27e9,cbaf0dec-7a0d-477e-a712-a467dbbf25bf,1625681947267,13.4537599,52.4942071,4.9350567,-2.4141126,-0.83721304,0.37211227,in backpack,cyclo cross,False,mixed,mixed
c788515a-89a8-42a5-9546-82bc5a7be065,87967cff-1026-49f1-93ef-6eb738cb27e9,eabc3ce2-1ee8-4390-bb74-13c206dcdd31,1625681947317,13.4537599,52.4942071,4.9350567,-2.4996138,-1.7816927,0.5058274,in backpack,cyclo cross,False,mixed,mixed
c788515a-89a8-42a5-9546-82bc5a7be065,87967cff-1026-49f1-93ef-6eb738cb27e9,ff9596b9-9b05-4dbe-877f-ae5331887436,1625681947367,13.4537599,52.4942071,4.9350567,1.6869044,1.994564,0.07562637,in backpack,cyclo cross,False,mixed,mixed
c788515a-89a8-42a5-9546-82bc5a7be065,87967cff-1026-49f1-93ef-6eb738cb27e9,baccd998-a818-4621-98fb-5c708b7f87d0,1625681947418,13.4538657,52.4941632,4.956076,-0.050338745,1.1572924,-2.160674,in backpack,cyclo cross,False,mixed,mixed
c788515a-89a8-42a5-9546-82bc5a7be065,87967cff-1026-49f1-93ef-6eb738cb27e9,844306ad-635a-40db-a3f4-c9c6aca65d6d,1625681947468,13.4538657,52.4941632,4.956076,-2.0674334,-1.4693604,-0.69305277,in backpack,cyclo cross,False,mixed,mixed
c788515a-89a8-42a5-9546-82bc5a7be065,87967cff-1026-49f1-93ef-6eb738cb27e9,8bda264e-1a90-4839-a585-df70db3f3367,1625681947518,13.4538657,52.4941632,4.956076,0.8119192,0.36372995,-0.37147045,in backpack,cyclo cross,False,mixed,mixed
c788515a-89a8-42a5-9546-82bc5a7be065,87967cff-1026-49f1-93ef-6eb738cb27e9,19b58bf6-4e53-47da-97ac-43cf1ee586c1,1625681947568,13.4538657,52.4941632,4.956076,2.4320564,0.9594798,-0.25170994,in backpack,cyclo cross,False,mixed,mixed
c788515a-89a8-42a5-9546-82bc5a7be065,87967cff-1026-49f1-93ef-6eb738cb27e9,9772f16a-e22a-417e-a153-d91b20942ec1,1625681947618,13.4538657,52.4941632,4.956076,-1.4353011,-1.0474792,-0.3028202,in backpack,cyclo cross,False,mixed,mixed
c788515a-89a8-42a5-9546-82bc5a7be065,87967cff-1026-49f1-93ef-6eb738cb27e9,47c418c4-5d60-40fa-86ac-1cce202b939f,1625681947668,13.4538657,52.4941632,4.956076,0.031741142,0.6408701,-0.67986965,in backpack,cyclo cross,False,mixed,mixed
c788515a-89a8-42a5-9546-82bc5a7be065,87967cff-1026-49f1-93ef-6eb738cb27e9,e8215a9d-935c-4ca8-a959-a49a60366790,1625681947718,13.4538657,52.4941632,4.956076,0.63139915,0.5652213,-0.039503574,in backpack,cyclo cross,False,mixed,mixed
c788515a-89a8-42a5-9546-82bc5a7be065,87967cff-1026-49f1-93ef-6eb738cb27e9,01e424ab-b27b-434e-a709-6175caa3867d,1625681947768,13.4538657,52.4941632,4.956076,-1.4400287,-0.766624,0.8332658,in backpack,cyclo cross,False,mixed,mixed
c788515a-89a8-42a5-9546-82bc5a7be065,87967cff-1026-49f1-93ef-6eb738cb27e9,e4098f66-252b-4147-9c45-6579be3f3f86,1625681947819,13.4538657,52.4941632,4.956076,1.0450721,0.32725143,0.3072753,in backpack,cyclo cross,False,mixed,mixed
c788515a-89a8-42a5-9546-82bc5a7be065,87967cff-1026-49f1-93ef-6eb738cb27e9,00a6f8ea-a6a9-402b-9c25-dca6c9a991e1,1625681947869,13.4538657,52.4941632,4.956076,0.47203922,-0.15544415,1.038331,in backpack,cyclo cross,False,mixed,mixed
c788515a-89a8-42a5-9546-82bc5a7be065,87967cff-1026-49f1-93ef-6eb738cb27e9,54a2ab3d-c17d-4e58-9f3f-88ea3f0d1fd8,1625681947919,13.4538657,52.4941632,4.956076,-0.39343882,-0.2639513,0.9907565,in backpack,cyclo cross,False,mixed,mixed
c788515a-89a8-42a5-9546-82bc5a7be065,87967cff-1026-49f1-93ef-6eb738cb27e9,304fc088-e88f-4474-b22d-cf633ddfaf95,1625681947969,13.4538657,52.4941632,4.956076,1.1763439,1.0832977,-0.27056217,in backpack,cyclo cross,False,mixed,mixed
c788515a-89a8-42a5-9546-82bc5a7be065,87967cff-1026-49f1-93ef-6eb738cb27e9,3bdc9f73-2acf-455a-9578-1f6975d6c7b2,1625681948019,13.4538657,52.4941632,4.956076,0.3384676,0.38790035,-0.74975014,in backpack,cyclo cross,False,mixed,mixed
c788515a-89a8-42a5-9546-82bc5a7be065,87967cff-1026-49f1-93ef-6eb738cb27e9,8b8c0a3d-f10d-424a-b9d6-43aa22780e1d,1625681948069,13.4538657,52.4941632,4.956076,0.30157328,0.54703283,-0.5935936,in backpack,cyclo cross,False,mixed,mixed
c788515a-89a8-42a5-9546-82bc5a7be065,87967cff-1026-49f1-93ef-6eb738cb27e9,833da7ed-60ac-45f6-a61e-524c8a36b61b,1625681948119,13.4538657,52.4941632,4.956076,0.8085394,0.28034782,-0.16202545,in backpack,cyclo cross,False,mixed,mixed
c788515a-89a8-42a5-9546-82bc5a7be065,87967cff-1026-49f1-93ef-6eb738cb27e9,dc1aceba-57bc-4398-a507-5396dd365cbb,1625681948183,13.4538873,52.4941449,3.519186,-0.98228765,-1.2931099,0.9487815,in backpack,cyclo cross,False,mixed,mixed
c788515a-89a8-42a5-9546-82bc5a7be065,87967cff-1026-49f1-93ef-6eb738cb27e9,5ec38507-5979-4c57-a0de-da9562892655,1625681948233,13.4538873,52.4941449,3.519186,-1.1848059,-2.1266282,1.6784177,in backpack,cyclo cross,False,mixed,mixed
c788515a-89a8-42a5-9546-82bc5a7be065,87967cff-1026-49f1-93ef-6eb738cb27e9,a19fc41e-9075-40d2-bf1b-525483904328,1625681948284,13.4538873,52.4941449,3.519186,1.5040536,0.5864544,-0.04876232,in backpack,cyclo cross,False,mixed,mixed
c788515a-89a8-42a5-9546-82bc5a7be065,87967cff-1026-49f1-93ef-6eb738cb27e9,d9d41d59-80ca-4695-a8a6-0eea728582c2,1625681948335,13.4538873,52.4941449,3.519186,0.304852,1.2092395,-0.95271015,in backpack,cyclo cross,False,mixed,mixed
c788515a-89a8-42a5-9546-82bc5a7be065,87967cff-1026-49f1-93ef-6eb738cb27e9,5803ad01-dbda-4b0a-852a-bae4f8fd48ea,1625681948384,13.4538873,52.4941449,3.519186,-0.9763527,-0.21799803,-0.9154854,in backpack,cyclo cross,False,mixed,mixed
c788515a-89a8-42a5-9546-82bc5a7be065,87967cff-1026-49f1-93ef-6eb738cb27e9,d95aba95-39c4-4480-b30a-fae7b9a81be6,1625681948434,13.4538873,52.4941449,3.519186,0.8730068,-0.24173355,0.20886612,in backpack,cyclo cross,False,mixed,mixed
c788515a-89a8-42a5-9546-82bc5a7be065,87967cff-1026-49f1-93ef-6eb738cb27e9,f0bd7c5c-8cc8-45ba-8b2b-a93487f4efda,1625681948485,13.4538873,52.4941449,3.519186,0.18215704,-1.1798434,0.5107913,in backpack,cyclo cross,False,mixed,mixed
c788515a-89a8-42a5-9546-82bc5a7be065,87967cff-1026-49f1-93ef-6eb738cb27e9,a5d9f18e-7d4f-460c-9a32-463e834c0eb7,1625681948535,13.4538873,52.4941449,3.519186,-1.0541191,-1.4542065,0.9295473,in backpack,cyclo cross,False,mixed,mixed
c788515a-89a8-42a5-9546-82bc5a7be065,87967cff-1026-49f1-93ef-6eb738cb27e9,42c296ce-feaa-49fc-9696-d1c15deeeca7,1625681948585,13.4538873,52.4941449,3.519186,2.281643,1.096456,-0.4870782,in backpack,cyclo cross,False,mixed,mixed
c788515a-89a8-42a5-9546-82bc5a7be065,87967cff-1026-49f1-93ef-6eb738cb27e9,307ce783-679f-46be-a8da-5fb10e01cdc3,1625681948635,13.4538873,52.4941449,3.519186,0.29641438,0.5074296,-2.180519,in backpack,cyclo cross,False,mixed,mixed
c788515a-89a8-42a5-9546-82bc5a7be065,87967cff-1026-49f1-93ef-6eb738cb27e9,fdcf6bdd-6cac-4b1e-8cec-6d6ecfab2cab,1625681948685,13.4538873,52.4941449,3.519186,-0.5826192,-0.7942848,-0.93682384,in backpack,cyclo cross,False,mixed,mixed
c788515a-89a8-42a5-9546-82bc5a7be065,87967cff-1026-49f1-93ef-6eb738cb27e9,204c714e-0d87-4ad1-ad21-5aea3f203145,1625681948735,13.4538873,52.4941449,3.519186,0.46194887,-1.5938644,1.58992,in backpack,cyclo cross,False,mixed,mixed
c788515a-89a8-42a5-9546-82bc5a7be065,87967cff-1026-49f1-93ef-6eb738cb27e9,f132cf96-e2f4-4c62-8821-cf047eb047f4,1625681948785,13.4538873,52.4941449,3.519186,-0.6031866,-2.0969603,1.4871163,in backpack,cyclo cross,False,mixed,mixed
c788515a-89a8-42a5-9546-82bc5a7be065,87967cff-1026-49f1-93ef-6eb738cb27e9,28305cd0-9ad1-4351-9516-5f4292feb19e,1625681948835,13.4538873,52.4941449,3.519186,0.31948376,-2.810033,1.59231,in backpack,cyclo cross,False,mixed,mixed
c788515a-89a8-42a5-9546-82bc5a7be065,87967cff-1026-49f1-93ef-6eb738cb27e9,9ca8b631-70ec-4a22-9568-08fa92e164f1,1625681948901,13.4538548,52.4941361,2.646411,6.806287,5.2275476,-1.7649317,in backpack,cyclo cross,False,mixed,mixed
c788515a-89a8-42a5-9546-82bc5a7be065,87967cff-1026-49f1-93ef-6eb738cb27e9,16156d9e-1cfa-4261-bb3b-ce45e63fa84b,1625681948952,13.4538548,52.4941361,2.646411,1.0753031,0.78868055,-3.6468801,in backpack,cyclo cross,False,mixed,mixed
c788515a-89a8-42a5-9546-82bc5a7be065,87967cff-1026-49f1-93ef-6eb738cb27e9,6a47d8c5-d9d2-492e-90b2-28e652cf67dd,1625681949002,13.4538548,52.4941361,2.646411,-1.3764269,-4.1577663,0.32713652,in backpack,cyclo cross,False,mixed,mixed
c788515a-89a8-42a5-9546-82bc5a7be065,87967cff-1026-49f1-93ef-6eb738cb27e9,6848320e-c2ea-4123-9193-70331a301adc,1625681949052,13.4538548,52.4941361,2.646411,0.037453175,-5.225945,1.0783677,in backpack,cyclo cross,False,mixed,mixed
c788515a-89a8-42a5-9546-82bc5a7be065,87967cff-1026-49f1-93ef-6eb738cb27e9,d392dc19-cb55-4881-9e54-5fe543f9cf26,1625681949103,13.4538548,52.4941361,2.646411,1.8346086,-1.5588408,2.2139335,in backpack,cyclo cross,False,mixed,mixed
c788515a-89a8-42a5-9546-82bc5a7be065,87967cff-1026-49f1-93ef-6eb738cb27e9,7fa95870-c63b-4f61-99b3-d48eb9f06aef,1625681949152,13.4538548,52.4941361,2.646411,0.72587514,0.08477545,2.3301117,in backpack,cyclo cross,False,mixed,mixed
c788515a-89a8-42a5-9546-82bc5a7be065,87967cff-1026-49f1-93ef-6eb738cb27e9,a175a35b-ada3-4418-8992-ba6f41642899,1625681949202,13.4538548,52.4941361,2.646411,-0.6092663,-0.25733805,-2.6025314,in backpack,cyclo cross,False,mixed,mixed
c788515a-89a8-42a5-9546-82bc5a7be065,87967cff-1026-49f1-93ef-6eb738cb27e9,64c4fe59-cfba-4513-a468-774694241bc9,1625681949252,13.4538548,52.4941361,2.646411,0.86462355,0.0011196136,-2.2077274,in backpack,cyclo cross,False,mixed,mixed
c788515a-89a8-42a5-9546-82bc5a7be065,87967cff-1026-49f1-93ef-6eb738cb27e9,8643ab8a-7559-40a6-84ed-84a82d0fc5cf,1625681949303,13.4538548,52.4941361,2.646411,4.600012,1.5241375,-1.8089972,in backpack,cyclo cross,False,mixed,mixed
c788515a-89a8-42a5-9546-82bc5a7be065,87967cff-1026-49f1-93ef-6eb738cb27e9,d76aa6fb-df0c-4fd4-80df-c9f0e1f29ebc,1625681949352,13.4538548,52.4941361,2.646411,0.7308831,-1.5145698,0.3225994,in backpack,cyclo cross,False,mixed,mixed
c788515a-89a8-42a5-9546-82bc5a7be065,87967cff-1026-49f1-93ef-6eb738cb27e9,9250b078-65bc-40fa-b234-cafa1d749fc4,1625681949402,13.4538561,52.494123,3.2183251,-0.9185128,-3.6184525,1.6726708,in backpack,cyclo cross,False,mixed,mixed
c788515a-89a8-42a5-9546-82bc5a7be065,87967cff-1026-49f1-93ef-6eb738cb27e9,499fc05f-63ae-4a74-aec0-7d1c2386bbca,1625681949452,13.4538561,52.494123,3.2183251,2.7930698,-0.31878614,-0.47079086,in backpack,cyclo cross,False,mixed,mixed
c788515a-89a8-42a5-9546-82bc5a7be065,87967cff-1026-49f1-93ef-6eb738cb27e9,dbe5b409-b843-469e-b8a3-cfba035b9811,1625681949503,13.4538561,52.494123,3.2183251,6.1797447,4.1293545,-2.805758,in backpack,cyclo cross,False,mixed,mixed
c788515a-89a8-42a5-9546-82bc5a7be065,87967cff-1026-49f1-93ef-6eb738cb27e9,5ec753d9-9a75-47b9-9fdf-6591b4589fa2,1625681949553,13.4538561,52.494123,3.2183251,-0.0036358833,-1.4231648,-2.8599725,in backpack,cyclo cross,False,mixed,mixed
c788515a-89a8-42a5-9546-82bc5a7be065,87967cff-1026-49f1-93ef-6eb738cb27e9,6e73c632-952e-41d4-a2d4-67366c3c8026,1625681949603,13.4538561,52.494123,3.2183251,-0.040216923,-3.0072393,-0.0759964,in backpack,cyclo cross,False,mixed,mixed
c788515a-89a8-42a5-9546-82bc5a7be065,87967cff-1026-49f1-93ef-6eb738cb27e9,19c34530-a360-4f3f-a00e-0cc901052351,1625681949653,13.4538561,52.494123,3.2183251,1.1735649,-2.0528426,0.8254008,in backpack,cyclo cross,False,mixed,mixed
c788515a-89a8-42a5-9546-82bc5a7be065,87967cff-1026-49f1-93ef-6eb738cb27e9,3fd53a82-aa99-4d5c-a6a0-9ed1bf925466,1625681949703,13.4538561,52.494123,3.2183251,0.61839867,-1.3439238,1.0517955,in backpack,cyclo cross,False,mixed,mixed
c788515a-89a8-42a5-9546-82bc5a7be065,87967cff-1026-49f1-93ef-6eb738cb27e9,82576bab-3119-4fca-af75-b48a0429d5f4,1625681949753,13.4538561,52.494123,3.2183251,-1.2921541,-0.40349817,-0.574944,in backpack,cyclo cross,False,mixed,mixed
c788515a-89a8-42a5-9546-82bc5a7be065,87967cff-1026-49f1-93ef-6eb738cb27e9,6b1e2587-43a2-4804-9bf0-57117c8e623f,1625681949803,13.4538561,52.494123,3.2183251,0.0824604,0.7160392,-1.5774789,in backpack,cyclo cross,False,mixed,mixed
c788515a-89a8-42a5-9546-82bc5a7be065,87967cff-1026-49f1-93ef-6eb738cb27e9,8fbd59fd-e804-4e99-95c9-edaec1320171,1625681949853,13.4538561,52.494123,3.2183251,1.939507,0.8798876,-1.6858969,in backpack,cyclo cross,False,mixed,mixed
c788515a-89a8-42a5-9546-82bc5a7be065,87967cff-1026-49f1-93ef-6eb738cb27e9,1431df22-b8a7-41a1-be98-72caed8c381a,1625681949903,13.4538561,52.494123,3.2183251,2.1721206,-0.10697746,0.33467817,in backpack,cyclo cross,False,mixed,mixed
c788515a-89a8-42a5-9546-82bc5a7be065,87967cff-1026-49f1-93ef-6eb738cb27e9,ff6acca7-f6dc-4d94-8674-572454295673,1625681949953,13.4538561,52.494123,3.2183251,0.1115942,-1.7989469,0.96448994,in backpack,cyclo cross,False,mixed,mixed
c788515a-89a8-42a5-9546-82bc5a7be065,87967cff-1026-49f1-93ef-6eb738cb27e9,6e921348-1c5c-406c-8731-fa9176907824,1625681950003,13.4538561,52.494123,3.2183251,-0.0059366226,-1.1485629,1.362077,in backpack,cyclo cross,False,mixed,mixed
c788515a-89a8-42a5-9546-82bc5a7be065,87967cff-1026-49f1-93ef-6eb738cb27e9,a9c738d3-5b87-48f9-a5fc-7dcaff18e6a0,1625681950054,13.4538915,52.4941036,3.8834517,1.6468005,-1.0728178,2.107027,in backpack,cyclo cross,False,mixed,mixed
c788515a-89a8-42a5-9546-82bc5a7be065,87967cff-1026-49f1-93ef-6eb738cb27e9,c408b3de-0e9e-40f4-87e5-db79d8789c03,1625681950105,13.4538915,52.4941036,3.8834517,0.35855055,-0.7084093,0.5891862,in backpack,cyclo cross,False,mixed,mixed
c788515a-89a8-42a5-9546-82bc5a7be065,87967cff-1026-49f1-93ef-6eb738cb27e9,b8367663-87f4-47b7-b77e-d659f67dac8f,1625681950168,13.4538915,52.4941036,3.8834517,1.6231637,-0.6917281,-0.14596653,in backpack,cyclo cross,False,mixed,mixed
c788515a-89a8-42a5-9546-82bc5a7be065,87967cff-1026-49f1-93ef-6eb738cb27e9,59b0a040-4ed1-4e4b-9dce-89c570e19ecd,1625681950218,13.4538915,52.4941036,3.8834517,2.3289704,-0.7506161,-0.50147533,in backpack,cyclo cross,False,mixed,mixed
c788515a-89a8-42a5-9546-82bc5a7be065,87967cff-1026-49f1-93ef-6eb738cb27e9,fc959c5b-c104-4996-b5b2-a3a5345f78ec,1625681950269,13.4538915,52.4941036,3.8834517,0.6954398,-0.8967409,-0.44769955,in backpack,cyclo cross,False,mixed,mixed
c788515a-89a8-42a5-9546-82bc5a7be065,87967cff-1026-49f1-93ef-6eb738cb27e9,414a6320-ecea-4bb3-bc93-fe4a968d2b82,1625681950319,13.4538915,52.4941036,3.8834517,1.4284902,0.030097485,-1.4384985,in backpack,cyclo cross,False,mixed,mixed
c788515a-89a8-42a5-9546-82bc5a7be065,87967cff-1026-49f1-93ef-6eb738cb27e9,22b14d77-1ca8-4486-9603-2a8591688b94,1625681950369,13.4538915,52.4941036,3.8834517,2.0505352,1.6953874,-1.9332786,in backpack,cyclo cross,False,mixed,mixed
c788515a-89a8-42a5-9546-82bc5a7be065,87967cff-1026-49f1-93ef-6eb738cb27e9,9993232f-00f9-4a6d-afc4-8ca805d98057,1625681950419,13.4538915,52.4941036,3.8834517,-0.5103483,-1.1935854,-1.8453555,in backpack,cyclo cross,False,mixed,mixed
c788515a-89a8-42a5-9546-82bc5a7be065,87967cff-1026-49f1-93ef-6eb738cb27e9,4617cfc8-45c4-438d-9bee-4cb9438084aa,1625681950469,13.4538915,52.4941036,3.8834517,-0.52080154,-1.531847,-0.44898176,in backpack,cyclo cross,False,mixed,mixed
c788515a-89a8-42a5-9546-82bc5a7be065,87967cff-1026-49f1-93ef-6eb738cb27e9,827ecaf4-e970-4db4-bc62-5062f1d54a02,1625681950520,13.4538915,52.4941036,3.8834517,0.027935028,-1.4040704,-0.059943676,in backpack,cyclo cross,False,mixed,mixed
c788515a-89a8-42a5-9546-82bc5a7be065,87967cff-1026-49f1-93ef-6eb738cb27e9,691fc888-a610-4bad-9e20-ab4ba7f61476,1625681950569,13.4538915,52.4941036,3.8834517,0.7791004,-0.27793455,-0.3252883,in backpack,cyclo cross,False,mixed,mixed
c788515a-89a8-42a5-9546-82bc5a7be065,87967cff-1026-49f1-93ef-6eb738cb27e9,f4537f40-05db-416c-87a8-839b52d21bc5,1625681950619,13.4539253,52.4940934,4.1297336,1.3218517,0.7906914,-0.5466337,in backpack,cyclo cross,False,mixed,mixed
c788515a-89a8-42a5-9546-82bc5a7be065,87967cff-1026-49f1-93ef-6eb738cb27e9,fdb63919-6219-404b-ae77-033b2f7e7d32,1625681950669,13.4539253,52.4940934,4.1297336,1.06566,-0.17692041,-0.7355199,in backpack,cyclo cross,False,mixed,mixed
c788515a-89a8-42a5-9546-82bc5a7be065,87967cff-1026-49f1-93ef-6eb738cb27e9,3cd5c4d3-2b8e-4eac-a532-b94fe8a54a48,1625681950719,13.4539253,52.4940934,4.1297336,0.290411,-1.338757,0.30081892,in backpack,cyclo cross,False,mixed,mixed
c788515a-89a8-42a5-9546-82bc5a7be065,87967cff-1026-49f1-93ef-6eb738cb27e9,fb62e24d-ff42-473c-8021-204ebd96a5f6,1625681950770,13.4539253,52.4940934,4.1297336,0.742517,-1.4950128,0.8595834,in backpack,cyclo cross,False,mixed,mixed
c788515a-89a8-42a5-9546-82bc5a7be065,87967cff-1026-49f1-93ef-6eb738cb27e9,98203bd0-7815-45c2-bcdb-e0ebf6b40aca,1625681950819,13.4539253,52.4940934,4.1297336,0.39260244,-0.5634408,0.10393906,in backpack,cyclo cross,False,mixed,mixed
c788515a-89a8-42a5-9546-82bc5a7be065,87967cff-1026-49f1-93ef-6eb738cb27e9,4d0cbe10-8a36-48a6-8e2d-9e07c9340949,1625681950870,13.4539253,52.4940934,4.1297336,0.24842405,0.56066847,-1.5299263,in backpack,cyclo cross,False,mixed,mixed
c788515a-89a8-42a5-9546-82bc5a7be065,87967cff-1026-49f1-93ef-6eb738cb27e9,8c7f88ca-f443-4812-ba64-b6959fe7a1ac,1625681950920,13.4539253,52.4940934,4.1297336,-0.9869447,0.5142641,-1.7390623,in backpack,cyclo cross,False,mixed,mixed
