bike_activity_uid,bike_activity_sample_uid,bike_activity_measurement,bike_activity_measurement_timestamp,bike_activity_measurement_lon,bike_activity_measurement_lat,bike_activity_measurement_speed,bike_activity_measurement_accelerometer_x,bike_activity_measurement_accelerometer_y,bike_activity_measurement_accelerometer_z,bike_activity_phone_position,bike_activity_bike_type,bike_activity_flagged_lab_conditions,bike_activity_surface_type,bike_activity_smoothness_type
159ca764-8e69-45a9-9fa3-39079fb69985,fb1c8721-a6fd-4c7f-a698-e49aba9fb1a2,54018985-53a1-4fd0-a450-3ed4aaf59815,1627403797325,13.3868449,52.4530125,6.455905,-0.44962096,0.55502367,0.9581833,on bike mount,cyclo cross,False,mixed,mixed
159ca764-8e69-45a9-9fa3-39079fb69985,fb1c8721-a6fd-4c7f-a698-e49aba9fb1a2,3e97bbe9-e4e3-47a2-b886-ecacaad5008c,1627403797391,13.3868449,52.4530125,6.455905,0.35114563,-0.40672493,1.7498932,on bike mount,cyclo cross,False,mixed,mixed
159ca764-8e69-45a9-9fa3-39079fb69985,fb1c8721-a6fd-4c7f-a698-e49aba9fb1a2,0d3cd7ef-11eb-44d5-a411-15cc261b7f9d,1627403797441,13.3868449,52.4530125,6.455905,1.0610446,1.9828372,-0.6951189,on bike mount,cyclo cross,False,mixed,mixed
159ca764-8e69-45a9-9fa3-39079fb69985,fb1c8721-a6fd-4c7f-a698-e49aba9fb1a2,63f6895d-d4f5-42f0-b5b6-46cc09b4eebc,1627403797491,13.3868449,52.4530125,6.455905,0.28958273,-0.15311837,0.9581051,on bike mount,cyclo cross,False,mixed,mixed
159ca764-8e69-45a9-9fa3-39079fb69985,fb1c8721-a6fd-4c7f-a698-e49aba9fb1a2,81c7e97f-77e2-4831-a96c-0fe8937ca077,1627403797542,13.3868449,52.4530125,6.455905,0.17031947,1.0082297,-1.6031656,on bike mount,cyclo cross,False,mixed,mixed
159ca764-8e69-45a9-9fa3-39079fb69985,fb1c8721-a6fd-4c7f-a698-e49aba9fb1a2,2ac57cc1-e264-44ec-8cfb-73af50587af9,1627403797592,13.3868449,52.4530125,6.455905,-0.254938,-0.081534624,-0.17463207,on bike mount,cyclo cross,False,mixed,mixed
159ca764-8e69-45a9-9fa3-39079fb69985,fb1c8721-a6fd-4c7f-a698-e49aba9fb1a2,d0b3c7c4-15b9-4ae5-9437-a541d2fe31e1,1627403797642,13.3868449,52.4530125,6.455905,-0.04457602,-1.1433948,1.1331072,on bike mount,cyclo cross,False,mixed,mixed
159ca764-8e69-45a9-9fa3-39079fb69985,fb1c8721-a6fd-4c7f-a698-e49aba9fb1a2,a92ca7e2-4829-4bfe-a0b7-33ecd711fbe2,1627403797692,13.3868449,52.4530125,6.455905,1.6049603,-1.9799044,-0.60954094,on bike mount,cyclo cross,False,mixed,mixed
159ca764-8e69-45a9-9fa3-39079fb69985,fb1c8721-a6fd-4c7f-a698-e49aba9fb1a2,d3b921b6-f403-4e2e-9b96-433e3b0b0330,1627403797759,13.3868449,52.4530125,6.455905,1.0921793,0.27536988,-0.17387772,on bike mount,cyclo cross,False,mixed,mixed
159ca764-8e69-45a9-9fa3-39079fb69985,fb1c8721-a6fd-4c7f-a698-e49aba9fb1a2,5745ed30-76aa-4ecd-b567-f172d8acf81e,1627403797809,13.3868449,52.4530125,6.455905,0.7146051,0.3071816,-0.3148489,on bike mount,cyclo cross,False,mixed,mixed
159ca764-8e69-45a9-9fa3-39079fb69985,fb1c8721-a6fd-4c7f-a698-e49aba9fb1a2,34d2a1d4-4e8f-4b09-b26a-2f1d67a4752e,1627403797859,13.3868449,52.4530125,6.455905,-0.006581366,0.8432832,0.36175442,on bike mount,cyclo cross,False,mixed,mixed
159ca764-8e69-45a9-9fa3-39079fb69985,fb1c8721-a6fd-4c7f-a698-e49aba9fb1a2,418b4f32-c4d5-476b-b889-22263cf3406e,1627403797909,13.3868449,52.4530125,6.455905,-0.121269464,1.5194316,-1.3569584,on bike mount,cyclo cross,False,mixed,mixed
159ca764-8e69-45a9-9fa3-39079fb69985,fb1c8721-a6fd-4c7f-a698-e49aba9fb1a2,4758834e-9e18-4724-a6a9-c96a3cd705db,1627403797975,13.3868449,52.4530125,6.455905,-0.4641623,1.0344195,1.7480755,on bike mount,cyclo cross,False,mixed,mixed
159ca764-8e69-45a9-9fa3-39079fb69985,fb1c8721-a6fd-4c7f-a698-e49aba9fb1a2,578dbab0-de70-4ed3-8322-5b28e8734cd0,1627403798026,13.3868449,52.4530125,6.455905,-1.4702739,-0.04948473,-1.5823603,on bike mount,cyclo cross,False,mixed,mixed
159ca764-8e69-45a9-9fa3-39079fb69985,fb1c8721-a6fd-4c7f-a698-e49aba9fb1a2,42c7feac-6862-4c87-9e20-bb598ba4a984,1627403798076,13.3868449,52.4530125,6.455905,0.043935865,-3.0865436,1.4398136,on bike mount,cyclo cross,False,mixed,mixed
159ca764-8e69-45a9-9fa3-39079fb69985,fb1c8721-a6fd-4c7f-a698-e49aba9fb1a2,05c2d166-d772-41ff-8d33-7a57a896c751,1627403798125,13.3867573,52.4529956,6.270227,-0.3700988,1.1091623,-1.0499325,on bike mount,cyclo cross,False,mixed,mixed
159ca764-8e69-45a9-9fa3-39079fb69985,fb1c8721-a6fd-4c7f-a698-e49aba9fb1a2,cd095043-e56c-4e96-bbb6-d1365569d155,1627403798175,13.3867573,52.4529956,6.270227,-1.7993929,1.3148818,0.029717445,on bike mount,cyclo cross,False,mixed,mixed
159ca764-8e69-45a9-9fa3-39079fb69985,fb1c8721-a6fd-4c7f-a698-e49aba9fb1a2,d8be20e9-37fe-4147-9143-84c4b2f88609,1627403798226,13.3867573,52.4529956,6.270227,-0.8479574,0.47478485,-0.96718454,on bike mount,cyclo cross,False,mixed,mixed
159ca764-8e69-45a9-9fa3-39079fb69985,fb1c8721-a6fd-4c7f-a698-e49aba9fb1a2,c0df3835-8509-4e20-8ae0-ced24a3ceea5,1627403798276,13.3867573,52.4529956,6.270227,-0.16481675,0.84686375,1.4723625,on bike mount,cyclo cross,False,mixed,mixed
159ca764-8e69-45a9-9fa3-39079fb69985,fb1c8721-a6fd-4c7f-a698-e49aba9fb1a2,1c134847-5988-4a8e-812e-d00eee4a932e,1627403798342,13.3867573,52.4529956,6.270227,-2.3309078,-0.6016221,-1.0429773,on bike mount,cyclo cross,False,mixed,mixed
159ca764-8e69-45a9-9fa3-39079fb69985,fb1c8721-a6fd-4c7f-a698-e49aba9fb1a2,3bd35576-503e-4013-a808-37f385a7ad1d,1627403798392,13.3867573,52.4529956,6.270227,1.2210273,-0.6857393,0.47646427,on bike mount,cyclo cross,False,mixed,mixed
159ca764-8e69-45a9-9fa3-39079fb69985,fb1c8721-a6fd-4c7f-a698-e49aba9fb1a2,d716fcc0-4eee-4ecb-aed2-b23a84b9a82e,1627403798442,13.3867573,52.4529956,6.270227,-0.021589316,-2.3410335,2.5821686,on bike mount,cyclo cross,False,mixed,mixed
159ca764-8e69-45a9-9fa3-39079fb69985,fb1c8721-a6fd-4c7f-a698-e49aba9fb1a2,8ef65fb2-790c-4d4b-a3a6-20a36a21ed2d,1627403798493,13.3867573,52.4529956,6.270227,-0.31444788,-1.6497264,1.524332,on bike mount,cyclo cross,False,mixed,mixed
159ca764-8e69-45a9-9fa3-39079fb69985,fb1c8721-a6fd-4c7f-a698-e49aba9fb1a2,73381ad5-8ccf-479c-8f26-29cb807b9a24,1627403798542,13.3867573,52.4529956,6.270227,0.68472874,-1.4331548,-0.52629566,on bike mount,cyclo cross,False,mixed,mixed
159ca764-8e69-45a9-9fa3-39079fb69985,fb1c8721-a6fd-4c7f-a698-e49aba9fb1a2,c340fa94-2aa7-4ff0-8e1f-24beda3b5a43,1627403798593,13.3867573,52.4529956,6.270227,-0.1880321,-0.41909695,1.0734568,on bike mount,cyclo cross,False,mixed,mixed
159ca764-8e69-45a9-9fa3-39079fb69985,fb1c8721-a6fd-4c7f-a698-e49aba9fb1a2,903d5e3a-54f9-4d9e-8ab9-fb3b7a305f00,1627403798643,13.3867573,52.4529956,6.270227,-0.807025,0.28992534,-0.3240385,on bike mount,cyclo cross,False,mixed,mixed
159ca764-8e69-45a9-9fa3-39079fb69985,fb1c8721-a6fd-4c7f-a698-e49aba9fb1a2,92f613da-3279-4cd4-98e6-d6f6e53cba70,1627403798710,13.3867573,52.4529956,6.270227,-0.71754175,3.6562319,-6.2025943,on bike mount,cyclo cross,False,mixed,mixed
159ca764-8e69-45a9-9fa3-39079fb69985,fb1c8721-a6fd-4c7f-a698-e49aba9fb1a2,4f796bf8-fc04-4ffb-94f5-24ce1faa162b,1627403798760,13.3867573,52.4529956,6.270227,1.8767202,-3.352479,-0.84646606,on bike mount,cyclo cross,False,mixed,mixed
159ca764-8e69-45a9-9fa3-39079fb69985,fb1c8721-a6fd-4c7f-a698-e49aba9fb1a2,4bc8b393-034b-4c7e-b263-6afa268ad03f,1627403798826,13.3867573,52.4529956,6.270227,-0.34191853,1.7681937,0.7228308,on bike mount,cyclo cross,False,mixed,mixed
159ca764-8e69-45a9-9fa3-39079fb69985,fb1c8721-a6fd-4c7f-a698-e49aba9fb1a2,1f9e5a25-2ca5-4032-a726-f38c102918d3,1627403798876,13.3867573,52.4529956,6.270227,0.24742904,-4.34413,1.9085588,on bike mount,cyclo cross,False,mixed,mixed
159ca764-8e69-45a9-9fa3-39079fb69985,fb1c8721-a6fd-4c7f-a698-e49aba9fb1a2,c7d9ecd7-2013-4e41-933f-c8cc320c3c8a,1627403798927,13.3867573,52.4529956,6.270227,-0.07406719,-2.0830326,0.016612053,on bike mount,cyclo cross,False,mixed,mixed
159ca764-8e69-45a9-9fa3-39079fb69985,fb1c8721-a6fd-4c7f-a698-e49aba9fb1a2,06d7d78f-196c-4364-b8c1-1b749e61512f,1627403798977,13.3867573,52.4529956,6.270227,-0.73543245,2.2141109,-0.03916645,on bike mount,cyclo cross,False,mixed,mixed
159ca764-8e69-45a9-9fa3-39079fb69985,fb1c8721-a6fd-4c7f-a698-e49aba9fb1a2,7b5214b9-c61b-4070-80b5-4703f6267c8c,1627403799043,13.3867573,52.4529956,6.270227,-0.5516192,-0.70121574,-0.5989733,on bike mount,cyclo cross,False,mixed,mixed
159ca764-8e69-45a9-9fa3-39079fb69985,fb1c8721-a6fd-4c7f-a698-e49aba9fb1a2,1120cc8c-a418-43bc-bc49-4d3a98d83d29,1627403799094,13.3866612,52.4529947,6.3403535,2.0537148,0.39772654,0.33002853,on bike mount,cyclo cross,False,mixed,mixed
159ca764-8e69-45a9-9fa3-39079fb69985,fb1c8721-a6fd-4c7f-a698-e49aba9fb1a2,404536d3-d6e6-4580-9245-f939705f29b9,1627403799160,13.3866612,52.4529947,6.3403535,0.5760982,-1.4870754,-1.3651099,on bike mount,cyclo cross,False,mixed,mixed
159ca764-8e69-45a9-9fa3-39079fb69985,fb1c8721-a6fd-4c7f-a698-e49aba9fb1a2,6b7b4215-43ab-4ca2-93fb-f84988c452c1,1627403799227,13.3866612,52.4529947,6.3403535,0.23243704,0.4615748,1.5426178,on bike mount,cyclo cross,False,mixed,mixed
159ca764-8e69-45a9-9fa3-39079fb69985,fb1c8721-a6fd-4c7f-a698-e49aba9fb1a2,47d45bfa-2e12-42ee-84ce-617cc5132ead,1627403799277,13.3866612,52.4529947,6.3403535,0.62384534,-2.8553193,-1.8321218,on bike mount,cyclo cross,False,mixed,mixed
159ca764-8e69-45a9-9fa3-39079fb69985,fb1c8721-a6fd-4c7f-a698-e49aba9fb1a2,cf748a2a-ec14-4120-973f-13e7325f1469,1627403799327,13.3866612,52.4529947,6.3403535,0.33672202,-1.3657272,0.7882118,on bike mount,cyclo cross,False,mixed,mixed
159ca764-8e69-45a9-9fa3-39079fb69985,fb1c8721-a6fd-4c7f-a698-e49aba9fb1a2,f9e541d4-4b76-45c8-a0fe-b08577647f4e,1627403799394,13.3866612,52.4529947,6.3403535,0.3281773,0.88764024,0.6528845,on bike mount,cyclo cross,False,mixed,mixed
159ca764-8e69-45a9-9fa3-39079fb69985,fb1c8721-a6fd-4c7f-a698-e49aba9fb1a2,a13757ef-26fd-42ba-87c2-0f4749dcbbc9,1627403799444,13.3866612,52.4529947,6.3403535,0.07912326,1.9837575,-0.97464657,on bike mount,cyclo cross,False,mixed,mixed
159ca764-8e69-45a9-9fa3-39079fb69985,fb1c8721-a6fd-4c7f-a698-e49aba9fb1a2,6aaf46e2-e5fb-4340-81d6-1d98ca7420b1,1627403799494,13.3866612,52.4529947,6.3403535,-1.9332405,0.067606926,0.34821415,on bike mount,cyclo cross,False,mixed,mixed
159ca764-8e69-45a9-9fa3-39079fb69985,fb1c8721-a6fd-4c7f-a698-e49aba9fb1a2,0010e097-fd98-4a6f-a11b-3eb8616a0e17,1627403799560,13.3866612,52.4529947,6.3403535,-0.50325894,-0.7258332,0.5854349,on bike mount,cyclo cross,False,mixed,mixed
159ca764-8e69-45a9-9fa3-39079fb69985,fb1c8721-a6fd-4c7f-a698-e49aba9fb1a2,e8615de9-9d2c-45d8-ae70-d60866f93535,1627403799610,13.3866612,52.4529947,6.3403535,0.69415855,1.6401467,-1.6103296,on bike mount,cyclo cross,False,mixed,mixed
159ca764-8e69-45a9-9fa3-39079fb69985,fb1c8721-a6fd-4c7f-a698-e49aba9fb1a2,83e3cb19-3101-4198-a77b-a2e95281fa58,1627403799661,13.3866612,52.4529947,6.3403535,-0.16491377,-0.69780576,1.2937031,on bike mount,cyclo cross,False,mixed,mixed
159ca764-8e69-45a9-9fa3-39079fb69985,fb1c8721-a6fd-4c7f-a698-e49aba9fb1a2,7c02a4e7-c951-41b0-8c38-134e905891a9,1627403799711,13.3866612,52.4529947,6.3403535,-0.26001948,0.2455492,-1.8338594,on bike mount,cyclo cross,False,mixed,mixed
159ca764-8e69-45a9-9fa3-39079fb69985,fb1c8721-a6fd-4c7f-a698-e49aba9fb1a2,3d6ce528-482a-4e5b-88d0-44e93f8aa1a1,1627403799777,13.3866612,52.4529947,6.3403535,-0.69702035,0.19778705,1.4093933,on bike mount,cyclo cross,False,mixed,mixed
159ca764-8e69-45a9-9fa3-39079fb69985,fb1c8721-a6fd-4c7f-a698-e49aba9fb1a2,6d00141a-eafe-4549-9cc3-0752f4599b83,1627403799828,13.3866612,52.4529947,6.3403535,0.59108454,0.040379763,1.4806786,on bike mount,cyclo cross,False,mixed,mixed
159ca764-8e69-45a9-9fa3-39079fb69985,fb1c8721-a6fd-4c7f-a698-e49aba9fb1a2,182adb10-0db4-49b8-8947-d6ecf0f58a62,1627403799894,13.3866612,52.4529947,6.3403535,-0.17536569,-1.1896921,1.5571651,on bike mount,cyclo cross,False,mixed,mixed
159ca764-8e69-45a9-9fa3-39079fb69985,fb1c8721-a6fd-4c7f-a698-e49aba9fb1a2,5739b9a0-f719-4df2-848a-707a3885b1ae,1627403799961,13.3866612,52.4529947,6.3403535,0.13239028,0.2777562,-0.62975883,on bike mount,cyclo cross,False,mixed,mixed
159ca764-8e69-45a9-9fa3-39079fb69985,fb1c8721-a6fd-4c7f-a698-e49aba9fb1a2,828461f6-0fbd-4d64-813b-609355c5f3d6,1627403800028,13.3866612,52.4529947,6.3403535,0.31821465,1.916008,-0.58008385,on bike mount,cyclo cross,False,mixed,mixed
159ca764-8e69-45a9-9fa3-39079fb69985,fb1c8721-a6fd-4c7f-a698-e49aba9fb1a2,05b2a7a4-8e1b-4022-abca-492d54385c8e,1627403800095,13.3866612,52.4529947,6.3403535,0.652271,0.21455884,1.778985,on bike mount,cyclo cross,False,mixed,mixed
159ca764-8e69-45a9-9fa3-39079fb69985,fb1c8721-a6fd-4c7f-a698-e49aba9fb1a2,f3c4ce67-96fb-4129-8e1e-06e4c9cd6567,1627403800161,13.3865661,52.452992,6.29643,-0.5119822,0.9245751,0.48108006,on bike mount,cyclo cross,False,mixed,mixed
159ca764-8e69-45a9-9fa3-39079fb69985,fb1c8721-a6fd-4c7f-a698-e49aba9fb1a2,e62edc30-6f81-40f2-87aa-4f13d5f4faaf,1627403800228,13.3865661,52.452992,6.29643,-0.5907266,1.2341657,-1.0801735,on bike mount,cyclo cross,False,mixed,mixed
159ca764-8e69-45a9-9fa3-39079fb69985,fb1c8721-a6fd-4c7f-a698-e49aba9fb1a2,630fd03d-5a06-4b7f-b77f-a8781fe5220a,1627403800295,13.3865661,52.452992,6.29643,1.664765,-1.1969427,1.1320248,on bike mount,cyclo cross,False,mixed,mixed
159ca764-8e69-45a9-9fa3-39079fb69985,fb1c8721-a6fd-4c7f-a698-e49aba9fb1a2,e1eb7c6a-00fb-4594-a104-96566d1ebd02,1627403800362,13.3865661,52.452992,6.29643,0.8915584,-1.4283935,-0.28133678,on bike mount,cyclo cross,False,mixed,mixed
159ca764-8e69-45a9-9fa3-39079fb69985,fb1c8721-a6fd-4c7f-a698-e49aba9fb1a2,285608b5-e03e-4b42-a901-66c956cad124,1627403800428,13.3865661,52.452992,6.29643,0.35846114,0.79111886,0.18420601,on bike mount,cyclo cross,False,mixed,mixed
159ca764-8e69-45a9-9fa3-39079fb69985,fb1c8721-a6fd-4c7f-a698-e49aba9fb1a2,a459f524-53a6-4586-9bac-660504fa5baf,1627403800495,13.3865661,52.452992,6.29643,0.97527987,-1.294764,0.51520824,on bike mount,cyclo cross,False,mixed,mixed
159ca764-8e69-45a9-9fa3-39079fb69985,fb1c8721-a6fd-4c7f-a698-e49aba9fb1a2,c9566920-4fff-466b-8aa9-c1568e93c273,1627403800562,13.3865661,52.452992,6.29643,1.7243576,-0.5421536,-0.6860719,on bike mount,cyclo cross,False,mixed,mixed
159ca764-8e69-45a9-9fa3-39079fb69985,fb1c8721-a6fd-4c7f-a698-e49aba9fb1a2,ee9ce8ab-4f94-4045-a66d-6389f6bb8566,1627403800612,13.3865661,52.452992,6.29643,1.467598,-0.36879468,0.84991074,on bike mount,cyclo cross,False,mixed,mixed
159ca764-8e69-45a9-9fa3-39079fb69985,fb1c8721-a6fd-4c7f-a698-e49aba9fb1a2,2d486b38-e1a8-4c0f-988a-abcdaad416b1,1627403800662,13.3865661,52.452992,6.29643,1.6151483,-1.0344677,-1.2521181,on bike mount,cyclo cross,False,mixed,mixed
159ca764-8e69-45a9-9fa3-39079fb69985,fb1c8721-a6fd-4c7f-a698-e49aba9fb1a2,8188e7e5-ee4d-4557-b333-4fc5654b5df3,1627403800729,13.3865661,52.452992,6.29643,3.5808058,-3.5756474,3.8825731,on bike mount,cyclo cross,False,mixed,mixed
159ca764-8e69-45a9-9fa3-39079fb69985,fb1c8721-a6fd-4c7f-a698-e49aba9fb1a2,17a164f4-fd67-4697-a2c0-481c257ee919,1627403800778,13.3865661,52.452992,6.29643,2.1170275,0.6984687,-1.2429013,on bike mount,cyclo cross,False,mixed,mixed
159ca764-8e69-45a9-9fa3-39079fb69985,fb1c8721-a6fd-4c7f-a698-e49aba9fb1a2,43c80b5d-6cc9-48b5-b2ed-2eec2c59fc6c,1627403800829,13.3865661,52.452992,6.29643,0.6059947,0.30362487,-0.81081104,on bike mount,cyclo cross,False,mixed,mixed
159ca764-8e69-45a9-9fa3-39079fb69985,fb1c8721-a6fd-4c7f-a698-e49aba9fb1a2,e1772576-e0cb-49da-ac1b-117f4545ac69,1627403800878,13.3865661,52.452992,6.29643,1.8639693,-0.5293293,2.5934162,on bike mount,cyclo cross,False,mixed,mixed
159ca764-8e69-45a9-9fa3-39079fb69985,fb1c8721-a6fd-4c7f-a698-e49aba9fb1a2,9f27564a-edc2-4aed-8ac4-530090fe415b,1627403800929,13.3865661,52.452992,6.29643,-0.8347089,1.3865669,-0.24833107,on bike mount,cyclo cross,False,mixed,mixed
159ca764-8e69-45a9-9fa3-39079fb69985,fb1c8721-a6fd-4c7f-a698-e49aba9fb1a2,8aeae0b3-ef49-4142-9dfc-40e3d21f0f1c,1627403800979,13.3865661,52.452992,6.29643,0.5704412,0.9343033,0.33469582,on bike mount,cyclo cross,False,mixed,mixed
159ca764-8e69-45a9-9fa3-39079fb69985,fb1c8721-a6fd-4c7f-a698-e49aba9fb1a2,b9dd2a87-072c-4438-a535-bdd8e978d8b8,1627403801045,13.3865661,52.452992,6.29643,0.6963527,2.655645,1.7072716,on bike mount,cyclo cross,False,mixed,mixed
159ca764-8e69-45a9-9fa3-39079fb69985,fb1c8721-a6fd-4c7f-a698-e49aba9fb1a2,8bf41392-2116-4648-a47a-5f86571de92f,1627403801096,13.3864674,52.4529852,6.728721,-1.3192525,-3.1115391,0.68259525,on bike mount,cyclo cross,False,mixed,mixed
159ca764-8e69-45a9-9fa3-39079fb69985,fb1c8721-a6fd-4c7f-a698-e49aba9fb1a2,f1865459-996e-4792-81c2-c6a5cb35dc2a,1627403801162,13.3864674,52.4529852,6.728721,-0.15417355,-0.018336296,0.7593317,on bike mount,cyclo cross,False,mixed,mixed
159ca764-8e69-45a9-9fa3-39079fb69985,fb1c8721-a6fd-4c7f-a698-e49aba9fb1a2,877d0c0e-7c42-449a-a19d-0095eabdf463,1627403801229,13.3864674,52.4529852,6.728721,-1.1774931,-1.6059624,0.58263016,on bike mount,cyclo cross,False,mixed,mixed
159ca764-8e69-45a9-9fa3-39079fb69985,fb1c8721-a6fd-4c7f-a698-e49aba9fb1a2,3fd1b8c6-6e47-4824-b095-71c0ed466504,1627403801296,13.3864674,52.4529852,6.728721,-0.035287485,0.75933266,2.5530348,on bike mount,cyclo cross,False,mixed,mixed
159ca764-8e69-45a9-9fa3-39079fb69985,fb1c8721-a6fd-4c7f-a698-e49aba9fb1a2,72a5be45-eb7b-430c-833e-d52f0372de6b,1627403801362,13.3864674,52.4529852,6.728721,-0.70589215,-1.8162334,0.9226837,on bike mount,cyclo cross,False,mixed,mixed
159ca764-8e69-45a9-9fa3-39079fb69985,fb1c8721-a6fd-4c7f-a698-e49aba9fb1a2,e0dbde3c-a8f4-4b6e-a546-b96bb4541acc,1627403801412,13.3864674,52.4529852,6.728721,-0.2092535,1.6066375,-5.4035306,on bike mount,cyclo cross,False,mixed,mixed
159ca764-8e69-45a9-9fa3-39079fb69985,fb1c8721-a6fd-4c7f-a698-e49aba9fb1a2,6f5bcb7c-6f75-487d-b18c-66ecdae4e619,1627403801463,13.3864674,52.4529852,6.728721,-1.3143436,2.5505114,-2.5608234,on bike mount,cyclo cross,False,mixed,mixed
159ca764-8e69-45a9-9fa3-39079fb69985,fb1c8721-a6fd-4c7f-a698-e49aba9fb1a2,2ec99533-d7da-4274-988d-80d2fb3b104c,1627403801512,13.3864674,52.4529852,6.728721,0.5810663,-3.9545748,3.1992655,on bike mount,cyclo cross,False,mixed,mixed
159ca764-8e69-45a9-9fa3-39079fb69985,fb1c8721-a6fd-4c7f-a698-e49aba9fb1a2,c9fc4d32-9851-4ac2-94db-7344d40a4b74,1627403801562,13.3864674,52.4529852,6.728721,-1.1147184,0.06399226,-0.039093018,on bike mount,cyclo cross,False,mixed,mixed
159ca764-8e69-45a9-9fa3-39079fb69985,fb1c8721-a6fd-4c7f-a698-e49aba9fb1a2,4d9b117f-c73f-477d-975c-1dcbf466116f,1627403801613,13.3864674,52.4529852,6.728721,-1.2182256,-3.3672106,1.2727089,on bike mount,cyclo cross,False,mixed,mixed
159ca764-8e69-45a9-9fa3-39079fb69985,fb1c8721-a6fd-4c7f-a698-e49aba9fb1a2,b422ac3f-a887-4e3a-b33a-4b1da6b94148,1627403801663,13.3864674,52.4529852,6.728721,-1.2007325,-0.16316152,-0.5071955,on bike mount,cyclo cross,False,mixed,mixed
159ca764-8e69-45a9-9fa3-39079fb69985,fb1c8721-a6fd-4c7f-a698-e49aba9fb1a2,0009c31b-0c97-419f-9c5c-9e6d5d9f44b2,1627403801730,13.3864674,52.4529852,6.728721,-1.0128316,0.0036273003,-0.7744541,on bike mount,cyclo cross,False,mixed,mixed
159ca764-8e69-45a9-9fa3-39079fb69985,fb1c8721-a6fd-4c7f-a698-e49aba9fb1a2,18a56a31-f697-44e2-b313-191ea8740db0,1627403801797,13.3864674,52.4529852,6.728721,-0.73235124,-0.48848987,-0.5258846,on bike mount,cyclo cross,False,mixed,mixed
159ca764-8e69-45a9-9fa3-39079fb69985,fb1c8721-a6fd-4c7f-a698-e49aba9fb1a2,dcb63312-f825-4a96-81f3-0d87be35ff83,1627403801846,13.3864674,52.4529852,6.728721,-1.5777652,-1.0708299,0.31368065,on bike mount,cyclo cross,False,mixed,mixed
159ca764-8e69-45a9-9fa3-39079fb69985,fb1c8721-a6fd-4c7f-a698-e49aba9fb1a2,0ae1c8a3-7c81-498e-bb3f-63587bb4d624,1627403801897,13.3864674,52.4529852,6.728721,0.75040257,-0.32133675,-0.6283512,on bike mount,cyclo cross,False,mixed,mixed
159ca764-8e69-45a9-9fa3-39079fb69985,fb1c8721-a6fd-4c7f-a698-e49aba9fb1a2,bc55f7ef-3b9a-401e-8a64-b793506dca4b,1627403801947,13.3864674,52.4529852,6.728721,-0.56776536,0.097961664,1.0024118,on bike mount,cyclo cross,False,mixed,mixed
159ca764-8e69-45a9-9fa3-39079fb69985,fb1c8721-a6fd-4c7f-a698-e49aba9fb1a2,e1979321-43d1-4662-917b-240dafa67917,1627403802013,13.3864674,52.4529852,6.728721,-0.90895116,1.0980525,-1.4638076,on bike mount,cyclo cross,False,mixed,mixed
159ca764-8e69-45a9-9fa3-39079fb69985,fb1c8721-a6fd-4c7f-a698-e49aba9fb1a2,588cedf9-51f6-4483-b5c2-1dac4ee1f410,1627403802080,13.3864674,52.4529852,6.728721,-1.1418735,0.38894892,0.732954,on bike mount,cyclo cross,False,mixed,mixed
159ca764-8e69-45a9-9fa3-39079fb69985,fb1c8721-a6fd-4c7f-a698-e49aba9fb1a2,dcba3398-436f-4516-b16d-81d1b162c492,1627403802147,13.3863687,52.4529752,6.4809413,-0.78440976,1.3999584,0.45611286,on bike mount,cyclo cross,False,mixed,mixed
159ca764-8e69-45a9-9fa3-39079fb69985,fb1c8721-a6fd-4c7f-a698-e49aba9fb1a2,cb185a39-34cf-40c3-b8b9-faeff950c0dc,1627403802214,13.3863687,52.4529752,6.4809413,0.2133682,0.28513193,1.020359,on bike mount,cyclo cross,False,mixed,mixed
159ca764-8e69-45a9-9fa3-39079fb69985,fb1c8721-a6fd-4c7f-a698-e49aba9fb1a2,a4a75cda-ec2d-4982-9bb7-ac5358a079a1,1627403802280,13.3863687,52.4529752,6.4809413,1.931114,-0.8452611,-0.32754803,on bike mount,cyclo cross,False,mixed,mixed
159ca764-8e69-45a9-9fa3-39079fb69985,fb1c8721-a6fd-4c7f-a698-e49aba9fb1a2,fdea120a-19ba-4a71-8c82-86fdcb088427,1627403802347,13.3863687,52.4529752,6.4809413,0.4386837,-0.12675881,0.36007595,on bike mount,cyclo cross,False,mixed,mixed
159ca764-8e69-45a9-9fa3-39079fb69985,fb1c8721-a6fd-4c7f-a698-e49aba9fb1a2,83e31d2f-cfd3-4a56-8a2c-381c6746ed5f,1627403802414,13.3863687,52.4529752,6.4809413,-0.15759347,0.08422279,0.70004654,on bike mount,cyclo cross,False,mixed,mixed
159ca764-8e69-45a9-9fa3-39079fb69985,fb1c8721-a6fd-4c7f-a698-e49aba9fb1a2,214d3427-4fcd-4797-91bd-809f9641e101,1627403802481,13.3863687,52.4529752,6.4809413,-1.2706289,-0.117432594,-0.16447163,on bike mount,cyclo cross,False,mixed,mixed
159ca764-8e69-45a9-9fa3-39079fb69985,fb1c8721-a6fd-4c7f-a698-e49aba9fb1a2,ba389d4c-4d0b-4eb2-b561-7201a1ff05b7,1627403802530,13.3863687,52.4529752,6.4809413,0.33544528,0.5461564,-0.72323704,on bike mount,cyclo cross,False,mixed,mixed
159ca764-8e69-45a9-9fa3-39079fb69985,fb1c8721-a6fd-4c7f-a698-e49aba9fb1a2,855caa32-c2d2-4cde-8a8f-a96ed0fef7fe,1627403802581,13.3863687,52.4529752,6.4809413,-0.2599821,-0.35394454,1.6757727,on bike mount,cyclo cross,False,mixed,mixed
159ca764-8e69-45a9-9fa3-39079fb69985,fb1c8721-a6fd-4c7f-a698-e49aba9fb1a2,1912e38e-d9e7-44d8-88cf-a62984c94f85,1627403802630,13.3863687,52.4529752,6.4809413,-1.4038851,2.1574306,0.065395355,on bike mount,cyclo cross,False,mixed,mixed
159ca764-8e69-45a9-9fa3-39079fb69985,fb1c8721-a6fd-4c7f-a698-e49aba9fb1a2,ed46073c-ec29-4d20-842c-ef9da88186e5,1627403802681,13.3863687,52.4529752,6.4809413,0.6247053,-1.9584558,1.354887,on bike mount,cyclo cross,False,mixed,mixed
159ca764-8e69-45a9-9fa3-39079fb69985,fb1c8721-a6fd-4c7f-a698-e49aba9fb1a2,419d462d-4b2a-4449-a9f4-0670841d2f37,1627403802748,13.3863687,52.4529752,6.4809413,-0.5228444,1.6820955,0.3610134,on bike mount,cyclo cross,False,mixed,mixed
159ca764-8e69-45a9-9fa3-39079fb69985,fb1c8721-a6fd-4c7f-a698-e49aba9fb1a2,d5546824-d387-4372-8d03-6e5042eb43e1,1627403802798,13.3863687,52.4529752,6.4809413,-0.60794425,-0.73663974,0.4580698,on bike mount,cyclo cross,False,mixed,mixed
159ca764-8e69-45a9-9fa3-39079fb69985,fb1c8721-a6fd-4c7f-a698-e49aba9fb1a2,77269fd4-a966-4b9a-9aa1-9b56586b8b34,1627403802848,13.3863687,52.4529752,6.4809413,0.017850697,-0.2022934,1.6760693,on bike mount,cyclo cross,False,mixed,mixed
159ca764-8e69-45a9-9fa3-39079fb69985,fb1c8721-a6fd-4c7f-a698-e49aba9fb1a2,600ef6e3-9922-4d2b-a638-8bd8ec0bf250,1627403802914,13.3863687,52.4529752,6.4809413,-1.5909177,1.0857391,-1.4007401,on bike mount,cyclo cross,False,mixed,mixed
159ca764-8e69-45a9-9fa3-39079fb69985,fb1c8721-a6fd-4c7f-a698-e49aba9fb1a2,fd423c8d-ce1a-41a5-9834-de5eb28e5628,1627403802965,13.3863687,52.4529752,6.4809413,0.5637582,2.570674,-0.22488976,on bike mount,cyclo cross,False,mixed,mixed
159ca764-8e69-45a9-9fa3-39079fb69985,fb1c8721-a6fd-4c7f-a698-e49aba9fb1a2,2005e71d-77cb-4fb5-815c-21ba81b1ce1b,1627403803015,13.3863687,52.4529752,6.4809413,0.43027437,-1.3310919,-0.22233486,on bike mount,cyclo cross,False,mixed,mixed
159ca764-8e69-45a9-9fa3-39079fb69985,fb1c8721-a6fd-4c7f-a698-e49aba9fb1a2,30fb726d-434b-4ba9-9a95-04ce2461e674,1627403803065,13.3863687,52.4529752,6.4809413,-0.56318694,-0.36594272,-0.33199215,on bike mount,cyclo cross,False,mixed,mixed
159ca764-8e69-45a9-9fa3-39079fb69985,fb1c8721-a6fd-4c7f-a698-e49aba9fb1a2,a79ca87b-a742-43c2-981b-0864e56f695d,1627403803114,13.3862669,52.4529675,6.588365,-0.19722095,0.19106793,0.513258,on bike mount,cyclo cross,False,mixed,mixed
159ca764-8e69-45a9-9fa3-39079fb69985,fb1c8721-a6fd-4c7f-a698-e49aba9fb1a2,91e8886b-1b96-4357-ab60-ded68d3f986b,1627403803164,13.3862669,52.4529675,6.588365,-0.3311115,-0.562376,0.29024982,on bike mount,cyclo cross,False,mixed,mixed
159ca764-8e69-45a9-9fa3-39079fb69985,fb1c8721-a6fd-4c7f-a698-e49aba9fb1a2,4acc7898-6c51-4544-b70b-e1005cb19c42,1627403803215,13.3862669,52.4529675,6.588365,-0.9677021,0.63710356,-0.29845333,on bike mount,cyclo cross,False,mixed,mixed
159ca764-8e69-45a9-9fa3-39079fb69985,fb1c8721-a6fd-4c7f-a698-e49aba9fb1a2,8dbd4e2b-e7dc-416f-b941-2ce225c87d4f,1627403803282,13.3862669,52.4529675,6.588365,-0.07651074,-0.6237149,-0.6152859,on bike mount,cyclo cross,False,mixed,mixed
159ca764-8e69-45a9-9fa3-39079fb69985,fb1c8721-a6fd-4c7f-a698-e49aba9fb1a2,1a8b6b5f-99ae-40e8-b618-41d9d6912877,1627403803348,13.3862669,52.4529675,6.588365,0.32595658,1.0217066,0.85468674,on bike mount,cyclo cross,False,mixed,mixed
159ca764-8e69-45a9-9fa3-39079fb69985,fb1c8721-a6fd-4c7f-a698-e49aba9fb1a2,509120cd-1e07-4946-80fb-3d17f820a5ad,1627403803415,13.3862669,52.4529675,6.588365,1.0210547,0.6694491,-0.7521963,on bike mount,cyclo cross,False,mixed,mixed
159ca764-8e69-45a9-9fa3-39079fb69985,fb1c8721-a6fd-4c7f-a698-e49aba9fb1a2,90fc14a6-ca46-426d-8bfb-8fd751a87aba,1627403803482,13.3862669,52.4529675,6.588365,0.4640693,-0.2157197,-0.67353725,on bike mount,cyclo cross,False,mixed,mixed
159ca764-8e69-45a9-9fa3-39079fb69985,fb1c8721-a6fd-4c7f-a698-e49aba9fb1a2,0e14ec8b-e310-4b6b-b061-46a13378309f,1627403803548,13.3862669,52.4529675,6.588365,-0.61058384,-1.271995,0.890851,on bike mount,cyclo cross,False,mixed,mixed
159ca764-8e69-45a9-9fa3-39079fb69985,fb1c8721-a6fd-4c7f-a698-e49aba9fb1a2,5d31858b-e766-416e-be3a-3e4880d93215,1627403803598,13.3862669,52.4529675,6.588365,0.37103945,0.5271208,0.24268627,on bike mount,cyclo cross,False,mixed,mixed
159ca764-8e69-45a9-9fa3-39079fb69985,fb1c8721-a6fd-4c7f-a698-e49aba9fb1a2,b5cb3d5e-94cb-4da8-b078-20140f1b9784,1627403803648,13.3862669,52.4529675,6.588365,-0.71505916,-1.027883,1.008668,on bike mount,cyclo cross,False,mixed,mixed
159ca764-8e69-45a9-9fa3-39079fb69985,fb1c8721-a6fd-4c7f-a698-e49aba9fb1a2,e5e5b039-a73a-42c1-ac5b-639e04764915,1627403803699,13.3862669,52.4529675,6.588365,0.24724261,-0.0033743382,-3.2093902,on bike mount,cyclo cross,False,mixed,mixed
159ca764-8e69-45a9-9fa3-39079fb69985,fb1c8721-a6fd-4c7f-a698-e49aba9fb1a2,8eaee41f-6a49-4ce5-9720-02a25245bdc8,1627403803749,13.3862669,52.4529675,6.588365,0.32696897,1.0943515,-1.267621,on bike mount,cyclo cross,False,mixed,mixed
159ca764-8e69-45a9-9fa3-39079fb69985,fb1c8721-a6fd-4c7f-a698-e49aba9fb1a2,74076230-f422-4982-afd4-b538a76264d7,1627403803816,13.3862669,52.4529675,6.588365,0.16120216,-0.3560326,-0.42251682,on bike mount,cyclo cross,False,mixed,mixed
159ca764-8e69-45a9-9fa3-39079fb69985,fb1c8721-a6fd-4c7f-a698-e49aba9fb1a2,3079f55b-3208-4b2b-825d-4ab2f425d86f,1627403803882,13.3862669,52.4529675,6.588365,-0.9681841,0.30825734,-1.2454705,on bike mount,cyclo cross,False,mixed,mixed
159ca764-8e69-45a9-9fa3-39079fb69985,fb1c8721-a6fd-4c7f-a698-e49aba9fb1a2,fab1b372-7253-4cf1-be38-05543a43d047,1627403803949,13.3862669,52.4529675,6.588365,-0.08093923,-2.4930217,0.4588127,on bike mount,cyclo cross,False,mixed,mixed
159ca764-8e69-45a9-9fa3-39079fb69985,fb1c8721-a6fd-4c7f-a698-e49aba9fb1a2,8efe7eb9-282d-42b8-acc5-30f42e65f3fe,1627403804022,13.3862669,52.4529675,6.588365,-0.22755352,-0.8492328,1.4376545,on bike mount,cyclo cross,False,mixed,mixed
159ca764-8e69-45a9-9fa3-39079fb69985,fb1c8721-a6fd-4c7f-a698-e49aba9fb1a2,396d1249-bac8-4952-b913-6978bf90f203,1627403804082,13.3862669,52.4529675,6.588365,-0.19257867,1.5206761,-0.68349457,on bike mount,cyclo cross,False,mixed,mixed
159ca764-8e69-45a9-9fa3-39079fb69985,fb1c8721-a6fd-4c7f-a698-e49aba9fb1a2,f32804e6-fa3b-4a6f-be1c-19e5c2b9fb0e,1627403804149,13.3861652,52.4529511,6.6301246,-0.84961843,-0.7436702,1.3235703,on bike mount,cyclo cross,False,mixed,mixed
159ca764-8e69-45a9-9fa3-39079fb69985,fb1c8721-a6fd-4c7f-a698-e49aba9fb1a2,a6777147-f4bb-41ed-87cc-81a22f0c4360,1627403804215,13.3861652,52.4529511,6.6301246,-1.1662511,0.8163018,-1.5576353,on bike mount,cyclo cross,False,mixed,mixed
159ca764-8e69-45a9-9fa3-39079fb69985,fb1c8721-a6fd-4c7f-a698-e49aba9fb1a2,cc0b4dfe-c175-4c09-91d2-baa363034d97,1627403804282,13.3861652,52.4529511,6.6301246,-0.21600771,0.8091495,0.13207912,on bike mount,cyclo cross,False,mixed,mixed
159ca764-8e69-45a9-9fa3-39079fb69985,fb1c8721-a6fd-4c7f-a698-e49aba9fb1a2,758fc2c2-5cdb-4c6a-86a1-c351705ecc30,1627403804333,13.3861652,52.4529511,6.6301246,-0.37266493,-0.16006422,-0.4361534,on bike mount,cyclo cross,False,mixed,mixed
159ca764-8e69-45a9-9fa3-39079fb69985,fb1c8721-a6fd-4c7f-a698-e49aba9fb1a2,3d17e97d-54fa-4a03-aaed-344c0562bc8c,1627403804399,13.3861652,52.4529511,6.6301246,-0.11755711,-0.41972303,0.1316185,on bike mount,cyclo cross,False,mixed,mixed
159ca764-8e69-45a9-9fa3-39079fb69985,fb1c8721-a6fd-4c7f-a698-e49aba9fb1a2,5c67baee-5e34-4d69-ae63-3f4e8e5caf10,1627403804449,13.3861652,52.4529511,6.6301246,-0.33073026,0.1332624,0.98586655,on bike mount,cyclo cross,False,mixed,mixed
159ca764-8e69-45a9-9fa3-39079fb69985,fb1c8721-a6fd-4c7f-a698-e49aba9fb1a2,318b0007-542c-48a9-b45c-10ee812ba36a,1627403804499,13.3861652,52.4529511,6.6301246,0.29487464,1.3292055,-3.6006956,on bike mount,cyclo cross,False,mixed,mixed
159ca764-8e69-45a9-9fa3-39079fb69985,fb1c8721-a6fd-4c7f-a698-e49aba9fb1a2,09226e68-74b9-4230-990c-1a762193fd82,1627403804549,13.3861652,52.4529511,6.6301246,0.007944971,-9.368608,14.751934,on bike mount,cyclo cross,False,mixed,mixed
159ca764-8e69-45a9-9fa3-39079fb69985,fb1c8721-a6fd-4c7f-a698-e49aba9fb1a2,e0c5307c-f277-47c3-80aa-df931fb9acdd,1627403804616,13.3861652,52.4529511,6.6301246,-1.6767579,2.4753108,-0.6715498,on bike mount,cyclo cross,False,mixed,mixed
159ca764-8e69-45a9-9fa3-39079fb69985,fb1c8721-a6fd-4c7f-a698-e49aba9fb1a2,0a98fd1b-45f9-4800-ad91-9a22d5843491,1627403804666,13.3861652,52.4529511,6.6301246,0.879588,-4.430922,0.9085169,on bike mount,cyclo cross,False,mixed,mixed
159ca764-8e69-45a9-9fa3-39079fb69985,fb1c8721-a6fd-4c7f-a698-e49aba9fb1a2,cb4f075d-31ee-479c-ba09-b479f20c123c,1627403804733,13.3861652,52.4529511,6.6301246,0.45240182,0.4174111,0.9372282,on bike mount,cyclo cross,False,mixed,mixed
159ca764-8e69-45a9-9fa3-39079fb69985,fb1c8721-a6fd-4c7f-a698-e49aba9fb1a2,cbc356d5-6aaa-43bc-80d4-dcea817e3129,1627403804800,13.3861652,52.4529511,6.6301246,-0.5407703,0.15218282,1.1742592,on bike mount,cyclo cross,False,mixed,mixed
159ca764-8e69-45a9-9fa3-39079fb69985,fb1c8721-a6fd-4c7f-a698-e49aba9fb1a2,10e4a554-80c9-4230-9f17-8fb55539b498,1627403804850,13.3861652,52.4529511,6.6301246,1.0668651,1.7257595,1.1566772,on bike mount,cyclo cross,False,mixed,mixed
159ca764-8e69-45a9-9fa3-39079fb69985,fb1c8721-a6fd-4c7f-a698-e49aba9fb1a2,30726d2b-b471-47ec-9328-23193696e62c,1627403804917,13.3861652,52.4529511,6.6301246,-1.3833088,3.8020654,0.794734,on bike mount,cyclo cross,False,mixed,mixed
159ca764-8e69-45a9-9fa3-39079fb69985,fb1c8721-a6fd-4c7f-a698-e49aba9fb1a2,1b0eb01f-b98b-4d72-978e-7bb58ab35a6b,1627403804983,13.3861652,52.4529511,6.6301246,0.46497613,3.0879087,-2.34275,on bike mount,cyclo cross,False,mixed,mixed
159ca764-8e69-45a9-9fa3-39079fb69985,fb1c8721-a6fd-4c7f-a698-e49aba9fb1a2,ad5f21c2-6fb3-445c-8002-9d6fca60a209,1627403805033,13.3861652,52.4529511,6.6301246,1.2504251,0.06444001,1.4511194,on bike mount,cyclo cross,False,mixed,mixed
159ca764-8e69-45a9-9fa3-39079fb69985,fb1c8721-a6fd-4c7f-a698-e49aba9fb1a2,08a87039-a64d-48b1-8f80-9917be872897,1627403805084,13.3861652,52.4529511,6.6301246,-0.08521855,-0.747936,-0.7053366,on bike mount,cyclo cross,False,mixed,mixed
159ca764-8e69-45a9-9fa3-39079fb69985,fb1c8721-a6fd-4c7f-a698-e49aba9fb1a2,42abda57-a2b9-49e6-bcac-ee72bd0d5d0a,1627403805150,13.3860715,52.4529348,6.4744005,1.3311992,-1.8789107,0.7913208,on bike mount,cyclo cross,False,mixed,mixed
159ca764-8e69-45a9-9fa3-39079fb69985,fb1c8721-a6fd-4c7f-a698-e49aba9fb1a2,b92c2b71-406d-4e9d-b525-bc91768e519c,1627403805217,13.3860715,52.4529348,6.4744005,0.048085332,1.3334918,-1.2379227,on bike mount,cyclo cross,False,mixed,mixed
159ca764-8e69-45a9-9fa3-39079fb69985,fb1c8721-a6fd-4c7f-a698-e49aba9fb1a2,b29be52c-e605-4bc0-9d66-279e5a846661,1627403805284,13.3860715,52.4529348,6.4744005,0.739539,-0.8048799,2.2808447,on bike mount,cyclo cross,False,mixed,mixed
159ca764-8e69-45a9-9fa3-39079fb69985,fb1c8721-a6fd-4c7f-a698-e49aba9fb1a2,a700ec73-3c5f-47c1-b222-2dd87c97d76a,1627403805350,13.3860715,52.4529348,6.4744005,0.7287512,0.22979188,0.8341198,on bike mount,cyclo cross,False,mixed,mixed
159ca764-8e69-45a9-9fa3-39079fb69985,fb1c8721-a6fd-4c7f-a698-e49aba9fb1a2,c37d5bfb-8f0f-4386-b5ad-3a89c8e2d68e,1627403805400,13.3860715,52.4529348,6.4744005,-1.0715015,-1.2908128,-1.564539,on bike mount,cyclo cross,False,mixed,mixed
159ca764-8e69-45a9-9fa3-39079fb69985,fb1c8721-a6fd-4c7f-a698-e49aba9fb1a2,db1b929b-e024-4062-b6a9-84bcd0bc0fe0,1627403805451,13.3860715,52.4529348,6.4744005,0.04908496,-0.5446069,1.3762655,on bike mount,cyclo cross,False,mixed,mixed
159ca764-8e69-45a9-9fa3-39079fb69985,fb1c8721-a6fd-4c7f-a698-e49aba9fb1a2,57f79e42-dcc1-448d-a2fd-79ca0f826489,1627403805501,13.3860715,52.4529348,6.4744005,0.46701193,0.3688953,-0.64087963,on bike mount,cyclo cross,False,mixed,mixed
159ca764-8e69-45a9-9fa3-39079fb69985,fb1c8721-a6fd-4c7f-a698-e49aba9fb1a2,a3f9bcb7-8a32-4187-ac1c-d58d943432d7,1627403805567,13.3860715,52.4529348,6.4744005,0.061680436,-0.43710852,1.3516197,on bike mount,cyclo cross,False,mixed,mixed
159ca764-8e69-45a9-9fa3-39079fb69985,fb1c8721-a6fd-4c7f-a698-e49aba9fb1a2,602aff41-90e6-4c28-a86d-0637ec415513,1627403805617,13.3860715,52.4529348,6.4744005,1.0640415,-0.319196,-1.0160642,on bike mount,cyclo cross,False,mixed,mixed
159ca764-8e69-45a9-9fa3-39079fb69985,fb1c8721-a6fd-4c7f-a698-e49aba9fb1a2,21380171-6370-465b-8e2e-44f77a5729c2,1627403805668,13.3860715,52.4529348,6.4744005,0.63449264,-1.4300841,1.4880848,on bike mount,cyclo cross,False,mixed,mixed
159ca764-8e69-45a9-9fa3-39079fb69985,fb1c8721-a6fd-4c7f-a698-e49aba9fb1a2,4b738de5-61ca-4e02-956e-7ef63af0c05d,1627403805734,13.3860715,52.4529348,6.4744005,0.9837765,-2.9901419,3.019823,on bike mount,cyclo cross,False,mixed,mixed
159ca764-8e69-45a9-9fa3-39079fb69985,fb1c8721-a6fd-4c7f-a698-e49aba9fb1a2,7fe60b2d-2524-43d2-8c08-7b083ac37c2f,1627403805801,13.3860715,52.4529348,6.4744005,0.7932328,0.48077488,1.3482122,on bike mount,cyclo cross,False,mixed,mixed
159ca764-8e69-45a9-9fa3-39079fb69985,fb1c8721-a6fd-4c7f-a698-e49aba9fb1a2,f2079741-e0ed-4daf-8a19-b99f76145970,1627403805868,13.3860715,52.4529348,6.4744005,0.37151384,2.159377,0.15016079,on bike mount,cyclo cross,False,mixed,mixed
159ca764-8e69-45a9-9fa3-39079fb69985,fb1c8721-a6fd-4c7f-a698-e49aba9fb1a2,ede205bf-5de8-4a12-93c7-a1c736abc2ff,1627403805934,13.3860715,52.4529348,6.4744005,1.0295873,0.3564713,0.399148,on bike mount,cyclo cross,False,mixed,mixed
159ca764-8e69-45a9-9fa3-39079fb69985,fb1c8721-a6fd-4c7f-a698-e49aba9fb1a2,e547ba30-7cc3-4d84-8c85-43cc29e8d576,1627403805984,13.3860715,52.4529348,6.4744005,0.80480677,0.704339,0.56802654,on bike mount,cyclo cross,False,mixed,mixed
159ca764-8e69-45a9-9fa3-39079fb69985,fb1c8721-a6fd-4c7f-a698-e49aba9fb1a2,607be42c-95cf-48f2-a8ec-6a1fa4068450,1627403806035,13.3860715,52.4529348,6.4744005,0.36766452,0.23040438,-0.8281965,on bike mount,cyclo cross,False,mixed,mixed
159ca764-8e69-45a9-9fa3-39079fb69985,fb1c8721-a6fd-4c7f-a698-e49aba9fb1a2,cf809a23-2857-4015-a429-5d42b206491b,1627403806101,13.3860715,52.4529348,6.4744005,0.13411963,0.094563484,-1.3035817,on bike mount,cyclo cross,False,mixed,mixed
159ca764-8e69-45a9-9fa3-39079fb69985,fb1c8721-a6fd-4c7f-a698-e49aba9fb1a2,5a6af2c8-8a83-4af7-a3e1-db99727427b3,1627403806168,13.3859718,52.4529247,6.579113,0.5942749,-0.8499769,2.1122484,on bike mount,cyclo cross,False,mixed,mixed
159ca764-8e69-45a9-9fa3-39079fb69985,fb1c8721-a6fd-4c7f-a698-e49aba9fb1a2,6bd259f9-8803-4deb-84a8-eeefa876deb4,1627403806235,13.3859718,52.4529247,6.579113,1.0727297,-1.1230091,-2.0451865,on bike mount,cyclo cross,False,mixed,mixed
159ca764-8e69-45a9-9fa3-39079fb69985,fb1c8721-a6fd-4c7f-a698-e49aba9fb1a2,8c62de00-2f95-46d3-a3f7-96b52101e1d1,1627403806302,13.3859718,52.4529247,6.579113,0.58195627,1.1042416,0.8976908,on bike mount,cyclo cross,False,mixed,mixed
159ca764-8e69-45a9-9fa3-39079fb69985,fb1c8721-a6fd-4c7f-a698-e49aba9fb1a2,c2d803bc-e6a8-43da-9fa6-901ab41db3ae,1627403806368,13.3859718,52.4529247,6.579113,-1.1399894,-1.3666966,0.85668945,on bike mount,cyclo cross,False,mixed,mixed
159ca764-8e69-45a9-9fa3-39079fb69985,fb1c8721-a6fd-4c7f-a698-e49aba9fb1a2,c651a5b8-09ad-4da0-9f73-bd665d7a5499,1627403806418,13.3859718,52.4529247,6.579113,1.7922683,1.8726091,0.09136391,on bike mount,cyclo cross,False,mixed,mixed
159ca764-8e69-45a9-9fa3-39079fb69985,fb1c8721-a6fd-4c7f-a698-e49aba9fb1a2,6a4c9701-e6df-4f95-b2cf-00645d82f33f,1627403806468,13.3859718,52.4529247,6.579113,-0.32637537,-1.112602,0.33467293,on bike mount,cyclo cross,False,mixed,mixed
159ca764-8e69-45a9-9fa3-39079fb69985,fb1c8721-a6fd-4c7f-a698-e49aba9fb1a2,7e051531-bf14-485e-83f2-67c26f0d39ec,1627403806518,13.3859718,52.4529247,6.579113,0.01033926,-1.589364,-0.029239655,on bike mount,cyclo cross,False,mixed,mixed
159ca764-8e69-45a9-9fa3-39079fb69985,fb1c8721-a6fd-4c7f-a698-e49aba9fb1a2,329a7f58-2be7-4c40-9850-e0f6072e1d1b,1627403806568,13.3859718,52.4529247,6.579113,-2.067645,-2.7955828,2.44489,on bike mount,cyclo cross,False,mixed,mixed
159ca764-8e69-45a9-9fa3-39079fb69985,fb1c8721-a6fd-4c7f-a698-e49aba9fb1a2,82e0a536-5c8b-4e9c-abfb-f272f8604f6c,1627403806618,13.3859718,52.4529247,6.579113,-0.7306511,-0.54315186,3.1915426,on bike mount,cyclo cross,False,mixed,mixed
159ca764-8e69-45a9-9fa3-39079fb69985,fb1c8721-a6fd-4c7f-a698-e49aba9fb1a2,3e462812-d7a6-4407-a6c5-93e1543b9827,1627403806669,13.3859718,52.4529247,6.579113,0.56663847,0.049506187,1.6914454,on bike mount,cyclo cross,False,mixed,mixed
159ca764-8e69-45a9-9fa3-39079fb69985,fb1c8721-a6fd-4c7f-a698-e49aba9fb1a2,e302ebc5-f4ea-478d-a2a7-bfc276a911ab,1627403806719,13.3859718,52.4529247,6.579113,0.8836006,2.354672,-1.4776587,on bike mount,cyclo cross,False,mixed,mixed
159ca764-8e69-45a9-9fa3-39079fb69985,fb1c8721-a6fd-4c7f-a698-e49aba9fb1a2,80306c98-b98a-40f1-9ddf-e86e0f9c3bb0,1627403806785,13.3859718,52.4529247,6.579113,-0.68623435,-0.3010962,0.116454124,on bike mount,cyclo cross,False,mixed,mixed
159ca764-8e69-45a9-9fa3-39079fb69985,fb1c8721-a6fd-4c7f-a698-e49aba9fb1a2,1519fbdf-fb3c-49bf-a1eb-c0d7a98d1a1d,1627403806836,13.3859718,52.4529247,6.579113,-0.25969088,0.21698022,-0.14178371,on bike mount,cyclo cross,False,mixed,mixed
159ca764-8e69-45a9-9fa3-39079fb69985,fb1c8721-a6fd-4c7f-a698-e49aba9fb1a2,2953ba9a-75b2-4690-b081-8bfac7d0f203,1627403806885,13.3859718,52.4529247,6.579113,-4.1067467,-7.8737965,6.541464,on bike mount,cyclo cross,False,mixed,mixed
159ca764-8e69-45a9-9fa3-39079fb69985,fb1c8721-a6fd-4c7f-a698-e49aba9fb1a2,34625a7d-a4b0-42ca-9ded-7b51b168d7be,1627403806936,13.3859718,52.4529247,6.579113,2.4624228,0.32580495,1.7900305,on bike mount,cyclo cross,False,mixed,mixed
159ca764-8e69-45a9-9fa3-39079fb69985,fb1c8721-a6fd-4c7f-a698-e49aba9fb1a2,da6e2702-a4ea-4f0e-9dd4-1f1a86ab5304,1627403807002,13.3859718,52.4529247,6.579113,1.8320608,-1.0226501,-0.37298965,on bike mount,cyclo cross,False,mixed,mixed
159ca764-8e69-45a9-9fa3-39079fb69985,fb1c8721-a6fd-4c7f-a698-e49aba9fb1a2,3bb8579c-5b91-4501-868e-97bab6f14f8c,1627403807069,13.3859718,52.4529247,6.579113,-0.5402516,0.5838504,-0.82968616,on bike mount,cyclo cross,False,mixed,mixed
159ca764-8e69-45a9-9fa3-39079fb69985,fb1c8721-a6fd-4c7f-a698-e49aba9fb1a2,57eb4035-f9e7-4d42-8b84-e9ef84af341d,1627403807136,13.3858758,52.4529185,6.557295,-0.5174868,-2.4877687,0.6230335,on bike mount,cyclo cross,False,mixed,mixed
159ca764-8e69-45a9-9fa3-39079fb69985,fb1c8721-a6fd-4c7f-a698-e49aba9fb1a2,8bdae089-ac67-448b-945b-70ebe2c1d9fd,1627403807202,13.3858758,52.4529185,6.557295,-1.4915379,1.5289726,0.103990555,on bike mount,cyclo cross,False,mixed,mixed
159ca764-8e69-45a9-9fa3-39079fb69985,fb1c8721-a6fd-4c7f-a698-e49aba9fb1a2,73ba97a0-e0fb-4450-a7cc-2e8888870403,1627403807253,13.3858758,52.4529185,6.557295,1.7042389,2.0094953,-2.1541538,on bike mount,cyclo cross,False,mixed,mixed
159ca764-8e69-45a9-9fa3-39079fb69985,fb1c8721-a6fd-4c7f-a698-e49aba9fb1a2,365c359f-ae34-44db-801c-1e18cad7d6d9,1627403807303,13.3858758,52.4529185,6.557295,-0.42993456,-1.2162578,0.27015686,on bike mount,cyclo cross,False,mixed,mixed
159ca764-8e69-45a9-9fa3-39079fb69985,fb1c8721-a6fd-4c7f-a698-e49aba9fb1a2,d4c76da6-e3cf-4b5f-8f23-423af905662a,1627403807353,13.3858758,52.4529185,6.557295,0.6006754,0.859061,-1.5322747,on bike mount,cyclo cross,False,mixed,mixed
159ca764-8e69-45a9-9fa3-39079fb69985,fb1c8721-a6fd-4c7f-a698-e49aba9fb1a2,e3a9d25a-a5a1-44d4-a446-22aafa08ca9a,1627403807403,13.3858758,52.4529185,6.557295,-0.32891774,1.1182222,-2.2716103,on bike mount,cyclo cross,False,mixed,mixed
159ca764-8e69-45a9-9fa3-39079fb69985,fb1c8721-a6fd-4c7f-a698-e49aba9fb1a2,094ea31b-b6ce-48a6-9f69-968bfa0a909f,1627403807453,13.3858758,52.4529185,6.557295,-1.7858932,-0.3657062,2.2812042,on bike mount,cyclo cross,False,mixed,mixed
159ca764-8e69-45a9-9fa3-39079fb69985,fb1c8721-a6fd-4c7f-a698-e49aba9fb1a2,f3f0621b-bca9-4d09-8289-d4c14d977483,1627403807504,13.3858758,52.4529185,6.557295,1.0694798,-0.27051735,-3.1571946,on bike mount,cyclo cross,False,mixed,mixed
159ca764-8e69-45a9-9fa3-39079fb69985,fb1c8721-a6fd-4c7f-a698-e49aba9fb1a2,0f893d88-626c-46e3-ad82-e6f354f2b515,1627403807569,13.3858758,52.4529185,6.557295,2.1593976,0.6350095,-0.14823055,on bike mount,cyclo cross,False,mixed,mixed
159ca764-8e69-45a9-9fa3-39079fb69985,fb1c8721-a6fd-4c7f-a698-e49aba9fb1a2,a1c67eb0-1e67-4157-8e70-1dc07eee18d5,1627403807917,13.3858758,52.4529185,6.557295,-0.17618203,-1.4337704,0.55870724,on bike mount,cyclo cross,False,mixed,mixed
159ca764-8e69-45a9-9fa3-39079fb69985,fb1c8721-a6fd-4c7f-a698-e49aba9fb1a2,723b9b07-7584-4889-8488-2132291624e7,1627403808026,13.3858758,52.4529185,6.557295,-0.0060316026,0.19089866,0.5638447,on bike mount,cyclo cross,False,mixed,mixed
159ca764-8e69-45a9-9fa3-39079fb69985,fb1c8721-a6fd-4c7f-a698-e49aba9fb1a2,44fd321a-b5c2-4193-8912-8fddf5b4ceec,1627403808087,13.3858758,52.4529185,6.557295,1.379364,1.5143552,-0.225461,on bike mount,cyclo cross,False,mixed,mixed
159ca764-8e69-45a9-9fa3-39079fb69985,fb1c8721-a6fd-4c7f-a698-e49aba9fb1a2,14fc0b48-0485-436d-8307-badfc9f5d673,1627403808152,13.3857797,52.4529147,6.554877,-1.6244467,-1.9957875,1.0333862,on bike mount,cyclo cross,False,mixed,mixed
159ca764-8e69-45a9-9fa3-39079fb69985,fb1c8721-a6fd-4c7f-a698-e49aba9fb1a2,14347c3c-6098-4efa-ae3f-8076004b07c0,1627403808219,13.3857797,52.4529147,6.554877,-1.3393403,0.5850496,0.18640327,on bike mount,cyclo cross,False,mixed,mixed
159ca764-8e69-45a9-9fa3-39079fb69985,fb1c8721-a6fd-4c7f-a698-e49aba9fb1a2,4d4ba1e9-c6be-44e3-9e1e-6e39f74bfa42,1627403808269,13.3857797,52.4529147,6.554877,-0.3800143,-1.8397266,0.60918045,on bike mount,cyclo cross,False,mixed,mixed
159ca764-8e69-45a9-9fa3-39079fb69985,fb1c8721-a6fd-4c7f-a698-e49aba9fb1a2,e9baf91c-39ed-4a71-ac87-0b49f8e673c2,1627403808335,13.3857797,52.4529147,6.554877,-0.019112349,-1.3694342,2.35997,on bike mount,cyclo cross,False,mixed,mixed
159ca764-8e69-45a9-9fa3-39079fb69985,fb1c8721-a6fd-4c7f-a698-e49aba9fb1a2,db899088-8216-4c14-8bba-9d7e135050d6,1627403808385,13.3857797,52.4529147,6.554877,-1.3377656,-0.29634213,1.5439415,on bike mount,cyclo cross,False,mixed,mixed
159ca764-8e69-45a9-9fa3-39079fb69985,fb1c8721-a6fd-4c7f-a698-e49aba9fb1a2,7a4506f4-2afb-48fe-84dd-b89c3fddfc7b,1627403808447,13.3857797,52.4529147,6.554877,-0.27803868,1.2316661,-1.4332442,on bike mount,cyclo cross,False,mixed,mixed
159ca764-8e69-45a9-9fa3-39079fb69985,fb1c8721-a6fd-4c7f-a698-e49aba9fb1a2,36bb27da-c7a9-4317-9792-f7fc004a1ee0,1627403808498,13.3857797,52.4529147,6.554877,-0.8211524,-0.8931141,1.7441311,on bike mount,cyclo cross,False,mixed,mixed
159ca764-8e69-45a9-9fa3-39079fb69985,fb1c8721-a6fd-4c7f-a698-e49aba9fb1a2,ee66c994-5b54-41d1-bc0f-94400b31b3ef,1627403808548,13.3857797,52.4529147,6.554877,-0.8141067,-0.32214093,0.500679,on bike mount,cyclo cross,False,mixed,mixed
159ca764-8e69-45a9-9fa3-39079fb69985,fb1c8721-a6fd-4c7f-a698-e49aba9fb1a2,a3eff6d6-1d5c-4989-b462-46c7fcdcf8df,1627403808599,13.3857797,52.4529147,6.554877,-0.3147577,0.45213294,0.40046024,on bike mount,cyclo cross,False,mixed,mixed
159ca764-8e69-45a9-9fa3-39079fb69985,fb1c8721-a6fd-4c7f-a698-e49aba9fb1a2,f69adf0d-3adf-4a5c-8f3c-f54ec3759500,1627403808648,13.3857797,52.4529147,6.554877,-0.13560128,-0.6916567,0.6250534,on bike mount,cyclo cross,False,mixed,mixed
159ca764-8e69-45a9-9fa3-39079fb69985,fb1c8721-a6fd-4c7f-a698-e49aba9fb1a2,edea7a91-f4ff-4740-bde0-afcfdc95b681,1627403808698,13.3857797,52.4529147,6.554877,0.7340697,-0.20952082,-0.3796606,on bike mount,cyclo cross,False,mixed,mixed
159ca764-8e69-45a9-9fa3-39079fb69985,fb1c8721-a6fd-4c7f-a698-e49aba9fb1a2,dfc17caa-e6b4-4a50-89d5-14de43d8ba53,1627403808748,13.3857797,52.4529147,6.554877,-0.58560157,0.8082874,0.30235004,on bike mount,cyclo cross,False,mixed,mixed
159ca764-8e69-45a9-9fa3-39079fb69985,fb1c8721-a6fd-4c7f-a698-e49aba9fb1a2,4be6b9a9-135c-4d5c-a2ec-1c428cf2201b,1627403808799,13.3857797,52.4529147,6.554877,-0.078681946,0.9776888,-0.57769203,on bike mount,cyclo cross,False,mixed,mixed
159ca764-8e69-45a9-9fa3-39079fb69985,fb1c8721-a6fd-4c7f-a698-e49aba9fb1a2,cff3b7bb-9498-49f6-a606-958d10e0d36d,1627403808849,13.3857797,52.4529147,6.554877,0.06253266,-3.8763256,3.0993872,on bike mount,cyclo cross,False,mixed,mixed
159ca764-8e69-45a9-9fa3-39079fb69985,fb1c8721-a6fd-4c7f-a698-e49aba9fb1a2,ed82cebc-4454-4ea0-ae6c-3a5737f144ca,1627403808899,13.3857797,52.4529147,6.554877,-0.13997197,-1.0122396,0.7137623,on bike mount,cyclo cross,False,mixed,mixed
159ca764-8e69-45a9-9fa3-39079fb69985,fb1c8721-a6fd-4c7f-a698-e49aba9fb1a2,dd8ba77c-5ab0-4493-852f-164b4fde56f7,1627403808950,13.3857797,52.4529147,6.554877,1.091851,0.9592595,-0.16906548,on bike mount,cyclo cross,False,mixed,mixed
159ca764-8e69-45a9-9fa3-39079fb69985,fb1c8721-a6fd-4c7f-a698-e49aba9fb1a2,65c76d42-8e5e-4d78-a289-d9bd4d7c8946,1627403809000,13.3857797,52.4529147,6.554877,1.009605,-0.94530094,0.80539703,on bike mount,cyclo cross,False,mixed,mixed
159ca764-8e69-45a9-9fa3-39079fb69985,fb1c8721-a6fd-4c7f-a698-e49aba9fb1a2,d7dee3d6-7fc6-4420-83aa-cea90fbd143d,1627403809079,13.3857797,52.4529147,6.554877,0.539271,-1.0195239,1.8170786,on bike mount,cyclo cross,False,mixed,mixed
159ca764-8e69-45a9-9fa3-39079fb69985,fb1c8721-a6fd-4c7f-a698-e49aba9fb1a2,f14bdb7a-f8ee-4af9-8aef-13a91bf50bab,1627403809129,13.3856849,52.4529086,6.550759,0.04787314,0.43826652,0.9739237,on bike mount,cyclo cross,False,mixed,mixed
159ca764-8e69-45a9-9fa3-39079fb69985,fb1c8721-a6fd-4c7f-a698-e49aba9fb1a2,b4b6bd1e-fbba-4da9-bca2-cd0727083814,1627403809179,13.3856849,52.4529086,6.550759,-0.13196164,-0.16049886,-0.89523315,on bike mount,cyclo cross,False,mixed,mixed
159ca764-8e69-45a9-9fa3-39079fb69985,fb1c8721-a6fd-4c7f-a698-e49aba9fb1a2,dfb1f9b4-3f69-442f-8bd0-92815f80b7fd,1627403809240,13.3856849,52.4529086,6.550759,-0.22231877,-1.0384234,-0.65913963,on bike mount,cyclo cross,False,mixed,mixed
159ca764-8e69-45a9-9fa3-39079fb69985,fb1c8721-a6fd-4c7f-a698-e49aba9fb1a2,c924efb1-deaf-4bbc-bdba-f62ba486849d,1627403809290,13.3856849,52.4529086,6.550759,-0.8575511,-0.9286511,-0.45959282,on bike mount,cyclo cross,False,mixed,mixed
159ca764-8e69-45a9-9fa3-39079fb69985,fb1c8721-a6fd-4c7f-a698-e49aba9fb1a2,35322486-064d-4190-b296-9ddbe1ea9d15,1627403809340,13.3856849,52.4529086,6.550759,-0.60615563,-0.90067744,-1.6308203,on bike mount,cyclo cross,False,mixed,mixed
159ca764-8e69-45a9-9fa3-39079fb69985,fb1c8721-a6fd-4c7f-a698-e49aba9fb1a2,f3af0161-486e-4ffb-a15a-f30b01d45bb4,1627403809390,13.3856849,52.4529086,6.550759,0.33468664,0.8250582,2.0788097,on bike mount,cyclo cross,False,mixed,mixed
159ca764-8e69-45a9-9fa3-39079fb69985,fb1c8721-a6fd-4c7f-a698-e49aba9fb1a2,b3ee2038-df1a-4e53-a875-017f1a10c115,1627403809455,13.3856849,52.4529086,6.550759,0.26183194,-1.404552,1.3363476,on bike mount,cyclo cross,False,mixed,mixed
159ca764-8e69-45a9-9fa3-39079fb69985,fb1c8721-a6fd-4c7f-a698-e49aba9fb1a2,80721546-8090-432c-9a35-fe1a84cfcef0,1627403809505,13.3856849,52.4529086,6.550759,0.050475314,-0.44263434,-0.9325075,on bike mount,cyclo cross,False,mixed,mixed
159ca764-8e69-45a9-9fa3-39079fb69985,fb1c8721-a6fd-4c7f-a698-e49aba9fb1a2,9f42f54e-f5cd-41b3-94b0-dec3ea668d9f,1627403809555,13.3856849,52.4529086,6.550759,-0.7290882,0.47360468,0.0984745,on bike mount,cyclo cross,False,mixed,mixed
159ca764-8e69-45a9-9fa3-39079fb69985,fb1c8721-a6fd-4c7f-a698-e49aba9fb1a2,ac1e6ec7-c39a-49c3-907b-15f041d0f178,1627403809605,13.3856849,52.4529086,6.550759,0.14334433,-0.69644547,-1.0069761,on bike mount,cyclo cross,False,mixed,mixed
159ca764-8e69-45a9-9fa3-39079fb69985,fb1c8721-a6fd-4c7f-a698-e49aba9fb1a2,45dd8666-6098-4224-98b0-1bd5dabd7cc4,1627403809672,13.3856849,52.4529086,6.550759,-0.38297206,2.0507205,-1.5662313,on bike mount,cyclo cross,False,mixed,mixed
159ca764-8e69-45a9-9fa3-39079fb69985,fb1c8721-a6fd-4c7f-a698-e49aba9fb1a2,eb44978e-4e7f-41b6-8adc-88af27826468,1627403809722,13.3856849,52.4529086,6.550759,-1.3972192,-0.44384456,1.5532017,on bike mount,cyclo cross,False,mixed,mixed
159ca764-8e69-45a9-9fa3-39079fb69985,fb1c8721-a6fd-4c7f-a698-e49aba9fb1a2,b6244d7f-5f90-42cf-868d-30418a7bbc84,1627403809772,13.3856849,52.4529086,6.550759,-0.6387415,-0.0755955,0.90795803,on bike mount,cyclo cross,False,mixed,mixed
159ca764-8e69-45a9-9fa3-39079fb69985,fb1c8721-a6fd-4c7f-a698-e49aba9fb1a2,8a82b747-7ba1-43ad-a9b1-0556787a4bba,1627403809822,13.3856849,52.4529086,6.550759,-0.58991265,-0.86469007,0.14600182,on bike mount,cyclo cross,False,mixed,mixed
159ca764-8e69-45a9-9fa3-39079fb69985,fb1c8721-a6fd-4c7f-a698-e49aba9fb1a2,2b2798ff-69dc-43e0-ba2c-abe4b2373cf2,1627403809873,13.3856849,52.4529086,6.550759,-1.230737,-0.7207401,-0.01422596,on bike mount,cyclo cross,False,mixed,mixed
159ca764-8e69-45a9-9fa3-39079fb69985,fb1c8721-a6fd-4c7f-a698-e49aba9fb1a2,686b6976-c733-4990-8ec7-4a3549470e2a,1627403809923,13.3856849,52.4529086,6.550759,-1.4111546,-0.05305624,1.5923319,on bike mount,cyclo cross,False,mixed,mixed
159ca764-8e69-45a9-9fa3-39079fb69985,fb1c8721-a6fd-4c7f-a698-e49aba9fb1a2,42317a79-32d2-4f1d-becc-0ef65ab8380f,1627403809973,13.3856849,52.4529086,6.550759,-1.2898531,-1.7000399,0.6876917,on bike mount,cyclo cross,False,mixed,mixed
159ca764-8e69-45a9-9fa3-39079fb69985,fb1c8721-a6fd-4c7f-a698-e49aba9fb1a2,8e64483e-7275-480d-9d41-a0c9eac0641d,1627403810023,13.3856849,52.4529086,6.550759,-1.4762976,-0.74107754,-0.5272579,on bike mount,cyclo cross,False,mixed,mixed
159ca764-8e69-45a9-9fa3-39079fb69985,fb1c8721-a6fd-4c7f-a698-e49aba9fb1a2,ccb45153-4441-4472-b364-8e4ec8bcb857,1627403810089,13.3856849,52.4529086,6.550759,-1.262667,0.38665295,0.19935417,on bike mount,cyclo cross,False,mixed,mixed
159ca764-8e69-45a9-9fa3-39079fb69985,fb1c8721-a6fd-4c7f-a698-e49aba9fb1a2,76ff02c1-2475-448a-a2d7-51965f55cb6c,1627403810139,13.3855964,52.4529114,6.522799,-0.9922538,0.4576137,-0.32296276,on bike mount,cyclo cross,False,mixed,mixed
159ca764-8e69-45a9-9fa3-39079fb69985,fb1c8721-a6fd-4c7f-a698-e49aba9fb1a2,26baadbb-a86c-4cce-8d6b-279e1ec5df1a,1627403810189,13.3855964,52.4529114,6.522799,-1.0412241,-1.3981411,1.600687,on bike mount,cyclo cross,False,mixed,mixed
159ca764-8e69-45a9-9fa3-39079fb69985,fb1c8721-a6fd-4c7f-a698-e49aba9fb1a2,9aa0b606-eac7-4d58-ba92-c7d92ccbc4d9,1627403810238,13.3855964,52.4529114,6.522799,-0.45867515,-0.118560314,0.14881992,on bike mount,cyclo cross,False,mixed,mixed
159ca764-8e69-45a9-9fa3-39079fb69985,fb1c8721-a6fd-4c7f-a698-e49aba9fb1a2,528e5927-4b1d-4204-be86-4a1c12860529,1627403810288,13.3855964,52.4529114,6.522799,-0.33642703,0.25033665,-0.6554699,on bike mount,cyclo cross,False,mixed,mixed
159ca764-8e69-45a9-9fa3-39079fb69985,fb1c8721-a6fd-4c7f-a698-e49aba9fb1a2,9d154514-c040-40a2-9ddb-f3329bba192e,1627403810338,13.3855964,52.4529114,6.522799,-0.23850858,0.43274188,-0.4009323,on bike mount,cyclo cross,False,mixed,mixed
159ca764-8e69-45a9-9fa3-39079fb69985,fb1c8721-a6fd-4c7f-a698-e49aba9fb1a2,13b9e3c3-573e-4feb-8f5c-79e461c661ad,1627403810388,13.3855964,52.4529114,6.522799,-0.18357831,0.4613986,0.12763214,on bike mount,cyclo cross,False,mixed,mixed
159ca764-8e69-45a9-9fa3-39079fb69985,fb1c8721-a6fd-4c7f-a698-e49aba9fb1a2,c995394b-d8a9-4bdc-97d2-f89f26b01906,1627403810438,13.3855964,52.4529114,6.522799,0.495762,1.4438188,-0.015953064,on bike mount,cyclo cross,False,mixed,mixed
159ca764-8e69-45a9-9fa3-39079fb69985,fb1c8721-a6fd-4c7f-a698-e49aba9fb1a2,c4685b10-f1db-4154-a551-a26a1c3ea828,1627403810504,13.3855964,52.4529114,6.522799,-1.0434251,0.4839611,-0.21935463,on bike mount,cyclo cross,False,mixed,mixed
159ca764-8e69-45a9-9fa3-39079fb69985,fb1c8721-a6fd-4c7f-a698-e49aba9fb1a2,83ac75a1-fc18-4866-8dfe-9b5e68b36c2b,1627403810553,13.3855964,52.4529114,6.522799,-0.003498435,0.20585418,-1.4939561,on bike mount,cyclo cross,False,mixed,mixed
159ca764-8e69-45a9-9fa3-39079fb69985,fb1c8721-a6fd-4c7f-a698-e49aba9fb1a2,96a3ee98-7baa-4e25-85e9-1422cac7e3c5,1627403810603,13.3855964,52.4529114,6.522799,-0.8028921,1.8645623,-4.3072233,on bike mount,cyclo cross,False,mixed,mixed
159ca764-8e69-45a9-9fa3-39079fb69985,fb1c8721-a6fd-4c7f-a698-e49aba9fb1a2,74229757-7851-45a5-967d-1ce547fd72ca,1627403810654,13.3855964,52.4529114,6.522799,-0.31860018,-2.360003,1.004178,on bike mount,cyclo cross,False,mixed,mixed
159ca764-8e69-45a9-9fa3-39079fb69985,fb1c8721-a6fd-4c7f-a698-e49aba9fb1a2,85120806-3003-4fc1-9000-54e88ebd07b4,1627403810704,13.3855964,52.4529114,6.522799,-0.3964439,-3.0521212,-1.6631227,on bike mount,cyclo cross,False,mixed,mixed
159ca764-8e69-45a9-9fa3-39079fb69985,fb1c8721-a6fd-4c7f-a698-e49aba9fb1a2,54bc5b16-26c7-45c6-b496-e6b9bc362c70,1627403810753,13.3855964,52.4529114,6.522799,-1.3983989,2.092277,-0.82666206,on bike mount,cyclo cross,False,mixed,mixed
159ca764-8e69-45a9-9fa3-39079fb69985,fb1c8721-a6fd-4c7f-a698-e49aba9fb1a2,a093e3c2-f9af-457e-a8de-9c64efaf4029,1627403810803,13.3855964,52.4529114,6.522799,-0.5477756,2.3880658,-0.7741866,on bike mount,cyclo cross,False,mixed,mixed
159ca764-8e69-45a9-9fa3-39079fb69985,fb1c8721-a6fd-4c7f-a698-e49aba9fb1a2,e7b89ac2-ffe0-448b-b380-c2930837de73,1627403810854,13.3855964,52.4529114,6.522799,0.5154846,1.9628816,-0.81135845,on bike mount,cyclo cross,False,mixed,mixed
159ca764-8e69-45a9-9fa3-39079fb69985,fb1c8721-a6fd-4c7f-a698-e49aba9fb1a2,73db27ad-2b72-4b1a-9b11-c185da8944f8,1627403810921,13.3855964,52.4529114,6.522799,0.41220212,1.4343419,-2.6789455,on bike mount,cyclo cross,False,mixed,mixed
159ca764-8e69-45a9-9fa3-39079fb69985,fb1c8721-a6fd-4c7f-a698-e49aba9fb1a2,4c235313-2ce9-4e13-9455-9ffd964e168d,1627403810971,13.3855964,52.4529114,6.522799,0.7404665,-1.413937,0.5261059,on bike mount,cyclo cross,False,mixed,mixed
159ca764-8e69-45a9-9fa3-39079fb69985,fb1c8721-a6fd-4c7f-a698-e49aba9fb1a2,08a82463-22c1-413a-ad46-9eeb73b6fc4a,1627403811021,13.3855964,52.4529114,6.522799,0.81812537,-1.2543694,-0.9162502,on bike mount,cyclo cross,False,mixed,mixed
159ca764-8e69-45a9-9fa3-39079fb69985,fb1c8721-a6fd-4c7f-a698-e49aba9fb1a2,0fbdeee7-01a4-4059-afd7-cbb5c7a7f880,1627403811072,13.3855964,52.4529114,6.522799,-0.48369202,1.9082236,-1.8236499,on bike mount,cyclo cross,False,mixed,mixed
159ca764-8e69-45a9-9fa3-39079fb69985,fb1c8721-a6fd-4c7f-a698-e49aba9fb1a2,5f106d50-0e84-4093-9dce-c977a9bcf4e1,1627403811142,13.3855095,52.452911,6.2823215,0.24025427,-1.14501,1.4080658,on bike mount,cyclo cross,False,mixed,mixed
159ca764-8e69-45a9-9fa3-39079fb69985,fb1c8721-a6fd-4c7f-a698-e49aba9fb1a2,35129bc5-6c15-4a87-84d7-439416e2474e,1627403811191,13.3855095,52.452911,6.2823215,0.34216163,-0.30202842,-0.8975401,on bike mount,cyclo cross,False,mixed,mixed
159ca764-8e69-45a9-9fa3-39079fb69985,fb1c8721-a6fd-4c7f-a698-e49aba9fb1a2,9d8d126b-b083-46e3-8504-2fd90c9b8ad2,1627403811241,13.3855095,52.452911,6.2823215,-0.89845216,-2.4621713,1.1741552,on bike mount,cyclo cross,False,mixed,mixed
159ca764-8e69-45a9-9fa3-39079fb69985,fb1c8721-a6fd-4c7f-a698-e49aba9fb1a2,013c3f1c-b7d8-43fc-ae35-7ea239c03a4f,1627403811291,13.3855095,52.452911,6.2823215,-0.5939367,3.3281562,0.7729597,on bike mount,cyclo cross,False,mixed,mixed
159ca764-8e69-45a9-9fa3-39079fb69985,fb1c8721-a6fd-4c7f-a698-e49aba9fb1a2,396173ab-91c5-4f92-b5f7-88c8dc805647,1627403811341,13.3855095,52.452911,6.2823215,0.25528058,3.1525948,-7.8490114,on bike mount,cyclo cross,False,mixed,mixed
159ca764-8e69-45a9-9fa3-39079fb69985,fb1c8721-a6fd-4c7f-a698-e49aba9fb1a2,801482be-9243-4f8b-8f56-9fd4d6705582,1627403811391,13.3855095,52.452911,6.2823215,1.4563454,-3.1243622,-0.1254301,on bike mount,cyclo cross,False,mixed,mixed
159ca764-8e69-45a9-9fa3-39079fb69985,fb1c8721-a6fd-4c7f-a698-e49aba9fb1a2,e3a3f4f8-b4b0-4408-b3e9-d0609f4419b6,1627403811441,13.3855095,52.452911,6.2823215,0.93162286,-7.98921,5.8303614,on bike mount,cyclo cross,False,mixed,mixed
159ca764-8e69-45a9-9fa3-39079fb69985,fb1c8721-a6fd-4c7f-a698-e49aba9fb1a2,5ec60e8c-8550-4de0-83ff-c890399c40d7,1627403811491,13.3855095,52.452911,6.2823215,-0.25945097,1.959935,-7.012291,on bike mount,cyclo cross,False,mixed,mixed
159ca764-8e69-45a9-9fa3-39079fb69985,fb1c8721-a6fd-4c7f-a698-e49aba9fb1a2,74fe0681-6196-4521-b179-750f7f8f6721,1627403811554,13.3855095,52.452911,6.2823215,0.69245255,3.2100372,2.9513206,on bike mount,cyclo cross,False,mixed,mixed
159ca764-8e69-45a9-9fa3-39079fb69985,fb1c8721-a6fd-4c7f-a698-e49aba9fb1a2,d3e5a8ce-4513-4389-b2dc-9a99649b0505,1627403811604,13.3855095,52.452911,6.2823215,0.703809,-7.8365183,9.993967,on bike mount,cyclo cross,False,mixed,mixed
159ca764-8e69-45a9-9fa3-39079fb69985,fb1c8721-a6fd-4c7f-a698-e49aba9fb1a2,2909175c-ffdd-4d69-997b-d5f416de737e,1627403811654,13.3855095,52.452911,6.2823215,-1.6942441,1.402466,-0.54238653,on bike mount,cyclo cross,False,mixed,mixed
159ca764-8e69-45a9-9fa3-39079fb69985,fb1c8721-a6fd-4c7f-a698-e49aba9fb1a2,cd2f12c5-5341-4090-9da7-4ee38edd1217,1627403811705,13.3855095,52.452911,6.2823215,0.97417724,7.3796964,-3.1043873,on bike mount,cyclo cross,False,mixed,mixed
159ca764-8e69-45a9-9fa3-39079fb69985,fb1c8721-a6fd-4c7f-a698-e49aba9fb1a2,842036e8-10d0-4571-90f1-c9529933f90d,1627403811755,13.3855095,52.452911,6.2823215,-0.37806818,0.5025575,1.479558,on bike mount,cyclo cross,False,mixed,mixed
159ca764-8e69-45a9-9fa3-39079fb69985,fb1c8721-a6fd-4c7f-a698-e49aba9fb1a2,431b1918-b0d9-4a9f-a8ca-80e63f71ac01,1627403811806,13.3855095,52.452911,6.2823215,-1.0669652,-3.682407,3.5470095,on bike mount,cyclo cross,False,mixed,mixed
159ca764-8e69-45a9-9fa3-39079fb69985,fb1c8721-a6fd-4c7f-a698-e49aba9fb1a2,5a398671-e6b5-41a8-9b9a-97d413f34ffe,1627403811856,13.3855095,52.452911,6.2823215,-0.6452669,1.9813166,-2.0140471,on bike mount,cyclo cross,False,mixed,mixed
159ca764-8e69-45a9-9fa3-39079fb69985,fb1c8721-a6fd-4c7f-a698-e49aba9fb1a2,cfe86361-71d7-4069-88ef-0b169b244a1d,1627403811907,13.3855095,52.452911,6.2823215,-1.0869467,-2.3212576,2.7561445,on bike mount,cyclo cross,False,mixed,mixed
159ca764-8e69-45a9-9fa3-39079fb69985,fb1c8721-a6fd-4c7f-a698-e49aba9fb1a2,7816d879-16fd-492c-894a-4bd73314a29a,1627403811971,13.3855095,52.452911,6.2823215,-0.06470697,-0.2743342,-1.1336169,on bike mount,cyclo cross,False,mixed,mixed
159ca764-8e69-45a9-9fa3-39079fb69985,fb1c8721-a6fd-4c7f-a698-e49aba9fb1a2,c8ed3fab-4155-4095-9e90-224ea29fdd8c,1627403812021,13.3855095,52.452911,6.2823215,-0.08319934,-1.6820333,2.2431402,on bike mount,cyclo cross,False,mixed,mixed
159ca764-8e69-45a9-9fa3-39079fb69985,fb1c8721-a6fd-4c7f-a698-e49aba9fb1a2,219c3753-3385-4b55-8180-52e223b7f611,1627403812071,13.3855095,52.452911,6.2823215,-1.2803692,-1.3650476,-0.5959034,on bike mount,cyclo cross,False,mixed,mixed
159ca764-8e69-45a9-9fa3-39079fb69985,fb1c8721-a6fd-4c7f-a698-e49aba9fb1a2,491f1743-edd9-4c4e-a633-05c2e1bebd40,1627403812121,13.3854232,52.45291,6.2386684,-0.32225525,0.96128345,-2.8059707,on bike mount,cyclo cross,False,mixed,mixed
159ca764-8e69-45a9-9fa3-39079fb69985,fb1c8721-a6fd-4c7f-a698-e49aba9fb1a2,23e52261-0a96-49c2-b3e2-4f8de84f8093,1627403812172,13.3854232,52.45291,6.2386684,0.06425744,3.3899088,-2.84944,on bike mount,cyclo cross,False,mixed,mixed
159ca764-8e69-45a9-9fa3-39079fb69985,fb1c8721-a6fd-4c7f-a698-e49aba9fb1a2,12f700e6-6cd0-46f9-a005-7d3667618a1e,1627403812223,13.3854232,52.45291,6.2386684,-0.24858573,1.8965774,-2.87431,on bike mount,cyclo cross,False,mixed,mixed
159ca764-8e69-45a9-9fa3-39079fb69985,fb1c8721-a6fd-4c7f-a698-e49aba9fb1a2,8b46d247-db23-4bb8-a3c9-d81e65eedc38,1627403812273,13.3854232,52.45291,6.2386684,-0.27865085,-1.0966963,-0.15233803,on bike mount,cyclo cross,False,mixed,mixed
159ca764-8e69-45a9-9fa3-39079fb69985,fb1c8721-a6fd-4c7f-a698-e49aba9fb1a2,49b1ad83-5cb2-4e60-8b8d-6ad358adba64,1627403812322,13.3854232,52.45291,6.2386684,0.5732411,-0.46032453,-1.0248375,on bike mount,cyclo cross,False,mixed,mixed
159ca764-8e69-45a9-9fa3-39079fb69985,fb1c8721-a6fd-4c7f-a698-e49aba9fb1a2,c93c2ff8-14c7-499c-abd5-67adeaa3f106,1627403812387,13.3854232,52.45291,6.2386684,0.15147525,3.8065834,-1.9428163,on bike mount,cyclo cross,False,mixed,mixed
159ca764-8e69-45a9-9fa3-39079fb69985,fb1c8721-a6fd-4c7f-a698-e49aba9fb1a2,13126172-cfb9-484c-8466-e5a9e215c4ba,1627403812437,13.3854232,52.45291,6.2386684,0.6466,1.9129434,-3.3774395,on bike mount,cyclo cross,False,mixed,mixed
159ca764-8e69-45a9-9fa3-39079fb69985,fb1c8721-a6fd-4c7f-a698-e49aba9fb1a2,9e704c4a-396d-4730-ad70-ce9808246ff3,1627403812487,13.3854232,52.45291,6.2386684,1.0227782,1.333574,-1.6583219,on bike mount,cyclo cross,False,mixed,mixed
159ca764-8e69-45a9-9fa3-39079fb69985,fb1c8721-a6fd-4c7f-a698-e49aba9fb1a2,d24e095c-3be5-4860-bedf-6fac6dc1c38e,1627403812537,13.3854232,52.45291,6.2386684,0.058296144,-0.42237806,2.2123957,on bike mount,cyclo cross,False,mixed,mixed
159ca764-8e69-45a9-9fa3-39079fb69985,fb1c8721-a6fd-4c7f-a698-e49aba9fb1a2,a84fc3f3-3924-4839-b816-8684902ece21,1627403812603,13.3854232,52.45291,6.2386684,0.9159631,3.0190148,-3.334683,on bike mount,cyclo cross,False,mixed,mixed
159ca764-8e69-45a9-9fa3-39079fb69985,fb1c8721-a6fd-4c7f-a698-e49aba9fb1a2,ef8517ee-8dd8-4a7f-9ce1-7ce02be63697,1627403812653,13.3854232,52.45291,6.2386684,0.76732445,1.0964291,0.6316414,on bike mount,cyclo cross,False,mixed,mixed
159ca764-8e69-45a9-9fa3-39079fb69985,fb1c8721-a6fd-4c7f-a698-e49aba9fb1a2,48e9393d-03c0-42b1-b487-83e577758ed3,1627403812703,13.3854232,52.45291,6.2386684,-0.50530183,-3.3250513,1.1401329,on bike mount,cyclo cross,False,mixed,mixed
159ca764-8e69-45a9-9fa3-39079fb69985,fb1c8721-a6fd-4c7f-a698-e49aba9fb1a2,010ec82c-28a2-449c-a690-1b3dd20f7917,1627403812753,13.3854232,52.45291,6.2386684,0.5341902,-0.943764,1.3986082,on bike mount,cyclo cross,False,mixed,mixed
159ca764-8e69-45a9-9fa3-39079fb69985,fb1c8721-a6fd-4c7f-a698-e49aba9fb1a2,4ffa7f75-d173-4cb0-ba18-f0ae7437e917,1627403812820,13.3854232,52.45291,6.2386684,-0.12842703,1.5947111,-0.7524853,on bike mount,cyclo cross,False,mixed,mixed
159ca764-8e69-45a9-9fa3-39079fb69985,fb1c8721-a6fd-4c7f-a698-e49aba9fb1a2,2d3fac0a-08d9-4d4b-a930-3835131160d7,1627403812871,13.3854232,52.45291,6.2386684,-0.5393698,1.4285917,-1.3990688,on bike mount,cyclo cross,False,mixed,mixed
159ca764-8e69-45a9-9fa3-39079fb69985,fb1c8721-a6fd-4c7f-a698-e49aba9fb1a2,e0dfba20-820d-40ec-83e6-e66fc388aaf7,1627403812921,13.3854232,52.45291,6.2386684,0.19723678,-2.4622898,1.1622524,on bike mount,cyclo cross,False,mixed,mixed
159ca764-8e69-45a9-9fa3-39079fb69985,fb1c8721-a6fd-4c7f-a698-e49aba9fb1a2,21f8973d-f1cd-4e38-8cda-a17e64dab356,1627403812971,13.3854232,52.45291,6.2386684,-0.24613386,0.2207067,0.7488775,on bike mount,cyclo cross,False,mixed,mixed
159ca764-8e69-45a9-9fa3-39079fb69985,fb1c8721-a6fd-4c7f-a698-e49aba9fb1a2,f4ac56e0-afb8-4499-87f8-c7a37b99380b,1627403813021,13.3854232,52.45291,6.2386684,-0.28258312,0.9372618,0.7841053,on bike mount,cyclo cross,False,mixed,mixed
159ca764-8e69-45a9-9fa3-39079fb69985,fb1c8721-a6fd-4c7f-a698-e49aba9fb1a2,fbbd7a88-38ca-4689-a719-f29ce2400a18,1627403813071,13.3854232,52.45291,6.2386684,0.49118426,-2.4419465,1.3197489,on bike mount,cyclo cross,False,mixed,mixed
159ca764-8e69-45a9-9fa3-39079fb69985,fb1c8721-a6fd-4c7f-a698-e49aba9fb1a2,5776998c-dd93-4ee9-a67f-660508ccc78c,1627403813121,13.3853393,52.4529049,6.1865563,0.93955886,-0.81655514,-0.09815121,on bike mount,cyclo cross,False,mixed,mixed
159ca764-8e69-45a9-9fa3-39079fb69985,fb1c8721-a6fd-4c7f-a698-e49aba9fb1a2,6d0c0d04-71a9-4f47-9739-2000e38488f7,1627403813171,13.3853393,52.4529049,6.1865563,-0.48185015,0.57223415,0.6705713,on bike mount,cyclo cross,False,mixed,mixed
159ca764-8e69-45a9-9fa3-39079fb69985,fb1c8721-a6fd-4c7f-a698-e49aba9fb1a2,9bf606d8-e5ae-4e85-be31-a52a226fba91,1627403813238,13.3853393,52.4529049,6.1865563,-0.6644537,2.5597572,-1.3450527,on bike mount,cyclo cross,False,mixed,mixed
159ca764-8e69-45a9-9fa3-39079fb69985,fb1c8721-a6fd-4c7f-a698-e49aba9fb1a2,134bc671-5471-4c90-bc61-5bdd6b1a3bcf,1627403813288,13.3853393,52.4529049,6.1865563,-0.68109125,0.9138477,1.0755415,on bike mount,cyclo cross,False,mixed,mixed
159ca764-8e69-45a9-9fa3-39079fb69985,fb1c8721-a6fd-4c7f-a698-e49aba9fb1a2,58057b10-2a08-48c1-8de9-d5ad9d762a65,1627403813337,13.3853393,52.4529049,6.1865563,-0.7399522,-0.2371409,1.1384554,on bike mount,cyclo cross,False,mixed,mixed
159ca764-8e69-45a9-9fa3-39079fb69985,fb1c8721-a6fd-4c7f-a698-e49aba9fb1a2,8635a2a3-4c25-48ef-8f91-76dc4fd2412d,1627403813386,13.3853393,52.4529049,6.1865563,-0.020771809,1.6088042,-0.11982918,on bike mount,cyclo cross,False,mixed,mixed
159ca764-8e69-45a9-9fa3-39079fb69985,fb1c8721-a6fd-4c7f-a698-e49aba9fb1a2,d515c920-eae9-4132-848b-dd73cf615a01,1627403813444,13.3853393,52.4529049,6.1865563,0.2779441,-1.4360412,0.21590233,on bike mount,cyclo cross,False,mixed,mixed
159ca764-8e69-45a9-9fa3-39079fb69985,fb1c8721-a6fd-4c7f-a698-e49aba9fb1a2,2d8d7bd1-dee5-4e7c-95d7-9fa03bbb37aa,1627403813494,13.3853393,52.4529049,6.1865563,0.01727672,1.0801339,0.4137478,on bike mount,cyclo cross,False,mixed,mixed
159ca764-8e69-45a9-9fa3-39079fb69985,fb1c8721-a6fd-4c7f-a698-e49aba9fb1a2,338ff87d-0ad7-4e47-8f86-c3f65f086330,1627403813544,13.3853393,52.4529049,6.1865563,0.25275674,-0.82273185,0.58232784,on bike mount,cyclo cross,False,mixed,mixed
159ca764-8e69-45a9-9fa3-39079fb69985,fb1c8721-a6fd-4c7f-a698-e49aba9fb1a2,394cbc56-fd68-45ac-b643-5de9d0b10218,1627403813594,13.3853393,52.4529049,6.1865563,0.038310006,0.28185344,-0.21934032,on bike mount,cyclo cross,False,mixed,mixed
159ca764-8e69-45a9-9fa3-39079fb69985,fb1c8721-a6fd-4c7f-a698-e49aba9fb1a2,9ee5f23f-f423-44ac-8b00-702735e665e2,1627403813654,13.3853393,52.4529049,6.1865563,-0.027664542,-0.05795026,0.32385254,on bike mount,cyclo cross,False,mixed,mixed
159ca764-8e69-45a9-9fa3-39079fb69985,fb1c8721-a6fd-4c7f-a698-e49aba9fb1a2,836942ad-7a78-49b7-9345-7349edcd4ca5,1627403813704,13.3853393,52.4529049,6.1865563,0.08984568,0.99700403,-0.46276093,on bike mount,cyclo cross,False,mixed,mixed
159ca764-8e69-45a9-9fa3-39079fb69985,fb1c8721-a6fd-4c7f-a698-e49aba9fb1a2,937e090a-3985-42f8-bb63-fd575de5d8fb,1627403813755,13.3853393,52.4529049,6.1865563,0.63012266,0.071143866,-1.7845697,on bike mount,cyclo cross,False,mixed,mixed
159ca764-8e69-45a9-9fa3-39079fb69985,fb1c8721-a6fd-4c7f-a698-e49aba9fb1a2,ceda2112-25f9-4001-b722-a283640ea407,1627403813806,13.3853393,52.4529049,6.1865563,-0.6271291,0.0067489147,-0.088905334,on bike mount,cyclo cross,False,mixed,mixed
159ca764-8e69-45a9-9fa3-39079fb69985,fb1c8721-a6fd-4c7f-a698-e49aba9fb1a2,109a9381-4c92-4a1b-b686-7262dc5f77bf,1627403813856,13.3853393,52.4529049,6.1865563,0.039704725,-0.5695188,0.7315531,on bike mount,cyclo cross,False,mixed,mixed
159ca764-8e69-45a9-9fa3-39079fb69985,fb1c8721-a6fd-4c7f-a698-e49aba9fb1a2,ae86b8c7-4a97-4b03-ba97-1655a01d043e,1627403813906,13.3853393,52.4529049,6.1865563,0.47611946,-1.5558913,0.2761221,on bike mount,cyclo cross,False,mixed,mixed
159ca764-8e69-45a9-9fa3-39079fb69985,fb1c8721-a6fd-4c7f-a698-e49aba9fb1a2,72b5fd54-ac97-4ce7-b60f-321785ea8840,1627403813956,13.3853393,52.4529049,6.1865563,-0.14168215,0.079450846,0.35731983,on bike mount,cyclo cross,False,mixed,mixed
159ca764-8e69-45a9-9fa3-39079fb69985,fb1c8721-a6fd-4c7f-a698-e49aba9fb1a2,c4757eb7-1c3b-4528-8a5d-be35d3a68b20,1627403814007,13.3853393,52.4529049,6.1865563,0.14665622,-3.1523266,1.7884703,on bike mount,cyclo cross,False,mixed,mixed
159ca764-8e69-45a9-9fa3-39079fb69985,fb1c8721-a6fd-4c7f-a698-e49aba9fb1a2,af622819-bcca-4b30-938c-70da707dbfbc,1627403814071,13.3853393,52.4529049,6.1865563,0.32107088,3.8492765,-6.220597,on bike mount,cyclo cross,False,mixed,mixed
159ca764-8e69-45a9-9fa3-39079fb69985,fb1c8721-a6fd-4c7f-a698-e49aba9fb1a2,3c19e9b0-866e-4fb0-b2cb-b743f91b14b6,1627403814122,13.3852677,52.4529028,5.9063225,0.88014907,-0.8415513,0.335392,on bike mount,cyclo cross,False,mixed,mixed
159ca764-8e69-45a9-9fa3-39079fb69985,fb1c8721-a6fd-4c7f-a698-e49aba9fb1a2,541750e6-1f2e-4185-991c-6bd71c0ee3a8,1627403814172,13.3852677,52.4529028,5.9063225,0.62727547,-2.4850178,-0.22037697,on bike mount,cyclo cross,False,mixed,mixed
159ca764-8e69-45a9-9fa3-39079fb69985,fb1c8721-a6fd-4c7f-a698-e49aba9fb1a2,66c750fd-6b72-4a3a-aa07-266e44c8c929,1627403814222,13.3852677,52.4529028,5.9063225,1.2700342,2.202662,-1.8681731,on bike mount,cyclo cross,False,mixed,mixed
159ca764-8e69-45a9-9fa3-39079fb69985,fb1c8721-a6fd-4c7f-a698-e49aba9fb1a2,602a075e-db9c-46ed-bbeb-41d20200cc29,1627403814272,13.3852677,52.4529028,5.9063225,0.6598437,-1.6305065,2.8600245,on bike mount,cyclo cross,False,mixed,mixed
159ca764-8e69-45a9-9fa3-39079fb69985,fb1c8721-a6fd-4c7f-a698-e49aba9fb1a2,ec4a386f-b9bb-4f2f-8de1-125430249e37,1627403814322,13.3852677,52.4529028,5.9063225,0.8366959,-2.074412,1.144145,on bike mount,cyclo cross,False,mixed,mixed
159ca764-8e69-45a9-9fa3-39079fb69985,fb1c8721-a6fd-4c7f-a698-e49aba9fb1a2,d93ae1fc-7881-46f5-81b3-85820fc881c7,1627403814373,13.3852677,52.4529028,5.9063225,1.944057,-0.38461876,0.1359415,on bike mount,cyclo cross,False,mixed,mixed
159ca764-8e69-45a9-9fa3-39079fb69985,fb1c8721-a6fd-4c7f-a698-e49aba9fb1a2,4cd8582b-96ad-42bd-aeba-a9e320860305,1627403814423,13.3852677,52.4529028,5.9063225,1.1401093,-0.045899153,0.23283386,on bike mount,cyclo cross,False,mixed,mixed
159ca764-8e69-45a9-9fa3-39079fb69985,fb1c8721-a6fd-4c7f-a698-e49aba9fb1a2,640b7269-ca5c-4fc4-96b2-447caf14c91b,1627403814487,13.3852677,52.4529028,5.9063225,0.2901572,0.17253828,-0.29913998,on bike mount,cyclo cross,False,mixed,mixed
159ca764-8e69-45a9-9fa3-39079fb69985,fb1c8721-a6fd-4c7f-a698-e49aba9fb1a2,25eac338-8478-40d6-9bca-4d575d6fad48,1627403814537,13.3852677,52.4529028,5.9063225,0.3308254,2.0456557,-1.0645008,on bike mount,cyclo cross,False,mixed,mixed
159ca764-8e69-45a9-9fa3-39079fb69985,fb1c8721-a6fd-4c7f-a698-e49aba9fb1a2,763f8563-1e41-441f-989b-68aaa33d1da6,1627403814586,13.3852677,52.4529028,5.9063225,0.4297819,-2.1805656,3.5514975,on bike mount,cyclo cross,False,mixed,mixed
159ca764-8e69-45a9-9fa3-39079fb69985,fb1c8721-a6fd-4c7f-a698-e49aba9fb1a2,bbef6369-bd1a-457d-80c1-039ceb02c7e3,1627403814636,13.3852677,52.4529028,5.9063225,0.22031248,-1.972514,2.3674812,on bike mount,cyclo cross,False,mixed,mixed
159ca764-8e69-45a9-9fa3-39079fb69985,fb1c8721-a6fd-4c7f-a698-e49aba9fb1a2,ebc20c4b-4562-4643-9158-5b2a30e9331c,1627403814687,13.3852677,52.4529028,5.9063225,-0.5475222,0.29585695,0.12121582,on bike mount,cyclo cross,False,mixed,mixed
159ca764-8e69-45a9-9fa3-39079fb69985,fb1c8721-a6fd-4c7f-a698-e49aba9fb1a2,7ab6b0fc-aa68-4c0f-8bc5-b6f5322e9d5b,1627403814737,13.3852677,52.4529028,5.9063225,0.8942158,-0.74753284,-0.4224844,on bike mount,cyclo cross,False,mixed,mixed
159ca764-8e69-45a9-9fa3-39079fb69985,fb1c8721-a6fd-4c7f-a698-e49aba9fb1a2,39100cef-a2ee-42fb-96d6-f5388b92e86d,1627403814786,13.3852677,52.4529028,5.9063225,-0.33109093,2.7450666,-2.4738336,on bike mount,cyclo cross,False,mixed,mixed
159ca764-8e69-45a9-9fa3-39079fb69985,fb1c8721-a6fd-4c7f-a698-e49aba9fb1a2,179f5e09-bd22-44b2-b542-8c3be2e3e479,1627403814836,13.3852677,52.4529028,5.9063225,0.6975781,0.1757288,1.1354408,on bike mount,cyclo cross,False,mixed,mixed
159ca764-8e69-45a9-9fa3-39079fb69985,fb1c8721-a6fd-4c7f-a698-e49aba9fb1a2,976ca1eb-ebf1-40c9-8c2a-73182a2a5a82,1627403814905,13.3852677,52.4529028,5.9063225,0.17626013,0.1498549,0.8277321,on bike mount,cyclo cross,False,mixed,mixed
159ca764-8e69-45a9-9fa3-39079fb69985,fb1c8721-a6fd-4c7f-a698-e49aba9fb1a2,0c538c1a-e6ee-41e6-934d-5617a15192f5,1627403814955,13.3852677,52.4529028,5.9063225,-1.5469065,0.5088744,-1.1043491,on bike mount,cyclo cross,False,mixed,mixed
159ca764-8e69-45a9-9fa3-39079fb69985,fb1c8721-a6fd-4c7f-a698-e49aba9fb1a2,329c845f-ed94-41cf-9de3-7c0a1eb7a812,1627403815005,13.3852677,52.4529028,5.9063225,-1.8416322,-0.20327187,-0.8129072,on bike mount,cyclo cross,False,mixed,mixed
159ca764-8e69-45a9-9fa3-39079fb69985,fb1c8721-a6fd-4c7f-a698-e49aba9fb1a2,06eda9d5-824f-4c41-984d-bd2aae63300b,1627403815054,13.3852677,52.4529028,5.9063225,0.3281295,1.0963643,-0.9231901,on bike mount,cyclo cross,False,mixed,mixed
159ca764-8e69-45a9-9fa3-39079fb69985,fb1c8721-a6fd-4c7f-a698-e49aba9fb1a2,a0086cef-2c2c-4a28-9785-14aada75b55c,1627403815130,13.3851992,52.4529013,5.6062946,-0.14609508,0.991385,-0.5292492,on bike mount,cyclo cross,False,mixed,mixed
159ca764-8e69-45a9-9fa3-39079fb69985,fb1c8721-a6fd-4c7f-a698-e49aba9fb1a2,4b8ad6d8-63e5-4e05-a8c5-e9c6f6f5d217,1627403815180,13.3851992,52.4529013,5.6062946,-0.3907584,1.0743158,-1.514718,on bike mount,cyclo cross,False,mixed,mixed
159ca764-8e69-45a9-9fa3-39079fb69985,fb1c8721-a6fd-4c7f-a698-e49aba9fb1a2,1a1da735-05bf-469d-85ac-f3e844dd4414,1627403815229,13.3851992,52.4529013,5.6062946,-0.74879295,1.9147365,0.24232674,on bike mount,cyclo cross,False,mixed,mixed
159ca764-8e69-45a9-9fa3-39079fb69985,fb1c8721-a6fd-4c7f-a698-e49aba9fb1a2,803fedc4-4397-4af1-950d-5acfdbb71f7b,1627403815279,13.3851992,52.4529013,5.6062946,-0.093262345,0.083118916,-2.4226475,on bike mount,cyclo cross,False,mixed,mixed
159ca764-8e69-45a9-9fa3-39079fb69985,fb1c8721-a6fd-4c7f-a698-e49aba9fb1a2,ecd932d0-69c4-4368-a5b5-ddf10ff253a3,1627403815329,13.3851992,52.4529013,5.6062946,-0.074103445,0.37209392,1.345151,on bike mount,cyclo cross,False,mixed,mixed
159ca764-8e69-45a9-9fa3-39079fb69985,fb1c8721-a6fd-4c7f-a698-e49aba9fb1a2,c064f6a7-14d6-45ad-9526-cc3f6233d287,1627403815379,13.3851992,52.4529013,5.6062946,-0.47789425,-2.3326902,2.5713549,on bike mount,cyclo cross,False,mixed,mixed
159ca764-8e69-45a9-9fa3-39079fb69985,fb1c8721-a6fd-4c7f-a698-e49aba9fb1a2,ae56f799-5eac-45f8-9663-6adbca95de3b,1627403815429,13.3851992,52.4529013,5.6062946,-1.01283,0.5724571,-1.0340624,on bike mount,cyclo cross,False,mixed,mixed
159ca764-8e69-45a9-9fa3-39079fb69985,fb1c8721-a6fd-4c7f-a698-e49aba9fb1a2,56479388-05ac-4592-8c04-a3230a8a5e08,1627403815479,13.3851992,52.4529013,5.6062946,0.63099676,0.43038654,0.5580931,on bike mount,cyclo cross,False,mixed,mixed
159ca764-8e69-45a9-9fa3-39079fb69985,fb1c8721-a6fd-4c7f-a698-e49aba9fb1a2,a850baa2-c50c-4d2c-a0ca-a681a2607603,1627403815540,13.3851992,52.4529013,5.6062946,0.26669103,-1.6672863,1.4997101,on bike mount,cyclo cross,False,mixed,mixed
159ca764-8e69-45a9-9fa3-39079fb69985,fb1c8721-a6fd-4c7f-a698-e49aba9fb1a2,28839e25-c491-4a07-9ce0-b2af79afbd73,1627403815588,13.3851992,52.4529013,5.6062946,0.65326774,0.65016603,-1.8632369,on bike mount,cyclo cross,False,mixed,mixed
159ca764-8e69-45a9-9fa3-39079fb69985,fb1c8721-a6fd-4c7f-a698-e49aba9fb1a2,d2d8d138-1223-47d4-9dde-0b179f1d42c9,1627403815639,13.3851992,52.4529013,5.6062946,-1.624732,-1.0008686,1.792635,on bike mount,cyclo cross,False,mixed,mixed
159ca764-8e69-45a9-9fa3-39079fb69985,fb1c8721-a6fd-4c7f-a698-e49aba9fb1a2,23f777a2-7d8e-4943-bf07-7ad2eb0b6374,1627403815689,13.3851992,52.4529013,5.6062946,-0.8860812,-0.644717,-0.1966381,on bike mount,cyclo cross,False,mixed,mixed
159ca764-8e69-45a9-9fa3-39079fb69985,fb1c8721-a6fd-4c7f-a698-e49aba9fb1a2,249b9272-c1fb-4fb7-86aa-0608dd6e711f,1627403815740,13.3851992,52.4529013,5.6062946,2.6944432,0.50731206,-0.16850662,on bike mount,cyclo cross,False,mixed,mixed
159ca764-8e69-45a9-9fa3-39079fb69985,fb1c8721-a6fd-4c7f-a698-e49aba9fb1a2,691a4335-6456-44e9-a562-6734a5d9ab79,1627403815790,13.3851992,52.4529013,5.6062946,-1.7342812,0.69303966,-0.13520813,on bike mount,cyclo cross,False,mixed,mixed
159ca764-8e69-45a9-9fa3-39079fb69985,fb1c8721-a6fd-4c7f-a698-e49aba9fb1a2,14b6bd81-bdb9-4c26-af63-276daee60343,1627403815841,13.3851992,52.4529013,5.6062946,-1.4033194,0.13424683,-0.009472847,on bike mount,cyclo cross,False,mixed,mixed
159ca764-8e69-45a9-9fa3-39079fb69985,fb1c8721-a6fd-4c7f-a698-e49aba9fb1a2,a2c21c0e-cd26-434e-bbfc-e5d08f31d13c,1627403815891,13.3851992,52.4529013,5.6062946,-0.5173153,0.5228667,-1.0122366,on bike mount,cyclo cross,False,mixed,mixed
159ca764-8e69-45a9-9fa3-39079fb69985,fb1c8721-a6fd-4c7f-a698-e49aba9fb1a2,a13eacd6-0938-4131-8c35-75eafe6bb1ad,1627403815955,13.3851992,52.4529013,5.6062946,-0.29210225,-1.2073765,1.4680653,on bike mount,cyclo cross,False,mixed,mixed
159ca764-8e69-45a9-9fa3-39079fb69985,fb1c8721-a6fd-4c7f-a698-e49aba9fb1a2,adab6071-9c2b-4b9c-8d28-d574f3271bee,1627403816004,13.3851992,52.4529013,5.6062946,0.3905457,-1.1023664,0.88099,on bike mount,cyclo cross,False,mixed,mixed
159ca764-8e69-45a9-9fa3-39079fb69985,fb1c8721-a6fd-4c7f-a698-e49aba9fb1a2,242c63fb-ef71-461c-8f5c-d638f9125b82,1627403816054,13.3851992,52.4529013,5.6062946,0.662609,-0.8706875,-0.1069355,on bike mount,cyclo cross,False,mixed,mixed
159ca764-8e69-45a9-9fa3-39079fb69985,fb1c8721-a6fd-4c7f-a698-e49aba9fb1a2,8b037dea-ad40-4d57-a0e4-c51ccf940291,1627403816104,13.3851317,52.4528958,5.3224425,-0.10964292,-1.5726027,2.2290916,on bike mount,cyclo cross,False,mixed,mixed
159ca764-8e69-45a9-9fa3-39079fb69985,fb1c8721-a6fd-4c7f-a698-e49aba9fb1a2,00a4f452-4225-4b23-835f-7879f6598a12,1627403816173,13.3851317,52.4528958,5.3224425,0.5473847,-0.814317,-1.7923603,on bike mount,cyclo cross,False,mixed,mixed
159ca764-8e69-45a9-9fa3-39079fb69985,fb1c8721-a6fd-4c7f-a698-e49aba9fb1a2,666ebeeb-f36c-4a4b-9b92-05e350dede90,1627403816224,13.3851317,52.4528958,5.3224425,-0.5597679,0.5291047,-1.2864885,on bike mount,cyclo cross,False,mixed,mixed
159ca764-8e69-45a9-9fa3-39079fb69985,fb1c8721-a6fd-4c7f-a698-e49aba9fb1a2,60473244-f9b8-4933-bc04-c4c501b09946,1627403816273,13.3851317,52.4528958,5.3224425,0.071155354,0.43900657,0.21909618,on bike mount,cyclo cross,False,mixed,mixed
159ca764-8e69-45a9-9fa3-39079fb69985,fb1c8721-a6fd-4c7f-a698-e49aba9fb1a2,f0178eeb-1dae-4e90-90a5-b0cefe380391,1627403816324,13.3851317,52.4528958,5.3224425,0.76373106,-2.0435352,1.0534115,on bike mount,cyclo cross,False,mixed,mixed
159ca764-8e69-45a9-9fa3-39079fb69985,fb1c8721-a6fd-4c7f-a698-e49aba9fb1a2,aaab42a7-9a68-4484-b182-e050f4c65a0e,1627403816373,13.3851317,52.4528958,5.3224425,-0.5560348,0.10444164,-0.20274925,on bike mount,cyclo cross,False,mixed,mixed
159ca764-8e69-45a9-9fa3-39079fb69985,fb1c8721-a6fd-4c7f-a698-e49aba9fb1a2,cc048490-3ccd-42d6-82e0-30731d14a9a5,1627403816423,13.3851317,52.4528958,5.3224425,0.2915919,1.5422559,-2.188301,on bike mount,cyclo cross,False,mixed,mixed
159ca764-8e69-45a9-9fa3-39079fb69985,fb1c8721-a6fd-4c7f-a698-e49aba9fb1a2,13a34ac1-4bdb-488d-9f97-b318425ba6dc,1627403816473,13.3851317,52.4528958,5.3224425,0.47581854,-2.3019185,3.5850058,on bike mount,cyclo cross,False,mixed,mixed
159ca764-8e69-45a9-9fa3-39079fb69985,fb1c8721-a6fd-4c7f-a698-e49aba9fb1a2,590343b5-c3e3-4de1-876f-b605abe16562,1627403816524,13.3851317,52.4528958,5.3224425,-1.1066518,-3.8560102,0.7654505,on bike mount,cyclo cross,False,mixed,mixed
159ca764-8e69-45a9-9fa3-39079fb69985,fb1c8721-a6fd-4c7f-a698-e49aba9fb1a2,62dc8669-9314-47c1-8f7a-7d25fa580094,1627403816589,13.3851317,52.4528958,5.3224425,-1.9846725,1.2482085,-2.7325907,on bike mount,cyclo cross,False,mixed,mixed
159ca764-8e69-45a9-9fa3-39079fb69985,fb1c8721-a6fd-4c7f-a698-e49aba9fb1a2,6d6cfacc-bcb8-46c3-9cf0-2eedd0753e35,1627403816639,13.3851317,52.4528958,5.3224425,2.4308908,-2.60539,2.5788774,on bike mount,cyclo cross,False,mixed,mixed
159ca764-8e69-45a9-9fa3-39079fb69985,fb1c8721-a6fd-4c7f-a698-e49aba9fb1a2,9a6254b6-7c26-4a02-90b4-f38c607ae06e,1627403816689,13.3851317,52.4528958,5.3224425,-3.0652986,-0.26553297,-0.025280952,on bike mount,cyclo cross,False,mixed,mixed
159ca764-8e69-45a9-9fa3-39079fb69985,fb1c8721-a6fd-4c7f-a698-e49aba9fb1a2,3562128b-4ea5-468c-8fda-6582732ada89,1627403816739,13.3851317,52.4528958,5.3224425,1.3305917,-0.1750884,1.2630415,on bike mount,cyclo cross,False,mixed,mixed
159ca764-8e69-45a9-9fa3-39079fb69985,fb1c8721-a6fd-4c7f-a698-e49aba9fb1a2,9be406e2-77ff-422b-acf6-26b76b848728,1627403816806,13.3851317,52.4528958,5.3224425,-1.5801009,1.9953394,-4.865013,on bike mount,cyclo cross,False,mixed,mixed
159ca764-8e69-45a9-9fa3-39079fb69985,fb1c8721-a6fd-4c7f-a698-e49aba9fb1a2,760460df-dd24-4533-893c-56c66aaeb936,1627403816857,13.3851317,52.4528958,5.3224425,-0.32863832,3.0525274,-5.7887864,on bike mount,cyclo cross,False,mixed,mixed
159ca764-8e69-45a9-9fa3-39079fb69985,fb1c8721-a6fd-4c7f-a698-e49aba9fb1a2,24109261-e8fa-43ca-a324-51150c4cef96,1627403816908,13.3851317,52.4528958,5.3224425,0.2572102,2.2419314,-3.283907,on bike mount,cyclo cross,False,mixed,mixed
159ca764-8e69-45a9-9fa3-39079fb69985,fb1c8721-a6fd-4c7f-a698-e49aba9fb1a2,63b463b2-b78a-4663-8385-b392a2d5ed41,1627403816958,13.3851317,52.4528958,5.3224425,0.1739428,0.05377865,-1.5823426,on bike mount,cyclo cross,False,mixed,mixed
159ca764-8e69-45a9-9fa3-39079fb69985,fb1c8721-a6fd-4c7f-a698-e49aba9fb1a2,f93ec729-b428-4820-8421-4d8c106cbdc8,1627403817008,13.3851317,52.4528958,5.3224425,-0.14904061,1.3798387,-0.26789474,on bike mount,cyclo cross,False,mixed,mixed
159ca764-8e69-45a9-9fa3-39079fb69985,fb1c8721-a6fd-4c7f-a698-e49aba9fb1a2,37cb0fe1-cd6d-433e-bde6-3ebd21294ff0,1627403817059,13.3851317,52.4528958,5.3224425,-1.6020832,2.3718433,-0.910758,on bike mount,cyclo cross,False,mixed,mixed
159ca764-8e69-45a9-9fa3-39079fb69985,fb1c8721-a6fd-4c7f-a698-e49aba9fb1a2,9bb83823-5c14-435c-b2bc-11e28973cb78,1627403817113,13.3850708,52.4528891,5.1127005,0.18796706,0.73113394,-1.5949645,on bike mount,cyclo cross,False,mixed,mixed
159ca764-8e69-45a9-9fa3-39079fb69985,fb1c8721-a6fd-4c7f-a698-e49aba9fb1a2,ea875afd-c701-4519-bbe1-1ee8fc4c9f64,1627403817164,13.3850708,52.4528891,5.1127005,-0.8238931,1.1100774,-0.55485725,on bike mount,cyclo cross,False,mixed,mixed
159ca764-8e69-45a9-9fa3-39079fb69985,fb1c8721-a6fd-4c7f-a698-e49aba9fb1a2,7edaf0c1-6193-4395-8976-6e64c6a7f8d6,1627403817224,13.3850708,52.4528891,5.1127005,0.28376818,1.3007596,0.7350769,on bike mount,cyclo cross,False,mixed,mixed
159ca764-8e69-45a9-9fa3-39079fb69985,fb1c8721-a6fd-4c7f-a698-e49aba9fb1a2,a4a92492-72eb-430b-bd13-0a83fe731d92,1627403817274,13.3850708,52.4528891,5.1127005,-0.18059936,-2.3895566,2.808507,on bike mount,cyclo cross,False,mixed,mixed
159ca764-8e69-45a9-9fa3-39079fb69985,fb1c8721-a6fd-4c7f-a698-e49aba9fb1a2,4c6517f3-2b76-4335-9ea4-d254c41b948c,1627403817324,13.3850708,52.4528891,5.1127005,-0.96582127,-3.3704615,2.4032822,on bike mount,cyclo cross,False,mixed,mixed
159ca764-8e69-45a9-9fa3-39079fb69985,fb1c8721-a6fd-4c7f-a698-e49aba9fb1a2,d5ed3511-0b06-45cf-a725-6cf8df72d648,1627403817374,13.3850708,52.4528891,5.1127005,-0.20159289,0.9348197,2.8477783,on bike mount,cyclo cross,False,mixed,mixed
159ca764-8e69-45a9-9fa3-39079fb69985,fb1c8721-a6fd-4c7f-a698-e49aba9fb1a2,3819d363-1266-4835-a67d-182edaa02c02,1627403817424,13.3850708,52.4528891,5.1127005,-2.1928947,-0.03860402,1.0819073,on bike mount,cyclo cross,False,mixed,mixed
159ca764-8e69-45a9-9fa3-39079fb69985,fb1c8721-a6fd-4c7f-a698-e49aba9fb1a2,19e7aa46-cb3c-460f-9e9b-ca55264f694c,1627403817473,13.3850708,52.4528891,5.1127005,2.974672,-3.7275546,1.0277653,on bike mount,cyclo cross,False,mixed,mixed
159ca764-8e69-45a9-9fa3-39079fb69985,fb1c8721-a6fd-4c7f-a698-e49aba9fb1a2,65575d05-a5ae-490e-a7ba-4c367b387c70,1627403817523,13.3850708,52.4528891,5.1127005,-0.25252524,-1.669297,2.7982693,on bike mount,cyclo cross,False,mixed,mixed
159ca764-8e69-45a9-9fa3-39079fb69985,fb1c8721-a6fd-4c7f-a698-e49aba9fb1a2,ef8964d6-046a-4c12-82a6-c241fdd9bffd,1627403817573,13.3850708,52.4528891,5.1127005,-0.06909144,-1.2504424,0.7160902,on bike mount,cyclo cross,False,mixed,mixed
159ca764-8e69-45a9-9fa3-39079fb69985,fb1c8721-a6fd-4c7f-a698-e49aba9fb1a2,449c6890-0fca-442f-8bb0-5ed522327aed,1627403817624,13.3850708,52.4528891,5.1127005,1.4017133,-1.9139359,1.8670635,on bike mount,cyclo cross,False,mixed,mixed
159ca764-8e69-45a9-9fa3-39079fb69985,fb1c8721-a6fd-4c7f-a698-e49aba9fb1a2,48f51bb2-a458-4fce-a54a-9f3985c34244,1627403817685,13.3850708,52.4528891,5.1127005,-0.7236213,-1.4403373,-0.09348202,on bike mount,cyclo cross,False,mixed,mixed
159ca764-8e69-45a9-9fa3-39079fb69985,fb1c8721-a6fd-4c7f-a698-e49aba9fb1a2,a7d04cc0-97dd-4234-a3f2-0068361af76c,1627403817735,13.3850708,52.4528891,5.1127005,1.2353381,-1.4040356,-0.0737257,on bike mount,cyclo cross,False,mixed,mixed
159ca764-8e69-45a9-9fa3-39079fb69985,fb1c8721-a6fd-4c7f-a698-e49aba9fb1a2,73709064-b392-45d1-804c-691d680de0fc,1627403817786,13.3850708,52.4528891,5.1127005,0.8205334,-0.92284846,1.3306761,on bike mount,cyclo cross,False,mixed,mixed
159ca764-8e69-45a9-9fa3-39079fb69985,fb1c8721-a6fd-4c7f-a698-e49aba9fb1a2,00c0f10d-3478-4242-ae27-28d5d849b32e,1627403817836,13.3850708,52.4528891,5.1127005,0.94688654,-0.89974964,-1.1689181,on bike mount,cyclo cross,False,mixed,mixed
159ca764-8e69-45a9-9fa3-39079fb69985,fb1c8721-a6fd-4c7f-a698-e49aba9fb1a2,f6e9de70-f81d-4362-8b76-f905f11a0325,1627403817886,13.3850708,52.4528891,5.1127005,1.3361276,-0.64567447,-0.10906792,on bike mount,cyclo cross,False,mixed,mixed
159ca764-8e69-45a9-9fa3-39079fb69985,fb1c8721-a6fd-4c7f-a698-e49aba9fb1a2,a1f6bd2e-02be-4a1f-9e1c-f82ed2a359c3,1627403817937,13.3850708,52.4528891,5.1127005,-0.652097,0.67598677,-0.5626526,on bike mount,cyclo cross,False,mixed,mixed
159ca764-8e69-45a9-9fa3-39079fb69985,fb1c8721-a6fd-4c7f-a698-e49aba9fb1a2,d3fd6418-975f-42e3-8f8d-4e8cb8579501,1627403817986,13.3850708,52.4528891,5.1127005,2.35688,1.0795012,0.77077675,on bike mount,cyclo cross,False,mixed,mixed
159ca764-8e69-45a9-9fa3-39079fb69985,fb1c8721-a6fd-4c7f-a698-e49aba9fb1a2,260fb83c-800a-4b53-a416-1ee2f0ee2382,1627403818036,13.3850708,52.4528891,5.1127005,-1.5895946,2.0797043,-2.6871386,on bike mount,cyclo cross,False,mixed,mixed
159ca764-8e69-45a9-9fa3-39079fb69985,fb1c8721-a6fd-4c7f-a698-e49aba9fb1a2,47a41b7c-f941-4b65-8582-8233733e90fd,1627403818087,13.3850708,52.4528891,5.1127005,2.5473356,-2.851088,1.1155014,on bike mount,cyclo cross,False,mixed,mixed
159ca764-8e69-45a9-9fa3-39079fb69985,fb1c8721-a6fd-4c7f-a698-e49aba9fb1a2,5cb65413-b2a2-4a2c-8de2-e820a0f85545,1627403818137,13.3850105,52.4528816,4.9253426,0.5378301,1.1478782,3.7465773,on bike mount,cyclo cross,False,mixed,mixed
159ca764-8e69-45a9-9fa3-39079fb69985,fb1c8721-a6fd-4c7f-a698-e49aba9fb1a2,bca2dccc-4344-41d4-8a84-a33354724772,1627403818187,13.3850105,52.4528816,4.9253426,-0.35607445,-0.08575463,-0.43304443,on bike mount,cyclo cross,False,mixed,mixed
159ca764-8e69-45a9-9fa3-39079fb69985,fb1c8721-a6fd-4c7f-a698-e49aba9fb1a2,03aeda49-4ae0-40e2-8d16-d525078f370c,1627403818236,13.3850105,52.4528816,4.9253426,2.117359,0.19978929,1.1939754,on bike mount,cyclo cross,False,mixed,mixed
159ca764-8e69-45a9-9fa3-39079fb69985,fb1c8721-a6fd-4c7f-a698-e49aba9fb1a2,35501d4a-8b06-4d27-bc8f-254d07140176,1627403818286,13.3850105,52.4528816,4.9253426,-1.11246,0.45580602,-2.5345159,on bike mount,cyclo cross,False,mixed,mixed
159ca764-8e69-45a9-9fa3-39079fb69985,fb1c8721-a6fd-4c7f-a698-e49aba9fb1a2,85879d03-7aeb-4d48-9846-8ecfa2f9f7a6,1627403818342,13.3850105,52.4528816,4.9253426,2.885218,-3.8771865,5.0177526,on bike mount,cyclo cross,False,mixed,mixed
159ca764-8e69-45a9-9fa3-39079fb69985,fb1c8721-a6fd-4c7f-a698-e49aba9fb1a2,9f022383-a706-4b0f-a43f-d0101435af65,1627403818393,13.3850105,52.4528816,4.9253426,-1.6151198,-1.2608502,0.92805004,on bike mount,cyclo cross,False,mixed,mixed
159ca764-8e69-45a9-9fa3-39079fb69985,fb1c8721-a6fd-4c7f-a698-e49aba9fb1a2,c9a84c27-d665-4acd-9523-14df3e67179d,1627403818443,13.3850105,52.4528816,4.9253426,0.39654434,-1.7155411,0.35504818,on bike mount,cyclo cross,False,mixed,mixed
159ca764-8e69-45a9-9fa3-39079fb69985,fb1c8721-a6fd-4c7f-a698-e49aba9fb1a2,b4764b82-b246-4a90-8b01-3b8f0ecf95e1,1627403818494,13.3850105,52.4528816,4.9253426,1.0956469,-3.6666694,4.0946074,on bike mount,cyclo cross,False,mixed,mixed
159ca764-8e69-45a9-9fa3-39079fb69985,fb1c8721-a6fd-4c7f-a698-e49aba9fb1a2,ef96857a-6841-4353-a88e-727879404026,1627403818559,13.3850105,52.4528816,4.9253426,-0.94725,-0.4131968,0.7154274,on bike mount,cyclo cross,False,mixed,mixed
159ca764-8e69-45a9-9fa3-39079fb69985,fb1c8721-a6fd-4c7f-a698-e49aba9fb1a2,65e1ca42-2866-4b80-8f58-763410cd6bae,1627403818610,13.3850105,52.4528816,4.9253426,0.34873307,-1.3253838,-0.06206894,on bike mount,cyclo cross,False,mixed,mixed
159ca764-8e69-45a9-9fa3-39079fb69985,fb1c8721-a6fd-4c7f-a698-e49aba9fb1a2,bcbae91d-4c9d-4e35-9ebc-0eba5d7291e2,1627403818661,13.3850105,52.4528816,4.9253426,-0.37094164,0.70782375,-2.121911,on bike mount,cyclo cross,False,mixed,mixed
159ca764-8e69-45a9-9fa3-39079fb69985,fb1c8721-a6fd-4c7f-a698-e49aba9fb1a2,e42a0997-777c-43e5-af5a-6269b6cb66ca,1627403818711,13.3850105,52.4528816,4.9253426,0.66568464,-1.6714294,1.2258444,on bike mount,cyclo cross,False,mixed,mixed
159ca764-8e69-45a9-9fa3-39079fb69985,fb1c8721-a6fd-4c7f-a698-e49aba9fb1a2,076d1e68-6b1a-44fc-b8f1-a2deefcf39cb,1627403818776,13.3850105,52.4528816,4.9253426,-0.31080964,-0.74255705,0.57762814,on bike mount,cyclo cross,False,mixed,mixed
159ca764-8e69-45a9-9fa3-39079fb69985,fb1c8721-a6fd-4c7f-a698-e49aba9fb1a2,5ec233c1-1c0c-4b01-a3e4-b5aebb203ef4,1627403818826,13.3850105,52.4528816,4.9253426,-1.8363918,3.2989955,-1.900805,on bike mount,cyclo cross,False,mixed,mixed
159ca764-8e69-45a9-9fa3-39079fb69985,fb1c8721-a6fd-4c7f-a698-e49aba9fb1a2,61c0cfd6-b8c6-405f-9e96-3b866ba409c6,1627403818875,13.3850105,52.4528816,4.9253426,0.24160962,1.1367142,-1.7179785,on bike mount,cyclo cross,False,mixed,mixed
159ca764-8e69-45a9-9fa3-39079fb69985,fb1c8721-a6fd-4c7f-a698-e49aba9fb1a2,b42ed734-ac83-4ee1-92ee-e4eaa51509da,1627403818925,13.3850105,52.4528816,4.9253426,0.48638213,-1.142314,0.35991383,on bike mount,cyclo cross,False,mixed,mixed
159ca764-8e69-45a9-9fa3-39079fb69985,fb1c8721-a6fd-4c7f-a698-e49aba9fb1a2,1ce507d9-83a6-4560-ac4c-dc6cc6d0eab9,1627403818975,13.3850105,52.4528816,4.9253426,-0.23190749,0.39494133,-1.1332946,on bike mount,cyclo cross,False,mixed,mixed
159ca764-8e69-45a9-9fa3-39079fb69985,fb1c8721-a6fd-4c7f-a698-e49aba9fb1a2,d2df73a6-6384-4a66-ad6c-5ff4063c7419,1627403819025,13.3850105,52.4528816,4.9253426,0.8010329,-0.7074697,-1.4074335,on bike mount,cyclo cross,False,mixed,mixed
159ca764-8e69-45a9-9fa3-39079fb69985,fb1c8721-a6fd-4c7f-a698-e49aba9fb1a2,3a2b4933-bf72-443c-80b6-624cc3d7c0cd,1627403819075,13.3850105,52.4528816,4.9253426,0.92813754,-0.37880135,-1.2360287,on bike mount,cyclo cross,False,mixed,mixed
159ca764-8e69-45a9-9fa3-39079fb69985,fb1c8721-a6fd-4c7f-a698-e49aba9fb1a2,c4a1c71c-bcb0-424a-9785-4172f6e84bdf,1627403819124,13.3849767,52.452875,4.642985,0.8419429,-0.22560143,1.1992207,on bike mount,cyclo cross,False,mixed,mixed
159ca764-8e69-45a9-9fa3-39079fb69985,fb1c8721-a6fd-4c7f-a698-e49aba9fb1a2,4d6ad0ad-6ab6-40ad-997e-91dea4ebd4ea,1627403819174,13.3849767,52.452875,4.642985,0.17741062,0.7346356,-1.1308312,on bike mount,cyclo cross,False,mixed,mixed
159ca764-8e69-45a9-9fa3-39079fb69985,fb1c8721-a6fd-4c7f-a698-e49aba9fb1a2,d39f8e7e-285b-4972-a8fc-47f55afe897d,1627403819228,13.3849767,52.452875,4.642985,-0.21871635,-0.22117496,1.159318,on bike mount,cyclo cross,False,mixed,mixed
159ca764-8e69-45a9-9fa3-39079fb69985,fb1c8721-a6fd-4c7f-a698-e49aba9fb1a2,c46b4b2b-e4ef-44ec-8759-76b3107978ee,1627403819278,13.3849767,52.452875,4.642985,0.4571886,0.10430527,0.7177315,on bike mount,cyclo cross,False,mixed,mixed
159ca764-8e69-45a9-9fa3-39079fb69985,fb1c8721-a6fd-4c7f-a698-e49aba9fb1a2,e9de79bd-7458-4ce1-955a-1f1f934bbd2a,1627403819329,13.3849767,52.452875,4.642985,0.43867138,-0.8516903,0.53470135,on bike mount,cyclo cross,False,mixed,mixed
159ca764-8e69-45a9-9fa3-39079fb69985,fb1c8721-a6fd-4c7f-a698-e49aba9fb1a2,7aa0700a-bd79-4546-846a-bab61490c4b6,1627403819378,13.3849767,52.452875,4.642985,0.64670044,-0.44464326,0.33289814,on bike mount,cyclo cross,False,mixed,mixed
159ca764-8e69-45a9-9fa3-39079fb69985,fb1c8721-a6fd-4c7f-a698-e49aba9fb1a2,c3fde8e2-a579-4132-b576-8ff5f0c45cc2,1627403819445,13.3849767,52.452875,4.642985,0.4570713,-0.6140865,-0.2578354,on bike mount,cyclo cross,False,mixed,mixed
159ca764-8e69-45a9-9fa3-39079fb69985,fb1c8721-a6fd-4c7f-a698-e49aba9fb1a2,f81250d3-2806-42e9-bc67-798085bcf16f,1627403819495,13.3849767,52.452875,4.642985,-0.1534288,-1.3322701,-0.21400261,on bike mount,cyclo cross,False,mixed,mixed
159ca764-8e69-45a9-9fa3-39079fb69985,fb1c8721-a6fd-4c7f-a698-e49aba9fb1a2,5667c223-ea65-4a5f-92a9-fa05ae7dc6cf,1627403819546,13.3849767,52.452875,4.642985,0.6535523,-0.18022895,0.41633034,on bike mount,cyclo cross,False,mixed,mixed
159ca764-8e69-45a9-9fa3-39079fb69985,fb1c8721-a6fd-4c7f-a698-e49aba9fb1a2,9085eb7b-1dc3-46b2-97cf-10db79754c4b,1627403819596,13.3849767,52.452875,4.642985,0.2539008,-0.6751417,0.061469078,on bike mount,cyclo cross,False,mixed,mixed
159ca764-8e69-45a9-9fa3-39079fb69985,fb1c8721-a6fd-4c7f-a698-e49aba9fb1a2,4b1ea2bf-ba4d-4182-aa90-47667bf40808,1627403819661,13.3849767,52.452875,4.642985,-1.0749462,-1.944268,0.34840584,on bike mount,cyclo cross,False,mixed,mixed
159ca764-8e69-45a9-9fa3-39079fb69985,fb1c8721-a6fd-4c7f-a698-e49aba9fb1a2,6e260351-5b46-4dd1-8c7e-af96bf59f9b0,1627403819711,13.3849767,52.452875,4.642985,0.85536516,-0.872421,0.69529724,on bike mount,cyclo cross,False,mixed,mixed
159ca764-8e69-45a9-9fa3-39079fb69985,fb1c8721-a6fd-4c7f-a698-e49aba9fb1a2,e4375277-3da1-4306-a9f4-86e8fd991dfc,1627403819761,13.3849767,52.452875,4.642985,-0.7734785,0.065032244,-0.48775387,on bike mount,cyclo cross,False,mixed,mixed
159ca764-8e69-45a9-9fa3-39079fb69985,fb1c8721-a6fd-4c7f-a698-e49aba9fb1a2,a6dc02cc-6464-4054-a069-bb0e65b40455,1627403819812,13.3849767,52.452875,4.642985,0.12493652,-2.1539824,0.07573509,on bike mount,cyclo cross,False,mixed,mixed
159ca764-8e69-45a9-9fa3-39079fb69985,fb1c8721-a6fd-4c7f-a698-e49aba9fb1a2,85b6821d-af1c-4b94-8522-aed3582b8703,1627403819879,13.3849767,52.452875,4.642985,0.44749534,-1.2758762,0.97736835,on bike mount,cyclo cross,False,mixed,mixed
159ca764-8e69-45a9-9fa3-39079fb69985,fb1c8721-a6fd-4c7f-a698-e49aba9fb1a2,7049bedf-2592-4d85-a2ef-86cb41050db0,1627403819930,13.3849767,52.452875,4.642985,0.6846081,-2.5146308,0.7326126,on bike mount,cyclo cross,False,mixed,mixed
159ca764-8e69-45a9-9fa3-39079fb69985,fb1c8721-a6fd-4c7f-a698-e49aba9fb1a2,d37b479f-3078-4b46-89b3-dccd529111e8,1627403819980,13.3849767,52.452875,4.642985,0.39975986,-2.2317414,1.6563892,on bike mount,cyclo cross,False,mixed,mixed
159ca764-8e69-45a9-9fa3-39079fb69985,fb1c8721-a6fd-4c7f-a698-e49aba9fb1a2,84801baf-5d5a-4136-85d9-7ca18b15d295,1627403820031,13.3849767,52.452875,4.642985,-0.23542428,-0.4697528,-1.9850812,on bike mount,cyclo cross,False,mixed,mixed
159ca764-8e69-45a9-9fa3-39079fb69985,fb1c8721-a6fd-4c7f-a698-e49aba9fb1a2,a91aff12-3401-4036-a147-e5478dc4b229,1627403820094,13.3849767,52.452875,4.642985,1.5385904,-2.0219882,0.6329727,on bike mount,cyclo cross,False,mixed,mixed
159ca764-8e69-45a9-9fa3-39079fb69985,fb1c8721-a6fd-4c7f-a698-e49aba9fb1a2,6c4d7be5-e47a-41c0-b0f6-b9f465534652,1627403820143,13.384916,52.4528622,4.3328753,0.12924987,-0.8280586,1.4665585,on bike mount,cyclo cross,False,mixed,mixed
159ca764-8e69-45a9-9fa3-39079fb69985,fb1c8721-a6fd-4c7f-a698-e49aba9fb1a2,58c1bf4f-b89f-4b0f-8d09-8e1606ff9ae9,1627403820194,13.384916,52.4528622,4.3328753,0.89542603,-2.1563044,0.6410055,on bike mount,cyclo cross,False,mixed,mixed
159ca764-8e69-45a9-9fa3-39079fb69985,fb1c8721-a6fd-4c7f-a698-e49aba9fb1a2,31bd253b-c287-4492-a6ad-f010bccd5735,1627403820244,13.384916,52.4528622,4.3328753,0.71621585,-0.8773926,0.41033077,on bike mount,cyclo cross,False,mixed,mixed
159ca764-8e69-45a9-9fa3-39079fb69985,fb1c8721-a6fd-4c7f-a698-e49aba9fb1a2,3166f66c-62f9-4337-b15c-5dca2db667a0,1627403820311,13.384916,52.4528622,4.3328753,0.2866221,-0.67112875,0.61171246,on bike mount,cyclo cross,False,mixed,mixed
159ca764-8e69-45a9-9fa3-39079fb69985,fb1c8721-a6fd-4c7f-a698-e49aba9fb1a2,f02ea1f3-290f-46f0-8d51-3739e2a77f29,1627403820362,13.384916,52.4528622,4.3328753,0.62967044,-0.9425942,0.48850632,on bike mount,cyclo cross,False,mixed,mixed
159ca764-8e69-45a9-9fa3-39079fb69985,fb1c8721-a6fd-4c7f-a698-e49aba9fb1a2,5a34904c-4923-4d42-a45b-688173e5ad47,1627403820413,13.384916,52.4528622,4.3328753,-0.30136573,-0.8267088,1.1902018,on bike mount,cyclo cross,False,mixed,mixed
159ca764-8e69-45a9-9fa3-39079fb69985,fb1c8721-a6fd-4c7f-a698-e49aba9fb1a2,a24bee67-d067-422d-9312-986c9356b5ec,1627403820464,13.384916,52.4528622,4.3328753,-0.67981756,-0.08358312,0.54422474,on bike mount,cyclo cross,False,mixed,mixed
159ca764-8e69-45a9-9fa3-39079fb69985,fb1c8721-a6fd-4c7f-a698-e49aba9fb1a2,6b005a7e-79ca-4a9d-b84b-214014d2b115,1627403820528,13.384916,52.4528622,4.3328753,0.294585,-0.5309638,-0.13661766,on bike mount,cyclo cross,False,mixed,mixed
159ca764-8e69-45a9-9fa3-39079fb69985,fb1c8721-a6fd-4c7f-a698-e49aba9fb1a2,5f472288-5d16-440e-9e71-9b3362628e19,1627403820578,13.384916,52.4528622,4.3328753,0.2613393,-0.073461294,0.7439842,on bike mount,cyclo cross,False,mixed,mixed
159ca764-8e69-45a9-9fa3-39079fb69985,fb1c8721-a6fd-4c7f-a698-e49aba9fb1a2,81f9f25a-79f2-47e9-8ce8-049b5e987963,1627403820628,13.384916,52.4528622,4.3328753,0.43706304,0.2596531,0.03297901,on bike mount,cyclo cross,False,mixed,mixed
159ca764-8e69-45a9-9fa3-39079fb69985,95e814a2-09f6-47ca-aab9-09bd5c3c0627,d66187d6-6d67-48cb-ad22-29058f4ec7a3,1627403817554,13.3850708,52.4528891,5.1127005,0.9350595,0.61026764,-2.611423,on bike mount,cyclo cross,False,mixed,mixed
159ca764-8e69-45a9-9fa3-39079fb69985,95e814a2-09f6-47ca-aab9-09bd5c3c0627,e83b4c28-6aa8-4d6b-a9db-b5ab29f00f5c,1627403817604,13.3850708,52.4528891,5.1127005,1.3309593,2.4572883,-1.9618926,on bike mount,cyclo cross,False,mixed,mixed
159ca764-8e69-45a9-9fa3-39079fb69985,95e814a2-09f6-47ca-aab9-09bd5c3c0627,4f5663d5-127a-4130-8b75-33637f9804d7,1627403817668,13.3850708,52.4528891,5.1127005,0.15175477,3.2186508e-05,-1.2245636,on bike mount,cyclo cross,False,mixed,mixed
159ca764-8e69-45a9-9fa3-39079fb69985,95e814a2-09f6-47ca-aab9-09bd5c3c0627,05797426-2425-4a79-9608-cbfa878a73fb,1627403817718,13.3850708,52.4528891,5.1127005,0.79332566,-0.13893843,-0.7845659,on bike mount,cyclo cross,False,mixed,mixed
159ca764-8e69-45a9-9fa3-39079fb69985,95e814a2-09f6-47ca-aab9-09bd5c3c0627,ce9a9131-ba39-4042-9185-7b8cde025243,1627403817766,13.3850708,52.4528891,5.1127005,0.45743385,1.8787975,-2.021892,on bike mount,cyclo cross,False,mixed,mixed
159ca764-8e69-45a9-9fa3-39079fb69985,95e814a2-09f6-47ca-aab9-09bd5c3c0627,d1cd1397-a284-4b7d-bab3-4b2fcb6c112f,1627403817816,13.3850708,52.4528891,5.1127005,0.3163255,1.9647722,-3.1121607,on bike mount,cyclo cross,False,mixed,mixed
159ca764-8e69-45a9-9fa3-39079fb69985,95e814a2-09f6-47ca-aab9-09bd5c3c0627,3014c631-44d0-4133-8b09-d612b69601c3,1627403817867,13.3850708,52.4528891,5.1127005,1.5402282,-2.3428504,-0.18943882,on bike mount,cyclo cross,False,mixed,mixed
159ca764-8e69-45a9-9fa3-39079fb69985,95e814a2-09f6-47ca-aab9-09bd5c3c0627,f98d7bef-0525-410c-a391-68d084d877f1,1627403817925,13.3850708,52.4528891,5.1127005,-1.3412483,1.6373749,-2.6870966,on bike mount,cyclo cross,False,mixed,mixed
159ca764-8e69-45a9-9fa3-39079fb69985,95e814a2-09f6-47ca-aab9-09bd5c3c0627,3a5f869f-314e-49eb-a613-16a5fe4c9876,1627403817976,13.3850708,52.4528891,5.1127005,1.1140273,0.24072886,0.27475357,on bike mount,cyclo cross,False,mixed,mixed
159ca764-8e69-45a9-9fa3-39079fb69985,95e814a2-09f6-47ca-aab9-09bd5c3c0627,96e43537-7c9f-41df-a3a8-2bfd5fae2701,1627403818027,13.3850708,52.4528891,5.1127005,-1.0807306,2.0382886,-3.040844,on bike mount,cyclo cross,False,mixed,mixed
159ca764-8e69-45a9-9fa3-39079fb69985,95e814a2-09f6-47ca-aab9-09bd5c3c0627,0d5d3f2a-9382-4bea-ba85-14d4815ab34a,1627403818076,13.3850708,52.4528891,5.1127005,1.6866767,-1.2110482,1.1517267,on bike mount,cyclo cross,False,mixed,mixed
159ca764-8e69-45a9-9fa3-39079fb69985,95e814a2-09f6-47ca-aab9-09bd5c3c0627,89a7bcb0-b0c9-4596-8c8e-5bd711b51149,1627403818131,13.3850105,52.4528816,4.9253426,0.75851595,-2.9482038,2.1051416,on bike mount,cyclo cross,False,mixed,mixed
159ca764-8e69-45a9-9fa3-39079fb69985,95e814a2-09f6-47ca-aab9-09bd5c3c0627,f8e9bc5d-5ebc-48d7-8a21-16114aaf848a,1627403818181,13.3850105,52.4528816,4.9253426,-0.40139508,0.22356677,-0.6803131,on bike mount,cyclo cross,False,mixed,mixed
159ca764-8e69-45a9-9fa3-39079fb69985,95e814a2-09f6-47ca-aab9-09bd5c3c0627,b6fb8f6d-4858-4760-bf04-c330435bddbd,1627403818232,13.3850105,52.4528816,4.9253426,2.1833353,0.40309644,1.2231045,on bike mount,cyclo cross,False,mixed,mixed
159ca764-8e69-45a9-9fa3-39079fb69985,95e814a2-09f6-47ca-aab9-09bd5c3c0627,cf580a4b-663d-4680-ad2c-0576d7e481a7,1627403818282,13.3850105,52.4528816,4.9253426,-1.402633,0.4141314,-1.6202312,on bike mount,cyclo cross,False,mixed,mixed
159ca764-8e69-45a9-9fa3-39079fb69985,95e814a2-09f6-47ca-aab9-09bd5c3c0627,33e21183-ee09-4ad8-a3cb-ee6374858954,1627403818342,13.3850105,52.4528816,4.9253426,2.885218,-3.8771865,5.0177526,on bike mount,cyclo cross,False,mixed,mixed
159ca764-8e69-45a9-9fa3-39079fb69985,95e814a2-09f6-47ca-aab9-09bd5c3c0627,34117c88-c406-4123-96cd-853c7a230de2,1627403818393,13.3850105,52.4528816,4.9253426,-1.6151198,-1.2608502,0.92805004,on bike mount,cyclo cross,False,mixed,mixed
159ca764-8e69-45a9-9fa3-39079fb69985,95e814a2-09f6-47ca-aab9-09bd5c3c0627,d1b60446-b2a0-4b4e-a3f3-ec56c49745d4,1627403818443,13.3850105,52.4528816,4.9253426,0.39654434,-1.7155411,0.35504818,on bike mount,cyclo cross,False,mixed,mixed
159ca764-8e69-45a9-9fa3-39079fb69985,95e814a2-09f6-47ca-aab9-09bd5c3c0627,2f6f28db-2b2b-445f-a58b-8342354f2259,1627403818494,13.3850105,52.4528816,4.9253426,0.8090503,-2.3807187,2.8412886,on bike mount,cyclo cross,False,mixed,mixed
159ca764-8e69-45a9-9fa3-39079fb69985,95e814a2-09f6-47ca-aab9-09bd5c3c0627,2c77cffc-f7b6-4cd7-8be3-d7c5a3a16ecd,1627403818559,13.3850105,52.4528816,4.9253426,-0.94725,-0.4131968,0.7154274,on bike mount,cyclo cross,False,mixed,mixed
159ca764-8e69-45a9-9fa3-39079fb69985,95e814a2-09f6-47ca-aab9-09bd5c3c0627,d8a41427-4542-40f7-84a5-efe2d33cb50a,1627403818610,13.3850105,52.4528816,4.9253426,0.34873307,-1.3253838,-0.06206894,on bike mount,cyclo cross,False,mixed,mixed
159ca764-8e69-45a9-9fa3-39079fb69985,95e814a2-09f6-47ca-aab9-09bd5c3c0627,2eef4ade-90e3-42aa-9964-df5a6288a740,1627403818661,13.3850105,52.4528816,4.9253426,-0.37094164,0.70782375,-2.121911,on bike mount,cyclo cross,False,mixed,mixed
159ca764-8e69-45a9-9fa3-39079fb69985,95e814a2-09f6-47ca-aab9-09bd5c3c0627,9c8a4e20-ae26-4e8a-b455-e573767e0d71,1627403818711,13.3850105,52.4528816,4.9253426,0.66568464,-1.6714294,1.2258444,on bike mount,cyclo cross,False,mixed,mixed
159ca764-8e69-45a9-9fa3-39079fb69985,95e814a2-09f6-47ca-aab9-09bd5c3c0627,4464a58b-4e63-4603-ac19-308081a7f1eb,1627403818760,13.3850105,52.4528816,4.9253426,-1.27292,0.16781688,-1.4128923,on bike mount,cyclo cross,False,mixed,mixed
159ca764-8e69-45a9-9fa3-39079fb69985,95e814a2-09f6-47ca-aab9-09bd5c3c0627,dd5865d8-e1c9-4f85-b259-4cec5fe90fef,1627403818809,13.3850105,52.4528816,4.9253426,0.003021298,-0.5292201,-0.41220093,on bike mount,cyclo cross,False,mixed,mixed
159ca764-8e69-45a9-9fa3-39079fb69985,95e814a2-09f6-47ca-aab9-09bd5c3c0627,a73fbce8-3cc7-41e2-a1c1-678584ebc2ad,1627403818858,13.3850105,52.4528816,4.9253426,0.27627704,-1.1428645,0.1552229,on bike mount,cyclo cross,False,mixed,mixed
159ca764-8e69-45a9-9fa3-39079fb69985,95e814a2-09f6-47ca-aab9-09bd5c3c0627,3e2f4b90-8649-4b74-bead-2a2fb66e87dd,1627403818908,13.3850105,52.4528816,4.9253426,-0.6537697,-0.3633287,1.0646858,on bike mount,cyclo cross,False,mixed,mixed
159ca764-8e69-45a9-9fa3-39079fb69985,95e814a2-09f6-47ca-aab9-09bd5c3c0627,4f536c48-ee48-48f3-95c9-fef38496baca,1627403818958,13.3850105,52.4528816,4.9253426,-0.28969508,0.85860443,-0.8876457,on bike mount,cyclo cross,False,mixed,mixed
159ca764-8e69-45a9-9fa3-39079fb69985,95e814a2-09f6-47ca-aab9-09bd5c3c0627,06c5fc0a-d68c-4800-9734-639a57eba7e4,1627403819010,13.3850105,52.4528816,4.9253426,1.003815,-1.5437591,0.9381285,on bike mount,cyclo cross,False,mixed,mixed
159ca764-8e69-45a9-9fa3-39079fb69985,95e814a2-09f6-47ca-aab9-09bd5c3c0627,06669f96-7b5d-4fd6-b627-123cc35677cf,1627403819060,13.3850105,52.4528816,4.9253426,-0.4576009,-0.35206676,-0.77428913,on bike mount,cyclo cross,False,mixed,mixed
159ca764-8e69-45a9-9fa3-39079fb69985,95e814a2-09f6-47ca-aab9-09bd5c3c0627,5cd6865b-cbd7-4218-9a11-2f70fd070479,1627403819110,13.3849767,52.452875,4.642985,0.087456204,-1.2310218,0.02489376,on bike mount,cyclo cross,False,mixed,mixed
159ca764-8e69-45a9-9fa3-39079fb69985,95e814a2-09f6-47ca-aab9-09bd5c3c0627,d46c0390-07e5-401e-9120-6932e8752eba,1627403819161,13.3849767,52.452875,4.642985,0.3014629,-0.33399105,-0.32964897,on bike mount,cyclo cross,False,mixed,mixed
159ca764-8e69-45a9-9fa3-39079fb69985,95e814a2-09f6-47ca-aab9-09bd5c3c0627,1374c8f1-59a8-4451-8c6e-f5417d89b580,1627403819227,13.3849767,52.452875,4.642985,-0.21871635,-0.22117496,1.159318,on bike mount,cyclo cross,False,mixed,mixed
159ca764-8e69-45a9-9fa3-39079fb69985,95e814a2-09f6-47ca-aab9-09bd5c3c0627,9e252566-86fa-4411-8344-c77d288f5cbb,1627403819277,13.3849767,52.452875,4.642985,0.4571886,0.10430527,0.7177315,on bike mount,cyclo cross,False,mixed,mixed
159ca764-8e69-45a9-9fa3-39079fb69985,95e814a2-09f6-47ca-aab9-09bd5c3c0627,a5e30dc2-abd1-4107-8bfe-c7bb8adc540e,1627403819327,13.3849767,52.452875,4.642985,0.43867138,-0.8516903,0.53470135,on bike mount,cyclo cross,False,mixed,mixed
159ca764-8e69-45a9-9fa3-39079fb69985,95e814a2-09f6-47ca-aab9-09bd5c3c0627,9ae8d7d2-83cb-4d7e-a938-90207850a1a1,1627403819377,13.3849767,52.452875,4.642985,0.64670044,-0.44464326,0.33289814,on bike mount,cyclo cross,False,mixed,mixed
159ca764-8e69-45a9-9fa3-39079fb69985,95e814a2-09f6-47ca-aab9-09bd5c3c0627,e6f6e5ce-0a97-4ea0-93c1-6f563d0a3a9a,1627403819444,13.3849767,52.452875,4.642985,0.4570713,-0.6140865,-0.2578354,on bike mount,cyclo cross,False,mixed,mixed
159ca764-8e69-45a9-9fa3-39079fb69985,95e814a2-09f6-47ca-aab9-09bd5c3c0627,c04600f6-f95d-4d8d-a14c-5ba05aa59e35,1627403819494,13.3849767,52.452875,4.642985,0.16005482,-0.5762344,0.51527214,on bike mount,cyclo cross,False,mixed,mixed
159ca764-8e69-45a9-9fa3-39079fb69985,95e814a2-09f6-47ca-aab9-09bd5c3c0627,24c95de3-084a-4862-b0b5-d127df18499c,1627403819544,13.3849767,52.452875,4.642985,0.6535523,-0.18022895,0.41633034,on bike mount,cyclo cross,False,mixed,mixed
159ca764-8e69-45a9-9fa3-39079fb69985,95e814a2-09f6-47ca-aab9-09bd5c3c0627,dba7bb0d-81d9-425c-a845-434c7ffeb9ad,1627403819594,13.3849767,52.452875,4.642985,0.015011907,-0.9780537,-0.16098595,on bike mount,cyclo cross,False,mixed,mixed
159ca764-8e69-45a9-9fa3-39079fb69985,95e814a2-09f6-47ca-aab9-09bd5c3c0627,08a84cd5-73ed-4eb7-808a-ae4e5e9046bb,1627403819661,13.3849767,52.452875,4.642985,-1.0749462,-1.944268,0.34840584,on bike mount,cyclo cross,False,mixed,mixed
159ca764-8e69-45a9-9fa3-39079fb69985,95e814a2-09f6-47ca-aab9-09bd5c3c0627,1cba87f7-873e-40ab-ab78-ebbd926c1ab5,1627403819710,13.3849767,52.452875,4.642985,0.85536516,-0.872421,0.69529724,on bike mount,cyclo cross,False,mixed,mixed
159ca764-8e69-45a9-9fa3-39079fb69985,95e814a2-09f6-47ca-aab9-09bd5c3c0627,11522971-ac92-4894-adf8-3ffbaf4bdd36,1627403819760,13.3849767,52.452875,4.642985,-0.7734785,0.065032244,-0.48775387,on bike mount,cyclo cross,False,mixed,mixed
159ca764-8e69-45a9-9fa3-39079fb69985,95e814a2-09f6-47ca-aab9-09bd5c3c0627,6010662b-8a47-4ff9-8c01-392e40c5e82a,1627403819809,13.3849767,52.452875,4.642985,-0.16542238,-2.2271562,1.1259212,on bike mount,cyclo cross,False,mixed,mixed
159ca764-8e69-45a9-9fa3-39079fb69985,95e814a2-09f6-47ca-aab9-09bd5c3c0627,1818b445-8fb1-4805-9028-dfbbbaaca6f0,1627403819879,13.3849767,52.452875,4.642985,0.44749534,-1.2758762,0.97736835,on bike mount,cyclo cross,False,mixed,mixed
159ca764-8e69-45a9-9fa3-39079fb69985,95e814a2-09f6-47ca-aab9-09bd5c3c0627,79764704-d404-4153-ad08-4b3eb289ebf8,1627403819930,13.3849767,52.452875,4.642985,0.6846081,-2.5146308,0.7326126,on bike mount,cyclo cross,False,mixed,mixed
159ca764-8e69-45a9-9fa3-39079fb69985,95e814a2-09f6-47ca-aab9-09bd5c3c0627,4118daf9-581e-41cf-aca0-abf85dc94e02,1627403819979,13.3849767,52.452875,4.642985,0.39975986,-2.2317414,1.6563892,on bike mount,cyclo cross,False,mixed,mixed
159ca764-8e69-45a9-9fa3-39079fb69985,95e814a2-09f6-47ca-aab9-09bd5c3c0627,464b7963-8a7a-4ac3-86e0-18eeb5d60c2b,1627403820029,13.3849767,52.452875,4.642985,-0.100646794,1.3280547,-0.98833466,on bike mount,cyclo cross,False,mixed,mixed
159ca764-8e69-45a9-9fa3-39079fb69985,95e814a2-09f6-47ca-aab9-09bd5c3c0627,54ab786f-6200-457f-9c12-cc9491f9100b,1627403820093,13.3849767,52.452875,4.642985,1.1305629,-1.3765857,0.3471279,on bike mount,cyclo cross,False,mixed,mixed
159ca764-8e69-45a9-9fa3-39079fb69985,95e814a2-09f6-47ca-aab9-09bd5c3c0627,866e419d-0a8b-4bd3-8350-f7dd14ab3fec,1627403820143,13.384916,52.4528622,4.3328753,-0.0110244155,-0.23783982,1.1754637,on bike mount,cyclo cross,False,mixed,mixed
159ca764-8e69-45a9-9fa3-39079fb69985,95e814a2-09f6-47ca-aab9-09bd5c3c0627,90dabe79-9563-4afd-9ef9-ff80a860011a,1627403820194,13.384916,52.4528622,4.3328753,0.89542603,-2.1563044,0.6410055,on bike mount,cyclo cross,False,mixed,mixed
159ca764-8e69-45a9-9fa3-39079fb69985,95e814a2-09f6-47ca-aab9-09bd5c3c0627,4e0e3d6a-1a28-4e5b-aaf6-45c2bdd6a655,1627403820244,13.384916,52.4528622,4.3328753,0.71621585,-0.8773926,0.41033077,on bike mount,cyclo cross,False,mixed,mixed
159ca764-8e69-45a9-9fa3-39079fb69985,95e814a2-09f6-47ca-aab9-09bd5c3c0627,84372a65-62af-4eab-8f7e-951fdb23b347,1627403820311,13.384916,52.4528622,4.3328753,0.2866221,-0.67112875,0.61171246,on bike mount,cyclo cross,False,mixed,mixed
159ca764-8e69-45a9-9fa3-39079fb69985,95e814a2-09f6-47ca-aab9-09bd5c3c0627,26d3ebc8-7c14-47f3-8c7b-36e80f2e137c,1627403820361,13.384916,52.4528622,4.3328753,0.8152349,-1.1734517,0.6968708,on bike mount,cyclo cross,False,mixed,mixed
159ca764-8e69-45a9-9fa3-39079fb69985,95e814a2-09f6-47ca-aab9-09bd5c3c0627,d6f78e50-6636-4956-903b-1d9aa12ea0d0,1627403820411,13.384916,52.4528622,4.3328753,-0.029149055,-0.90559506,0.9375372,on bike mount,cyclo cross,False,mixed,mixed
159ca764-8e69-45a9-9fa3-39079fb69985,95e814a2-09f6-47ca-aab9-09bd5c3c0627,97b696be-ea4e-423a-9b5f-f90e751d5a1d,1627403820461,13.384916,52.4528622,4.3328753,-0.6567582,-0.0046727657,1.4597149,on bike mount,cyclo cross,False,mixed,mixed
159ca764-8e69-45a9-9fa3-39079fb69985,95e814a2-09f6-47ca-aab9-09bd5c3c0627,95a4244b-9019-4973-a650-af8a268387bf,1627403820527,13.384916,52.4528622,4.3328753,0.294585,-0.5309638,-0.13661766,on bike mount,cyclo cross,False,mixed,mixed
159ca764-8e69-45a9-9fa3-39079fb69985,95e814a2-09f6-47ca-aab9-09bd5c3c0627,00a0cd2e-f18e-4399-be55-b2fabf6275ad,1627403820577,13.384916,52.4528622,4.3328753,0.2613393,-0.073461294,0.7439842,on bike mount,cyclo cross,False,mixed,mixed
159ca764-8e69-45a9-9fa3-39079fb69985,95e814a2-09f6-47ca-aab9-09bd5c3c0627,f2238aec-0251-4126-9e7a-a695c52861f1,1627403820626,13.384916,52.4528622,4.3328753,0.43706304,0.2596531,0.03297901,on bike mount,cyclo cross,False,mixed,mixed
159ca764-8e69-45a9-9fa3-39079fb69985,95e814a2-09f6-47ca-aab9-09bd5c3c0627,2afbcb29-d2b5-4cf4-9179-2ffb4d7d087e,1627403820676,13.384916,52.4528622,4.3328753,1.25365,0.29604673,-0.7964506,on bike mount,cyclo cross,False,mixed,mixed
159ca764-8e69-45a9-9fa3-39079fb69985,95e814a2-09f6-47ca-aab9-09bd5c3c0627,c8a61323-c9c2-4ca1-8265-37d437417c47,1627403820744,13.384916,52.4528622,4.3328753,1.9057075,-1.3298969,1.2524548,on bike mount,cyclo cross,False,mixed,mixed
159ca764-8e69-45a9-9fa3-39079fb69985,95e814a2-09f6-47ca-aab9-09bd5c3c0627,4a31df50-e491-49d7-97a1-0b5f8a148247,1627403820794,13.384916,52.4528622,4.3328753,0.7392787,-0.6575892,-0.49939537,on bike mount,cyclo cross,False,mixed,mixed
159ca764-8e69-45a9-9fa3-39079fb69985,95e814a2-09f6-47ca-aab9-09bd5c3c0627,f85bba5d-dab2-465c-89b0-127cb5444cc8,1627403820844,13.384916,52.4528622,4.3328753,-0.7636501,-0.62170136,-0.39288616,on bike mount,cyclo cross,False,mixed,mixed
159ca764-8e69-45a9-9fa3-39079fb69985,95e814a2-09f6-47ca-aab9-09bd5c3c0627,dd632057-c4ca-4894-be73-fc228062c7a3,1627403820894,13.384916,52.4528622,4.3328753,-1.7367831,1.1879733,0.16595459,on bike mount,cyclo cross,False,mixed,mixed
159ca764-8e69-45a9-9fa3-39079fb69985,95e814a2-09f6-47ca-aab9-09bd5c3c0627,db55e7d0-5e7d-44fa-9d78-f5ef3fd809ea,1627403820962,13.384916,52.4528622,4.3328753,-0.31696385,0.48236513,0.33007336,on bike mount,cyclo cross,False,mixed,mixed
159ca764-8e69-45a9-9fa3-39079fb69985,95e814a2-09f6-47ca-aab9-09bd5c3c0627,41b933ab-f097-4025-8267-978f47513868,1627403821012,13.384916,52.4528622,4.3328753,-0.096753955,-0.12876964,-0.46378517,on bike mount,cyclo cross,False,mixed,mixed
159ca764-8e69-45a9-9fa3-39079fb69985,95e814a2-09f6-47ca-aab9-09bd5c3c0627,c60a8dea-bf7c-471b-b567-7a4acb222b95,1627403821062,13.384916,52.4528622,4.3328753,-0.7254605,-0.3867905,-0.1318636,on bike mount,cyclo cross,False,mixed,mixed
159ca764-8e69-45a9-9fa3-39079fb69985,95e814a2-09f6-47ca-aab9-09bd5c3c0627,5f9c588e-0ceb-4735-b7bb-48b2173b9262,1627403821112,13.3848924,52.4528538,2.3444734,-0.42909026,-0.040164232,0.3433962,on bike mount,cyclo cross,False,mixed,mixed
159ca764-8e69-45a9-9fa3-39079fb69985,95e814a2-09f6-47ca-aab9-09bd5c3c0627,3de7c723-b403-40ad-bce7-700771d7a9e4,1627403821178,13.3848924,52.4528538,2.3444734,-0.48882785,-0.14173698,-1.0229778,on bike mount,cyclo cross,False,mixed,mixed
159ca764-8e69-45a9-9fa3-39079fb69985,95e814a2-09f6-47ca-aab9-09bd5c3c0627,895cd20e-387a-445c-8390-cfd1e656d21b,1627403821228,13.3848924,52.4528538,2.3444734,-0.96429557,0.018265247,-0.54522705,on bike mount,cyclo cross,False,mixed,mixed
159ca764-8e69-45a9-9fa3-39079fb69985,95e814a2-09f6-47ca-aab9-09bd5c3c0627,b3553abe-2cef-464c-97e0-01dfc1529fc9,1627403821278,13.3848924,52.4528538,2.3444734,-0.27452278,0.47926545,0.40734863,on bike mount,cyclo cross,False,mixed,mixed
159ca764-8e69-45a9-9fa3-39079fb69985,95e814a2-09f6-47ca-aab9-09bd5c3c0627,f5a3f349-3d80-4c8b-bc2b-560fd41b5870,1627403821328,13.3848924,52.4528538,2.3444734,-0.11139503,-0.3077402,0.10680199,on bike mount,cyclo cross,False,mixed,mixed
159ca764-8e69-45a9-9fa3-39079fb69985,95e814a2-09f6-47ca-aab9-09bd5c3c0627,572c8995-c044-4625-b23e-94cd05d24c70,1627403821396,13.3848924,52.4528538,2.3444734,-0.684669,0.10547972,0.36297703,on bike mount,cyclo cross,False,mixed,mixed
159ca764-8e69-45a9-9fa3-39079fb69985,95e814a2-09f6-47ca-aab9-09bd5c3c0627,835d0119-bbfc-4f2e-88d0-f4b0fea7f18d,1627403821445,13.3848924,52.4528538,2.3444734,-1.0659093,0.5681417,-0.4655018,on bike mount,cyclo cross,False,mixed,mixed
159ca764-8e69-45a9-9fa3-39079fb69985,95e814a2-09f6-47ca-aab9-09bd5c3c0627,b75490fb-7630-4a6c-b5ce-b615f97d88bd,1627403821495,13.3848924,52.4528538,2.3444734,-0.65994686,0.092737675,0.32033253,on bike mount,cyclo cross,False,mixed,mixed
159ca764-8e69-45a9-9fa3-39079fb69985,95e814a2-09f6-47ca-aab9-09bd5c3c0627,ab03368b-0cdd-4e0b-aa62-4429703b8437,1627403821545,13.3848924,52.4528538,2.3444734,-1.0613229,0.121255875,0.37187862,on bike mount,cyclo cross,False,mixed,mixed
159ca764-8e69-45a9-9fa3-39079fb69985,95e814a2-09f6-47ca-aab9-09bd5c3c0627,e36e6846-fca8-46cd-b2e8-65571fb6d428,1627403821595,13.3848924,52.4528538,2.3444734,-0.005552292,0.19987369,-0.42189217,on bike mount,cyclo cross,False,mixed,mixed
159ca764-8e69-45a9-9fa3-39079fb69985,95e814a2-09f6-47ca-aab9-09bd5c3c0627,cf347ab8-01fb-4785-94f4-db209cdd8628,1627403821646,13.3848924,52.4528538,2.3444734,-0.37196726,0.7280326,-1.053854,on bike mount,cyclo cross,False,mixed,mixed
159ca764-8e69-45a9-9fa3-39079fb69985,95e814a2-09f6-47ca-aab9-09bd5c3c0627,50a75a6d-65c2-4b59-a41c-dd1a68438b42,1627403821696,13.3848924,52.4528538,2.3444734,-0.7031567,0.047423363,0.40127754,on bike mount,cyclo cross,False,mixed,mixed
159ca764-8e69-45a9-9fa3-39079fb69985,95e814a2-09f6-47ca-aab9-09bd5c3c0627,8f3892ac-5b08-4af1-9608-e80add27dab0,1627403821746,13.3848924,52.4528538,2.3444734,-0.8536225,1.8601234,0.14023018,on bike mount,cyclo cross,False,mixed,mixed
