bike_activity_uid,bike_activity_sample_uid,bike_activity_measurement,bike_activity_measurement_timestamp,bike_activity_measurement_lon,bike_activity_measurement_lat,bike_activity_measurement_speed,bike_activity_measurement_accelerometer_x,bike_activity_measurement_accelerometer_y,bike_activity_measurement_accelerometer_z,bike_activity_phone_position,bike_activity_bike_type,bike_activity_flagged_lab_conditions,bike_activity_surface_type,bike_activity_smoothness_type
159ca764-8e69-45a9-9fa3-39079fb69985,d0491936-2ff6-4328-9a2f-3049d4565562,efc2b0d3-4369-4b20-8b6d-6855a9274644,1627403888909,13.3845715,52.4537562,6.4302106,0.96643865,0.35165644,-3.6967182,on bike mount,cyclo cross,False,mixed,mixed
159ca764-8e69-45a9-9fa3-39079fb69985,d0491936-2ff6-4328-9a2f-3049d4565562,bccc82b0-db43-4a0d-be72-4c351365e011,1627403888976,13.3845715,52.4537562,6.4302106,-0.042120337,1.8623652,-2.2173872,on bike mount,cyclo cross,False,mixed,mixed
159ca764-8e69-45a9-9fa3-39079fb69985,d0491936-2ff6-4328-9a2f-3049d4565562,96ff482d-288b-4943-8790-cfeaefb3984c,1627403889025,13.3845715,52.4537562,6.4302106,-0.027042598,-2.8813,0.026037216,on bike mount,cyclo cross,False,mixed,mixed
159ca764-8e69-45a9-9fa3-39079fb69985,d0491936-2ff6-4328-9a2f-3049d4565562,65fb9ad3-2884-4e30-832b-da388aad2e24,1627403889075,13.3845715,52.4537562,6.4302106,-0.122694254,-0.5787051,2.8163872,on bike mount,cyclo cross,False,mixed,mixed
159ca764-8e69-45a9-9fa3-39079fb69985,d0491936-2ff6-4328-9a2f-3049d4565562,b0b4fcbf-22d9-4252-ad9d-08d543800d4a,1627403889125,13.3845592,52.4538105,6.2221045,-0.029906929,2.3744879,-0.16904163,on bike mount,cyclo cross,False,mixed,mixed
159ca764-8e69-45a9-9fa3-39079fb69985,d0491936-2ff6-4328-9a2f-3049d4565562,52740373-d14b-48c7-a9b3-af13b0cd7895,1627403889176,13.3845592,52.4538105,6.2221045,0.09560341,-0.22921777,1.717516,on bike mount,cyclo cross,False,mixed,mixed
159ca764-8e69-45a9-9fa3-39079fb69985,d0491936-2ff6-4328-9a2f-3049d4565562,b2057acb-bc5c-41cc-a2db-532659721699,1627403889226,13.3845592,52.4538105,6.2221045,-0.97059655,-0.9806607,3.801321,on bike mount,cyclo cross,False,mixed,mixed
159ca764-8e69-45a9-9fa3-39079fb69985,d0491936-2ff6-4328-9a2f-3049d4565562,ab845e03-cc0c-41ce-ad27-758ef1ec3d49,1627403889276,13.3845592,52.4538105,6.2221045,-0.072253466,-0.22173548,5.459831,on bike mount,cyclo cross,False,mixed,mixed
159ca764-8e69-45a9-9fa3-39079fb69985,d0491936-2ff6-4328-9a2f-3049d4565562,3a7528e3-7ee0-42ab-979f-79e6b78f045a,1627403889327,13.3845592,52.4538105,6.2221045,1.5029085,-0.21506691,-5.9219003,on bike mount,cyclo cross,False,mixed,mixed
159ca764-8e69-45a9-9fa3-39079fb69985,d0491936-2ff6-4328-9a2f-3049d4565562,d8cce209-d94f-4fda-8ff5-efdd5cffc581,1627403889377,13.3845592,52.4538105,6.2221045,0.79728454,-2.424861,0.87525654,on bike mount,cyclo cross,False,mixed,mixed
159ca764-8e69-45a9-9fa3-39079fb69985,d0491936-2ff6-4328-9a2f-3049d4565562,6cc6b442-bd78-4766-9f52-0110b35af610,1627403889427,13.3845592,52.4538105,6.2221045,0.16655004,-3.854939,6.020336,on bike mount,cyclo cross,False,mixed,mixed
159ca764-8e69-45a9-9fa3-39079fb69985,d0491936-2ff6-4328-9a2f-3049d4565562,b719723e-5c7b-4071-ba15-1d1aebdc3d91,1627403889477,13.3845592,52.4538105,6.2221045,-2.252496,3.5362258,-0.08770275,on bike mount,cyclo cross,False,mixed,mixed
159ca764-8e69-45a9-9fa3-39079fb69985,d0491936-2ff6-4328-9a2f-3049d4565562,40d37c94-74ff-4c45-9b7f-ca7a34707541,1627403889527,13.3845592,52.4538105,6.2221045,1.0617104,-0.2350955,0.03984928,on bike mount,cyclo cross,False,mixed,mixed
159ca764-8e69-45a9-9fa3-39079fb69985,d0491936-2ff6-4328-9a2f-3049d4565562,521e520b-bcb6-49e8-824e-81c635b5ae45,1627403889578,13.3845592,52.4538105,6.2221045,1.0435538,-6.7735844,3.7526999,on bike mount,cyclo cross,False,mixed,mixed
159ca764-8e69-45a9-9fa3-39079fb69985,d0491936-2ff6-4328-9a2f-3049d4565562,ce87cfe2-1163-44cb-83e9-a98bc0d5e934,1627403889630,13.3845592,52.4538105,6.2221045,-0.050467357,5.067762,-4.693289,on bike mount,cyclo cross,False,mixed,mixed
159ca764-8e69-45a9-9fa3-39079fb69985,d0491936-2ff6-4328-9a2f-3049d4565562,45ba3847-e543-401f-8ab4-34dabf5c2fc3,1627403889692,13.3845592,52.4538105,6.2221045,-1.5904942,1.8045325,-0.13644314,on bike mount,cyclo cross,False,mixed,mixed
159ca764-8e69-45a9-9fa3-39079fb69985,d0491936-2ff6-4328-9a2f-3049d4565562,3ad3fcf5-08c1-4722-9fb8-e715c378c013,1627403889741,13.3845592,52.4538105,6.2221045,-0.26875204,0.7939663,-5.4889894,on bike mount,cyclo cross,False,mixed,mixed
159ca764-8e69-45a9-9fa3-39079fb69985,d0491936-2ff6-4328-9a2f-3049d4565562,c1d944d5-5af6-4e91-975d-aed6e7d41301,1627403889791,13.3845592,52.4538105,6.2221045,-1.7431315,1.0860312,-1.5592666,on bike mount,cyclo cross,False,mixed,mixed
159ca764-8e69-45a9-9fa3-39079fb69985,d0491936-2ff6-4328-9a2f-3049d4565562,54d1421c-d7fe-4b5b-abe0-52c53da6c37e,1627403889840,13.3845592,52.4538105,6.2221045,2.007998,-3.5715196,-0.91669655,on bike mount,cyclo cross,False,mixed,mixed
159ca764-8e69-45a9-9fa3-39079fb69985,d0491936-2ff6-4328-9a2f-3049d4565562,3e54aa56-4999-401f-b860-3eb7693d35e9,1627403889890,13.3845592,52.4538105,6.2221045,-0.59337807,0.92931914,1.3323851,on bike mount,cyclo cross,False,mixed,mixed
159ca764-8e69-45a9-9fa3-39079fb69985,d0491936-2ff6-4328-9a2f-3049d4565562,514aac5f-3506-409b-b761-ffc3ce2b71f1,1627403889941,13.3845592,52.4538105,6.2221045,-1.017199,-1.0610819,6.5348425,on bike mount,cyclo cross,False,mixed,mixed
159ca764-8e69-45a9-9fa3-39079fb69985,d0491936-2ff6-4328-9a2f-3049d4565562,b94d02b3-13a6-4c4a-b957-fbd70ba17020,1627403889991,13.3845592,52.4538105,6.2221045,0.15605885,-1.90501,-1.7643309,on bike mount,cyclo cross,False,mixed,mixed
159ca764-8e69-45a9-9fa3-39079fb69985,d0491936-2ff6-4328-9a2f-3049d4565562,3f4cf0f8-b256-416a-bec1-fa0c0bb16200,1627403890042,13.3845592,52.4538105,6.2221045,0.026450172,-0.2573223,1.5955172,on bike mount,cyclo cross,False,mixed,mixed
159ca764-8e69-45a9-9fa3-39079fb69985,d0491936-2ff6-4328-9a2f-3049d4565562,cd81156e-3733-4ae1-87d0-7152341f6f8a,1627403890093,13.3845449,52.4538647,6.2758803,1.85541,2.672645,-4.8489103,on bike mount,cyclo cross,False,mixed,mixed
159ca764-8e69-45a9-9fa3-39079fb69985,d0491936-2ff6-4328-9a2f-3049d4565562,819fc6bd-7348-4ce2-97f4-79d8cebff40f,1627403890159,13.3845449,52.4538647,6.2758803,0.38941276,-3.5935903,2.9766626,on bike mount,cyclo cross,False,mixed,mixed
159ca764-8e69-45a9-9fa3-39079fb69985,d0491936-2ff6-4328-9a2f-3049d4565562,7e722659-f91f-45a4-a109-6a4a966dd03e,1627403890209,13.3845449,52.4538647,6.2758803,2.809409,1.0705085,0.0341959,on bike mount,cyclo cross,False,mixed,mixed
159ca764-8e69-45a9-9fa3-39079fb69985,d0491936-2ff6-4328-9a2f-3049d4565562,b5daaeb5-ada3-4d1b-ae1b-4da556ec9961,1627403890259,13.3845449,52.4538647,6.2758803,-1.1759146,-1.4356165,4.1323023,on bike mount,cyclo cross,False,mixed,mixed
159ca764-8e69-45a9-9fa3-39079fb69985,d0491936-2ff6-4328-9a2f-3049d4565562,65e65df9-64fb-478f-a874-24c26a61e006,1627403890311,13.3845449,52.4538647,6.2758803,-0.788752,-1.6928735,-1.7402925,on bike mount,cyclo cross,False,mixed,mixed
159ca764-8e69-45a9-9fa3-39079fb69985,d0491936-2ff6-4328-9a2f-3049d4565562,f2b1c26a-f3fd-42fa-af82-01dab4b168e9,1627403890361,13.3845449,52.4538647,6.2758803,0.6506932,0.7785177,3.5950756,on bike mount,cyclo cross,False,mixed,mixed
159ca764-8e69-45a9-9fa3-39079fb69985,d0491936-2ff6-4328-9a2f-3049d4565562,5d1cf0cd-193d-439d-b344-0b5eb44a2a4b,1627403890411,13.3845449,52.4538647,6.2758803,-1.5479205,5.456257,-5.971534,on bike mount,cyclo cross,False,mixed,mixed
159ca764-8e69-45a9-9fa3-39079fb69985,d0491936-2ff6-4328-9a2f-3049d4565562,d8e8dfb3-ad9d-4649-811d-f4bb72bca442,1627403890461,13.3845449,52.4538647,6.2758803,-1.1277366,6.344448,-4.414169,on bike mount,cyclo cross,False,mixed,mixed
159ca764-8e69-45a9-9fa3-39079fb69985,d0491936-2ff6-4328-9a2f-3049d4565562,fb745564-ab30-47a0-8c04-0cc33ea12fd3,1627403890511,13.3845449,52.4538647,6.2758803,0.048065763,-2.6582735,-2.1079168,on bike mount,cyclo cross,False,mixed,mixed
159ca764-8e69-45a9-9fa3-39079fb69985,d0491936-2ff6-4328-9a2f-3049d4565562,c4217c64-2725-42c3-a98e-8e6031125ff1,1627403890561,13.3845449,52.4538647,6.2758803,-0.69105434,1.9241745,1.7164974,on bike mount,cyclo cross,False,mixed,mixed
159ca764-8e69-45a9-9fa3-39079fb69985,d0491936-2ff6-4328-9a2f-3049d4565562,6a49de0c-4aa8-4582-bee7-7bd24d47274c,1627403890612,13.3845449,52.4538647,6.2758803,-0.7568588,0.79474497,0.30329132,on bike mount,cyclo cross,False,mixed,mixed
159ca764-8e69-45a9-9fa3-39079fb69985,d0491936-2ff6-4328-9a2f-3049d4565562,02e8da20-cef0-48ac-ab79-d3575f25eb27,1627403890662,13.3845449,52.4538647,6.2758803,0.009489894,-1.6400611,-5.203491,on bike mount,cyclo cross,False,mixed,mixed
159ca764-8e69-45a9-9fa3-39079fb69985,d0491936-2ff6-4328-9a2f-3049d4565562,60e7539b-669b-46b3-8bed-43479e41a583,1627403890712,13.3845449,52.4538647,6.2758803,-0.2965684,1.4666834,-0.091688156,on bike mount,cyclo cross,False,mixed,mixed
159ca764-8e69-45a9-9fa3-39079fb69985,d0491936-2ff6-4328-9a2f-3049d4565562,d62d6370-f0ba-434e-ae1b-e99e2ad33316,1627403890762,13.3845449,52.4538647,6.2758803,-1.3743658,-1.8818514,-1.2597046,on bike mount,cyclo cross,False,mixed,mixed
159ca764-8e69-45a9-9fa3-39079fb69985,d0491936-2ff6-4328-9a2f-3049d4565562,1d50db85-3695-4ac0-8cdc-10f875eecfb0,1627403890813,13.3845449,52.4538647,6.2758803,-0.49591172,3.5612779,1.2720366,on bike mount,cyclo cross,False,mixed,mixed
159ca764-8e69-45a9-9fa3-39079fb69985,d0491936-2ff6-4328-9a2f-3049d4565562,aa5d1b41-1123-467f-bd78-2d3112a34c65,1627403890876,13.3845449,52.4538647,6.2758803,-0.45665514,1.7950401,1.1978712,on bike mount,cyclo cross,False,mixed,mixed
159ca764-8e69-45a9-9fa3-39079fb69985,d0491936-2ff6-4328-9a2f-3049d4565562,4d32a269-5ae9-4576-9eb3-d5d61bf89649,1627403890926,13.3845449,52.4538647,6.2758803,-1.5845908,-4.2182426,4.4451475,on bike mount,cyclo cross,False,mixed,mixed
159ca764-8e69-45a9-9fa3-39079fb69985,d0491936-2ff6-4328-9a2f-3049d4565562,ec216762-6cd9-4282-99ce-32bc48451c31,1627403890977,13.3845449,52.4538647,6.2758803,1.554106,0.5620804,1.565577,on bike mount,cyclo cross,False,mixed,mixed
159ca764-8e69-45a9-9fa3-39079fb69985,d0491936-2ff6-4328-9a2f-3049d4565562,5e6287c0-a020-4cc3-9fcf-fa8705201ee3,1627403891027,13.3845449,52.4538647,6.2758803,0.7935131,-4.335823,3.368208,on bike mount,cyclo cross,False,mixed,mixed
159ca764-8e69-45a9-9fa3-39079fb69985,d0491936-2ff6-4328-9a2f-3049d4565562,58ec2682-8df0-4f00-9425-40eb9a45c5f4,1627403891078,13.3845336,52.453923,6.3975234,0.25597036,0.76754475,4.5542793,on bike mount,cyclo cross,False,mixed,mixed
159ca764-8e69-45a9-9fa3-39079fb69985,d0491936-2ff6-4328-9a2f-3049d4565562,ca8dffae-8117-4113-a7b3-e8c39e5d5028,1627403891128,13.3845336,52.453923,6.3975234,0.25238872,-0.7238474,-1.5422349,on bike mount,cyclo cross,False,mixed,mixed
159ca764-8e69-45a9-9fa3-39079fb69985,d0491936-2ff6-4328-9a2f-3049d4565562,86de2cee-deb0-4f9b-b455-0ef9b466a507,1627403891178,13.3845336,52.453923,6.3975234,0.11246604,2.2546573,1.0921316,on bike mount,cyclo cross,False,mixed,mixed
159ca764-8e69-45a9-9fa3-39079fb69985,d0491936-2ff6-4328-9a2f-3049d4565562,75eb9cf8-9f51-46f9-ae96-d448f0ac953b,1627403891228,13.3845336,52.453923,6.3975234,-0.9551923,0.9704802,-4.252894,on bike mount,cyclo cross,False,mixed,mixed
159ca764-8e69-45a9-9fa3-39079fb69985,d0491936-2ff6-4328-9a2f-3049d4565562,06b0e59a-5181-4180-bfe1-7e870067382c,1627403891278,13.3845336,52.453923,6.3975234,-1.0499986,2.116115,0.2138195,on bike mount,cyclo cross,False,mixed,mixed
159ca764-8e69-45a9-9fa3-39079fb69985,d0491936-2ff6-4328-9a2f-3049d4565562,22dd6321-581b-4522-8bdb-8e925e1b9b57,1627403891343,13.3845336,52.453923,6.3975234,2.470428,-1.1118975,0.4566431,on bike mount,cyclo cross,False,mixed,mixed
159ca764-8e69-45a9-9fa3-39079fb69985,d0491936-2ff6-4328-9a2f-3049d4565562,f6c7d304-f6fe-48ab-9ebf-0e681d9aef5f,1627403891393,13.3845336,52.453923,6.3975234,-1.4942515,1.8959694,-4.107004,on bike mount,cyclo cross,False,mixed,mixed
159ca764-8e69-45a9-9fa3-39079fb69985,d0491936-2ff6-4328-9a2f-3049d4565562,33c9c720-3431-4d09-9714-ab766d1e2f6e,1627403891442,13.3845336,52.453923,6.3975234,1.6094135,-0.61215115,0.80941486,on bike mount,cyclo cross,False,mixed,mixed
159ca764-8e69-45a9-9fa3-39079fb69985,d0491936-2ff6-4328-9a2f-3049d4565562,b3101119-4a53-4bbc-8570-1dce1b818809,1627403891492,13.3845336,52.453923,6.3975234,0.86464435,-2.5814848,0.11763096,on bike mount,cyclo cross,False,mixed,mixed
159ca764-8e69-45a9-9fa3-39079fb69985,d0491936-2ff6-4328-9a2f-3049d4565562,c3aed5d1-a3f3-4b5d-b724-6f6b0717db8b,1627403891542,13.3845336,52.453923,6.3975234,-0.64822996,4.7550364,-4.9533253,on bike mount,cyclo cross,False,mixed,mixed
159ca764-8e69-45a9-9fa3-39079fb69985,d0491936-2ff6-4328-9a2f-3049d4565562,c8b01cb5-3bb7-49c4-9314-251b827f3ee0,1627403891593,13.3845336,52.453923,6.3975234,-1.2672452,-5.252404,10.3899975,on bike mount,cyclo cross,False,mixed,mixed
159ca764-8e69-45a9-9fa3-39079fb69985,d0491936-2ff6-4328-9a2f-3049d4565562,8e2d950a-4531-49bc-80f6-9f64055a4ad4,1627403891643,13.3845336,52.453923,6.3975234,-2.9046657,-3.6441598,1.0729256,on bike mount,cyclo cross,False,mixed,mixed
159ca764-8e69-45a9-9fa3-39079fb69985,d0491936-2ff6-4328-9a2f-3049d4565562,802db298-73f2-4227-b75e-56b1774f3974,1627403891693,13.3845336,52.453923,6.3975234,0.31949696,2.2567086,2.4396706,on bike mount,cyclo cross,False,mixed,mixed
159ca764-8e69-45a9-9fa3-39079fb69985,d0491936-2ff6-4328-9a2f-3049d4565562,a0df2753-3042-493b-8f45-0bfee9618c80,1627403891743,13.3845336,52.453923,6.3975234,-0.26277387,-4.088106,-0.68302155,on bike mount,cyclo cross,False,mixed,mixed
159ca764-8e69-45a9-9fa3-39079fb69985,d0491936-2ff6-4328-9a2f-3049d4565562,7069225a-69b3-4bf5-b76a-9fe231b5b635,1627403891811,13.3845336,52.453923,6.3975234,-1.6319501,-0.44654393,-0.7326231,on bike mount,cyclo cross,False,mixed,mixed
159ca764-8e69-45a9-9fa3-39079fb69985,d0491936-2ff6-4328-9a2f-3049d4565562,037503e6-0557-4a55-b1a2-321c1257e71e,1627403891862,13.3845336,52.453923,6.3975234,4.1060376,4.309497,-5.6508594,on bike mount,cyclo cross,False,mixed,mixed
159ca764-8e69-45a9-9fa3-39079fb69985,d0491936-2ff6-4328-9a2f-3049d4565562,ec4ba554-45fc-4029-b705-0e9609d2ff3d,1627403891912,13.3845336,52.453923,6.3975234,-1.7392089,-0.8880999,-4.4564443,on bike mount,cyclo cross,False,mixed,mixed
159ca764-8e69-45a9-9fa3-39079fb69985,d0491936-2ff6-4328-9a2f-3049d4565562,31c22047-4be0-4f29-86c9-5cacb4c6eb64,1627403891962,13.3845336,52.453923,6.3975234,-0.49833027,-2.7875175,1.1758556,on bike mount,cyclo cross,False,mixed,mixed
159ca764-8e69-45a9-9fa3-39079fb69985,d0491936-2ff6-4328-9a2f-3049d4565562,be80446d-547f-442e-8122-3766e8226355,1627403892012,13.3845336,52.453923,6.3975234,1.9803864,1.3742843,-4.4285383,on bike mount,cyclo cross,False,mixed,mixed
159ca764-8e69-45a9-9fa3-39079fb69985,d0491936-2ff6-4328-9a2f-3049d4565562,00e2da92-3a08-4971-a1cf-f32d9a60a618,1627403892062,13.3845336,52.453923,6.3975234,-0.48230815,0.9441366,-5.9335017,on bike mount,cyclo cross,False,mixed,mixed
159ca764-8e69-45a9-9fa3-39079fb69985,d0491936-2ff6-4328-9a2f-3049d4565562,5e23a431-cecc-4fab-9f6b-962648fae701,1627403892112,13.3845269,52.4539803,6.581544,-0.2748713,-1.9551257,1.5014496,on bike mount,cyclo cross,False,mixed,mixed
159ca764-8e69-45a9-9fa3-39079fb69985,d0491936-2ff6-4328-9a2f-3049d4565562,13089cea-cd4f-4a3c-8337-7ca08abd8915,1627403892162,13.3845269,52.4539803,6.581544,-0.24426836,1.4786854,-2.0793266,on bike mount,cyclo cross,False,mixed,mixed
159ca764-8e69-45a9-9fa3-39079fb69985,d0491936-2ff6-4328-9a2f-3049d4565562,8b908e9f-0484-4ff8-9dfd-5fd619c10ad6,1627403892213,13.3845269,52.4539803,6.581544,-1.1165172,-0.19535112,-1.7428017,on bike mount,cyclo cross,False,mixed,mixed
159ca764-8e69-45a9-9fa3-39079fb69985,d0491936-2ff6-4328-9a2f-3049d4565562,121e44aa-b9fc-46d9-b5d8-7763a9c2366d,1627403892263,13.3845269,52.4539803,6.581544,-1.4854425,-6.5318847,-0.3971281,on bike mount,cyclo cross,False,mixed,mixed
159ca764-8e69-45a9-9fa3-39079fb69985,d0491936-2ff6-4328-9a2f-3049d4565562,4033a1ba-3dd1-47ae-bf7d-eee7f2c076eb,1627403892312,13.3845269,52.4539803,6.581544,-0.5209919,1.380548,-1.0192008,on bike mount,cyclo cross,False,mixed,mixed
159ca764-8e69-45a9-9fa3-39079fb69985,d0491936-2ff6-4328-9a2f-3049d4565562,9ff7cb97-b567-47f0-9821-ae4994fd967b,1627403892361,13.3845269,52.4539803,6.581544,-0.25636905,-0.55492496,-0.3602972,on bike mount,cyclo cross,False,mixed,mixed
159ca764-8e69-45a9-9fa3-39079fb69985,d0491936-2ff6-4328-9a2f-3049d4565562,b7e98a85-4bf5-403f-93bc-c2aeec102829,1627403892411,13.3845269,52.4539803,6.581544,0.060537755,-2.2815557,2.79416,on bike mount,cyclo cross,False,mixed,mixed
159ca764-8e69-45a9-9fa3-39079fb69985,d0491936-2ff6-4328-9a2f-3049d4565562,2aee9fe4-1a6b-4449-8500-864d7f5ed347,1627403892461,13.3845269,52.4539803,6.581544,-0.9759197,-2.2624815,1.9788828,on bike mount,cyclo cross,False,mixed,mixed
159ca764-8e69-45a9-9fa3-39079fb69985,d0491936-2ff6-4328-9a2f-3049d4565562,088da2e9-dad6-414c-a95d-ad23c40d9da6,1627403892527,13.3845269,52.4539803,6.581544,-0.2854931,2.1452708,-0.16732693,on bike mount,cyclo cross,False,mixed,mixed
159ca764-8e69-45a9-9fa3-39079fb69985,d0491936-2ff6-4328-9a2f-3049d4565562,00f4a2eb-5209-4a30-b35e-26b484df48b5,1627403892607,13.3845269,52.4539803,6.581544,1.1391888,1.788847,1.5495167,on bike mount,cyclo cross,False,mixed,mixed
159ca764-8e69-45a9-9fa3-39079fb69985,d0491936-2ff6-4328-9a2f-3049d4565562,08d2507c-1292-4d4f-8dfb-1a3c529be86a,1627403892657,13.3845269,52.4539803,6.581544,-0.35869548,-1.7507106,0.08169365,on bike mount,cyclo cross,False,mixed,mixed
159ca764-8e69-45a9-9fa3-39079fb69985,d0491936-2ff6-4328-9a2f-3049d4565562,fdef0198-54af-48ca-8052-3acf9765f4c6,1627403892706,13.3845269,52.4539803,6.581544,-2.0972452,2.022181,-2.4301796,on bike mount,cyclo cross,False,mixed,mixed
159ca764-8e69-45a9-9fa3-39079fb69985,d0491936-2ff6-4328-9a2f-3049d4565562,fed45530-cbee-47cb-9b43-3339fcd54e3c,1627403892760,13.3845269,52.4539803,6.581544,0.35500842,1.9609289,3.2817345,on bike mount,cyclo cross,False,mixed,mixed
159ca764-8e69-45a9-9fa3-39079fb69985,d0491936-2ff6-4328-9a2f-3049d4565562,0845d5e7-ac70-449e-a1f2-dd691113f465,1627403892810,13.3845269,52.4539803,6.581544,-2.3920822,1.9563608,-6.0664124,on bike mount,cyclo cross,False,mixed,mixed
159ca764-8e69-45a9-9fa3-39079fb69985,d0491936-2ff6-4328-9a2f-3049d4565562,63153162-f850-4813-8c74-76d1733fe6d8,1627403892860,13.3845269,52.4539803,6.581544,0.34674317,-2.9156127,2.6384048,on bike mount,cyclo cross,False,mixed,mixed
159ca764-8e69-45a9-9fa3-39079fb69985,d0491936-2ff6-4328-9a2f-3049d4565562,c1ee069c-b867-4cf1-be43-dfc48beaea86,1627403892910,13.3845269,52.4539803,6.581544,-1.7640932,0.2604308,-1.6960373,on bike mount,cyclo cross,False,mixed,mixed
159ca764-8e69-45a9-9fa3-39079fb69985,d0491936-2ff6-4328-9a2f-3049d4565562,64df510f-dae6-4f17-85e6-7d9e2973ac2d,1627403892961,13.3845269,52.4539803,6.581544,1.2674714,-4.7514777,4.057682,on bike mount,cyclo cross,False,mixed,mixed
159ca764-8e69-45a9-9fa3-39079fb69985,d0491936-2ff6-4328-9a2f-3049d4565562,c2323193-145c-4e02-8e6e-8e36fadce2ff,1627403893013,13.3845269,52.4539803,6.581544,0.33345097,5.6743913,0.3485918,on bike mount,cyclo cross,False,mixed,mixed
159ca764-8e69-45a9-9fa3-39079fb69985,a3a741f0-5056-4975-be0a-7c0ec0485585,453926d6-0e66-4599-9a86-c8919d86e162,1627403892559,13.3845269,52.4539803,6.581544,1.045773,-0.0083527565,-5.6835866,on bike mount,cyclo cross,False,mixed,mixed
159ca764-8e69-45a9-9fa3-39079fb69985,a3a741f0-5056-4975-be0a-7c0ec0485585,60f4a614-4b52-4c79-b24b-f4a7afb25d71,1627403892609,13.3845269,52.4539803,6.581544,1.602056,2.7670703,1.6776915,on bike mount,cyclo cross,False,mixed,mixed
159ca764-8e69-45a9-9fa3-39079fb69985,a3a741f0-5056-4975-be0a-7c0ec0485585,25c1d62d-beb4-492c-a68a-c6bcb14814b1,1627403892664,13.3845269,52.4539803,6.581544,-0.2159939,3.184135,-2.2324815,on bike mount,cyclo cross,False,mixed,mixed
159ca764-8e69-45a9-9fa3-39079fb69985,a3a741f0-5056-4975-be0a-7c0ec0485585,68b9c723-be4c-48b1-9981-73b0ec566c2f,1627403892715,13.3845269,52.4539803,6.581544,-1.1208062,4.0289145,-1.4981999,on bike mount,cyclo cross,False,mixed,mixed
159ca764-8e69-45a9-9fa3-39079fb69985,a3a741f0-5056-4975-be0a-7c0ec0485585,2a58195c-22ba-4895-afed-60faa5fca091,1627403892765,13.3845269,52.4539803,6.581544,1.1839203,1.2789006,4.756439,on bike mount,cyclo cross,False,mixed,mixed
159ca764-8e69-45a9-9fa3-39079fb69985,a3a741f0-5056-4975-be0a-7c0ec0485585,e5e7d675-9591-4848-914a-6cae271b5a22,1627403892815,13.3845269,52.4539803,6.581544,-1.2969036,4.0656376,-6.3729906,on bike mount,cyclo cross,False,mixed,mixed
159ca764-8e69-45a9-9fa3-39079fb69985,a3a741f0-5056-4975-be0a-7c0ec0485585,15ef67da-4315-4744-a3b3-127169f825e8,1627403892865,13.3845269,52.4539803,6.581544,0.044555485,-2.2397616,3.0907278,on bike mount,cyclo cross,False,mixed,mixed
159ca764-8e69-45a9-9fa3-39079fb69985,a3a741f0-5056-4975-be0a-7c0ec0485585,1799fd12-9b9b-4efc-846b-d87788e143f0,1627403892915,13.3845269,52.4539803,6.581544,-1.1701398,1.6128907,0.71666336,on bike mount,cyclo cross,False,mixed,mixed
159ca764-8e69-45a9-9fa3-39079fb69985,a3a741f0-5056-4975-be0a-7c0ec0485585,62056509-edfd-4e1b-a080-67e8934cc77e,1627403892965,13.3845269,52.4539803,6.581544,1.0921252,-5.3376245,4.3925676,on bike mount,cyclo cross,False,mixed,mixed
159ca764-8e69-45a9-9fa3-39079fb69985,a3a741f0-5056-4975-be0a-7c0ec0485585,a1e799cf-b1d2-441a-975a-1704593f7e97,1627403893015,13.3845269,52.4539803,6.581544,-0.04504691,4.1158385,3.3840723,on bike mount,cyclo cross,False,mixed,mixed
159ca764-8e69-45a9-9fa3-39079fb69985,a3a741f0-5056-4975-be0a-7c0ec0485585,7bb6e707-2554-4fb9-8f24-75d1adb84995,1627403893065,13.3845269,52.4539803,6.581544,-1.4363718,-4.231065,4.3127165,on bike mount,cyclo cross,False,mixed,mixed
159ca764-8e69-45a9-9fa3-39079fb69985,a3a741f0-5056-4975-be0a-7c0ec0485585,b526786f-ceab-4ac0-beb2-0272c51a3fa5,1627403893115,13.3845213,52.454036,6.3986263,0.3100729,1.0261467,-2.648748,on bike mount,cyclo cross,False,mixed,mixed
159ca764-8e69-45a9-9fa3-39079fb69985,a3a741f0-5056-4975-be0a-7c0ec0485585,a27f7ecc-59b2-4794-ac86-d870b71bb5f7,1627403893165,13.3845213,52.454036,6.3986263,0.33556274,-0.22815108,-1.1205678,on bike mount,cyclo cross,False,mixed,mixed
159ca764-8e69-45a9-9fa3-39079fb69985,a3a741f0-5056-4975-be0a-7c0ec0485585,e2fc181a-074a-4645-9165-1e21a11b232e,1627403893214,13.3845213,52.454036,6.3986263,0.15652809,-4.505653,1.8455954,on bike mount,cyclo cross,False,mixed,mixed
159ca764-8e69-45a9-9fa3-39079fb69985,a3a741f0-5056-4975-be0a-7c0ec0485585,67651cef-02b5-4359-9418-ea3390fdeb0b,1627403893265,13.3845213,52.454036,6.3986263,0.3437776,-1.4437051,-3.2531319,on bike mount,cyclo cross,False,mixed,mixed
159ca764-8e69-45a9-9fa3-39079fb69985,a3a741f0-5056-4975-be0a-7c0ec0485585,5e1ac153-c95d-4cee-b6fb-2f3fef0eb467,1627403893315,13.3845213,52.454036,6.3986263,0.16098304,-1.717435,2.7272825,on bike mount,cyclo cross,False,mixed,mixed
159ca764-8e69-45a9-9fa3-39079fb69985,a3a741f0-5056-4975-be0a-7c0ec0485585,f3db8c30-bedf-43d8-8c63-d3ecaa46f6da,1627403893365,13.3845213,52.454036,6.3986263,0.36443403,-0.48065233,0.522212,on bike mount,cyclo cross,False,mixed,mixed
159ca764-8e69-45a9-9fa3-39079fb69985,a3a741f0-5056-4975-be0a-7c0ec0485585,a822841b-0f30-4d9b-b441-52e577d2c2e1,1627403893415,13.3845213,52.454036,6.3986263,-2.7485433,5.3098645,-7.072319,on bike mount,cyclo cross,False,mixed,mixed
159ca764-8e69-45a9-9fa3-39079fb69985,a3a741f0-5056-4975-be0a-7c0ec0485585,5601f3e9-6818-4de1-ae3a-658973e3c027,1627403893465,13.3845213,52.454036,6.3986263,-0.025761157,-0.32035804,-1.1104336,on bike mount,cyclo cross,False,mixed,mixed
159ca764-8e69-45a9-9fa3-39079fb69985,a3a741f0-5056-4975-be0a-7c0ec0485585,ac8ee343-d70a-4098-a225-339c5c9f6bfa,1627403893515,13.3845213,52.454036,6.3986263,1.3698806,3.1474257,-2.8298635,on bike mount,cyclo cross,False,mixed,mixed
159ca764-8e69-45a9-9fa3-39079fb69985,a3a741f0-5056-4975-be0a-7c0ec0485585,d31c8aea-d9f2-40ad-b083-2cdfeede16e5,1627403893565,13.3845213,52.454036,6.3986263,0.42240843,-14.4061,12.122549,on bike mount,cyclo cross,False,mixed,mixed
159ca764-8e69-45a9-9fa3-39079fb69985,a3a741f0-5056-4975-be0a-7c0ec0485585,4e5ae87b-eb10-4bb3-be5b-a8a47de867e1,1627403893616,13.3845213,52.454036,6.3986263,0.16733931,-3.9245908,5.6853485,on bike mount,cyclo cross,False,mixed,mixed
159ca764-8e69-45a9-9fa3-39079fb69985,a3a741f0-5056-4975-be0a-7c0ec0485585,7b12264e-ee78-4778-891b-b3634502a5cf,1627403893665,13.3845213,52.454036,6.3986263,0.16373816,-2.4208093,4.2644386,on bike mount,cyclo cross,False,mixed,mixed
159ca764-8e69-45a9-9fa3-39079fb69985,a3a741f0-5056-4975-be0a-7c0ec0485585,8fcac6fa-165f-4e3d-9a46-c242ee3b951f,1627403893715,13.3845213,52.454036,6.3986263,0.22555554,-5.5563536,-2.623475,on bike mount,cyclo cross,False,mixed,mixed
159ca764-8e69-45a9-9fa3-39079fb69985,a3a741f0-5056-4975-be0a-7c0ec0485585,d547540e-4ec9-4da3-8c4a-8b8cf885117d,1627403893765,13.3845213,52.454036,6.3986263,-0.7187846,-1.1298573,1.1835012,on bike mount,cyclo cross,False,mixed,mixed
159ca764-8e69-45a9-9fa3-39079fb69985,a3a741f0-5056-4975-be0a-7c0ec0485585,95036c07-27fa-4254-8c08-63b67656fa15,1627403893815,13.3845213,52.454036,6.3986263,0.49606135,-2.9909976,-2.166286,on bike mount,cyclo cross,False,mixed,mixed
159ca764-8e69-45a9-9fa3-39079fb69985,a3a741f0-5056-4975-be0a-7c0ec0485585,36d46f9b-8fb4-4830-b029-1e11d4b39c52,1627403893865,13.3845213,52.454036,6.3986263,-0.06843368,1.5263052,-2.274393,on bike mount,cyclo cross,False,mixed,mixed
159ca764-8e69-45a9-9fa3-39079fb69985,a3a741f0-5056-4975-be0a-7c0ec0485585,0583465e-467c-4665-a48f-3045e6a8d573,1627403893915,13.3845213,52.454036,6.3986263,0.04160826,-6.941709,7.4786806,on bike mount,cyclo cross,False,mixed,mixed
159ca764-8e69-45a9-9fa3-39079fb69985,a3a741f0-5056-4975-be0a-7c0ec0485585,229a7966-66e9-4055-9726-499c1b47f389,1627403893965,13.3845213,52.454036,6.3986263,-0.30014658,2.9730992,-10.09236,on bike mount,cyclo cross,False,mixed,mixed
159ca764-8e69-45a9-9fa3-39079fb69985,a3a741f0-5056-4975-be0a-7c0ec0485585,e17001c6-5ec2-41b4-ae85-78c9d1deb9c7,1627403894016,13.3845213,52.454036,6.3986263,1.5580479,-1.0814848,0.007633209,on bike mount,cyclo cross,False,mixed,mixed
159ca764-8e69-45a9-9fa3-39079fb69985,a3a741f0-5056-4975-be0a-7c0ec0485585,e203212c-dc21-4b26-a08b-d48d2a4d6c60,1627403894065,13.3845213,52.454036,6.3986263,0.5025991,1.6117306,-4.591569,on bike mount,cyclo cross,False,mixed,mixed
159ca764-8e69-45a9-9fa3-39079fb69985,a3a741f0-5056-4975-be0a-7c0ec0485585,f3fa3e32-8a76-4d3b-ad05-960ce41e7299,1627403894115,13.3845027,52.454092,6.5093837,-0.29888076,-3.093601,-4.2281456,on bike mount,cyclo cross,False,mixed,mixed
159ca764-8e69-45a9-9fa3-39079fb69985,a3a741f0-5056-4975-be0a-7c0ec0485585,1eabe83e-819c-44a9-b40b-933a1b1626ec,1627403894166,13.3845027,52.454092,6.5093837,0.71708226,2.901029,-0.77898216,on bike mount,cyclo cross,False,mixed,mixed
159ca764-8e69-45a9-9fa3-39079fb69985,a3a741f0-5056-4975-be0a-7c0ec0485585,8fe74189-a011-4f3e-b86f-807575bd9671,1627403894216,13.3845027,52.454092,6.5093837,-0.7990976,-3.6275592,1.5751362,on bike mount,cyclo cross,False,mixed,mixed
159ca764-8e69-45a9-9fa3-39079fb69985,a3a741f0-5056-4975-be0a-7c0ec0485585,8d481fc9-c94a-4e29-93c2-a3f62ec67390,1627403894266,13.3845027,52.454092,6.5093837,-0.8159627,2.9185982,-4.438608,on bike mount,cyclo cross,False,mixed,mixed
159ca764-8e69-45a9-9fa3-39079fb69985,a3a741f0-5056-4975-be0a-7c0ec0485585,f868f238-3e94-41a3-9d09-2bcb48cf336f,1627403894317,13.3845027,52.454092,6.5093837,0.1687865,2.5630531,-5.7207704,on bike mount,cyclo cross,False,mixed,mixed
159ca764-8e69-45a9-9fa3-39079fb69985,a3a741f0-5056-4975-be0a-7c0ec0485585,4a11578d-c792-4bf7-8043-f241c1c0f38a,1627403894366,13.3845027,52.454092,6.5093837,-3.1275237,-6.094113,4.4265184,on bike mount,cyclo cross,False,mixed,mixed
159ca764-8e69-45a9-9fa3-39079fb69985,a3a741f0-5056-4975-be0a-7c0ec0485585,1995249a-c0f5-4984-a00c-b7ec0629488c,1627403894416,13.3845027,52.454092,6.5093837,-1.7481701,5.453676,-3.0301409,on bike mount,cyclo cross,False,mixed,mixed
159ca764-8e69-45a9-9fa3-39079fb69985,a3a741f0-5056-4975-be0a-7c0ec0485585,6fb7da4c-fa81-41b7-8e79-77b7e73c2ea6,1627403894466,13.3845027,52.454092,6.5093837,0.069127366,-1.5550917,-2.7138362,on bike mount,cyclo cross,False,mixed,mixed
159ca764-8e69-45a9-9fa3-39079fb69985,a3a741f0-5056-4975-be0a-7c0ec0485585,2d9e705d-0006-4bb7-87c8-b2d376f1498d,1627403894516,13.3845027,52.454092,6.5093837,-2.2352219,-2.9642084,2.8693514,on bike mount,cyclo cross,False,mixed,mixed
159ca764-8e69-45a9-9fa3-39079fb69985,a3a741f0-5056-4975-be0a-7c0ec0485585,1197c90e-e2e7-4488-ae91-46495d9b5ab8,1627403894565,13.3845027,52.454092,6.5093837,-1.4728909,1.0995874,-5.323528,on bike mount,cyclo cross,False,mixed,mixed
159ca764-8e69-45a9-9fa3-39079fb69985,a3a741f0-5056-4975-be0a-7c0ec0485585,9a5f4d3f-d295-4378-a87a-585a24e15c18,1627403894615,13.3845027,52.454092,6.5093837,-0.8367143,-7.1585,7.0882072,on bike mount,cyclo cross,False,mixed,mixed
159ca764-8e69-45a9-9fa3-39079fb69985,a3a741f0-5056-4975-be0a-7c0ec0485585,619787fc-09b1-4683-90d0-09e962600528,1627403894665,13.3845027,52.454092,6.5093837,0.21355766,7.4051876,-6.7890997,on bike mount,cyclo cross,False,mixed,mixed
159ca764-8e69-45a9-9fa3-39079fb69985,a3a741f0-5056-4975-be0a-7c0ec0485585,b5c4ce31-4a52-4bd3-b4cd-2b0216ed0ed0,1627403894730,13.3845027,52.454092,6.5093837,-1.6831206,-0.3829364,0.67840004,on bike mount,cyclo cross,False,mixed,mixed
159ca764-8e69-45a9-9fa3-39079fb69985,a3a741f0-5056-4975-be0a-7c0ec0485585,f8bd1ff7-c564-4e1f-827e-1cfe7e17974f,1627403894780,13.3845027,52.454092,6.5093837,-0.5392778,1.7092252,1.4617634,on bike mount,cyclo cross,False,mixed,mixed
159ca764-8e69-45a9-9fa3-39079fb69985,a3a741f0-5056-4975-be0a-7c0ec0485585,b53d063a-b90d-46aa-a914-48a739814b55,1627403894830,13.3845027,52.454092,6.5093837,0.66676456,-4.625734,4.3814516,on bike mount,cyclo cross,False,mixed,mixed
159ca764-8e69-45a9-9fa3-39079fb69985,a3a741f0-5056-4975-be0a-7c0ec0485585,5f29da14-5c98-4332-9c4b-7ab3a6cbecd5,1627403894880,13.3845027,52.454092,6.5093837,0.15415403,-1.788628,-1.9885893,on bike mount,cyclo cross,False,mixed,mixed
159ca764-8e69-45a9-9fa3-39079fb69985,a3a741f0-5056-4975-be0a-7c0ec0485585,f907e9c8-429f-4dc8-a417-71bef091ea5b,1627403894930,13.3845027,52.454092,6.5093837,-0.77968824,0.9461794,1.4869547,on bike mount,cyclo cross,False,mixed,mixed
159ca764-8e69-45a9-9fa3-39079fb69985,a3a741f0-5056-4975-be0a-7c0ec0485585,99dd40ec-08c2-4246-b14f-ef52a8a7db4a,1627403894983,13.3845027,52.454092,6.5093837,-0.3671292,-4.9058833,-0.2952118,on bike mount,cyclo cross,False,mixed,mixed
159ca764-8e69-45a9-9fa3-39079fb69985,a3a741f0-5056-4975-be0a-7c0ec0485585,b7d44d92-5e84-48cf-816e-0607688515c7,1627403895034,13.3845027,52.454092,6.5093837,5.7393136,6.1788125,-4.667506,on bike mount,cyclo cross,False,mixed,mixed
159ca764-8e69-45a9-9fa3-39079fb69985,a3a741f0-5056-4975-be0a-7c0ec0485585,2b1cb3fd-67e5-407f-b35a-51ab4347bb50,1627403895084,13.3845027,52.454092,6.5093837,0.94791555,-6.490306,4.7389984,on bike mount,cyclo cross,False,mixed,mixed
159ca764-8e69-45a9-9fa3-39079fb69985,a3a741f0-5056-4975-be0a-7c0ec0485585,ece5bcf5-74f6-4670-a375-62b9d5078c38,1627403895135,13.3844789,52.45415,6.5399323,1.7596055,0.58069515,-1.9947772,on bike mount,cyclo cross,False,mixed,mixed
159ca764-8e69-45a9-9fa3-39079fb69985,a3a741f0-5056-4975-be0a-7c0ec0485585,1bde5ef8-a63a-44a3-bb21-f2b2241120ea,1627403895184,13.3844789,52.45415,6.5399323,-2.555131,-6.0660343,3.566247,on bike mount,cyclo cross,False,mixed,mixed
159ca764-8e69-45a9-9fa3-39079fb69985,a3a741f0-5056-4975-be0a-7c0ec0485585,3608576d-9270-4e9f-ab09-b590ac39aacd,1627403895234,13.3844789,52.45415,6.5399323,1.1220007,3.2800398,2.258604,on bike mount,cyclo cross,False,mixed,mixed
159ca764-8e69-45a9-9fa3-39079fb69985,a3a741f0-5056-4975-be0a-7c0ec0485585,077e0fb4-5302-417c-9777-236917aa53bc,1627403895284,13.3844789,52.45415,6.5399323,3.2699625,2.705728,-3.17453,on bike mount,cyclo cross,False,mixed,mixed
159ca764-8e69-45a9-9fa3-39079fb69985,a3a741f0-5056-4975-be0a-7c0ec0485585,0ce0a84e-63e2-469d-9155-bbb07f79ca02,1627403895334,13.3844789,52.45415,6.5399323,0.78145766,2.379559,0.22933769,on bike mount,cyclo cross,False,mixed,mixed
159ca764-8e69-45a9-9fa3-39079fb69985,a3a741f0-5056-4975-be0a-7c0ec0485585,aa580ed7-5b0e-4bb3-8023-fa22e1bb603c,1627403895384,13.3844789,52.45415,6.5399323,-0.21678305,-4.769063,1.1633825,on bike mount,cyclo cross,False,mixed,mixed
159ca764-8e69-45a9-9fa3-39079fb69985,a3a741f0-5056-4975-be0a-7c0ec0485585,42448dc6-6df5-4475-aee0-9f881cffefa6,1627403895434,13.3844789,52.45415,6.5399323,1.488761,-4.355628,3.3341503,on bike mount,cyclo cross,False,mixed,mixed
159ca764-8e69-45a9-9fa3-39079fb69985,a3a741f0-5056-4975-be0a-7c0ec0485585,47f63c0c-e0d3-426e-87e8-e992e4be922e,1627403895484,13.3844789,52.45415,6.5399323,0.09744084,2.804154,3.5526905,on bike mount,cyclo cross,False,mixed,mixed
159ca764-8e69-45a9-9fa3-39079fb69985,a3a741f0-5056-4975-be0a-7c0ec0485585,337d96cc-2bf8-49d6-8a97-b4a1ea54180d,1627403895535,13.3844789,52.45415,6.5399323,-1.5985775,-5.996104,5.981287,on bike mount,cyclo cross,False,mixed,mixed
159ca764-8e69-45a9-9fa3-39079fb69985,a3a741f0-5056-4975-be0a-7c0ec0485585,145132ec-c4fa-4278-aa73-dd73cc6c9676,1627403895585,13.3844789,52.45415,6.5399323,0.43831325,5.0145493,-2.5374806,on bike mount,cyclo cross,False,mixed,mixed
159ca764-8e69-45a9-9fa3-39079fb69985,a3a741f0-5056-4975-be0a-7c0ec0485585,93c92dae-ccb5-4010-a009-309297af4e0f,1627403895635,13.3844789,52.45415,6.5399323,1.518568,6.597276,1.935956,on bike mount,cyclo cross,False,mixed,mixed
159ca764-8e69-45a9-9fa3-39079fb69985,a3a741f0-5056-4975-be0a-7c0ec0485585,c9a671bb-7121-4dec-a3af-f2aa9ec499d3,1627403895685,13.3844789,52.45415,6.5399323,1.4372265,-10.914793,3.7294865,on bike mount,cyclo cross,False,mixed,mixed
159ca764-8e69-45a9-9fa3-39079fb69985,a3a741f0-5056-4975-be0a-7c0ec0485585,409a4398-f5c7-442e-8755-39c59f994be1,1627403895735,13.3844789,52.45415,6.5399323,0.63562274,0.20235252,-0.6791849,on bike mount,cyclo cross,False,mixed,mixed
159ca764-8e69-45a9-9fa3-39079fb69985,a3a741f0-5056-4975-be0a-7c0ec0485585,1957d97c-7393-4760-83c8-de3c4c512fcb,1627403895785,13.3844789,52.45415,6.5399323,0.42917573,2.6753778,2.4009085,on bike mount,cyclo cross,False,mixed,mixed
159ca764-8e69-45a9-9fa3-39079fb69985,a3a741f0-5056-4975-be0a-7c0ec0485585,f8b8840b-9985-4bad-826a-590ab05828a7,1627403895835,13.3844789,52.45415,6.5399323,-0.43031478,-4.68011,4.2767687,on bike mount,cyclo cross,False,mixed,mixed
159ca764-8e69-45a9-9fa3-39079fb69985,a3a741f0-5056-4975-be0a-7c0ec0485585,618567a2-2360-4e7d-a084-156c1298195a,1627403895886,13.3844789,52.45415,6.5399323,-0.388623,2.5375528,-0.32307816,on bike mount,cyclo cross,False,mixed,mixed
159ca764-8e69-45a9-9fa3-39079fb69985,a3a741f0-5056-4975-be0a-7c0ec0485585,f5b504c0-5161-4fdf-a5a1-fbe21ba75553,1627403895935,13.3844789,52.45415,6.5399323,-0.044015408,-0.069378614,-2.7954435,on bike mount,cyclo cross,False,mixed,mixed
159ca764-8e69-45a9-9fa3-39079fb69985,a3a741f0-5056-4975-be0a-7c0ec0485585,596db854-164b-46a0-a0c3-1c377f468be8,1627403895985,13.3844789,52.45415,6.5399323,-0.30061626,-5.0351295,4.59326,on bike mount,cyclo cross,False,mixed,mixed
159ca764-8e69-45a9-9fa3-39079fb69985,a3a741f0-5056-4975-be0a-7c0ec0485585,5e8cabd0-4593-4e06-802f-2a5a265cb530,1627403896035,13.3844789,52.45415,6.5399323,-0.37638295,-4.479387,4.399332,on bike mount,cyclo cross,False,mixed,mixed
159ca764-8e69-45a9-9fa3-39079fb69985,a3a741f0-5056-4975-be0a-7c0ec0485585,5c3ee30c-fae3-4a10-9bde-1a89d12ae429,1627403896085,13.3844789,52.45415,6.5399323,0.15110773,2.7126799,-9.87059,on bike mount,cyclo cross,False,mixed,mixed
159ca764-8e69-45a9-9fa3-39079fb69985,a3a741f0-5056-4975-be0a-7c0ec0485585,7c0dea9f-5755-4be2-94fd-007c996ca3b9,1627403896136,13.3844648,52.4542101,6.6237493,0.39231902,-8.305502,4.7591734,on bike mount,cyclo cross,False,mixed,mixed
159ca764-8e69-45a9-9fa3-39079fb69985,a3a741f0-5056-4975-be0a-7c0ec0485585,c131517e-e71c-424e-8d0a-e9cb0953e810,1627403896185,13.3844648,52.4542101,6.6237493,2.2241232,4.250703,4.4811735,on bike mount,cyclo cross,False,mixed,mixed
159ca764-8e69-45a9-9fa3-39079fb69985,a3a741f0-5056-4975-be0a-7c0ec0485585,ac49535a-3d1c-46a7-ab8d-189b04168283,1627403896235,13.3844648,52.4542101,6.6237493,-0.84254384,1.0492592,-0.8173804,on bike mount,cyclo cross,False,mixed,mixed
159ca764-8e69-45a9-9fa3-39079fb69985,a3a741f0-5056-4975-be0a-7c0ec0485585,8d1d779f-edea-4863-a0aa-aec08f777118,1627403896285,13.3844648,52.4542101,6.6237493,3.6038713,-5.7392163,-5.9619517,on bike mount,cyclo cross,False,mixed,mixed
159ca764-8e69-45a9-9fa3-39079fb69985,a3a741f0-5056-4975-be0a-7c0ec0485585,59f49f96-648f-41c9-8e91-13a88b85fb9f,1627403896335,13.3844648,52.4542101,6.6237493,1.7914312,0.08345747,-3.757722,on bike mount,cyclo cross,False,mixed,mixed
159ca764-8e69-45a9-9fa3-39079fb69985,a3a741f0-5056-4975-be0a-7c0ec0485585,7d6ad6a3-5065-44c5-9076-a09197ed96ec,1627403896386,13.3844648,52.4542101,6.6237493,-0.5364795,0.85419416,-0.5173707,on bike mount,cyclo cross,False,mixed,mixed
159ca764-8e69-45a9-9fa3-39079fb69985,a3a741f0-5056-4975-be0a-7c0ec0485585,9c261abd-16ab-4820-8cf2-59f0d8aa590f,1627403896437,13.3844648,52.4542101,6.6237493,0.41952538,0.8854399,-1.5308075,on bike mount,cyclo cross,False,mixed,mixed
159ca764-8e69-45a9-9fa3-39079fb69985,a3a741f0-5056-4975-be0a-7c0ec0485585,8d886990-b9ab-4bbe-8777-c9e6bac3493c,1627403896487,13.3844648,52.4542101,6.6237493,0.96309364,1.077241,4.404542,on bike mount,cyclo cross,False,mixed,mixed
159ca764-8e69-45a9-9fa3-39079fb69985,a3a741f0-5056-4975-be0a-7c0ec0485585,b4e2952f-bc8b-44e2-aec8-a5c80bde8d64,1627403896537,13.3844648,52.4542101,6.6237493,-0.39526176,0.14897108,-5.428508,on bike mount,cyclo cross,False,mixed,mixed
159ca764-8e69-45a9-9fa3-39079fb69985,a3a741f0-5056-4975-be0a-7c0ec0485585,f0a9381e-ac9d-4802-8d72-5ceba36c0efb,1627403896587,13.3844648,52.4542101,6.6237493,-0.07677312,-1.1429667,2.2348785,on bike mount,cyclo cross,False,mixed,mixed
159ca764-8e69-45a9-9fa3-39079fb69985,a3a741f0-5056-4975-be0a-7c0ec0485585,b8d1d8da-db84-43ef-9c42-b1ce16b43c93,1627403896638,13.3844648,52.4542101,6.6237493,-0.5702821,1.0434847,7.0272484,on bike mount,cyclo cross,False,mixed,mixed
159ca764-8e69-45a9-9fa3-39079fb69985,a3a741f0-5056-4975-be0a-7c0ec0485585,9ac1256d-ea1c-4921-bc68-b70b751a9ecf,1627403896697,13.3844648,52.4542101,6.6237493,-2.45398,-1.5749487,-4.329543,on bike mount,cyclo cross,False,mixed,mixed
159ca764-8e69-45a9-9fa3-39079fb69985,a3a741f0-5056-4975-be0a-7c0ec0485585,371acc71-a83a-48cf-915c-a4de4b3c3649,1627403896747,13.3844648,52.4542101,6.6237493,0.8598403,-4.231755,0.8342905,on bike mount,cyclo cross,False,mixed,mixed
159ca764-8e69-45a9-9fa3-39079fb69985,a3a741f0-5056-4975-be0a-7c0ec0485585,42660787-bada-4530-a631-694cf0e7046f,1627403896797,13.3844648,52.4542101,6.6237493,0.08704549,-3.9127755,5.318411,on bike mount,cyclo cross,False,mixed,mixed
159ca764-8e69-45a9-9fa3-39079fb69985,a3a741f0-5056-4975-be0a-7c0ec0485585,da1ce986-e258-4d3e-8270-66b907faf869,1627403896847,13.3844648,52.4542101,6.6237493,-0.25603008,2.0831993,-4.4126887,on bike mount,cyclo cross,False,mixed,mixed
159ca764-8e69-45a9-9fa3-39079fb69985,a3a741f0-5056-4975-be0a-7c0ec0485585,9b0c0007-a216-4fa6-bb04-4c108e8a679c,1627403896897,13.3844648,52.4542101,6.6237493,-0.5264744,4.736818,0.0094099045,on bike mount,cyclo cross,False,mixed,mixed
159ca764-8e69-45a9-9fa3-39079fb69985,a3a741f0-5056-4975-be0a-7c0ec0485585,b5f13efa-efdb-419c-991a-b90b6fe6dbca,1627403896948,13.3844648,52.4542101,6.6237493,0.9048288,1.9230547,-3.0962687,on bike mount,cyclo cross,False,mixed,mixed
159ca764-8e69-45a9-9fa3-39079fb69985,a3a741f0-5056-4975-be0a-7c0ec0485585,ae3fe78f-79a1-4143-8003-60f57a10db8b,1627403896998,13.3844648,52.4542101,6.6237493,-4.648825,-2.6751115,2.3060408,on bike mount,cyclo cross,False,mixed,mixed
159ca764-8e69-45a9-9fa3-39079fb69985,a3a741f0-5056-4975-be0a-7c0ec0485585,30f60ad7-2a7d-4264-8411-367173dc14f2,1627403897048,13.3844648,52.4542101,6.6237493,0.7923212,6.349781,-5.810878,on bike mount,cyclo cross,False,mixed,mixed
159ca764-8e69-45a9-9fa3-39079fb69985,a3a741f0-5056-4975-be0a-7c0ec0485585,a9edff97-34be-4946-a7f4-c424af5035df,1627403897099,13.3844657,52.45427,6.3219967,1.6538092,7.852352,-2.849043,on bike mount,cyclo cross,False,mixed,mixed
159ca764-8e69-45a9-9fa3-39079fb69985,a3a741f0-5056-4975-be0a-7c0ec0485585,b36ba98f-1bbd-4641-8728-f3c33817854e,1627403897148,13.3844657,52.45427,6.3219967,-0.89068925,-2.7536368,0.9830828,on bike mount,cyclo cross,False,mixed,mixed
159ca764-8e69-45a9-9fa3-39079fb69985,a3a741f0-5056-4975-be0a-7c0ec0485585,e84114e3-772f-4486-bd33-c7642edae325,1627403897198,13.3844657,52.45427,6.3219967,-2.4256542,-2.873062,0.6443987,on bike mount,cyclo cross,False,mixed,mixed
159ca764-8e69-45a9-9fa3-39079fb69985,a3a741f0-5056-4975-be0a-7c0ec0485585,14f3c5ce-5ada-4b75-b129-88c8f99523f0,1627403897248,13.3844657,52.45427,6.3219967,1.368569,4.661382,1.7188349,on bike mount,cyclo cross,False,mixed,mixed
159ca764-8e69-45a9-9fa3-39079fb69985,a3a741f0-5056-4975-be0a-7c0ec0485585,bfe4dc96-1d8b-4200-b8db-2a74489c3d3f,1627403897298,13.3844657,52.45427,6.3219967,1.3032485,-2.26931,2.349019,on bike mount,cyclo cross,False,mixed,mixed
159ca764-8e69-45a9-9fa3-39079fb69985,a3a741f0-5056-4975-be0a-7c0ec0485585,8e1007af-13de-429f-992e-99f552332788,1627403897348,13.3844657,52.45427,6.3219967,-0.11430929,2.499559,0.5117092,on bike mount,cyclo cross,False,mixed,mixed
159ca764-8e69-45a9-9fa3-39079fb69985,a3a741f0-5056-4975-be0a-7c0ec0485585,86066176-f558-4d51-b6e7-8bacf54b21a9,1627403897398,13.3844657,52.45427,6.3219967,0.9400945,2.0879416,-0.42381382,on bike mount,cyclo cross,False,mixed,mixed
159ca764-8e69-45a9-9fa3-39079fb69985,a3a741f0-5056-4975-be0a-7c0ec0485585,1e725567-a053-4517-a16b-32e4e4fe79ac,1627403897448,13.3844657,52.45427,6.3219967,-0.35940582,2.5154123,-4.3123727,on bike mount,cyclo cross,False,mixed,mixed
159ca764-8e69-45a9-9fa3-39079fb69985,a3a741f0-5056-4975-be0a-7c0ec0485585,82e7eaf3-7f54-4957-ae6c-be08fa5dc2fc,1627403897499,13.3844657,52.45427,6.3219967,-3.9018323,1.6750803,-3.367919,on bike mount,cyclo cross,False,mixed,mixed
159ca764-8e69-45a9-9fa3-39079fb69985,a3a741f0-5056-4975-be0a-7c0ec0485585,67c2977e-24a8-4b55-a3c4-cd9494ae007a,1627403897549,13.3844657,52.45427,6.3219967,-2.561565,0.48902488,7.036439,on bike mount,cyclo cross,False,mixed,mixed
159ca764-8e69-45a9-9fa3-39079fb69985,a3a741f0-5056-4975-be0a-7c0ec0485585,43f10aa2-8459-4ba6-843c-51e5a2e547b7,1627403897599,13.3844657,52.45427,6.3219967,-2.504477,-0.3958273,2.9926348,on bike mount,cyclo cross,False,mixed,mixed
159ca764-8e69-45a9-9fa3-39079fb69985,a3a741f0-5056-4975-be0a-7c0ec0485585,b671f3c1-3bea-4d49-bbbb-8e8af8c6bd3a,1627403897648,13.3844657,52.45427,6.3219967,-1.605844,-1.9012148,1.2913771,on bike mount,cyclo cross,False,mixed,mixed
159ca764-8e69-45a9-9fa3-39079fb69985,a3a741f0-5056-4975-be0a-7c0ec0485585,0ed6849a-84da-407d-99f0-a01b4d80efd4,1627403897699,13.3844657,52.45427,6.3219967,-1.2735586,-1.009568,6.407792,on bike mount,cyclo cross,False,mixed,mixed
159ca764-8e69-45a9-9fa3-39079fb69985,a3a741f0-5056-4975-be0a-7c0ec0485585,58d72db8-3ed4-4f51-b425-4cc5980c19f3,1627403897749,13.3844657,52.45427,6.3219967,-1.6284864,5.872627,-13.120188,on bike mount,cyclo cross,False,mixed,mixed
159ca764-8e69-45a9-9fa3-39079fb69985,a3a741f0-5056-4975-be0a-7c0ec0485585,b716128f-74e8-4a1e-9362-98a19f78e620,1627403897800,13.3844657,52.45427,6.3219967,-0.3290208,-8.544816,0.057552338,on bike mount,cyclo cross,False,mixed,mixed
159ca764-8e69-45a9-9fa3-39079fb69985,a3a741f0-5056-4975-be0a-7c0ec0485585,b15fec32-19e0-4535-ae7b-c85dd164658e,1627403897850,13.3844657,52.45427,6.3219967,2.0730364,1.4114692,1.7657986,on bike mount,cyclo cross,False,mixed,mixed
159ca764-8e69-45a9-9fa3-39079fb69985,a3a741f0-5056-4975-be0a-7c0ec0485585,d3212cd5-3719-4b2f-85ee-b087c037dd88,1627403897900,13.3844657,52.45427,6.3219967,3.813805,-1.6074579,3.6870089,on bike mount,cyclo cross,False,mixed,mixed
159ca764-8e69-45a9-9fa3-39079fb69985,a3a741f0-5056-4975-be0a-7c0ec0485585,a518e797-bd17-4ffd-8c24-e44da1ee09bf,1627403897951,13.3844657,52.45427,6.3219967,-2.4716518,1.3431401,-3.1574836,on bike mount,cyclo cross,False,mixed,mixed
159ca764-8e69-45a9-9fa3-39079fb69985,a3a741f0-5056-4975-be0a-7c0ec0485585,46313ca0-81db-433c-adb2-aa0f900638fe,1627403898001,13.3844657,52.45427,6.3219967,0.2167294,-0.20974684,-1.3900075,on bike mount,cyclo cross,False,mixed,mixed
159ca764-8e69-45a9-9fa3-39079fb69985,a3a741f0-5056-4975-be0a-7c0ec0485585,d192a177-1bfd-4f6f-a0b9-38c5984a0ce0,1627403898051,13.3844657,52.45427,6.3219967,-2.0183935,2.7265334,-0.48967123,on bike mount,cyclo cross,False,mixed,mixed
159ca764-8e69-45a9-9fa3-39079fb69985,a3a741f0-5056-4975-be0a-7c0ec0485585,b535b9e3-de26-472f-9804-b88d5dff22f0,1627403898102,13.3844677,52.4543256,6.153711,-0.82229877,-0.09960246,4.6855392,on bike mount,cyclo cross,False,mixed,mixed
159ca764-8e69-45a9-9fa3-39079fb69985,a3a741f0-5056-4975-be0a-7c0ec0485585,4e1342be-ba5d-45f3-9b00-93534ad7bf92,1627403898153,13.3844677,52.4543256,6.153711,-1.5631157,-3.7483623,0.042931557,on bike mount,cyclo cross,False,mixed,mixed
159ca764-8e69-45a9-9fa3-39079fb69985,a3a741f0-5056-4975-be0a-7c0ec0485585,999b3afa-cdec-4e6f-9e56-f17e4a984ae7,1627403898204,13.3844677,52.4543256,6.153711,-2.2526069,0.7171774,4.428067,on bike mount,cyclo cross,False,mixed,mixed
159ca764-8e69-45a9-9fa3-39079fb69985,a3a741f0-5056-4975-be0a-7c0ec0485585,e55b567b-b960-4a10-8e92-cb60e2688d43,1627403898254,13.3844677,52.4543256,6.153711,-0.4913382,-1.3143535,-0.08005905,on bike mount,cyclo cross,False,mixed,mixed
159ca764-8e69-45a9-9fa3-39079fb69985,a3a741f0-5056-4975-be0a-7c0ec0485585,c3317931-ae29-494e-845a-5831b8b6d9a8,1627403898305,13.3844677,52.4543256,6.153711,1.5404015,-0.9968631,-1.6698446,on bike mount,cyclo cross,False,mixed,mixed
159ca764-8e69-45a9-9fa3-39079fb69985,a3a741f0-5056-4975-be0a-7c0ec0485585,ba791386-6390-40c9-b659-7b59b59f03a2,1627403898355,13.3844677,52.4543256,6.153711,-2.2613566,-1.0656183,0.36911964,on bike mount,cyclo cross,False,mixed,mixed
159ca764-8e69-45a9-9fa3-39079fb69985,a3a741f0-5056-4975-be0a-7c0ec0485585,bb9925e4-cf6f-497f-9397-219d89369eb3,1627403898405,13.3844677,52.4543256,6.153711,0.5332881,-2.861384,0.86813736,on bike mount,cyclo cross,False,mixed,mixed
159ca764-8e69-45a9-9fa3-39079fb69985,a3a741f0-5056-4975-be0a-7c0ec0485585,be7d82e4-73a7-45af-88eb-3068df37ef28,1627403898455,13.3844677,52.4543256,6.153711,1.0472367,-1.2979137,-2.4749832,on bike mount,cyclo cross,False,mixed,mixed
159ca764-8e69-45a9-9fa3-39079fb69985,a3a741f0-5056-4975-be0a-7c0ec0485585,1818e7ce-b71f-409e-a44c-9a2083cdb54f,1627403898506,13.3844677,52.4543256,6.153711,0.75403875,-1.8748677,3.9093027,on bike mount,cyclo cross,False,mixed,mixed
159ca764-8e69-45a9-9fa3-39079fb69985,a3a741f0-5056-4975-be0a-7c0ec0485585,35155484-2ea6-4aa8-bec3-9cf15fe447db,1627403898556,13.3844677,52.4543256,6.153711,0.19614154,-0.23358107,1.2292461,on bike mount,cyclo cross,False,mixed,mixed
159ca764-8e69-45a9-9fa3-39079fb69985,a3a741f0-5056-4975-be0a-7c0ec0485585,d22032bb-e1c3-46f4-a143-ccb4e2386d4a,1627403898606,13.3844677,52.4543256,6.153711,1.0734837,5.75909,-5.9969225,on bike mount,cyclo cross,False,mixed,mixed
159ca764-8e69-45a9-9fa3-39079fb69985,a3a741f0-5056-4975-be0a-7c0ec0485585,1e85bb62-0116-445b-aebb-e23cef424c09,1627403898656,13.3844677,52.4543256,6.153711,0.7637859,-0.662663,0.5489788,on bike mount,cyclo cross,False,mixed,mixed
159ca764-8e69-45a9-9fa3-39079fb69985,a3a741f0-5056-4975-be0a-7c0ec0485585,4443652f-52bd-4063-a2fe-9fc4f4f8a1b0,1627403898705,13.3844677,52.4543256,6.153711,-0.8353826,-1.8546276,-1.3901005,on bike mount,cyclo cross,False,mixed,mixed
159ca764-8e69-45a9-9fa3-39079fb69985,a3a741f0-5056-4975-be0a-7c0ec0485585,f7c79ba5-ba36-4bb6-9298-8e37537e4a09,1627403898755,13.3844677,52.4543256,6.153711,-1.1304269,-0.4679916,2.1122618,on bike mount,cyclo cross,False,mixed,mixed
159ca764-8e69-45a9-9fa3-39079fb69985,a3a741f0-5056-4975-be0a-7c0ec0485585,8d1bd312-0777-4759-ac29-d83ee088460a,1627403898805,13.3844677,52.4543256,6.153711,1.5888401,-0.34532833,1.0528316,on bike mount,cyclo cross,False,mixed,mixed
159ca764-8e69-45a9-9fa3-39079fb69985,a3a741f0-5056-4975-be0a-7c0ec0485585,87e6f94c-d34b-4444-b7b9-f837e4548117,1627403898855,13.3844677,52.4543256,6.153711,-0.5509971,2.8298893,-3.0261273,on bike mount,cyclo cross,False,mixed,mixed
159ca764-8e69-45a9-9fa3-39079fb69985,a3a741f0-5056-4975-be0a-7c0ec0485585,91fe2331-0b46-45af-9b8b-eff90bfdcec2,1627403898915,13.3844677,52.4543256,6.153711,-1.8259711,-3.6983,-1.0111375,on bike mount,cyclo cross,False,mixed,mixed
159ca764-8e69-45a9-9fa3-39079fb69985,a3a741f0-5056-4975-be0a-7c0ec0485585,be6c6e8c-95ad-49a5-8865-590dd3ed4aff,1627403898965,13.3844677,52.4543256,6.153711,-0.81094664,-3.0706408,-2.6667123,on bike mount,cyclo cross,False,mixed,mixed
159ca764-8e69-45a9-9fa3-39079fb69985,a3a741f0-5056-4975-be0a-7c0ec0485585,a98a4cd7-5214-4d85-9893-0fabab0e953b,1627403899015,13.3844677,52.4543256,6.153711,0.88713455,1.266211,0.69282055,on bike mount,cyclo cross,False,mixed,mixed
159ca764-8e69-45a9-9fa3-39079fb69985,a3a741f0-5056-4975-be0a-7c0ec0485585,1104f82c-6d10-4bda-a038-299cdffb7f10,1627403899065,13.3844677,52.4543256,6.153711,-0.37604958,-5.7195687,1.532464,on bike mount,cyclo cross,False,mixed,mixed
159ca764-8e69-45a9-9fa3-39079fb69985,a3a741f0-5056-4975-be0a-7c0ec0485585,41fb2c72-35db-4d02-852e-4a8cb36daa7b,1627403899115,13.3844506,52.4543788,5.8446975,2.9235048,-2.5187964,1.9179468,on bike mount,cyclo cross,False,mixed,mixed
159ca764-8e69-45a9-9fa3-39079fb69985,a3a741f0-5056-4975-be0a-7c0ec0485585,4ff1c7c0-a79d-4d71-a553-9fc125abb8e9,1627403899165,13.3844506,52.4543788,5.8446975,0.24018678,1.9020896,-0.62564754,on bike mount,cyclo cross,False,mixed,mixed
159ca764-8e69-45a9-9fa3-39079fb69985,a3a741f0-5056-4975-be0a-7c0ec0485585,e988c505-3b2c-48fc-ab66-1c96c648a017,1627403899215,13.3844506,52.4543788,5.8446975,-0.75185615,2.821836,-4.525315,on bike mount,cyclo cross,False,mixed,mixed
159ca764-8e69-45a9-9fa3-39079fb69985,a3a741f0-5056-4975-be0a-7c0ec0485585,a444ae32-921b-4d75-9afa-061f0fdbfa28,1627403899265,13.3844506,52.4543788,5.8446975,2.819346,4.1774874,9.998808,on bike mount,cyclo cross,False,mixed,mixed
159ca764-8e69-45a9-9fa3-39079fb69985,a3a741f0-5056-4975-be0a-7c0ec0485585,035cf1b1-9dcc-4bd4-ab65-a4fa6db1dc0e,1627403899315,13.3844506,52.4543788,5.8446975,3.1393442,1.6940107,-8.417244,on bike mount,cyclo cross,False,mixed,mixed
159ca764-8e69-45a9-9fa3-39079fb69985,a3a741f0-5056-4975-be0a-7c0ec0485585,8ddb5d6e-5576-4814-abdf-e5a82f044650,1627403899365,13.3844506,52.4543788,5.8446975,1.5709827,3.1405993,-1.7480321,on bike mount,cyclo cross,False,mixed,mixed
159ca764-8e69-45a9-9fa3-39079fb69985,a3a741f0-5056-4975-be0a-7c0ec0485585,0b23b436-4b8b-449e-b6f3-3578195cd445,1627403899415,13.3844506,52.4543788,5.8446975,-0.5400373,2.4229465,-9.993114,on bike mount,cyclo cross,False,mixed,mixed
159ca764-8e69-45a9-9fa3-39079fb69985,a3a741f0-5056-4975-be0a-7c0ec0485585,0988f934-d335-4065-9bc5-2c8f278d489d,1627403899464,13.3844506,52.4543788,5.8446975,0.19413133,3.2763085,-0.16570377,on bike mount,cyclo cross,False,mixed,mixed
159ca764-8e69-45a9-9fa3-39079fb69985,a3a741f0-5056-4975-be0a-7c0ec0485585,e4243cad-5a64-4638-8668-90186a761426,1627403899513,13.3844506,52.4543788,5.8446975,0.5501064,3.0010443,-2.5563068,on bike mount,cyclo cross,False,mixed,mixed
159ca764-8e69-45a9-9fa3-39079fb69985,a3a741f0-5056-4975-be0a-7c0ec0485585,6b8444b5-481f-4934-9a13-1fddce97a43a,1627403899563,13.3844506,52.4543788,5.8446975,0.6442718,-3.3078625,-0.4235897,on bike mount,cyclo cross,False,mixed,mixed
159ca764-8e69-45a9-9fa3-39079fb69985,a3a741f0-5056-4975-be0a-7c0ec0485585,f7e3a016-2bbf-4586-9a91-9629ab21cd80,1627403899613,13.3844506,52.4543788,5.8446975,-0.81485736,-2.0321312,-3.031148,on bike mount,cyclo cross,False,mixed,mixed
159ca764-8e69-45a9-9fa3-39079fb69985,a3a741f0-5056-4975-be0a-7c0ec0485585,e8dccfd0-0374-4185-bb17-4276e42547d3,1627403899666,13.3844506,52.4543788,5.8446975,0.84793293,2.772026,-3.3917172,on bike mount,cyclo cross,False,mixed,mixed
159ca764-8e69-45a9-9fa3-39079fb69985,a3a741f0-5056-4975-be0a-7c0ec0485585,82935ecc-512c-4d26-8d9c-5f24c47fd3c1,1627403899715,13.3844506,52.4543788,5.8446975,1.0177383,2.2679272,2.9493694,on bike mount,cyclo cross,False,mixed,mixed
159ca764-8e69-45a9-9fa3-39079fb69985,a3a741f0-5056-4975-be0a-7c0ec0485585,3ff85e29-df18-420d-8847-899efbf2f110,1627403899766,13.3844506,52.4543788,5.8446975,-0.40271825,1.7517276,-1.075438,on bike mount,cyclo cross,False,mixed,mixed
159ca764-8e69-45a9-9fa3-39079fb69985,a3a741f0-5056-4975-be0a-7c0ec0485585,deb69f9e-03ba-4cde-920f-bed2503a881e,1627403899816,13.3844506,52.4543788,5.8446975,1.1372943,-1.7100518,-0.00650692,on bike mount,cyclo cross,False,mixed,mixed
159ca764-8e69-45a9-9fa3-39079fb69985,a3a741f0-5056-4975-be0a-7c0ec0485585,63fef57a-3b7e-40ef-8da0-2c53fb95a586,1627403899865,13.3844506,52.4543788,5.8446975,1.2723584,0.86645985,0.42351627,on bike mount,cyclo cross,False,mixed,mixed
159ca764-8e69-45a9-9fa3-39079fb69985,a3a741f0-5056-4975-be0a-7c0ec0485585,4045e662-201b-4d7b-8064-6923ca7add4b,1627403899915,13.3844506,52.4543788,5.8446975,-0.030070603,-1.5976578,2.1863937,on bike mount,cyclo cross,False,mixed,mixed
159ca764-8e69-45a9-9fa3-39079fb69985,a3a741f0-5056-4975-be0a-7c0ec0485585,c20a0739-d47d-4fe4-826b-2a240b239cde,1627403899965,13.3844506,52.4543788,5.8446975,-0.033101976,0.7367425,1.0865774,on bike mount,cyclo cross,False,mixed,mixed
159ca764-8e69-45a9-9fa3-39079fb69985,a3a741f0-5056-4975-be0a-7c0ec0485585,d80c937f-b03b-4fdc-9b7f-a7479682319b,1627403900015,13.3844506,52.4543788,5.8446975,-0.3531533,-0.0884316,-0.75385666,on bike mount,cyclo cross,False,mixed,mixed
159ca764-8e69-45a9-9fa3-39079fb69985,a3a741f0-5056-4975-be0a-7c0ec0485585,4933013e-364c-441f-a7ef-7721500c9a22,1627403900064,13.3844506,52.4543788,5.8446975,0.4425462,-0.91529846,2.1521387,on bike mount,cyclo cross,False,mixed,mixed
159ca764-8e69-45a9-9fa3-39079fb69985,a3a741f0-5056-4975-be0a-7c0ec0485585,10e526b5-ff58-4876-82bf-da0ec38e0b19,1627403900114,13.384426,52.4544311,6.2430663,-0.6283833,-1.0122404,-0.289546,on bike mount,cyclo cross,False,mixed,mixed
159ca764-8e69-45a9-9fa3-39079fb69985,a3a741f0-5056-4975-be0a-7c0ec0485585,ba873906-1922-4506-857b-e92584513b3c,1627403900164,13.384426,52.4544311,6.2430663,0.6888867,-2.7965858,-1.1946363,on bike mount,cyclo cross,False,mixed,mixed
159ca764-8e69-45a9-9fa3-39079fb69985,a3a741f0-5056-4975-be0a-7c0ec0485585,7e049893-f377-4498-88a6-0fb4c727e402,1627403900214,13.384426,52.4544311,6.2430663,2.1535542,-1.0129724,0.9040022,on bike mount,cyclo cross,False,mixed,mixed
159ca764-8e69-45a9-9fa3-39079fb69985,a3a741f0-5056-4975-be0a-7c0ec0485585,1ffb0f3c-1a57-4342-823c-f199d7f58949,1627403900265,13.384426,52.4544311,6.2430663,-1.4990839,0.62754774,0.84251404,on bike mount,cyclo cross,False,mixed,mixed
159ca764-8e69-45a9-9fa3-39079fb69985,a3a741f0-5056-4975-be0a-7c0ec0485585,5726144a-2d28-4156-a40e-94afa4da3888,1627403900316,13.384426,52.4544311,6.2430663,0.083611235,-1.6052506,2.2434149,on bike mount,cyclo cross,False,mixed,mixed
159ca764-8e69-45a9-9fa3-39079fb69985,a3a741f0-5056-4975-be0a-7c0ec0485585,c3dcb754-6366-42cf-be88-b6789ce09569,1627403900366,13.384426,52.4544311,6.2430663,1.1574875,-0.08237147,2.0370493,on bike mount,cyclo cross,False,mixed,mixed
159ca764-8e69-45a9-9fa3-39079fb69985,a3a741f0-5056-4975-be0a-7c0ec0485585,523f6bed-f785-42d8-944c-ea3f6fea76f4,1627403900416,13.384426,52.4544311,6.2430663,0.042235166,-0.24341726,-0.6436634,on bike mount,cyclo cross,False,mixed,mixed
159ca764-8e69-45a9-9fa3-39079fb69985,a3a741f0-5056-4975-be0a-7c0ec0485585,349b0f45-6ed8-4522-bc38-0eac77b5e680,1627403900464,13.384426,52.4544311,6.2430663,0.2975915,-4.3936043,0.8619337,on bike mount,cyclo cross,False,mixed,mixed
159ca764-8e69-45a9-9fa3-39079fb69985,a3a741f0-5056-4975-be0a-7c0ec0485585,37b3205f-ceab-478b-937d-cfea3d02c854,1627403900513,13.384426,52.4544311,6.2430663,1.3535688,-0.013047695,2.3307867,on bike mount,cyclo cross,False,mixed,mixed
159ca764-8e69-45a9-9fa3-39079fb69985,a3a741f0-5056-4975-be0a-7c0ec0485585,e44455d5-a2c1-45d5-a164-4d7e820a5d50,1627403900563,13.384426,52.4544311,6.2430663,0.8819764,-0.9983324,0.56212807,on bike mount,cyclo cross,False,mixed,mixed
159ca764-8e69-45a9-9fa3-39079fb69985,a3a741f0-5056-4975-be0a-7c0ec0485585,1d1fb68d-0cb0-4c49-9b1c-c4e7a063675d,1627403900613,13.384426,52.4544311,6.2430663,0.2839421,-0.5138664,-0.9592767,on bike mount,cyclo cross,False,mixed,mixed
159ca764-8e69-45a9-9fa3-39079fb69985,a3a741f0-5056-4975-be0a-7c0ec0485585,595376fa-124e-40e6-84ec-67cc07feaccc,1627403900664,13.384426,52.4544311,6.2430663,0.14037716,0.6255932,7.1066103,on bike mount,cyclo cross,False,mixed,mixed
159ca764-8e69-45a9-9fa3-39079fb69985,a3a741f0-5056-4975-be0a-7c0ec0485585,a73e1832-614e-4066-8dfa-6d28bfdb7a9a,1627403900715,13.384426,52.4544311,6.2430663,-0.82928294,0.7943883,-3.9428282,on bike mount,cyclo cross,False,mixed,mixed
159ca764-8e69-45a9-9fa3-39079fb69985,a3a741f0-5056-4975-be0a-7c0ec0485585,38cdd6f4-00c0-4074-8d02-3dbdcce4a563,1627403900765,13.384426,52.4544311,6.2430663,1.2251801,0.6118107,-1.2719216,on bike mount,cyclo cross,False,mixed,mixed
159ca764-8e69-45a9-9fa3-39079fb69985,a3a741f0-5056-4975-be0a-7c0ec0485585,27cecb2a-a792-43e6-a5d3-28c4664482bd,1627403900815,13.384426,52.4544311,6.2430663,-0.11122143,-0.34579635,5.070348,on bike mount,cyclo cross,False,mixed,mixed
159ca764-8e69-45a9-9fa3-39079fb69985,a3a741f0-5056-4975-be0a-7c0ec0485585,bd8d0e8b-3e9e-483d-bd8f-aaa0bf57f5b3,1627403900864,13.384426,52.4544311,6.2430663,0.7574582,-0.4858024,1.4821844,on bike mount,cyclo cross,False,mixed,mixed
159ca764-8e69-45a9-9fa3-39079fb69985,a3a741f0-5056-4975-be0a-7c0ec0485585,0205fd97-e747-4dc8-a316-c940e9531d5f,1627403900914,13.384426,52.4544311,6.2430663,1.2269709,1.4854975,-4.071124,on bike mount,cyclo cross,False,mixed,mixed
159ca764-8e69-45a9-9fa3-39079fb69985,a3a741f0-5056-4975-be0a-7c0ec0485585,69eb93d2-52ce-4a08-b3c2-29867003efd1,1627403900965,13.384426,52.4544311,6.2430663,0.2992916,-3.9374757,1.1967411,on bike mount,cyclo cross,False,mixed,mixed
159ca764-8e69-45a9-9fa3-39079fb69985,a3a741f0-5056-4975-be0a-7c0ec0485585,c025adca-70c8-49d6-9dd9-1ab2fc09b6e4,1627403901015,13.384426,52.4544311,6.2430663,0.7470095,-5.7101507,6.63167,on bike mount,cyclo cross,False,mixed,mixed
159ca764-8e69-45a9-9fa3-39079fb69985,a3a741f0-5056-4975-be0a-7c0ec0485585,c12b7e74-c33f-4f17-ad54-dc2bba7d4973,1627403901065,13.384426,52.4544311,6.2430663,-1.9524243,-3.6255393,-1.0053301,on bike mount,cyclo cross,False,mixed,mixed
159ca764-8e69-45a9-9fa3-39079fb69985,a3a741f0-5056-4975-be0a-7c0ec0485585,6a1f0373-ba1c-4c41-a18b-10c7afb334b7,1627403901115,13.3844081,52.454488,6.4843807,1.7703788,4.2011466,-2.3519,on bike mount,cyclo cross,False,mixed,mixed
159ca764-8e69-45a9-9fa3-39079fb69985,a3a741f0-5056-4975-be0a-7c0ec0485585,b1a8b79d-a3f1-4f2f-a227-7e61b99fec3e,1627403901165,13.3844081,52.454488,6.4843807,0.14350086,3.0404572,0.9048567,on bike mount,cyclo cross,False,mixed,mixed
159ca764-8e69-45a9-9fa3-39079fb69985,a3a741f0-5056-4975-be0a-7c0ec0485585,88a7686e-18be-4d44-aa09-361f85e942f9,1627403901215,13.3844081,52.454488,6.4843807,4.7571597,2.293531,-5.14857,on bike mount,cyclo cross,False,mixed,mixed
159ca764-8e69-45a9-9fa3-39079fb69985,a3a741f0-5056-4975-be0a-7c0ec0485585,70a07fad-2793-4036-85a6-e193b9540ea6,1627403901266,13.3844081,52.454488,6.4843807,0.011477888,3.7571888,0.89138603,on bike mount,cyclo cross,False,mixed,mixed
159ca764-8e69-45a9-9fa3-39079fb69985,a3a741f0-5056-4975-be0a-7c0ec0485585,e53f5774-4820-4453-b191-c939ddcb6d50,1627403901316,13.3844081,52.454488,6.4843807,-1.3254685,1.1345191,-0.34339237,on bike mount,cyclo cross,False,mixed,mixed
159ca764-8e69-45a9-9fa3-39079fb69985,a3a741f0-5056-4975-be0a-7c0ec0485585,19abcea5-339f-4272-bdb7-b5e769b0d677,1627403901383,13.3844081,52.454488,6.4843807,0.14968377,-1.5872402,4.6728992,on bike mount,cyclo cross,False,mixed,mixed
159ca764-8e69-45a9-9fa3-39079fb69985,a3a741f0-5056-4975-be0a-7c0ec0485585,0f128cc1-7e19-46c8-bfd5-facd41027687,1627403901433,13.3844081,52.454488,6.4843807,-0.7320188,1.9934902,-0.97983027,on bike mount,cyclo cross,False,mixed,mixed
159ca764-8e69-45a9-9fa3-39079fb69985,a3a741f0-5056-4975-be0a-7c0ec0485585,e21fbae1-e4a2-4f0d-9849-d2e68a2daf95,1627403901483,13.3844081,52.454488,6.4843807,1.1833055,-2.0036504,1.9235106,on bike mount,cyclo cross,False,mixed,mixed
159ca764-8e69-45a9-9fa3-39079fb69985,a3a741f0-5056-4975-be0a-7c0ec0485585,475d724c-5ad7-442a-9416-7bc5d7391bef,1627403901533,13.3844081,52.454488,6.4843807,0.8166224,-2.808824,-0.39006042,on bike mount,cyclo cross,False,mixed,mixed
159ca764-8e69-45a9-9fa3-39079fb69985,a3a741f0-5056-4975-be0a-7c0ec0485585,dc4f31ee-a792-4e82-95d1-fbd81f5851f3,1627403901583,13.3844081,52.454488,6.4843807,-1.1189709,0.14502311,-0.9456506,on bike mount,cyclo cross,False,mixed,mixed
159ca764-8e69-45a9-9fa3-39079fb69985,a3a741f0-5056-4975-be0a-7c0ec0485585,d5792dcd-9887-4204-87b4-6dc16373e22a,1627403901633,13.3844081,52.454488,6.4843807,-0.46946675,0.12184143,1.0074196,on bike mount,cyclo cross,False,mixed,mixed
159ca764-8e69-45a9-9fa3-39079fb69985,a3a741f0-5056-4975-be0a-7c0ec0485585,a36ddec2-b70a-4ca8-907c-0fd01d93e6f3,1627403901683,13.3844081,52.454488,6.4843807,0.017876387,1.1690707,-0.42209053,on bike mount,cyclo cross,False,mixed,mixed
159ca764-8e69-45a9-9fa3-39079fb69985,a3a741f0-5056-4975-be0a-7c0ec0485585,0f263cb9-21a7-4337-b367-e08fe6396483,1627403901734,13.3844081,52.454488,6.4843807,0.03866589,-0.99639666,0.33808517,on bike mount,cyclo cross,False,mixed,mixed
159ca764-8e69-45a9-9fa3-39079fb69985,a3a741f0-5056-4975-be0a-7c0ec0485585,d663af6e-ec08-42e8-ad96-894245cc126c,1627403901784,13.3844081,52.454488,6.4843807,0.13657561,0.13850808,1.6358585,on bike mount,cyclo cross,False,mixed,mixed
159ca764-8e69-45a9-9fa3-39079fb69985,a3a741f0-5056-4975-be0a-7c0ec0485585,ba752358-9170-44e3-92cd-c4abe39d84f0,1627403901834,13.3844081,52.454488,6.4843807,-0.22990063,4.094619,-2.754335,on bike mount,cyclo cross,False,mixed,mixed
159ca764-8e69-45a9-9fa3-39079fb69985,a3a741f0-5056-4975-be0a-7c0ec0485585,619a3a3c-f7e5-4561-b472-2d08b0692b4c,1627403901884,13.3844081,52.454488,6.4843807,1.4050783,-5.9714518,2.8485565,on bike mount,cyclo cross,False,mixed,mixed
159ca764-8e69-45a9-9fa3-39079fb69985,a3a741f0-5056-4975-be0a-7c0ec0485585,fc93615c-45a4-4fc0-a0cf-a969e212e12e,1627403901934,13.3844081,52.454488,6.4843807,-0.24601491,2.7275543,0.4032917,on bike mount,cyclo cross,False,mixed,mixed
159ca764-8e69-45a9-9fa3-39079fb69985,a3a741f0-5056-4975-be0a-7c0ec0485585,1fa6b750-195a-4b6a-b581-b8a961856694,1627403901984,13.3844081,52.454488,6.4843807,-2.6845071,-2.0236998,1.0846386,on bike mount,cyclo cross,False,mixed,mixed
159ca764-8e69-45a9-9fa3-39079fb69985,a3a741f0-5056-4975-be0a-7c0ec0485585,829a5e06-38a6-4e70-9fa2-d19d9e62c8b5,1627403902034,13.3844081,52.454488,6.4843807,1.527221,-5.143928,5.4275637,on bike mount,cyclo cross,False,mixed,mixed
159ca764-8e69-45a9-9fa3-39079fb69985,a3a741f0-5056-4975-be0a-7c0ec0485585,f862a07d-2173-4b68-addc-4f86dac98679,1627403902083,13.3844081,52.454488,6.4843807,-2.2425232,-3.4168968,5.254365,on bike mount,cyclo cross,False,mixed,mixed
159ca764-8e69-45a9-9fa3-39079fb69985,a3a741f0-5056-4975-be0a-7c0ec0485585,95da121b-b9af-4082-a34e-8be9a9df0966,1627403902133,13.3843951,52.4545465,6.4116735,1.8376203,-0.21236825,1.1294937,on bike mount,cyclo cross,False,mixed,mixed
159ca764-8e69-45a9-9fa3-39079fb69985,a3a741f0-5056-4975-be0a-7c0ec0485585,aa30f861-c0fb-4bd5-bd0d-6fc56a227278,1627403902183,13.3843951,52.4545465,6.4116735,-0.28428242,-1.0559175,3.0160522,on bike mount,cyclo cross,False,mixed,mixed
159ca764-8e69-45a9-9fa3-39079fb69985,a3a741f0-5056-4975-be0a-7c0ec0485585,a87ba05e-fa74-4226-ac81-ed2efa9776b5,1627403902232,13.3843951,52.4545465,6.4116735,-1.7716784,1.2960329,1.2991009,on bike mount,cyclo cross,False,mixed,mixed
159ca764-8e69-45a9-9fa3-39079fb69985,a3a741f0-5056-4975-be0a-7c0ec0485585,8e1bba93-3d5e-40cd-a084-ebfad583881c,1627403902282,13.3843951,52.4545465,6.4116735,-0.29542604,-1.8676535,-1.5004182,on bike mount,cyclo cross,False,mixed,mixed
159ca764-8e69-45a9-9fa3-39079fb69985,a3a741f0-5056-4975-be0a-7c0ec0485585,bae55831-2645-4b49-a465-c3115cc2ad5d,1627403902332,13.3843951,52.4545465,6.4116735,-0.010688305,0.4271598,-0.77291584,on bike mount,cyclo cross,False,mixed,mixed
159ca764-8e69-45a9-9fa3-39079fb69985,a3a741f0-5056-4975-be0a-7c0ec0485585,de5436a2-21d3-4742-a4a6-9b55a18dcb2d,1627403902383,13.3843951,52.4545465,6.4116735,-0.53543085,1.4731288,3.193963,on bike mount,cyclo cross,False,mixed,mixed
159ca764-8e69-45a9-9fa3-39079fb69985,a3a741f0-5056-4975-be0a-7c0ec0485585,f1f581dc-a55c-48aa-bf5c-ca2e128b8e78,1627403902432,13.3843951,52.4545465,6.4116735,0.20800775,-0.4268589,0.62712574,on bike mount,cyclo cross,False,mixed,mixed
159ca764-8e69-45a9-9fa3-39079fb69985,a3a741f0-5056-4975-be0a-7c0ec0485585,cf09ca8d-0e70-4da0-8b0c-4115536e2776,1627403902482,13.3843951,52.4545465,6.4116735,-2.0086546,-0.5784378,3.658557,on bike mount,cyclo cross,False,mixed,mixed
159ca764-8e69-45a9-9fa3-39079fb69985,a3a741f0-5056-4975-be0a-7c0ec0485585,8b6337fc-b95d-401a-9dd0-484577f9ee32,1627403902531,13.3843951,52.4545465,6.4116735,-1.6904211,-0.10965514,-0.9642744,on bike mount,cyclo cross,False,mixed,mixed
159ca764-8e69-45a9-9fa3-39079fb69985,a3a741f0-5056-4975-be0a-7c0ec0485585,998755c1-3376-460a-afa8-6f7f10fa2662,1627403902581,13.3843951,52.4545465,6.4116735,-0.53750926,-0.95207787,-0.03942299,on bike mount,cyclo cross,False,mixed,mixed
159ca764-8e69-45a9-9fa3-39079fb69985,a3a741f0-5056-4975-be0a-7c0ec0485585,a2855938-8481-4517-ae59-ed4e2821bc3f,1627403902631,13.3843951,52.4545465,6.4116735,0.56520563,-2.262697,-3.549899,on bike mount,cyclo cross,False,mixed,mixed
159ca764-8e69-45a9-9fa3-39079fb69985,a3a741f0-5056-4975-be0a-7c0ec0485585,da37cedd-430e-4be2-97ee-fcbce41beee1,1627403902681,13.3843951,52.4545465,6.4116735,-1.8306146,-5.794171,5.411618,on bike mount,cyclo cross,False,mixed,mixed
159ca764-8e69-45a9-9fa3-39079fb69985,a3a741f0-5056-4975-be0a-7c0ec0485585,2a0c3c51-5a3e-4144-af1b-1bdf3c650749,1627403902731,13.3843951,52.4545465,6.4116735,0.3919866,-0.07352781,-4.1364775,on bike mount,cyclo cross,False,mixed,mixed
159ca764-8e69-45a9-9fa3-39079fb69985,a3a741f0-5056-4975-be0a-7c0ec0485585,1663d45c-47bb-4be4-8b65-3cae68d25c0b,1627403902781,13.3843951,52.4545465,6.4116735,-1.2433158,-2.7747483,4.866804,on bike mount,cyclo cross,False,mixed,mixed
159ca764-8e69-45a9-9fa3-39079fb69985,a3a741f0-5056-4975-be0a-7c0ec0485585,f69730c2-597c-40a9-9f9d-1ec93413c479,1627403902831,13.3843951,52.4545465,6.4116735,-0.8024149,-2.1451995,-3.5238705,on bike mount,cyclo cross,False,mixed,mixed
159ca764-8e69-45a9-9fa3-39079fb69985,a3a741f0-5056-4975-be0a-7c0ec0485585,4ef0ebf4-c944-42e5-81c2-ee1751d3b677,1627403902882,13.3843951,52.4545465,6.4116735,0.04911098,-6.0977497,7.2722073,on bike mount,cyclo cross,False,mixed,mixed
159ca764-8e69-45a9-9fa3-39079fb69985,a3a741f0-5056-4975-be0a-7c0ec0485585,a1ebd3c5-c1f7-4d73-a3cd-5fa0b817b7b1,1627403902933,13.3843951,52.4545465,6.4116735,2.449253,1.8527031,-2.329308,on bike mount,cyclo cross,False,mixed,mixed
159ca764-8e69-45a9-9fa3-39079fb69985,a3a741f0-5056-4975-be0a-7c0ec0485585,7c37c757-e882-407d-804b-a0f5587b1c6c,1627403902983,13.3843951,52.4545465,6.4116735,0.140493,0.7108426,4.088257,on bike mount,cyclo cross,False,mixed,mixed
159ca764-8e69-45a9-9fa3-39079fb69985,a3a741f0-5056-4975-be0a-7c0ec0485585,fffe2bab-849a-40d5-be1a-4a5d22533c46,1627403903033,13.3843951,52.4545465,6.4116735,-1.210788,-1.7892748,2.785572,on bike mount,cyclo cross,False,mixed,mixed
159ca764-8e69-45a9-9fa3-39079fb69985,a3a741f0-5056-4975-be0a-7c0ec0485585,5e7b3bbc-2333-4c50-a8ad-5802e3ebf93c,1627403903083,13.3843951,52.4545465,6.4116735,0.20283443,-0.08069229,-1.295443,on bike mount,cyclo cross,False,mixed,mixed
159ca764-8e69-45a9-9fa3-39079fb69985,a3a741f0-5056-4975-be0a-7c0ec0485585,a978596c-eb7e-49a5-965b-64fe6ba9b793,1627403903133,13.3843855,52.4546057,6.938201,-0.075507104,-0.15609932,2.7341318,on bike mount,cyclo cross,False,mixed,mixed
159ca764-8e69-45a9-9fa3-39079fb69985,a3a741f0-5056-4975-be0a-7c0ec0485585,51aa6f48-c4a3-49b2-9fba-121f55be685a,1627403903183,13.3843855,52.4546057,6.938201,0.3443508,-2.7206252,-0.78597546,on bike mount,cyclo cross,False,mixed,mixed
159ca764-8e69-45a9-9fa3-39079fb69985,a3a741f0-5056-4975-be0a-7c0ec0485585,1ece19f2-3e79-4574-a014-01a031a4c8a8,1627403903233,13.3843855,52.4546057,6.938201,0.43383995,-3.4005852,1.7714968,on bike mount,cyclo cross,False,mixed,mixed
159ca764-8e69-45a9-9fa3-39079fb69985,a3a741f0-5056-4975-be0a-7c0ec0485585,d681f223-2462-4247-ad27-e34b7a6d4255,1627403903283,13.3843855,52.4546057,6.938201,-0.11452863,0.8617656,-1.7212105,on bike mount,cyclo cross,False,mixed,mixed
159ca764-8e69-45a9-9fa3-39079fb69985,a3a741f0-5056-4975-be0a-7c0ec0485585,675e45c9-2d25-40a5-b2c3-05e9c435a411,1627403903351,13.3843855,52.4546057,6.938201,0.25340393,-0.64297795,-0.0075979233,on bike mount,cyclo cross,False,mixed,mixed
159ca764-8e69-45a9-9fa3-39079fb69985,a3a741f0-5056-4975-be0a-7c0ec0485585,939af78c-d39b-4b3f-ac72-10423f607b0c,1627403903401,13.3843855,52.4546057,6.938201,-1.1661679,1.2876887,-1.9125085,on bike mount,cyclo cross,False,mixed,mixed
159ca764-8e69-45a9-9fa3-39079fb69985,a3a741f0-5056-4975-be0a-7c0ec0485585,a96dfb0a-6d40-452b-a394-df27474b1ec8,1627403903452,13.3843855,52.4546057,6.938201,0.029237077,-1.2483237,2.8976192,on bike mount,cyclo cross,False,mixed,mixed
159ca764-8e69-45a9-9fa3-39079fb69985,a3a741f0-5056-4975-be0a-7c0ec0485585,0be623da-ec1f-4c78-ab3d-69b815ed61a5,1627403903502,13.3843855,52.4546057,6.938201,1.1534384,-5.2955375,-0.68432903,on bike mount,cyclo cross,False,mixed,mixed
159ca764-8e69-45a9-9fa3-39079fb69985,a3a741f0-5056-4975-be0a-7c0ec0485585,a4f99f33-a867-476b-bdeb-3e64319c934b,1627403903552,13.3843855,52.4546057,6.938201,0.5113527,-0.9503007,2.1389465,on bike mount,cyclo cross,False,mixed,mixed
159ca764-8e69-45a9-9fa3-39079fb69985,a3a741f0-5056-4975-be0a-7c0ec0485585,3ccb722e-1a68-428d-a76c-b921410ae913,1627403903602,13.3843855,52.4546057,6.938201,-0.39047408,1.5673947,-0.15225077,on bike mount,cyclo cross,False,mixed,mixed
159ca764-8e69-45a9-9fa3-39079fb69985,a3a741f0-5056-4975-be0a-7c0ec0485585,9f0ead73-4af0-41fd-9feb-9e75f6db8d5d,1627403903653,13.3843855,52.4546057,6.938201,1.7685224,0.07128596,0.41635895,on bike mount,cyclo cross,False,mixed,mixed
159ca764-8e69-45a9-9fa3-39079fb69985,a3a741f0-5056-4975-be0a-7c0ec0485585,2ce46358-9155-4938-88ca-9f39342edfa4,1627403903703,13.3843855,52.4546057,6.938201,-3.1085362,-0.5063529,1.9021702,on bike mount,cyclo cross,False,mixed,mixed
159ca764-8e69-45a9-9fa3-39079fb69985,a3a741f0-5056-4975-be0a-7c0ec0485585,d4c6a7d1-6283-46da-a84d-60f68c759ad5,1627403903753,13.3843855,52.4546057,6.938201,-0.6906693,-0.8295152,1.4412031,on bike mount,cyclo cross,False,mixed,mixed
159ca764-8e69-45a9-9fa3-39079fb69985,a3a741f0-5056-4975-be0a-7c0ec0485585,2476cebb-72c2-445a-91b1-8a58a8856366,1627403903804,13.3843855,52.4546057,6.938201,0.52474487,0.017708778,3.3491392,on bike mount,cyclo cross,False,mixed,mixed
159ca764-8e69-45a9-9fa3-39079fb69985,a3a741f0-5056-4975-be0a-7c0ec0485585,fef07e97-4d7b-46ed-a268-97787df66a35,1627403903853,13.3843855,52.4546057,6.938201,0.020193458,-0.41395116,2.7368536,on bike mount,cyclo cross,False,mixed,mixed
159ca764-8e69-45a9-9fa3-39079fb69985,a3a741f0-5056-4975-be0a-7c0ec0485585,9d95bb5f-d4b6-4ccb-9e83-f3a293143cd3,1627403903903,13.3843855,52.4546057,6.938201,-0.3986624,-1.3113093,-0.1281929,on bike mount,cyclo cross,False,mixed,mixed
159ca764-8e69-45a9-9fa3-39079fb69985,a3a741f0-5056-4975-be0a-7c0ec0485585,9450f57a-d6de-4c66-87db-e0562fd90068,1627403903953,13.3843855,52.4546057,6.938201,1.4994891,-3.784123,-0.61254406,on bike mount,cyclo cross,False,mixed,mixed
159ca764-8e69-45a9-9fa3-39079fb69985,a3a741f0-5056-4975-be0a-7c0ec0485585,0c995733-95f7-4366-b8a0-e04eb00f1f31,1627403904003,13.3843855,52.4546057,6.938201,0.5738523,1.4096713,-1.1238804,on bike mount,cyclo cross,False,mixed,mixed
159ca764-8e69-45a9-9fa3-39079fb69985,a3a741f0-5056-4975-be0a-7c0ec0485585,7cce9012-d7d1-4382-99d3-16b92cb2d12b,1627403904053,13.3843855,52.4546057,6.938201,-0.16489726,0.07082653,2.669917,on bike mount,cyclo cross,False,mixed,mixed
159ca764-8e69-45a9-9fa3-39079fb69985,a3a741f0-5056-4975-be0a-7c0ec0485585,8d0f1ac9-8b09-4de0-8294-27d56d34cff5,1627403904104,13.3843681,52.4546652,6.521667,-1.0698249,1.4557977,-0.45320415,on bike mount,cyclo cross,False,mixed,mixed
159ca764-8e69-45a9-9fa3-39079fb69985,a3a741f0-5056-4975-be0a-7c0ec0485585,3b6c0802-9002-41e8-bf97-0fa600177a24,1627403904154,13.3843681,52.4546652,6.521667,-0.35052758,-4.415798,0.1253004,on bike mount,cyclo cross,False,mixed,mixed
159ca764-8e69-45a9-9fa3-39079fb69985,a3a741f0-5056-4975-be0a-7c0ec0485585,c5e98efd-f5bd-429e-ad80-ea489614bad7,1627403904204,13.3843681,52.4546652,6.521667,0.022557795,0.79790425,-5.002057,on bike mount,cyclo cross,False,mixed,mixed
159ca764-8e69-45a9-9fa3-39079fb69985,a3a741f0-5056-4975-be0a-7c0ec0485585,55d103e6-da2a-465b-b2aa-2cae19b90909,1627403904254,13.3843681,52.4546652,6.521667,-0.3793096,2.12,-2.7595305,on bike mount,cyclo cross,False,mixed,mixed
159ca764-8e69-45a9-9fa3-39079fb69985,a3a741f0-5056-4975-be0a-7c0ec0485585,6aaa5458-c55a-4fd5-9931-17bfe116b128,1627403904304,13.3843681,52.4546652,6.521667,0.34749842,0.89305925,-8.206122,on bike mount,cyclo cross,False,mixed,mixed
159ca764-8e69-45a9-9fa3-39079fb69985,a3a741f0-5056-4975-be0a-7c0ec0485585,e3e44080-002f-43ec-95de-8b3c32431b9b,1627403904353,13.3843681,52.4546652,6.521667,1.2104186,-2.2390275,6.2669477,on bike mount,cyclo cross,False,mixed,mixed
159ca764-8e69-45a9-9fa3-39079fb69985,a3a741f0-5056-4975-be0a-7c0ec0485585,b05ad6c3-b606-4ecf-a26a-b757f4b7f314,1627403904403,13.3843681,52.4546652,6.521667,-0.23473898,-0.53335094,4.0487423,on bike mount,cyclo cross,False,mixed,mixed
159ca764-8e69-45a9-9fa3-39079fb69985,a3a741f0-5056-4975-be0a-7c0ec0485585,e1bc9956-34ad-4da0-b6dc-1c8a6f179262,1627403904453,13.3843681,52.4546652,6.521667,-2.4935086,-0.66086674,0.3406515,on bike mount,cyclo cross,False,mixed,mixed
159ca764-8e69-45a9-9fa3-39079fb69985,a3a741f0-5056-4975-be0a-7c0ec0485585,8d313c39-6041-4134-828c-0457f0b18964,1627403904503,13.3843681,52.4546652,6.521667,0.15015543,-4.9590893,4.5862703,on bike mount,cyclo cross,False,mixed,mixed
159ca764-8e69-45a9-9fa3-39079fb69985,a3a741f0-5056-4975-be0a-7c0ec0485585,d9948035-ad51-4f38-ba2e-741aead57b76,1627403904552,13.3843681,52.4546652,6.521667,0.6099177,-0.18535137,-3.2826743,on bike mount,cyclo cross,False,mixed,mixed
159ca764-8e69-45a9-9fa3-39079fb69985,a3a741f0-5056-4975-be0a-7c0ec0485585,75aa102c-3a0b-46bf-b4fe-b337c7d4950c,1627403904601,13.3843681,52.4546652,6.521667,1.1817511,3.773509,-4.2350636,on bike mount,cyclo cross,False,mixed,mixed
159ca764-8e69-45a9-9fa3-39079fb69985,a3a741f0-5056-4975-be0a-7c0ec0485585,ea419a91-1f36-4e63-ad1f-8518b937565d,1627403904651,13.3843681,52.4546652,6.521667,0.26555666,3.458025,-4.1444526,on bike mount,cyclo cross,False,mixed,mixed
159ca764-8e69-45a9-9fa3-39079fb69985,a3a741f0-5056-4975-be0a-7c0ec0485585,2eeadc40-b7fc-489f-8e36-1e852d63d8b4,1627403904700,13.3843681,52.4546652,6.521667,0.37867904,-8.980816,7.122304,on bike mount,cyclo cross,False,mixed,mixed
159ca764-8e69-45a9-9fa3-39079fb69985,a3a741f0-5056-4975-be0a-7c0ec0485585,5c55167d-d8e1-4da7-bbc8-5e873b553dd0,1627403904750,13.3843681,52.4546652,6.521667,2.7137089,2.6042671,-4.191138,on bike mount,cyclo cross,False,mixed,mixed
159ca764-8e69-45a9-9fa3-39079fb69985,a3a741f0-5056-4975-be0a-7c0ec0485585,73c0d8aa-5fb6-49ce-821f-bf70541dacc5,1627403904800,13.3843681,52.4546652,6.521667,-2.5801015,1.963306,3.3092308,on bike mount,cyclo cross,False,mixed,mixed
159ca764-8e69-45a9-9fa3-39079fb69985,a3a741f0-5056-4975-be0a-7c0ec0485585,b758b517-2e75-4908-9b96-be5dd772c8ca,1627403904850,13.3843681,52.4546652,6.521667,1.3020587,-3.419567,0.24325466,on bike mount,cyclo cross,False,mixed,mixed
159ca764-8e69-45a9-9fa3-39079fb69985,a3a741f0-5056-4975-be0a-7c0ec0485585,53915803-a787-4d42-bdc6-52a075d72eec,1627403904899,13.3843681,52.4546652,6.521667,0.860317,-0.9684899,0.6033344,on bike mount,cyclo cross,False,mixed,mixed
159ca764-8e69-45a9-9fa3-39079fb69985,a3a741f0-5056-4975-be0a-7c0ec0485585,b50a18f5-95d7-4261-b468-940dfb5625ff,1627403904949,13.3843681,52.4546652,6.521667,-0.36184797,-1.2215037,-4.0555935,on bike mount,cyclo cross,False,mixed,mixed
159ca764-8e69-45a9-9fa3-39079fb69985,a3a741f0-5056-4975-be0a-7c0ec0485585,b5894adf-b4c7-45c0-84bf-0ec04312ca5d,1627403904999,13.3843681,52.4546652,6.521667,-0.85019606,-0.2742381,1.5256672,on bike mount,cyclo cross,False,mixed,mixed
159ca764-8e69-45a9-9fa3-39079fb69985,a3a741f0-5056-4975-be0a-7c0ec0485585,3ab412d5-7558-4931-8ca3-90c082127ad7,1627403905069,13.3843681,52.4546652,6.521667,0.15043804,0.014555693,2.2067795,on bike mount,cyclo cross,False,mixed,mixed
159ca764-8e69-45a9-9fa3-39079fb69985,a3a741f0-5056-4975-be0a-7c0ec0485585,d421e9f5-1ca2-4610-a805-c7d788674133,1627403905119,13.3843479,52.4547239,6.697955,-1.6811017,0.6655531,11.670784,on bike mount,cyclo cross,False,mixed,mixed
159ca764-8e69-45a9-9fa3-39079fb69985,a3a741f0-5056-4975-be0a-7c0ec0485585,0433e52c-d0ed-4d79-b0e4-5ca21ea49452,1627403905169,13.3843479,52.4547239,6.697955,-2.2326283,-3.1402836,-3.2114878,on bike mount,cyclo cross,False,mixed,mixed
159ca764-8e69-45a9-9fa3-39079fb69985,a3a741f0-5056-4975-be0a-7c0ec0485585,31e540ef-6ffd-46d7-a51b-9e425a8e64a9,1627403905219,13.3843479,52.4547239,6.697955,-1.4108332,-2.1366396,3.9290295,on bike mount,cyclo cross,False,mixed,mixed
159ca764-8e69-45a9-9fa3-39079fb69985,a3a741f0-5056-4975-be0a-7c0ec0485585,0da35762-a4e3-4722-b890-13286572dae9,1627403905270,13.3843479,52.4547239,6.697955,-1.8710704,-0.8253064,-4.948955,on bike mount,cyclo cross,False,mixed,mixed
159ca764-8e69-45a9-9fa3-39079fb69985,a3a741f0-5056-4975-be0a-7c0ec0485585,9a43a4d5-d3c3-429e-b5e1-e4e9c5e55f31,1627403905319,13.3843479,52.4547239,6.697955,-0.7971727,-3.5207198,1.411849,on bike mount,cyclo cross,False,mixed,mixed
159ca764-8e69-45a9-9fa3-39079fb69985,a3a741f0-5056-4975-be0a-7c0ec0485585,3b18fd14-16cd-441f-ad37-594bf54af34d,1627403905369,13.3843479,52.4547239,6.697955,-0.9913443,3.884447,-2.9752035,on bike mount,cyclo cross,False,mixed,mixed
159ca764-8e69-45a9-9fa3-39079fb69985,a3a741f0-5056-4975-be0a-7c0ec0485585,19c485f1-cd9a-4753-a34a-fe455cdbc9b7,1627403905418,13.3843479,52.4547239,6.697955,-0.9013906,-1.5539029,2.8752575,on bike mount,cyclo cross,False,mixed,mixed
159ca764-8e69-45a9-9fa3-39079fb69985,a3a741f0-5056-4975-be0a-7c0ec0485585,2ed8d89f-b076-43bc-9627-4050eaddd2ca,1627403905468,13.3843479,52.4547239,6.697955,0.8020978,-0.88617706,0.35402203,on bike mount,cyclo cross,False,mixed,mixed
159ca764-8e69-45a9-9fa3-39079fb69985,a3a741f0-5056-4975-be0a-7c0ec0485585,4a192b51-976c-42e4-94a1-c38324a5cbbb,1627403905518,13.3843479,52.4547239,6.697955,-0.6000875,0.7751646,1.1590872,on bike mount,cyclo cross,False,mixed,mixed
159ca764-8e69-45a9-9fa3-39079fb69985,a3a741f0-5056-4975-be0a-7c0ec0485585,7adab36e-11c7-4140-852e-5ffb58400e85,1627403905568,13.3843479,52.4547239,6.697955,0.40689754,1.826818,-1.502306,on bike mount,cyclo cross,False,mixed,mixed
159ca764-8e69-45a9-9fa3-39079fb69985,a3a741f0-5056-4975-be0a-7c0ec0485585,54c89980-a1b4-46b7-9f73-a9bb871de1ff,1627403905619,13.3843479,52.4547239,6.697955,0.79840326,-2.659284,0.43761063,on bike mount,cyclo cross,False,mixed,mixed
159ca764-8e69-45a9-9fa3-39079fb69985,a3a741f0-5056-4975-be0a-7c0ec0485585,3f48d6cf-d684-4b7c-b690-3c8671303256,1627403905669,13.3843479,52.4547239,6.697955,0.5554581,1.5272832,0.7556515,on bike mount,cyclo cross,False,mixed,mixed
159ca764-8e69-45a9-9fa3-39079fb69985,a3a741f0-5056-4975-be0a-7c0ec0485585,1548c73a-3909-4cd6-b85b-7d93acb1a457,1627403905719,13.3843479,52.4547239,6.697955,1.0921395,-1.4614085,-1.9608083,on bike mount,cyclo cross,False,mixed,mixed
159ca764-8e69-45a9-9fa3-39079fb69985,a3a741f0-5056-4975-be0a-7c0ec0485585,0e758485-5d00-4aed-8dbf-8e87829a42b9,1627403905769,13.3843479,52.4547239,6.697955,0.77586406,-0.3526721,-0.3983822,on bike mount,cyclo cross,False,mixed,mixed
159ca764-8e69-45a9-9fa3-39079fb69985,a3a741f0-5056-4975-be0a-7c0ec0485585,8dfcdd07-8a00-47d2-8d9c-e445dc13f2d5,1627403905819,13.3843479,52.4547239,6.697955,0.49340948,-0.45743752,0.5777292,on bike mount,cyclo cross,False,mixed,mixed
159ca764-8e69-45a9-9fa3-39079fb69985,a3a741f0-5056-4975-be0a-7c0ec0485585,19174fc8-0012-4a35-9db7-5645444a3c4c,1627403905869,13.3843479,52.4547239,6.697955,1.3708105,-0.47069836,-2.4099512,on bike mount,cyclo cross,False,mixed,mixed
159ca764-8e69-45a9-9fa3-39079fb69985,a3a741f0-5056-4975-be0a-7c0ec0485585,bf6e7ea9-ea0b-41ed-b6f7-281e2e3867e3,1627403905918,13.3843479,52.4547239,6.697955,0.7212833,-1.9893241,0.8121319,on bike mount,cyclo cross,False,mixed,mixed
159ca764-8e69-45a9-9fa3-39079fb69985,a3a741f0-5056-4975-be0a-7c0ec0485585,c9f4212a-9277-461b-ac03-fb6bf4d2371d,1627403905969,13.3843479,52.4547239,6.697955,-2.0489383,1.2323196,0.504262,on bike mount,cyclo cross,False,mixed,mixed
159ca764-8e69-45a9-9fa3-39079fb69985,a3a741f0-5056-4975-be0a-7c0ec0485585,3f1d3847-9107-4544-9f98-88e5173449ba,1627403906019,13.3843479,52.4547239,6.697955,-2.0546393,0.8217273,-0.76918125,on bike mount,cyclo cross,False,mixed,mixed
159ca764-8e69-45a9-9fa3-39079fb69985,a3a741f0-5056-4975-be0a-7c0ec0485585,80402bb1-dbe7-436b-87aa-a09c2182aac0,1627403906069,13.3843479,52.4547239,6.697955,2.216554,-0.5281639,0.63994217,on bike mount,cyclo cross,False,mixed,mixed
159ca764-8e69-45a9-9fa3-39079fb69985,a3a741f0-5056-4975-be0a-7c0ec0485585,8dadd647-4ff8-444d-bc82-19ddfe544bb8,1627403906119,13.3843279,52.454783,6.961352,-0.22164458,-3.01146,-0.95733166,on bike mount,cyclo cross,False,mixed,mixed
159ca764-8e69-45a9-9fa3-39079fb69985,a3a741f0-5056-4975-be0a-7c0ec0485585,cf570ac7-11e9-4b66-817d-899cc727ae34,1627403906169,13.3843279,52.454783,6.961352,0.4772028,-1.0223172,-1.411696,on bike mount,cyclo cross,False,mixed,mixed
159ca764-8e69-45a9-9fa3-39079fb69985,a3a741f0-5056-4975-be0a-7c0ec0485585,92b4a77a-4d58-4cfa-9553-5e6bde4bc497,1627403906219,13.3843279,52.454783,6.961352,0.007937849,1.5117908,-1.0502028,on bike mount,cyclo cross,False,mixed,mixed
159ca764-8e69-45a9-9fa3-39079fb69985,a3a741f0-5056-4975-be0a-7c0ec0485585,fdb43579-6ccf-4892-a5ea-45d636eb5562,1627403906269,13.3843279,52.454783,6.961352,-0.20153418,-0.9025049,-0.44740105,on bike mount,cyclo cross,False,mixed,mixed
159ca764-8e69-45a9-9fa3-39079fb69985,a3a741f0-5056-4975-be0a-7c0ec0485585,52cf324c-0c1f-40e1-ae71-fa23dbd0017e,1627403906319,13.3843279,52.454783,6.961352,0.60277754,-1.4817812,-2.3456159,on bike mount,cyclo cross,False,mixed,mixed
159ca764-8e69-45a9-9fa3-39079fb69985,a3a741f0-5056-4975-be0a-7c0ec0485585,2e9f85d8-3686-4054-9c2a-753d7db77878,1627403906370,13.3843279,52.454783,6.961352,0.8710305,-0.59800935,-1.2976418,on bike mount,cyclo cross,False,mixed,mixed
159ca764-8e69-45a9-9fa3-39079fb69985,a3a741f0-5056-4975-be0a-7c0ec0485585,c8e23cfc-5cfb-4224-8f50-524c12d06df3,1627403906420,13.3843279,52.454783,6.961352,0.24704234,-0.46879315,1.2137375,on bike mount,cyclo cross,False,mixed,mixed
159ca764-8e69-45a9-9fa3-39079fb69985,a3a741f0-5056-4975-be0a-7c0ec0485585,8094d47b-92cb-4740-95b2-e6cdc736d0e9,1627403906471,13.3843279,52.454783,6.961352,-0.074528694,-1.3987486,0.43080044,on bike mount,cyclo cross,False,mixed,mixed
159ca764-8e69-45a9-9fa3-39079fb69985,a3a741f0-5056-4975-be0a-7c0ec0485585,144dd288-ae62-4c79-8cda-899d8d1c3d17,1627403906521,13.3843279,52.454783,6.961352,0.74825364,-0.6107508,-0.24854374,on bike mount,cyclo cross,False,mixed,mixed
159ca764-8e69-45a9-9fa3-39079fb69985,a3a741f0-5056-4975-be0a-7c0ec0485585,d529c93a-94e1-4000-9abc-6d70a7c78894,1627403906571,13.3843279,52.454783,6.961352,-0.12291694,0.17684889,0.727931,on bike mount,cyclo cross,False,mixed,mixed
159ca764-8e69-45a9-9fa3-39079fb69985,a3a741f0-5056-4975-be0a-7c0ec0485585,b7ccdbe6-59b4-4491-b4ec-f0f4a1fe475d,1627403906620,13.3843279,52.454783,6.961352,-0.031014562,-2.132611,1.6141148,on bike mount,cyclo cross,False,mixed,mixed
159ca764-8e69-45a9-9fa3-39079fb69985,a3a741f0-5056-4975-be0a-7c0ec0485585,1962992f-622a-4ee6-a00c-e16717924fc7,1627403906670,13.3843279,52.454783,6.961352,-0.010776579,-0.8116193,-0.9924822,on bike mount,cyclo cross,False,mixed,mixed
159ca764-8e69-45a9-9fa3-39079fb69985,a3a741f0-5056-4975-be0a-7c0ec0485585,58feb7e8-89cf-436f-9d0d-514a7f22d802,1627403906721,13.3843279,52.454783,6.961352,0.47869486,-0.11334467,0.41810036,on bike mount,cyclo cross,False,mixed,mixed
159ca764-8e69-45a9-9fa3-39079fb69985,a3a741f0-5056-4975-be0a-7c0ec0485585,666bfe13-88d8-42e4-b7bf-00571d1a5098,1627403906771,13.3843279,52.454783,6.961352,-1.9037421,0.78610563,1.012723,on bike mount,cyclo cross,False,mixed,mixed
159ca764-8e69-45a9-9fa3-39079fb69985,a3a741f0-5056-4975-be0a-7c0ec0485585,06e9700b-4af8-4b30-8578-a98f4da71237,1627403906820,13.3843279,52.454783,6.961352,-1.0159395,-1.0790871,-1.4181886,on bike mount,cyclo cross,False,mixed,mixed
159ca764-8e69-45a9-9fa3-39079fb69985,a3a741f0-5056-4975-be0a-7c0ec0485585,bcfcbd75-74f0-49a7-a2b4-72caeef64c00,1627403906870,13.3843279,52.454783,6.961352,0.8892529,1.0155704,-0.48530674,on bike mount,cyclo cross,False,mixed,mixed
159ca764-8e69-45a9-9fa3-39079fb69985,a3a741f0-5056-4975-be0a-7c0ec0485585,07142f26-6529-401f-9fd8-a0f497e205df,1627403906920,13.3843279,52.454783,6.961352,0.42739367,0.6724968,-0.5134735,on bike mount,cyclo cross,False,mixed,mixed
159ca764-8e69-45a9-9fa3-39079fb69985,a3a741f0-5056-4975-be0a-7c0ec0485585,902f8dd5-6709-4e79-9454-662576d2fbe8,1627403906971,13.3843279,52.454783,6.961352,-0.86888206,-1.7923892,0.67447186,on bike mount,cyclo cross,False,mixed,mixed
159ca764-8e69-45a9-9fa3-39079fb69985,a3a741f0-5056-4975-be0a-7c0ec0485585,1101c636-8c88-456c-ad14-22dbb4f88e6a,1627403907036,13.3843279,52.454783,6.961352,0.52319515,0.9663148,-1.5491476,on bike mount,cyclo cross,False,mixed,mixed
159ca764-8e69-45a9-9fa3-39079fb69985,a3a741f0-5056-4975-be0a-7c0ec0485585,6689318f-b235-4267-93c1-0687972e65ad,1627403907087,13.3843279,52.454783,6.961352,0.8519217,-0.15057349,-1.1575866,on bike mount,cyclo cross,False,mixed,mixed
159ca764-8e69-45a9-9fa3-39079fb69985,a3a741f0-5056-4975-be0a-7c0ec0485585,2fdcb2cb-5398-4b9f-b799-08b9e9731678,1627403907137,13.3843129,52.4548458,7.1354423,0.4291563,1.7466459,-1.7037659,on bike mount,cyclo cross,False,mixed,mixed
159ca764-8e69-45a9-9fa3-39079fb69985,a3a741f0-5056-4975-be0a-7c0ec0485585,87ba3db9-2d82-414e-8e6c-a8e6b8bf034b,1627403907187,13.3843129,52.4548458,7.1354423,1.2187619,0.7251048,1.3321867,on bike mount,cyclo cross,False,mixed,mixed
159ca764-8e69-45a9-9fa3-39079fb69985,a3a741f0-5056-4975-be0a-7c0ec0485585,8e2a996c-d736-4fbd-aa8d-6e414daa86fe,1627403907237,13.3843129,52.4548458,7.1354423,0.2469644,-0.7080846,0.07734585,on bike mount,cyclo cross,False,mixed,mixed
159ca764-8e69-45a9-9fa3-39079fb69985,a3a741f0-5056-4975-be0a-7c0ec0485585,175d24a4-5e27-4a2a-8162-b5f5c39fe2ec,1627403907287,13.3843129,52.4548458,7.1354423,0.24678855,-0.8602277,-1.3112798,on bike mount,cyclo cross,False,mixed,mixed
159ca764-8e69-45a9-9fa3-39079fb69985,a3a741f0-5056-4975-be0a-7c0ec0485585,9af8b528-4391-48ed-8b75-727b76dee5c0,1627403907337,13.3843129,52.4548458,7.1354423,0.412408,1.2580242,1.0673351,on bike mount,cyclo cross,False,mixed,mixed
159ca764-8e69-45a9-9fa3-39079fb69985,a3a741f0-5056-4975-be0a-7c0ec0485585,838eb828-899e-4ef4-b88e-986fbe46ae16,1627403907386,13.3843129,52.4548458,7.1354423,1.1163461,-1.6749041,3.9438028,on bike mount,cyclo cross,False,mixed,mixed
159ca764-8e69-45a9-9fa3-39079fb69985,a3a741f0-5056-4975-be0a-7c0ec0485585,5a901b37-a6f2-4141-a6a5-2167667267ce,1627403907436,13.3843129,52.4548458,7.1354423,-0.06557304,-1.3016535,-0.5832195,on bike mount,cyclo cross,False,mixed,mixed
159ca764-8e69-45a9-9fa3-39079fb69985,a3a741f0-5056-4975-be0a-7c0ec0485585,4a2d9035-941a-41a8-9567-df03fd90161c,1627403907486,13.3843129,52.4548458,7.1354423,-0.13141736,-0.080026865,1.6486683,on bike mount,cyclo cross,False,mixed,mixed
159ca764-8e69-45a9-9fa3-39079fb69985,a3a741f0-5056-4975-be0a-7c0ec0485585,ef15fd1b-4f36-4a04-adc8-d71b8ba686e1,1627403907538,13.3843129,52.4548458,7.1354423,0.9361528,1.7577276,2.0487957,on bike mount,cyclo cross,False,mixed,mixed
159ca764-8e69-45a9-9fa3-39079fb69985,a3a741f0-5056-4975-be0a-7c0ec0485585,2fb96a59-c882-4694-a3b2-80280c4aa984,1627403907588,13.3843129,52.4548458,7.1354423,-4.8968773,8.96731,-15.79558,on bike mount,cyclo cross,False,mixed,mixed
159ca764-8e69-45a9-9fa3-39079fb69985,a3a741f0-5056-4975-be0a-7c0ec0485585,b46620d8-0284-43f8-a84c-dad295680802,1627403907639,13.3843129,52.4548458,7.1354423,-5.339977,-1.104896,-18.547773,on bike mount,cyclo cross,False,mixed,mixed
159ca764-8e69-45a9-9fa3-39079fb69985,a3a741f0-5056-4975-be0a-7c0ec0485585,1f59ece3-1089-4685-8654-70cc8c547537,1627403907690,13.3843129,52.4548458,7.1354423,-0.7996148,-0.29619503,-4.403677,on bike mount,cyclo cross,False,mixed,mixed
159ca764-8e69-45a9-9fa3-39079fb69985,a3a741f0-5056-4975-be0a-7c0ec0485585,dce97733-e2ae-4ee2-a194-812f66eada19,1627403907740,13.3843129,52.4548458,7.1354423,-3.0241957,-9.439609,-5.2492266,on bike mount,cyclo cross,False,mixed,mixed
159ca764-8e69-45a9-9fa3-39079fb69985,a3a741f0-5056-4975-be0a-7c0ec0485585,ad0094e2-fae4-4634-b939-b5f082e96a84,1627403907790,13.3843129,52.4548458,7.1354423,1.9849577,1.6409683,-3.2143073,on bike mount,cyclo cross,False,mixed,mixed
159ca764-8e69-45a9-9fa3-39079fb69985,a3a741f0-5056-4975-be0a-7c0ec0485585,a3371099-35d3-43f0-9d34-6e6a5ce3dea6,1627403907840,13.3843129,52.4548458,7.1354423,-2.0420604,-2.7188704,4.0774946,on bike mount,cyclo cross,False,mixed,mixed
159ca764-8e69-45a9-9fa3-39079fb69985,a3a741f0-5056-4975-be0a-7c0ec0485585,76b89894-f82e-4539-8894-557f6da7a134,1627403907890,13.3843129,52.4548458,7.1354423,0.4563013,0.36272407,1.3872938,on bike mount,cyclo cross,False,mixed,mixed
159ca764-8e69-45a9-9fa3-39079fb69985,a3a741f0-5056-4975-be0a-7c0ec0485585,c5ab6b3a-404b-458b-bd8c-e0f1a0dd27c9,1627403907940,13.3843129,52.4548458,7.1354423,-0.0900051,0.044593573,-2.872397,on bike mount,cyclo cross,False,mixed,mixed
159ca764-8e69-45a9-9fa3-39079fb69985,a3a741f0-5056-4975-be0a-7c0ec0485585,51efc1b0-e6b0-4595-8848-a6449cc6c5e9,1627403907990,13.3843129,52.4548458,7.1354423,-0.51865053,-0.054342985,3.1999826,on bike mount,cyclo cross,False,mixed,mixed
159ca764-8e69-45a9-9fa3-39079fb69985,a3a741f0-5056-4975-be0a-7c0ec0485585,912eac93-ee7c-4f9f-b32a-536cd416056b,1627403908040,13.3843129,52.4548458,7.1354423,1.8828611,0.58828974,-1.6884708,on bike mount,cyclo cross,False,mixed,mixed
159ca764-8e69-45a9-9fa3-39079fb69985,a3a741f0-5056-4975-be0a-7c0ec0485585,de8ed1c6-af2c-4d0c-b522-2310674bdb40,1627403908090,13.3843056,52.4549116,7.1199627,2.0963435,-0.9899175,2.9578295,on bike mount,cyclo cross,False,mixed,mixed
159ca764-8e69-45a9-9fa3-39079fb69985,a3a741f0-5056-4975-be0a-7c0ec0485585,a4bc5c60-1e51-442e-a2f2-f6607444d832,1627403908140,13.3843056,52.4549116,7.1199627,0.93671584,1.8865647,-3.4348617,on bike mount,cyclo cross,False,mixed,mixed
159ca764-8e69-45a9-9fa3-39079fb69985,a3a741f0-5056-4975-be0a-7c0ec0485585,93334b4d-ca7d-4808-b87b-ff9493767631,1627403908190,13.3843056,52.4549116,7.1199627,0.6126107,-0.87179136,0.16145325,on bike mount,cyclo cross,False,mixed,mixed
159ca764-8e69-45a9-9fa3-39079fb69985,a3a741f0-5056-4975-be0a-7c0ec0485585,7b2c0fa7-7ad8-4c35-a32b-7f18f1b9db4b,1627403908240,13.3843056,52.4549116,7.1199627,1.010695,-2.8584552,4.05653,on bike mount,cyclo cross,False,mixed,mixed
159ca764-8e69-45a9-9fa3-39079fb69985,a3a741f0-5056-4975-be0a-7c0ec0485585,65aaa5da-ca2c-4b21-9d7e-bd9922d3d10e,1627403908291,13.3843056,52.4549116,7.1199627,-1.1960942,3.0671597,-1.4188805,on bike mount,cyclo cross,False,mixed,mixed
159ca764-8e69-45a9-9fa3-39079fb69985,a3a741f0-5056-4975-be0a-7c0ec0485585,9ec107fa-9beb-4700-b955-2e5461221378,1627403908341,13.3843056,52.4549116,7.1199627,-0.9848094,-3.723577,5.1505976,on bike mount,cyclo cross,False,mixed,mixed
159ca764-8e69-45a9-9fa3-39079fb69985,a3a741f0-5056-4975-be0a-7c0ec0485585,e69608b2-d115-4b0e-86a9-0e3d505f9f38,1627403908390,13.3843056,52.4549116,7.1199627,-2.5008988,4.0264277,-2.0955005,on bike mount,cyclo cross,False,mixed,mixed
159ca764-8e69-45a9-9fa3-39079fb69985,a3a741f0-5056-4975-be0a-7c0ec0485585,f76f9158-3fee-4255-9412-dffa1fc0e851,1627403908440,13.3843056,52.4549116,7.1199627,-0.70443445,-0.459522,0.55657196,on bike mount,cyclo cross,False,mixed,mixed
159ca764-8e69-45a9-9fa3-39079fb69985,a3a741f0-5056-4975-be0a-7c0ec0485585,91fc24ea-1575-4dcb-8336-575a40f7055c,1627403908490,13.3843056,52.4549116,7.1199627,1.0231936,0.16622686,0.49332142,on bike mount,cyclo cross,False,mixed,mixed
159ca764-8e69-45a9-9fa3-39079fb69985,a3a741f0-5056-4975-be0a-7c0ec0485585,5fdaf4bc-477f-4313-9f26-6b5cd91d7b02,1627403908540,13.3843056,52.4549116,7.1199627,-1.0379102,-0.10235667,2.816001,on bike mount,cyclo cross,False,mixed,mixed
159ca764-8e69-45a9-9fa3-39079fb69985,a3a741f0-5056-4975-be0a-7c0ec0485585,12acc7f7-28a5-4ff5-be4a-d19ca8d1ecf2,1627403908591,13.3843056,52.4549116,7.1199627,0.6258118,-0.059827328,-2.0779896,on bike mount,cyclo cross,False,mixed,mixed
159ca764-8e69-45a9-9fa3-39079fb69985,a3a741f0-5056-4975-be0a-7c0ec0485585,351a5d8c-974d-43fe-89fe-609bb324e22e,1627403908641,13.3843056,52.4549116,7.1199627,0.37250924,-2.6480808,3.9161577,on bike mount,cyclo cross,False,mixed,mixed
159ca764-8e69-45a9-9fa3-39079fb69985,a3a741f0-5056-4975-be0a-7c0ec0485585,8ffe0422-3a8a-4032-bd93-35dfa45d238e,1627403908691,13.3843056,52.4549116,7.1199627,-1.2126439,-1.6732835,-1.5297618,on bike mount,cyclo cross,False,mixed,mixed
159ca764-8e69-45a9-9fa3-39079fb69985,a3a741f0-5056-4975-be0a-7c0ec0485585,de95103f-5baf-4275-a3d3-4941505e0840,1627403908742,13.3843056,52.4549116,7.1199627,0.45750082,2.8264809,-3.0903544,on bike mount,cyclo cross,False,mixed,mixed
159ca764-8e69-45a9-9fa3-39079fb69985,a3a741f0-5056-4975-be0a-7c0ec0485585,a70567e3-2681-403b-ba82-d448cbbf74af,1627403908792,13.3843056,52.4549116,7.1199627,-0.06381078,-2.8877838,-2.5942416,on bike mount,cyclo cross,False,mixed,mixed
159ca764-8e69-45a9-9fa3-39079fb69985,a3a741f0-5056-4975-be0a-7c0ec0485585,94f67281-0361-414d-ba30-ea6aa0ed3359,1627403908842,13.3843056,52.4549116,7.1199627,0.55909604,-1.7207204,0.31440258,on bike mount,cyclo cross,False,mixed,mixed
159ca764-8e69-45a9-9fa3-39079fb69985,a3a741f0-5056-4975-be0a-7c0ec0485585,745f718d-46a9-4c56-aad2-b6143f54fc7f,1627403908892,13.3843056,52.4549116,7.1199627,-1.8240931,0.6120577,-0.19550991,on bike mount,cyclo cross,False,mixed,mixed
159ca764-8e69-45a9-9fa3-39079fb69985,a3a741f0-5056-4975-be0a-7c0ec0485585,b5eda6ec-9a64-440f-86b1-a7d8b6d30b1d,1627403908942,13.3843056,52.4549116,7.1199627,0.95028377,1.6304188,2.670434,on bike mount,cyclo cross,False,mixed,mixed
159ca764-8e69-45a9-9fa3-39079fb69985,a3a741f0-5056-4975-be0a-7c0ec0485585,b946592b-c43c-42fd-9133-65946b0445b4,1627403908992,13.3843056,52.4549116,7.1199627,0.33967453,-1.2943404,1.4434938,on bike mount,cyclo cross,False,mixed,mixed
159ca764-8e69-45a9-9fa3-39079fb69985,a3a741f0-5056-4975-be0a-7c0ec0485585,e7f76624-00b7-431c-9970-8e8fe1333b9a,1627403909041,13.3843056,52.4549116,7.1199627,-1.6975858,2.6594424,-0.76791096,on bike mount,cyclo cross,False,mixed,mixed
159ca764-8e69-45a9-9fa3-39079fb69985,a3a741f0-5056-4975-be0a-7c0ec0485585,f08793fa-0212-4f29-9094-617722237347,1627403909091,13.3842965,52.4549772,7.2125454,-0.11106168,-0.2403109,1.2054682,on bike mount,cyclo cross,False,mixed,mixed
159ca764-8e69-45a9-9fa3-39079fb69985,a3a741f0-5056-4975-be0a-7c0ec0485585,ef229f60-d01c-4baa-bfc0-c99f190758c6,1627403909142,13.3842965,52.4549772,7.2125454,-0.9826972,0.15938663,1.0765734,on bike mount,cyclo cross,False,mixed,mixed
159ca764-8e69-45a9-9fa3-39079fb69985,a3a741f0-5056-4975-be0a-7c0ec0485585,c70e7f06-0b07-4f1c-8d18-9bd0a2b16826,1627403909192,13.3842965,52.4549772,7.2125454,-0.6165603,0.009561062,-0.7803688,on bike mount,cyclo cross,False,mixed,mixed
159ca764-8e69-45a9-9fa3-39079fb69985,a3a741f0-5056-4975-be0a-7c0ec0485585,578098c9-6532-4736-84b6-8dbebf5225c3,1627403909242,13.3842965,52.4549772,7.2125454,1.233544,-0.04936576,2.5468884,on bike mount,cyclo cross,False,mixed,mixed
159ca764-8e69-45a9-9fa3-39079fb69985,a3a741f0-5056-4975-be0a-7c0ec0485585,54d84cd7-7aff-4f9a-91b6-7b0282bb910c,1627403909291,13.3842965,52.4549772,7.2125454,0.55111134,0.5341041,-0.087008476,on bike mount,cyclo cross,False,mixed,mixed
159ca764-8e69-45a9-9fa3-39079fb69985,a3a741f0-5056-4975-be0a-7c0ec0485585,83645dd3-ed5a-4e71-a4d0-d579837d22ab,1627403909341,13.3842965,52.4549772,7.2125454,-0.70102376,-2.291397,2.5632362,on bike mount,cyclo cross,False,mixed,mixed
159ca764-8e69-45a9-9fa3-39079fb69985,a3a741f0-5056-4975-be0a-7c0ec0485585,1ea57363-93a2-4e94-ab90-4f361b65a4ba,1627403909391,13.3842965,52.4549772,7.2125454,0.68686867,-1.6108185,-1.2167335,on bike mount,cyclo cross,False,mixed,mixed
159ca764-8e69-45a9-9fa3-39079fb69985,a3a741f0-5056-4975-be0a-7c0ec0485585,304c84e0-d55f-483f-878d-bdf2e90077a5,1627403909442,13.3842965,52.4549772,7.2125454,-0.6681478,-1.4511076,6.2892904,on bike mount,cyclo cross,False,mixed,mixed
159ca764-8e69-45a9-9fa3-39079fb69985,a3a741f0-5056-4975-be0a-7c0ec0485585,a1a076b1-1415-4492-bed5-78cb800422ce,1627403909492,13.3842965,52.4549772,7.2125454,-1.8989098,0.80522203,-5.8580093,on bike mount,cyclo cross,False,mixed,mixed
159ca764-8e69-45a9-9fa3-39079fb69985,a3a741f0-5056-4975-be0a-7c0ec0485585,9af6e5f8-c86d-4e1c-9e22-bb758d3923d9,1627403909542,13.3842965,52.4549772,7.2125454,0.32699865,0.35683918,1.1804276,on bike mount,cyclo cross,False,mixed,mixed
159ca764-8e69-45a9-9fa3-39079fb69985,a3a741f0-5056-4975-be0a-7c0ec0485585,c8774d62-39c3-4eb5-8465-ebb3c7e55dc7,1627403909591,13.3842965,52.4549772,7.2125454,0.9411945,-2.8430955,1.4774914,on bike mount,cyclo cross,False,mixed,mixed
159ca764-8e69-45a9-9fa3-39079fb69985,a3a741f0-5056-4975-be0a-7c0ec0485585,7d9b8cea-2022-42d2-ad0a-f3d0a57da366,1627403909641,13.3842965,52.4549772,7.2125454,-0.588796,-0.9659333,0.2542038,on bike mount,cyclo cross,False,mixed,mixed
159ca764-8e69-45a9-9fa3-39079fb69985,a3a741f0-5056-4975-be0a-7c0ec0485585,880f3cc4-dd86-4bcb-83ec-cc901b3ff892,1627403909691,13.3842965,52.4549772,7.2125454,-0.497019,-2.5029082,0.8329201,on bike mount,cyclo cross,False,mixed,mixed
159ca764-8e69-45a9-9fa3-39079fb69985,a3a741f0-5056-4975-be0a-7c0ec0485585,4a53abbf-1f5e-4c24-9f20-ad53ce35fbe3,1627403909741,13.3842965,52.4549772,7.2125454,-0.60757184,1.3230708,1.4577246,on bike mount,cyclo cross,False,mixed,mixed
159ca764-8e69-45a9-9fa3-39079fb69985,a3a741f0-5056-4975-be0a-7c0ec0485585,de7d2140-354c-4130-b8b9-2a93bf561ab9,1627403909791,13.3842965,52.4549772,7.2125454,0.5182749,-2.6401825,-1.3040295,on bike mount,cyclo cross,False,mixed,mixed
159ca764-8e69-45a9-9fa3-39079fb69985,a3a741f0-5056-4975-be0a-7c0ec0485585,09e7f4c5-9f44-4c6a-b8b5-f9cfcfd98551,1627403909841,13.3842965,52.4549772,7.2125454,-0.42826217,-1.8768158,3.260579,on bike mount,cyclo cross,False,mixed,mixed
159ca764-8e69-45a9-9fa3-39079fb69985,a3a741f0-5056-4975-be0a-7c0ec0485585,6fc00973-4162-4d6c-8db2-1b7ca588482a,1627403909891,13.3842965,52.4549772,7.2125454,-0.06512088,-0.6964836,-1.1396694,on bike mount,cyclo cross,False,mixed,mixed
159ca764-8e69-45a9-9fa3-39079fb69985,a3a741f0-5056-4975-be0a-7c0ec0485585,df32a9b1-b0dd-4534-abd8-df407e456875,1627403909942,13.3842965,52.4549772,7.2125454,-1.2648022,-1.6538368,3.4248743,on bike mount,cyclo cross,False,mixed,mixed
159ca764-8e69-45a9-9fa3-39079fb69985,a3a741f0-5056-4975-be0a-7c0ec0485585,c884250d-cd7a-4b78-805d-cf9c17077ed7,1627403910005,13.3842965,52.4549772,7.2125454,1.244644,-2.8995068,-2.3910537,on bike mount,cyclo cross,False,mixed,mixed
159ca764-8e69-45a9-9fa3-39079fb69985,a3a741f0-5056-4975-be0a-7c0ec0485585,a8636c2f-201d-4da8-a940-1b383524910c,1627403910056,13.3842965,52.4549772,7.2125454,-0.31438452,-0.6684549,-0.13908672,on bike mount,cyclo cross,False,mixed,mixed
159ca764-8e69-45a9-9fa3-39079fb69985,a3a741f0-5056-4975-be0a-7c0ec0485585,fbd29bb0-f04f-46fc-b64f-46b0f03946cc,1627403910106,13.3842859,52.4550457,7.5090594,-1.4529479,0.38444328,-0.4210539,on bike mount,cyclo cross,False,mixed,mixed
159ca764-8e69-45a9-9fa3-39079fb69985,a3a741f0-5056-4975-be0a-7c0ec0485585,ef9bb4ac-f909-472e-8cbc-1adaaf97f9d9,1627403910156,13.3842859,52.4550457,7.5090594,0.9234507,-0.86379576,1.6175117,on bike mount,cyclo cross,False,mixed,mixed
159ca764-8e69-45a9-9fa3-39079fb69985,a3a741f0-5056-4975-be0a-7c0ec0485585,318843eb-7376-46c1-bc42-cfc5b101de38,1627403910206,13.3842859,52.4550457,7.5090594,-1.6160927,-3.3908582,3.2562485,on bike mount,cyclo cross,False,mixed,mixed
159ca764-8e69-45a9-9fa3-39079fb69985,a3a741f0-5056-4975-be0a-7c0ec0485585,33fc8987-fd70-4a9a-91f7-2bf6f88b2206,1627403910256,13.3842859,52.4550457,7.5090594,-0.046526894,-1.7673062,-3.7718291,on bike mount,cyclo cross,False,mixed,mixed
159ca764-8e69-45a9-9fa3-39079fb69985,a3a741f0-5056-4975-be0a-7c0ec0485585,96c8cb4f-d262-497f-a1de-4900a59894ff,1627403910306,13.3842859,52.4550457,7.5090594,-0.005821675,0.094738245,3.3757544,on bike mount,cyclo cross,False,mixed,mixed
159ca764-8e69-45a9-9fa3-39079fb69985,a3a741f0-5056-4975-be0a-7c0ec0485585,e24c7840-ef21-44a3-8dd8-011560621b89,1627403910356,13.3842859,52.4550457,7.5090594,-0.8066793,0.59941196,-1.4091277,on bike mount,cyclo cross,False,mixed,mixed
159ca764-8e69-45a9-9fa3-39079fb69985,a3a741f0-5056-4975-be0a-7c0ec0485585,3bc46b62-7741-4ce4-8315-82e119ba8dd3,1627403910406,13.3842859,52.4550457,7.5090594,0.8446479,1.786551,-15.85982,on bike mount,cyclo cross,False,mixed,mixed
159ca764-8e69-45a9-9fa3-39079fb69985,a3a741f0-5056-4975-be0a-7c0ec0485585,c3b5e446-8454-4201-836f-5d83ff02f7d1,1627403910457,13.3842859,52.4550457,7.5090594,-2.368921,7.014415,7.9146852,on bike mount,cyclo cross,False,mixed,mixed
159ca764-8e69-45a9-9fa3-39079fb69985,a3a741f0-5056-4975-be0a-7c0ec0485585,9b85cdaf-9044-4062-bf32-ecbb123958a5,1627403910506,13.3842859,52.4550457,7.5090594,0.37272877,-2.7686386,3.5409021,on bike mount,cyclo cross,False,mixed,mixed
159ca764-8e69-45a9-9fa3-39079fb69985,a3a741f0-5056-4975-be0a-7c0ec0485585,0fd51a19-1e8d-40cc-aeb4-eb890e67e094,1627403910556,13.3842859,52.4550457,7.5090594,-0.8915204,-6.2809305,0.4596901,on bike mount,cyclo cross,False,mixed,mixed
159ca764-8e69-45a9-9fa3-39079fb69985,a3a741f0-5056-4975-be0a-7c0ec0485585,70ea97a8-d081-4ca0-9814-8c6c7f81b3f5,1627403910606,13.3842859,52.4550457,7.5090594,0.7070891,-0.7354679,-3.893209,on bike mount,cyclo cross,False,mixed,mixed
159ca764-8e69-45a9-9fa3-39079fb69985,a3a741f0-5056-4975-be0a-7c0ec0485585,331f0d6c-d3dc-4186-8a45-417faeccc8cd,1627403910658,13.3842859,52.4550457,7.5090594,-1.4309523,3.126832,2.3015041,on bike mount,cyclo cross,False,mixed,mixed
159ca764-8e69-45a9-9fa3-39079fb69985,a3a741f0-5056-4975-be0a-7c0ec0485585,b0701fb2-1092-4e9b-af72-ea24dcdd71a1,1627403910708,13.3842859,52.4550457,7.5090594,-1.4456106,1.5953908,-2.7149873,on bike mount,cyclo cross,False,mixed,mixed
159ca764-8e69-45a9-9fa3-39079fb69985,a3a741f0-5056-4975-be0a-7c0ec0485585,ca2a6217-1fb5-4c7e-815a-b4259a000a9c,1627403910758,13.3842859,52.4550457,7.5090594,0.5348912,-1.806407,0.11531162,on bike mount,cyclo cross,False,mixed,mixed
159ca764-8e69-45a9-9fa3-39079fb69985,a3a741f0-5056-4975-be0a-7c0ec0485585,76175595-7e9b-4071-9962-10cba663669d,1627403910807,13.3842859,52.4550457,7.5090594,1.6069912,1.432621,-1.4021859,on bike mount,cyclo cross,False,mixed,mixed
159ca764-8e69-45a9-9fa3-39079fb69985,a3a741f0-5056-4975-be0a-7c0ec0485585,feb187f7-79b5-4e68-890e-13a64b5e1760,1627403910857,13.3842859,52.4550457,7.5090594,0.2992038,-0.9318563,-0.5782747,on bike mount,cyclo cross,False,mixed,mixed
159ca764-8e69-45a9-9fa3-39079fb69985,a3a741f0-5056-4975-be0a-7c0ec0485585,aa8fb949-c439-4262-b7c0-9887dcdf935d,1627403910908,13.3842859,52.4550457,7.5090594,-0.5725242,-4.4599056,4.421194,on bike mount,cyclo cross,False,mixed,mixed
159ca764-8e69-45a9-9fa3-39079fb69985,a3a741f0-5056-4975-be0a-7c0ec0485585,5bcfe2cd-60d0-4114-a1a8-59c32c2caaf8,1627403910958,13.3842859,52.4550457,7.5090594,2.097151,1.0924118,-1.5146613,on bike mount,cyclo cross,False,mixed,mixed
159ca764-8e69-45a9-9fa3-39079fb69985,a3a741f0-5056-4975-be0a-7c0ec0485585,882bc83c-e8e1-4b8e-ae2c-30ef02a5909e,1627403911008,13.3842859,52.4550457,7.5090594,-0.5616764,-1.1126872,0.41042042,on bike mount,cyclo cross,False,mixed,mixed
159ca764-8e69-45a9-9fa3-39079fb69985,a3a741f0-5056-4975-be0a-7c0ec0485585,d3f015be-ddfc-4d3a-9ef8-8f0d01fec138,1627403911058,13.3842859,52.4550457,7.5090594,-0.42113918,-1.1604778,2.2789164,on bike mount,cyclo cross,False,mixed,mixed
159ca764-8e69-45a9-9fa3-39079fb69985,a3a741f0-5056-4975-be0a-7c0ec0485585,0d6ea62d-4537-4a8a-ad72-b763659cb138,1627403911109,13.384271,52.455112,7.5490766,1.7554427,-0.48397493,2.4337378,on bike mount,cyclo cross,False,mixed,mixed
159ca764-8e69-45a9-9fa3-39079fb69985,a3a741f0-5056-4975-be0a-7c0ec0485585,5e25a962-1181-4b81-a5fa-d3f250009b60,1627403911159,13.384271,52.455112,7.5490766,0.94004303,-1.0371832,1.4497766,on bike mount,cyclo cross,False,mixed,mixed
159ca764-8e69-45a9-9fa3-39079fb69985,a3a741f0-5056-4975-be0a-7c0ec0485585,f47c9086-f75e-4263-9a27-b809d59095ac,1627403911210,13.384271,52.455112,7.5490766,0.23403513,0.4046154,1.1977949,on bike mount,cyclo cross,False,mixed,mixed
159ca764-8e69-45a9-9fa3-39079fb69985,a3a741f0-5056-4975-be0a-7c0ec0485585,a27e03f4-fe00-4a6e-a4f0-8160fb72f393,1627403911260,13.384271,52.455112,7.5490766,0.49696347,-0.3107295,1.9151096,on bike mount,cyclo cross,False,mixed,mixed
159ca764-8e69-45a9-9fa3-39079fb69985,a3a741f0-5056-4975-be0a-7c0ec0485585,281cb978-52bf-4b7d-a360-4c48e36cabd1,1627403911309,13.384271,52.455112,7.5490766,-1.278014,-3.7658088,2.9306192,on bike mount,cyclo cross,False,mixed,mixed
159ca764-8e69-45a9-9fa3-39079fb69985,a3a741f0-5056-4975-be0a-7c0ec0485585,a3618f7b-1094-4f71-816e-735e9cfaf152,1627403911359,13.384271,52.455112,7.5490766,0.7658751,-2.8000689,-0.54040337,on bike mount,cyclo cross,False,mixed,mixed
159ca764-8e69-45a9-9fa3-39079fb69985,a3a741f0-5056-4975-be0a-7c0ec0485585,aade8062-a35d-4ced-af17-266b846e4e12,1627403911408,13.384271,52.455112,7.5490766,2.6426737,-4.56775,0.6216955,on bike mount,cyclo cross,False,mixed,mixed
159ca764-8e69-45a9-9fa3-39079fb69985,a3a741f0-5056-4975-be0a-7c0ec0485585,36ca3c8e-9389-40ee-a9a9-60102b97e916,1627403911459,13.384271,52.455112,7.5490766,-2.9762673,2.8841681,-2.2340784,on bike mount,cyclo cross,False,mixed,mixed
159ca764-8e69-45a9-9fa3-39079fb69985,a3a741f0-5056-4975-be0a-7c0ec0485585,464ccff6-026a-4214-bdc3-915e5aa44bbd,1627403911509,13.384271,52.455112,7.5490766,2.2237694,-4.9434094,6.6664753,on bike mount,cyclo cross,False,mixed,mixed
159ca764-8e69-45a9-9fa3-39079fb69985,a3a741f0-5056-4975-be0a-7c0ec0485585,36eceb4c-8850-49a5-b3cb-c31528619ace,1627403911559,13.384271,52.455112,7.5490766,1.7161283,1.9661002,1.2372818,on bike mount,cyclo cross,False,mixed,mixed
159ca764-8e69-45a9-9fa3-39079fb69985,a3a741f0-5056-4975-be0a-7c0ec0485585,db2db565-f624-4593-abf6-fbe856181afc,1627403911610,13.384271,52.455112,7.5490766,-1.8141835,-2.3752127,3.1823063,on bike mount,cyclo cross,False,mixed,mixed
159ca764-8e69-45a9-9fa3-39079fb69985,a3a741f0-5056-4975-be0a-7c0ec0485585,fa9b1a29-f098-4dd6-9bfb-66ed228f322d,1627403911661,13.384271,52.455112,7.5490766,1.4194938,-0.8080108,2.5887747,on bike mount,cyclo cross,False,mixed,mixed
159ca764-8e69-45a9-9fa3-39079fb69985,a3a741f0-5056-4975-be0a-7c0ec0485585,dbda2f31-283e-424f-b211-cc5dde196e1a,1627403911711,13.384271,52.455112,7.5490766,-0.25965825,-2.449519,-1.0696411,on bike mount,cyclo cross,False,mixed,mixed
159ca764-8e69-45a9-9fa3-39079fb69985,a3a741f0-5056-4975-be0a-7c0ec0485585,58171084-4e56-47ab-b729-2a36e95d538c,1627403911761,13.384271,52.455112,7.5490766,0.0018431842,-0.40209317,-1.4966903,on bike mount,cyclo cross,False,mixed,mixed
159ca764-8e69-45a9-9fa3-39079fb69985,a3a741f0-5056-4975-be0a-7c0ec0485585,2a6dd50e-9744-4a48-b48c-fa7e0888d0dd,1627403911811,13.384271,52.455112,7.5490766,-0.53826225,1.700274,-0.38406372,on bike mount,cyclo cross,False,mixed,mixed
159ca764-8e69-45a9-9fa3-39079fb69985,a3a741f0-5056-4975-be0a-7c0ec0485585,98bd8f10-0e65-497a-8d5e-cc61299c3a8f,1627403911861,13.384271,52.455112,7.5490766,-0.24639004,-1.4880892,3.1188393,on bike mount,cyclo cross,False,mixed,mixed
159ca764-8e69-45a9-9fa3-39079fb69985,a3a741f0-5056-4975-be0a-7c0ec0485585,f4741bae-d32c-4d5c-ae5d-3162458657af,1627403911911,13.384271,52.455112,7.5490766,-0.06530666,3.3219357,-2.4029422,on bike mount,cyclo cross,False,mixed,mixed
159ca764-8e69-45a9-9fa3-39079fb69985,a3a741f0-5056-4975-be0a-7c0ec0485585,6e8fd889-a676-4456-8320-181eb76bda7c,1627403911962,13.384271,52.455112,7.5490766,1.1998248,-4.600464,0.8002815,on bike mount,cyclo cross,False,mixed,mixed
159ca764-8e69-45a9-9fa3-39079fb69985,a3a741f0-5056-4975-be0a-7c0ec0485585,758ba4eb-7512-4e53-821e-506818d14029,1627403912011,13.384271,52.455112,7.5490766,1.2724787,-0.61480284,2.5072842,on bike mount,cyclo cross,False,mixed,mixed
159ca764-8e69-45a9-9fa3-39079fb69985,a3a741f0-5056-4975-be0a-7c0ec0485585,23311131-e002-4a43-8551-37328dc11ff3,1627403912061,13.384271,52.455112,7.5490766,0.77924454,3.4071798,-4.5190587,on bike mount,cyclo cross,False,mixed,mixed
159ca764-8e69-45a9-9fa3-39079fb69985,a3a741f0-5056-4975-be0a-7c0ec0485585,3db945cf-58bd-4ea6-8374-7a0bfe7286cb,1627403912111,13.3842551,52.4551805,7.5783224,0.91624355,-0.495008,-0.15791607,on bike mount,cyclo cross,False,mixed,mixed
159ca764-8e69-45a9-9fa3-39079fb69985,a3a741f0-5056-4975-be0a-7c0ec0485585,a5e477f9-bcfe-4855-b9c5-b2c823af7bd8,1627403912162,13.3842551,52.4551805,7.5783224,-0.6141576,-5.689125,5.0911474,on bike mount,cyclo cross,False,mixed,mixed
159ca764-8e69-45a9-9fa3-39079fb69985,a3a741f0-5056-4975-be0a-7c0ec0485585,c868365d-dbb6-4d8e-9a23-be132c9b03db,1627403912213,13.3842551,52.4551805,7.5783224,-1.1689844,-2.2857895,-0.49999523,on bike mount,cyclo cross,False,mixed,mixed
159ca764-8e69-45a9-9fa3-39079fb69985,a3a741f0-5056-4975-be0a-7c0ec0485585,88d7dbba-3eba-4dd1-8cab-855fecf03d54,1627403912264,13.3842551,52.4551805,7.5783224,0.89424026,-5.0742455,6.124634,on bike mount,cyclo cross,False,mixed,mixed
159ca764-8e69-45a9-9fa3-39079fb69985,a3a741f0-5056-4975-be0a-7c0ec0485585,a9e8a24c-db59-4eff-b3fd-6b331710006a,1627403912315,13.3842551,52.4551805,7.5783224,0.14972924,2.329969,-1.225163,on bike mount,cyclo cross,False,mixed,mixed
159ca764-8e69-45a9-9fa3-39079fb69985,a3a741f0-5056-4975-be0a-7c0ec0485585,9a8d28f5-5329-47cb-acb9-363cc1eb45b4,1627403912365,13.3842551,52.4551805,7.5783224,-0.9462287,-1.9078643,0.26946068,on bike mount,cyclo cross,False,mixed,mixed
159ca764-8e69-45a9-9fa3-39079fb69985,a3a741f0-5056-4975-be0a-7c0ec0485585,ca944e33-8cce-48d0-a59c-a85edd1e9eb0,1627403912415,13.3842551,52.4551805,7.5783224,0.93934464,-0.03789544,3.5963879,on bike mount,cyclo cross,False,mixed,mixed
159ca764-8e69-45a9-9fa3-39079fb69985,a3a741f0-5056-4975-be0a-7c0ec0485585,37572005-06f3-4549-b126-34a2656cdc50,1627403912465,13.3842551,52.4551805,7.5783224,-0.47977823,0.15979457,1.628397,on bike mount,cyclo cross,False,mixed,mixed
159ca764-8e69-45a9-9fa3-39079fb69985,a3a741f0-5056-4975-be0a-7c0ec0485585,5f3ab71d-53b3-49e8-b704-838d1c0b15d9,1627403912515,13.3842551,52.4551805,7.5783224,-0.2478522,1.8320141,-1.6960187,on bike mount,cyclo cross,False,mixed,mixed
159ca764-8e69-45a9-9fa3-39079fb69985,a3a741f0-5056-4975-be0a-7c0ec0485585,f202e8ff-3607-4c25-9cf5-446cff57e288,1627403912565,13.3842551,52.4551805,7.5783224,-0.3449604,3.246818,-2.1254382,on bike mount,cyclo cross,False,mixed,mixed
159ca764-8e69-45a9-9fa3-39079fb69985,a3a741f0-5056-4975-be0a-7c0ec0485585,85e5b6c8-59e0-4462-a714-5447b0babc6b,1627403912615,13.3842551,52.4551805,7.5783224,-0.533823,0.4203775,-0.2629671,on bike mount,cyclo cross,False,mixed,mixed
159ca764-8e69-45a9-9fa3-39079fb69985,a3a741f0-5056-4975-be0a-7c0ec0485585,5a4c6697-af95-4341-add7-7a5e59ad0640,1627403912665,13.3842551,52.4551805,7.5783224,-1.9780841,0.03554797,0.6895771,on bike mount,cyclo cross,False,mixed,mixed
159ca764-8e69-45a9-9fa3-39079fb69985,a3a741f0-5056-4975-be0a-7c0ec0485585,6d9469d9-66c9-4b3f-a22e-e72be368bb41,1627403912715,13.3842551,52.4551805,7.5783224,1.9032301,1.0063844,-3.005742,on bike mount,cyclo cross,False,mixed,mixed
159ca764-8e69-45a9-9fa3-39079fb69985,a3a741f0-5056-4975-be0a-7c0ec0485585,5f3b03d5-8ad6-4d14-9c8c-dabc61c3049c,1627403912764,13.3842551,52.4551805,7.5783224,2.0004797,-2.1020627,-2.424419,on bike mount,cyclo cross,False,mixed,mixed
159ca764-8e69-45a9-9fa3-39079fb69985,a3a741f0-5056-4975-be0a-7c0ec0485585,cbcfaa9d-1107-4369-8cdf-9c70aac757b4,1627403912814,13.3842551,52.4551805,7.5783224,-0.98126686,-0.3080845,2.5047483,on bike mount,cyclo cross,False,mixed,mixed
159ca764-8e69-45a9-9fa3-39079fb69985,a3a741f0-5056-4975-be0a-7c0ec0485585,5de5e059-5a49-49c6-ba0d-3e3f5646c102,1627403912863,13.3842551,52.4551805,7.5783224,0.9023576,1.5857673,-5.1412344,on bike mount,cyclo cross,False,mixed,mixed
159ca764-8e69-45a9-9fa3-39079fb69985,a3a741f0-5056-4975-be0a-7c0ec0485585,b0fa76a5-6636-4ab8-a4c9-6c2ee3e47f0b,1627403912913,13.3842551,52.4551805,7.5783224,1.1919457,-3.8873463,2.5489779,on bike mount,cyclo cross,False,mixed,mixed
159ca764-8e69-45a9-9fa3-39079fb69985,a3a741f0-5056-4975-be0a-7c0ec0485585,b6632479-89b3-45ae-b9c6-e053db1f5e13,1627403912963,13.3842551,52.4551805,7.5783224,-0.3152455,-0.0974772,0.6887903,on bike mount,cyclo cross,False,mixed,mixed
159ca764-8e69-45a9-9fa3-39079fb69985,a3a741f0-5056-4975-be0a-7c0ec0485585,19a90e31-1977-44c9-94d6-935103421c4b,1627403913013,13.3842551,52.4551805,7.5783224,-0.3931585,-1.1018968,-0.3269148,on bike mount,cyclo cross,False,mixed,mixed
159ca764-8e69-45a9-9fa3-39079fb69985,a3a741f0-5056-4975-be0a-7c0ec0485585,59782b8b-3b5e-429d-8530-d94fc232ab57,1627403913063,13.3842551,52.4551805,7.5783224,0.36191684,-2.4680665,-3.3457913,on bike mount,cyclo cross,False,mixed,mixed
159ca764-8e69-45a9-9fa3-39079fb69985,a3a741f0-5056-4975-be0a-7c0ec0485585,f0847fdd-a146-47a4-96db-29033f325b69,1627403913113,13.384239,52.4552483,7.5649395,-0.026913986,3.309876,-0.9931121,on bike mount,cyclo cross,False,mixed,mixed
159ca764-8e69-45a9-9fa3-39079fb69985,a3a741f0-5056-4975-be0a-7c0ec0485585,03b45baf-c870-4580-bb37-1e928bc619ae,1627403913164,13.384239,52.4552483,7.5649395,-1.6908599,-0.66006565,-2.085702,on bike mount,cyclo cross,False,mixed,mixed
159ca764-8e69-45a9-9fa3-39079fb69985,a3a741f0-5056-4975-be0a-7c0ec0485585,8ac62d64-a827-40ec-aa8f-bfdbb237066c,1627403913215,13.384239,52.4552483,7.5649395,-0.7848698,1.3266914,-0.86709785,on bike mount,cyclo cross,False,mixed,mixed
159ca764-8e69-45a9-9fa3-39079fb69985,a3a741f0-5056-4975-be0a-7c0ec0485585,cc98a838-a57d-4966-8d21-49a83d35b151,1627403913266,13.384239,52.4552483,7.5649395,-0.18278061,-0.37772346,-2.2809777,on bike mount,cyclo cross,False,mixed,mixed
159ca764-8e69-45a9-9fa3-39079fb69985,a3a741f0-5056-4975-be0a-7c0ec0485585,e03eacd9-7eea-4cec-a4cc-ae3054e38dce,1627403913317,13.384239,52.4552483,7.5649395,0.4894882,-0.48469448,-2.618989,on bike mount,cyclo cross,False,mixed,mixed
159ca764-8e69-45a9-9fa3-39079fb69985,a3a741f0-5056-4975-be0a-7c0ec0485585,8e0f2b66-ee5f-4951-ade6-b346f99f1f32,1627403913368,13.384239,52.4552483,7.5649395,0.021982305,0.15474439,0.80237865,on bike mount,cyclo cross,False,mixed,mixed
159ca764-8e69-45a9-9fa3-39079fb69985,a3a741f0-5056-4975-be0a-7c0ec0485585,f066cddf-93d9-4d9f-8892-2b94546ab5b5,1627403913418,13.384239,52.4552483,7.5649395,0.28071064,-1.5409538,2.0485067,on bike mount,cyclo cross,False,mixed,mixed
159ca764-8e69-45a9-9fa3-39079fb69985,a3a741f0-5056-4975-be0a-7c0ec0485585,dca7adf2-369d-47e4-8883-e0e2806b3bff,1627403913491,13.384239,52.4552483,7.5649395,-0.43109256,-3.0585203,-2.4733372,on bike mount,cyclo cross,False,mixed,mixed
159ca764-8e69-45a9-9fa3-39079fb69985,a3a741f0-5056-4975-be0a-7c0ec0485585,c35c56ad-37f8-4c3a-a459-d8e7ad232dc4,1627403913541,13.384239,52.4552483,7.5649395,-0.12788515,1.1279602,4.071659,on bike mount,cyclo cross,False,mixed,mixed
159ca764-8e69-45a9-9fa3-39079fb69985,a3a741f0-5056-4975-be0a-7c0ec0485585,1e048d10-a3ec-4808-9f83-32906f6d17b4,1627403913591,13.384239,52.4552483,7.5649395,0.04284704,-2.0176926,3.1394691,on bike mount,cyclo cross,False,mixed,mixed
159ca764-8e69-45a9-9fa3-39079fb69985,a3a741f0-5056-4975-be0a-7c0ec0485585,7e911496-39ea-4e61-bbda-653f9effc82c,1627403913641,13.384239,52.4552483,7.5649395,-0.8464097,-5.375909,1.0949669,on bike mount,cyclo cross,False,mixed,mixed
159ca764-8e69-45a9-9fa3-39079fb69985,a3a741f0-5056-4975-be0a-7c0ec0485585,2da49685-cca7-4373-9b77-e53fe8eb404b,1627403913691,13.384239,52.4552483,7.5649395,-0.09561327,-2.7014737,0.31428623,on bike mount,cyclo cross,False,mixed,mixed
