bike_activity_uid,bike_activity_sample_uid,bike_activity_measurement,bike_activity_measurement_timestamp,bike_activity_measurement_lon,bike_activity_measurement_lat,bike_activity_measurement_speed,bike_activity_measurement_accelerometer_x,bike_activity_measurement_accelerometer_y,bike_activity_measurement_accelerometer_z,bike_activity_phone_position,bike_activity_bike_type,bike_activity_flagged_lab_conditions,bike_activity_surface_type,bike_activity_smoothness_type
15f5016a-c120-4b81-923d-38855d555615,82ad13de-60f4-4d82-b1f2-caf94c7a070d,c86ee589-7cc2-440e-87c1-7c73602150b5,1626012378341,13.6598835,52.3734258,7.086673,-1.3103737,2.3590221,-3.1574078,on bike mount,road bicycle,False,asphalt,intermediate
15f5016a-c120-4b81-923d-38855d555615,82ad13de-60f4-4d82-b1f2-caf94c7a070d,ea31b02b-6c07-4f29-9b5e-7eea7654359b,1626012378391,13.6598835,52.3734258,7.086673,-1.6288621,-0.7425623,1.7522917,on bike mount,road bicycle,False,asphalt,intermediate
15f5016a-c120-4b81-923d-38855d555615,82ad13de-60f4-4d82-b1f2-caf94c7a070d,1d8cee6e-2739-45e4-8917-c1598c40f1d9,1626012378440,13.6598835,52.3734258,7.086673,-1.7625213,-0.815253,1.8880148,on bike mount,road bicycle,False,asphalt,intermediate
15f5016a-c120-4b81-923d-38855d555615,82ad13de-60f4-4d82-b1f2-caf94c7a070d,cdd4e413-1e79-431b-aeb0-9813b3867d11,1626012378490,13.6598835,52.3734258,7.086673,-1.4964747,1.2852418,0.41048145,on bike mount,road bicycle,False,asphalt,intermediate
15f5016a-c120-4b81-923d-38855d555615,82ad13de-60f4-4d82-b1f2-caf94c7a070d,ba79ccb2-5338-4f43-b3af-1049458bd8e1,1626012378540,13.6598835,52.3734258,7.086673,-1.8139453,1.7191029,-2.279962,on bike mount,road bicycle,False,asphalt,intermediate
15f5016a-c120-4b81-923d-38855d555615,82ad13de-60f4-4d82-b1f2-caf94c7a070d,41d657a6-5d12-497f-96a1-9d8b95a230c3,1626012378591,13.6598835,52.3734258,7.086673,-0.919677,2.0194335,-0.37289143,on bike mount,road bicycle,False,asphalt,intermediate
15f5016a-c120-4b81-923d-38855d555615,82ad13de-60f4-4d82-b1f2-caf94c7a070d,c1a1ee2d-5c4c-4aa2-b37b-84dd06dbbde5,1626012378641,13.6598835,52.3734258,7.086673,-0.65062314,-0.7053039,1.0747185,on bike mount,road bicycle,False,asphalt,intermediate
15f5016a-c120-4b81-923d-38855d555615,82ad13de-60f4-4d82-b1f2-caf94c7a070d,4830d4eb-a666-4280-bf32-97ce6c777ef1,1626012378691,13.6598835,52.3734258,7.086673,-0.82100564,0.40862393,-2.5257692,on bike mount,road bicycle,False,asphalt,intermediate
15f5016a-c120-4b81-923d-38855d555615,82ad13de-60f4-4d82-b1f2-caf94c7a070d,92734d98-d948-46eb-97f0-84d50d09a8c5,1626012378742,13.6597833,52.3734672,7.7775483,-0.02938068,-0.69155335,1.68433,on bike mount,road bicycle,False,asphalt,intermediate
15f5016a-c120-4b81-923d-38855d555615,82ad13de-60f4-4d82-b1f2-caf94c7a070d,ac921512-22cb-4380-880d-6e44df2b6538,1626012378793,13.6597833,52.3734672,7.7775483,-0.07849717,3.5308504,-7.722445,on bike mount,road bicycle,False,asphalt,intermediate
15f5016a-c120-4b81-923d-38855d555615,82ad13de-60f4-4d82-b1f2-caf94c7a070d,f409757b-873a-4eca-bda9-a5e806b77b56,1626012378844,13.6597833,52.3734672,7.7775483,-0.0750407,-3.6817813,2.7446308,on bike mount,road bicycle,False,asphalt,intermediate
15f5016a-c120-4b81-923d-38855d555615,82ad13de-60f4-4d82-b1f2-caf94c7a070d,1994054f-771c-4b07-8fa7-1605e64ade5a,1626012378896,13.6597833,52.3734672,7.7775483,-0.6486458,-2.1335895,1.430232,on bike mount,road bicycle,False,asphalt,intermediate
15f5016a-c120-4b81-923d-38855d555615,82ad13de-60f4-4d82-b1f2-caf94c7a070d,3992fab0-9b0d-4db6-a9f0-60369402540e,1626012378947,13.6597833,52.3734672,7.7775483,0.9788996,5.738773,-10.140413,on bike mount,road bicycle,False,asphalt,intermediate
15f5016a-c120-4b81-923d-38855d555615,82ad13de-60f4-4d82-b1f2-caf94c7a070d,2cd3b391-7790-40c5-a4c0-f2b2c67a8962,1626012378997,13.6597833,52.3734672,7.7775483,-1.1389524,2.4824624,0.93159294,on bike mount,road bicycle,False,asphalt,intermediate
15f5016a-c120-4b81-923d-38855d555615,82ad13de-60f4-4d82-b1f2-caf94c7a070d,2634b519-07fd-46cb-b1e7-99c3708bb368,1626012379047,13.6597833,52.3734672,7.7775483,-1.6414744,0.7965667,1.8186951,on bike mount,road bicycle,False,asphalt,intermediate
15f5016a-c120-4b81-923d-38855d555615,82ad13de-60f4-4d82-b1f2-caf94c7a070d,dd78528a-93ed-42aa-bcd5-20aa0c075081,1626012379097,13.6597833,52.3734672,7.7775483,1.0242614,8.136682,-4.9458113,on bike mount,road bicycle,False,asphalt,intermediate
15f5016a-c120-4b81-923d-38855d555615,82ad13de-60f4-4d82-b1f2-caf94c7a070d,e3706f27-f3d1-4ab5-87e6-610e5d8fe04e,1626012379148,13.6597833,52.3734672,7.7775483,0.122742265,1.291224,-2.928535,on bike mount,road bicycle,False,asphalt,intermediate
15f5016a-c120-4b81-923d-38855d555615,82ad13de-60f4-4d82-b1f2-caf94c7a070d,38180a7f-7fcb-4dd9-9bba-6622b74e4c65,1626012379198,13.6597833,52.3734672,7.7775483,-2.300353,1.6492562,-0.6526079,on bike mount,road bicycle,False,asphalt,intermediate
15f5016a-c120-4b81-923d-38855d555615,82ad13de-60f4-4d82-b1f2-caf94c7a070d,0ede3bd3-bbc9-41fc-bad2-57418fd777a3,1626012379249,13.6597833,52.3734672,7.7775483,0.11834186,-1.5159976,1.4855089,on bike mount,road bicycle,False,asphalt,intermediate
15f5016a-c120-4b81-923d-38855d555615,82ad13de-60f4-4d82-b1f2-caf94c7a070d,0a35b75c-6dca-4ad3-82f5-83227fc90303,1626012379298,13.6597833,52.3734672,7.7775483,-0.9442681,1.1496582,0.30408,on bike mount,road bicycle,False,asphalt,intermediate
15f5016a-c120-4b81-923d-38855d555615,82ad13de-60f4-4d82-b1f2-caf94c7a070d,b7e0d3d7-c1d3-498a-9f92-1f0061ec2f4d,1626012379348,13.6597833,52.3734672,7.7775483,-1.3485898,-3.0017176,6.4165897,on bike mount,road bicycle,False,asphalt,intermediate
15f5016a-c120-4b81-923d-38855d555615,82ad13de-60f4-4d82-b1f2-caf94c7a070d,6acb271b-a10f-4863-8e3e-f3dd9d235c91,1626012379398,13.6597833,52.3734672,7.7775483,-1.9070259,-0.5768013,-3.7703795,on bike mount,road bicycle,False,asphalt,intermediate
15f5016a-c120-4b81-923d-38855d555615,82ad13de-60f4-4d82-b1f2-caf94c7a070d,b31c6a60-748a-4eb9-aea9-6fa4a2d50ffc,1626012379449,13.6597833,52.3734672,7.7775483,0.20115134,-5.660366,3.3907757,on bike mount,road bicycle,False,asphalt,intermediate
15f5016a-c120-4b81-923d-38855d555615,82ad13de-60f4-4d82-b1f2-caf94c7a070d,83fc2c8c-2c4e-401a-86cd-139e0e645004,1626012379499,13.6597833,52.3734672,7.7775483,0.70171416,0.26560712,-0.7616148,on bike mount,road bicycle,False,asphalt,intermediate
15f5016a-c120-4b81-923d-38855d555615,82ad13de-60f4-4d82-b1f2-caf94c7a070d,fdf1f70f-494f-49ae-a202-712a1efcb6c3,1626012379548,13.6597833,52.3734672,7.7775483,1.6345258,0.21102738,-0.55954456,on bike mount,road bicycle,False,asphalt,intermediate
15f5016a-c120-4b81-923d-38855d555615,82ad13de-60f4-4d82-b1f2-caf94c7a070d,a96e89aa-6144-42db-b2ca-e76bfb1ae455,1626012379600,13.6597833,52.3734672,7.7775483,3.9772077,2.0733805,-8.11937,on bike mount,road bicycle,False,asphalt,intermediate
15f5016a-c120-4b81-923d-38855d555615,82ad13de-60f4-4d82-b1f2-caf94c7a070d,da7d79f6-7da1-4ff6-aed1-59d320248de6,1626012379657,13.6597833,52.3734672,7.7775483,-1.5104702,-1.3498157,-1.894897,on bike mount,road bicycle,False,asphalt,intermediate
15f5016a-c120-4b81-923d-38855d555615,82ad13de-60f4-4d82-b1f2-caf94c7a070d,1d82d53a-2b60-4254-8116-031fd9c03616,1626012379708,13.6596668,52.3735039,7.6479506,-2.1372688,2.855435,-2.581625,on bike mount,road bicycle,False,asphalt,intermediate
15f5016a-c120-4b81-923d-38855d555615,82ad13de-60f4-4d82-b1f2-caf94c7a070d,b950b50d-460f-4d2f-bb82-0fd6dfbd3435,1626012379758,13.6596668,52.3735039,7.6479506,1.3341112,-1.067277,0.38651466,on bike mount,road bicycle,False,asphalt,intermediate
15f5016a-c120-4b81-923d-38855d555615,82ad13de-60f4-4d82-b1f2-caf94c7a070d,ce9eef39-3dfe-4839-8e6f-411b3d559467,1626012379808,13.6596668,52.3735039,7.6479506,2.356758,-0.4327247,-6.0162325,on bike mount,road bicycle,False,asphalt,intermediate
15f5016a-c120-4b81-923d-38855d555615,82ad13de-60f4-4d82-b1f2-caf94c7a070d,34a13980-a462-4233-98e6-73fd8955a92e,1626012379858,13.6596668,52.3735039,7.6479506,0.6511973,-0.57382965,-1.4088101,on bike mount,road bicycle,False,asphalt,intermediate
15f5016a-c120-4b81-923d-38855d555615,82ad13de-60f4-4d82-b1f2-caf94c7a070d,78433635-a903-4583-87cc-0c185411f679,1626012379910,13.6596668,52.3735039,7.6479506,0.8948708,0.26140928,2.055953,on bike mount,road bicycle,False,asphalt,intermediate
15f5016a-c120-4b81-923d-38855d555615,82ad13de-60f4-4d82-b1f2-caf94c7a070d,16bedb63-26dd-4fc2-bdff-e8270365985b,1626012379961,13.6596668,52.3735039,7.6479506,0.43348515,4.322211,6.202839,on bike mount,road bicycle,False,asphalt,intermediate
15f5016a-c120-4b81-923d-38855d555615,82ad13de-60f4-4d82-b1f2-caf94c7a070d,808307dd-d61f-4613-aeda-67f000cd0b0f,1626012380011,13.6596668,52.3735039,7.6479506,-2.1432908,7.920816,-6.879075,on bike mount,road bicycle,False,asphalt,intermediate
15f5016a-c120-4b81-923d-38855d555615,82ad13de-60f4-4d82-b1f2-caf94c7a070d,0f991380-0ef0-4782-bb30-f06dc765f17d,1626012380060,13.6596668,52.3735039,7.6479506,0.020067811,0.23158407,-1.517981,on bike mount,road bicycle,False,asphalt,intermediate
15f5016a-c120-4b81-923d-38855d555615,82ad13de-60f4-4d82-b1f2-caf94c7a070d,5f9d1545-42fc-46c5-bd34-e218b3aab358,1626012380111,13.6596668,52.3735039,7.6479506,-1.7368371,-3.0649257,-2.468841,on bike mount,road bicycle,False,asphalt,intermediate
15f5016a-c120-4b81-923d-38855d555615,82ad13de-60f4-4d82-b1f2-caf94c7a070d,a5445ecc-1d5a-485f-ba21-9e6a2b44d450,1626012380160,13.6596668,52.3735039,7.6479506,-0.0033484101,-0.6342852,0.48995304,on bike mount,road bicycle,False,asphalt,intermediate
15f5016a-c120-4b81-923d-38855d555615,82ad13de-60f4-4d82-b1f2-caf94c7a070d,c054a8e2-362b-481e-b765-be648b64b1e6,1626012380215,13.6596668,52.3735039,7.6479506,-1.3467665,-1.3417449,0.17242622,on bike mount,road bicycle,False,asphalt,intermediate
15f5016a-c120-4b81-923d-38855d555615,82ad13de-60f4-4d82-b1f2-caf94c7a070d,5c60d93b-15f9-4837-91af-8977c6fc9da8,1626012380264,13.6596668,52.3735039,7.6479506,0.45991296,-1.1626846,1.9620304,on bike mount,road bicycle,False,asphalt,intermediate
15f5016a-c120-4b81-923d-38855d555615,82ad13de-60f4-4d82-b1f2-caf94c7a070d,93fc372b-2a1d-448c-a198-98853795a1fe,1626012380314,13.6596668,52.3735039,7.6479506,-0.76411927,1.2472653,4.5642166,on bike mount,road bicycle,False,asphalt,intermediate
15f5016a-c120-4b81-923d-38855d555615,82ad13de-60f4-4d82-b1f2-caf94c7a070d,eeb0cb06-e992-44dd-a3ed-6270e6646b9d,1626012380365,13.6596668,52.3735039,7.6479506,-0.8431637,-0.28808117,1.4781427,on bike mount,road bicycle,False,asphalt,intermediate
15f5016a-c120-4b81-923d-38855d555615,82ad13de-60f4-4d82-b1f2-caf94c7a070d,71e6f249-b6f6-4278-a6a3-da1defb1d0b9,1626012380416,13.6596668,52.3735039,7.6479506,0.035009414,4.692119,-3.8523421,on bike mount,road bicycle,False,asphalt,intermediate
15f5016a-c120-4b81-923d-38855d555615,82ad13de-60f4-4d82-b1f2-caf94c7a070d,972d35d6-ee19-45ca-813c-537789c05f75,1626012380466,13.6596668,52.3735039,7.6479506,0.4698968,-0.17943668,-1.8957529,on bike mount,road bicycle,False,asphalt,intermediate
15f5016a-c120-4b81-923d-38855d555615,82ad13de-60f4-4d82-b1f2-caf94c7a070d,124049a3-2f7b-4f44-adb0-69fcacbfd4ca,1626012380515,13.6596668,52.3735039,7.6479506,-0.488617,0.6554861,-1.102874,on bike mount,road bicycle,False,asphalt,intermediate
15f5016a-c120-4b81-923d-38855d555615,82ad13de-60f4-4d82-b1f2-caf94c7a070d,d80db1f8-0058-4ccd-9596-6bb939c56231,1626012380564,13.6596668,52.3735039,7.6479506,-0.3177991,-1.3905562,5.1988173,on bike mount,road bicycle,False,asphalt,intermediate
15f5016a-c120-4b81-923d-38855d555615,82ad13de-60f4-4d82-b1f2-caf94c7a070d,3702ea28-c2d9-43c2-a524-f5ba3b1404d0,1626012380614,13.6596668,52.3735039,7.6479506,-1.0569392,-0.23410678,1.6710405,on bike mount,road bicycle,False,asphalt,intermediate
15f5016a-c120-4b81-923d-38855d555615,82ad13de-60f4-4d82-b1f2-caf94c7a070d,7c647fc8-3ae4-4caf-9f46-637c0feee762,1626012380664,13.6595652,52.3735419,7.486131,0.5740186,0.679111,3.1102343,on bike mount,road bicycle,False,asphalt,intermediate
15f5016a-c120-4b81-923d-38855d555615,82ad13de-60f4-4d82-b1f2-caf94c7a070d,557088e4-47aa-4d8a-9e4b-39a18898674a,1626012380714,13.6595652,52.3735419,7.486131,0.10552715,-0.5122472,1.3368549,on bike mount,road bicycle,False,asphalt,intermediate
15f5016a-c120-4b81-923d-38855d555615,82ad13de-60f4-4d82-b1f2-caf94c7a070d,c9544eec-379f-4940-9aab-309abd694e72,1626012380765,13.6595652,52.3735419,7.486131,1.3216685,-0.69166243,3.622035,on bike mount,road bicycle,False,asphalt,intermediate
15f5016a-c120-4b81-923d-38855d555615,82ad13de-60f4-4d82-b1f2-caf94c7a070d,ca2b3951-6c88-4f90-8b37-588ea86b268f,1626012380817,13.6595652,52.3735419,7.486131,-1.4727294,-2.5696993,-1.9819884,on bike mount,road bicycle,False,asphalt,intermediate
15f5016a-c120-4b81-923d-38855d555615,82ad13de-60f4-4d82-b1f2-caf94c7a070d,6524716d-7371-460e-a0b3-dfdbfa9fd382,1626012380866,13.6595652,52.3735419,7.486131,-2.3258715,0.7342386,-0.752965,on bike mount,road bicycle,False,asphalt,intermediate
15f5016a-c120-4b81-923d-38855d555615,82ad13de-60f4-4d82-b1f2-caf94c7a070d,cd1902e4-23eb-4053-a3f1-d756c285b2ba,1626012380916,13.6595652,52.3735419,7.486131,0.07764451,-3.3012834,5.636586,on bike mount,road bicycle,False,asphalt,intermediate
15f5016a-c120-4b81-923d-38855d555615,82ad13de-60f4-4d82-b1f2-caf94c7a070d,56ea363e-fd06-4e5e-b8df-8d09e3d1d089,1626012380966,13.6595652,52.3735419,7.486131,0.67103213,3.0514503,-3.5774577,on bike mount,road bicycle,False,asphalt,intermediate
15f5016a-c120-4b81-923d-38855d555615,82ad13de-60f4-4d82-b1f2-caf94c7a070d,f9fa4ba9-0807-4c20-8089-9217c719f682,1626012381016,13.6595652,52.3735419,7.486131,-0.2159382,0.5580542,0.34484768,on bike mount,road bicycle,False,asphalt,intermediate
15f5016a-c120-4b81-923d-38855d555615,82ad13de-60f4-4d82-b1f2-caf94c7a070d,865d0f7a-a697-4fb8-bc67-dfbdd88c09e2,1626012381067,13.6595652,52.3735419,7.486131,-2.1029086,-0.083848715,-0.0017757416,on bike mount,road bicycle,False,asphalt,intermediate
15f5016a-c120-4b81-923d-38855d555615,82ad13de-60f4-4d82-b1f2-caf94c7a070d,e9376ba5-ffb8-4fc6-a842-9a6c6305ecd2,1626012381118,13.6595652,52.3735419,7.486131,-0.6701665,3.300879,-2.7008133,on bike mount,road bicycle,False,asphalt,intermediate
15f5016a-c120-4b81-923d-38855d555615,82ad13de-60f4-4d82-b1f2-caf94c7a070d,2a2bd27c-36c6-4fa7-8911-6c2ed3bbd5c7,1626012381169,13.6595652,52.3735419,7.486131,-0.3929617,-2.7564783,2.0344648,on bike mount,road bicycle,False,asphalt,intermediate
15f5016a-c120-4b81-923d-38855d555615,82ad13de-60f4-4d82-b1f2-caf94c7a070d,04a26d85-32b6-4b3b-8594-8741444b7ebf,1626012381220,13.6595652,52.3735419,7.486131,-1.1010667,0.8826504,-4.60804,on bike mount,road bicycle,False,asphalt,intermediate
15f5016a-c120-4b81-923d-38855d555615,82ad13de-60f4-4d82-b1f2-caf94c7a070d,84c84554-f884-4c67-b60c-9b152dc31162,1626012381271,13.6595652,52.3735419,7.486131,2.210621,0.19883871,-5.1927557,on bike mount,road bicycle,False,asphalt,intermediate
15f5016a-c120-4b81-923d-38855d555615,82ad13de-60f4-4d82-b1f2-caf94c7a070d,fa0f27b0-7e2b-4150-a7ee-6080e9c5ec53,1626012381323,13.6595652,52.3735419,7.486131,-0.12539633,2.5490985,1.9197569,on bike mount,road bicycle,False,asphalt,intermediate
15f5016a-c120-4b81-923d-38855d555615,82ad13de-60f4-4d82-b1f2-caf94c7a070d,ded7d5ae-9c6b-4401-b1b9-2d173f4e8288,1626012381372,13.6595652,52.3735419,7.486131,-1.1895413,4.0505953,-1.6195335,on bike mount,road bicycle,False,asphalt,intermediate
15f5016a-c120-4b81-923d-38855d555615,82ad13de-60f4-4d82-b1f2-caf94c7a070d,b598d91d-e2ee-4725-bc5e-505f50d62dc9,1626012381422,13.6595652,52.3735419,7.486131,-2.3087547,4.771818,-7.0990267,on bike mount,road bicycle,False,asphalt,intermediate
15f5016a-c120-4b81-923d-38855d555615,82ad13de-60f4-4d82-b1f2-caf94c7a070d,61beecde-2357-463e-b1ca-6d326ae95d41,1626012381473,13.6595652,52.3735419,7.486131,1.8636783,-2.9820924,0.48554516,on bike mount,road bicycle,False,asphalt,intermediate
15f5016a-c120-4b81-923d-38855d555615,82ad13de-60f4-4d82-b1f2-caf94c7a070d,9d594a8a-818a-4035-97fb-de12d40f266a,1626012381523,13.6595652,52.3735419,7.486131,-2.5659232,-8.968726,9.440222,on bike mount,road bicycle,False,asphalt,intermediate
15f5016a-c120-4b81-923d-38855d555615,82ad13de-60f4-4d82-b1f2-caf94c7a070d,1081ef10-480c-4c0c-80f5-d5e61581c83d,1626012381573,13.6595652,52.3735419,7.486131,-1.6949322,4.4556074,-2.4903107,on bike mount,road bicycle,False,asphalt,intermediate
15f5016a-c120-4b81-923d-38855d555615,82ad13de-60f4-4d82-b1f2-caf94c7a070d,35c51442-9ad3-4283-8c21-2236230f50a8,1626012381623,13.6595652,52.3735419,7.486131,-1.3260386,-5.460148,0.32949638,on bike mount,road bicycle,False,asphalt,intermediate
15f5016a-c120-4b81-923d-38855d555615,82ad13de-60f4-4d82-b1f2-caf94c7a070d,4b319efb-3241-444a-9b93-0a48c18478bb,1626012381675,13.6595652,52.3735419,7.486131,-2.5818052,-4.599189,4.799855,on bike mount,road bicycle,False,asphalt,intermediate
15f5016a-c120-4b81-923d-38855d555615,82ad13de-60f4-4d82-b1f2-caf94c7a070d,8d92dbe8-6ce5-4a7c-9362-6d482516a6ef,1626012381725,13.659446,52.3735751,7.8480325,2.58651,1.4749432,-3.9314377,on bike mount,road bicycle,False,asphalt,intermediate
15f5016a-c120-4b81-923d-38855d555615,82ad13de-60f4-4d82-b1f2-caf94c7a070d,09bf8fdf-b744-441f-a4d5-6a71ca0ad4e5,1626012381776,13.659446,52.3735751,7.8480325,1.035938,-4.661608,4.0300903,on bike mount,road bicycle,False,asphalt,intermediate
15f5016a-c120-4b81-923d-38855d555615,82ad13de-60f4-4d82-b1f2-caf94c7a070d,7219ef39-4088-45f1-9aac-d7bae741956f,1626012381825,13.659446,52.3735751,7.8480325,2.0797913,0.038801193,-0.78829384,on bike mount,road bicycle,False,asphalt,intermediate
15f5016a-c120-4b81-923d-38855d555615,82ad13de-60f4-4d82-b1f2-caf94c7a070d,96de7a08-1778-4069-bffc-3453af59a8e1,1626012381875,13.659446,52.3735751,7.8480325,-1.1015158,-1.628257,3.4674873,on bike mount,road bicycle,False,asphalt,intermediate
15f5016a-c120-4b81-923d-38855d555615,82ad13de-60f4-4d82-b1f2-caf94c7a070d,8b27c73c-4aa7-469b-9a01-320da3ca5950,1626012381927,13.659446,52.3735751,7.8480325,0.5238002,-2.2774825,-2.0273032,on bike mount,road bicycle,False,asphalt,intermediate
15f5016a-c120-4b81-923d-38855d555615,82ad13de-60f4-4d82-b1f2-caf94c7a070d,df244c15-9642-415a-b7e7-2ece90795a2c,1626012381977,13.659446,52.3735751,7.8480325,1.7235161,-0.74034286,-0.2996359,on bike mount,road bicycle,False,asphalt,intermediate
15f5016a-c120-4b81-923d-38855d555615,82ad13de-60f4-4d82-b1f2-caf94c7a070d,0c404421-391f-4516-9134-869ca5e298fe,1626012382027,13.659446,52.3735751,7.8480325,1.2291651,0.070756674,4.924035,on bike mount,road bicycle,False,asphalt,intermediate
15f5016a-c120-4b81-923d-38855d555615,82ad13de-60f4-4d82-b1f2-caf94c7a070d,3809eece-ba8c-425f-b6d0-69fe02fd9ac3,1626012382077,13.659446,52.3735751,7.8480325,0.38958347,-2.9748664,7.9656534,on bike mount,road bicycle,False,asphalt,intermediate
15f5016a-c120-4b81-923d-38855d555615,82ad13de-60f4-4d82-b1f2-caf94c7a070d,0dd7b54a-851e-4490-80bb-5bd3f2399fdb,1626012382128,13.659446,52.3735751,7.8480325,2.5321343,4.1420593,-3.5985222,on bike mount,road bicycle,False,asphalt,intermediate
15f5016a-c120-4b81-923d-38855d555615,82ad13de-60f4-4d82-b1f2-caf94c7a070d,e4da12bb-ba9d-499e-9e7c-601da3614ceb,1626012382179,13.659446,52.3735751,7.8480325,-2.2473044,-1.5075581,-0.17625713,on bike mount,road bicycle,False,asphalt,intermediate
15f5016a-c120-4b81-923d-38855d555615,82ad13de-60f4-4d82-b1f2-caf94c7a070d,1fc64811-5b0a-4461-a0bc-3c8af83245e4,1626012382230,13.659446,52.3735751,7.8480325,1.9410625,0.9181042,-2.5468907,on bike mount,road bicycle,False,asphalt,intermediate
15f5016a-c120-4b81-923d-38855d555615,82ad13de-60f4-4d82-b1f2-caf94c7a070d,2db51b71-9399-4e3f-93a6-590e8a31a734,1626012382280,13.659446,52.3735751,7.8480325,0.37031847,0.4391253,2.922101,on bike mount,road bicycle,False,asphalt,intermediate
15f5016a-c120-4b81-923d-38855d555615,82ad13de-60f4-4d82-b1f2-caf94c7a070d,6b4a873a-d9f6-42b6-9ea0-8f414101f535,1626012382330,13.659446,52.3735751,7.8480325,0.09151155,-0.07451916,0.0802536,on bike mount,road bicycle,False,asphalt,intermediate
15f5016a-c120-4b81-923d-38855d555615,82ad13de-60f4-4d82-b1f2-caf94c7a070d,3c85f2e7-31b8-42ce-b53b-4d62fec00996,1626012382380,13.659446,52.3735751,7.8480325,0.8484887,0.29489756,-0.6184969,on bike mount,road bicycle,False,asphalt,intermediate
15f5016a-c120-4b81-923d-38855d555615,82ad13de-60f4-4d82-b1f2-caf94c7a070d,f946f9cb-ea93-49f0-8974-adc5dc5fe0b0,1626012382430,13.659446,52.3735751,7.8480325,0.9683071,0.7277231,0.4817648,on bike mount,road bicycle,False,asphalt,intermediate
15f5016a-c120-4b81-923d-38855d555615,82ad13de-60f4-4d82-b1f2-caf94c7a070d,727634ac-bf3e-40b2-8a45-a1989202568c,1626012382481,13.659446,52.3735751,7.8480325,-0.65162015,1.0894198,-2.7584496,on bike mount,road bicycle,False,asphalt,intermediate
15f5016a-c120-4b81-923d-38855d555615,82ad13de-60f4-4d82-b1f2-caf94c7a070d,d9317533-e3f8-4df2-9a2e-7c9486740f56,1626012382530,13.659446,52.3735751,7.8480325,1.2274144,1.5665345,-2.1973138,on bike mount,road bicycle,False,asphalt,intermediate
15f5016a-c120-4b81-923d-38855d555615,82ad13de-60f4-4d82-b1f2-caf94c7a070d,fc7d4eb9-d82f-4b15-b103-8c364da53ff2,1626012382581,13.659446,52.3735751,7.8480325,0.92873764,1.2914431,-1.3233538,on bike mount,road bicycle,False,asphalt,intermediate
15f5016a-c120-4b81-923d-38855d555615,82ad13de-60f4-4d82-b1f2-caf94c7a070d,fc8f9958-d381-45f5-8b2f-05d1c4a0fd53,1626012382631,13.659446,52.3735751,7.8480325,0.055761337,-1.1534371,1.6170444,on bike mount,road bicycle,False,asphalt,intermediate
15f5016a-c120-4b81-923d-38855d555615,82ad13de-60f4-4d82-b1f2-caf94c7a070d,1176cf41-09fb-4410-807a-bc7ef9030ce2,1626012382682,13.6593304,52.3736147,8.336495,-1.6030052,0.66721606,0.88234425,on bike mount,road bicycle,False,asphalt,intermediate
15f5016a-c120-4b81-923d-38855d555615,82ad13de-60f4-4d82-b1f2-caf94c7a070d,0b343c7d-a68d-42c1-b512-47d7669db8cb,1626012382732,13.6593304,52.3736147,8.336495,0.45379612,0.70599437,1.7810154,on bike mount,road bicycle,False,asphalt,intermediate
15f5016a-c120-4b81-923d-38855d555615,82ad13de-60f4-4d82-b1f2-caf94c7a070d,f2325137-ec21-41d7-8c56-3abf107a053f,1626012382782,13.6593304,52.3736147,8.336495,1.4817294,2.977512,-2.3529806,on bike mount,road bicycle,False,asphalt,intermediate
15f5016a-c120-4b81-923d-38855d555615,82ad13de-60f4-4d82-b1f2-caf94c7a070d,13956a16-600e-4965-806a-a525bfdb227b,1626012382833,13.6593304,52.3736147,8.336495,0.9251543,0.329906,-2.8835728,on bike mount,road bicycle,False,asphalt,intermediate
15f5016a-c120-4b81-923d-38855d555615,82ad13de-60f4-4d82-b1f2-caf94c7a070d,17797bc4-baef-4367-9904-58db2ed87200,1626012382883,13.6593304,52.3736147,8.336495,-0.08279434,-0.15309191,-2.4521346,on bike mount,road bicycle,False,asphalt,intermediate
15f5016a-c120-4b81-923d-38855d555615,82ad13de-60f4-4d82-b1f2-caf94c7a070d,f19e1f0f-e445-4a24-bb3c-87fea6b2183e,1626012382933,13.6593304,52.3736147,8.336495,-0.83018076,-1.5259066,0.985116,on bike mount,road bicycle,False,asphalt,intermediate
15f5016a-c120-4b81-923d-38855d555615,82ad13de-60f4-4d82-b1f2-caf94c7a070d,5bfb17ae-52ac-491d-acb1-89336963b728,1626012382983,13.6593304,52.3736147,8.336495,-1.93836,-10.086831,24.49611,on bike mount,road bicycle,False,asphalt,intermediate
15f5016a-c120-4b81-923d-38855d555615,82ad13de-60f4-4d82-b1f2-caf94c7a070d,cc682041-d341-4e09-9bf3-95ee7de72546,1626012383033,13.6593304,52.3736147,8.336495,-2.5710506,5.135846,-9.722147,on bike mount,road bicycle,False,asphalt,intermediate
15f5016a-c120-4b81-923d-38855d555615,82ad13de-60f4-4d82-b1f2-caf94c7a070d,286064c7-9396-4dbc-b109-3fa9ad5c5418,1626012383084,13.6593304,52.3736147,8.336495,3.2184536,-4.195425,4.916416,on bike mount,road bicycle,False,asphalt,intermediate
15f5016a-c120-4b81-923d-38855d555615,82ad13de-60f4-4d82-b1f2-caf94c7a070d,f3a265a3-dfe9-4d4a-8335-87fedfdaedad,1626012383134,13.6593304,52.3736147,8.336495,0.040902734,-1.6728635,0.052018166,on bike mount,road bicycle,False,asphalt,intermediate
15f5016a-c120-4b81-923d-38855d555615,82ad13de-60f4-4d82-b1f2-caf94c7a070d,1b7afa20-635b-4f1c-839a-6c6077738e40,1626012383184,13.6593304,52.3736147,8.336495,0.1270324,-0.44381213,3.3813982,on bike mount,road bicycle,False,asphalt,intermediate
15f5016a-c120-4b81-923d-38855d555615,82ad13de-60f4-4d82-b1f2-caf94c7a070d,be5b1077-10b2-4e32-841b-d8111f5fad82,1626012383234,13.6593304,52.3736147,8.336495,-2.1148171,-3.276994,5.596533,on bike mount,road bicycle,False,asphalt,intermediate
15f5016a-c120-4b81-923d-38855d555615,82ad13de-60f4-4d82-b1f2-caf94c7a070d,7dd9f2e4-364b-4f24-8b67-0aaa46307d3c,1626012383284,13.6593304,52.3736147,8.336495,-0.87880945,0.3315997,3.799426,on bike mount,road bicycle,False,asphalt,intermediate
15f5016a-c120-4b81-923d-38855d555615,82ad13de-60f4-4d82-b1f2-caf94c7a070d,6f0eccbc-2d29-4011-acc8-de118ee5492b,1626012383334,13.6593304,52.3736147,8.336495,-1.1049683,-2.5007863,3.4019747,on bike mount,road bicycle,False,asphalt,intermediate
15f5016a-c120-4b81-923d-38855d555615,82ad13de-60f4-4d82-b1f2-caf94c7a070d,7454a846-024a-4353-9083-abae42340839,1626012383385,13.6593304,52.3736147,8.336495,-0.008420467,2.8680906,-2.9166024,on bike mount,road bicycle,False,asphalt,intermediate
15f5016a-c120-4b81-923d-38855d555615,82ad13de-60f4-4d82-b1f2-caf94c7a070d,ce29b196-f633-4503-9ad2-5eb441246466,1626012383435,13.6593304,52.3736147,8.336495,-1.6761781,-2.1973715,0.12418556,on bike mount,road bicycle,False,asphalt,intermediate
15f5016a-c120-4b81-923d-38855d555615,82ad13de-60f4-4d82-b1f2-caf94c7a070d,99ddfb4a-c5cc-4ee0-b145-8f8f6c8fc0c2,1626012383485,13.6593304,52.3736147,8.336495,-0.43227756,1.7696786,0.23728561,on bike mount,road bicycle,False,asphalt,intermediate
15f5016a-c120-4b81-923d-38855d555615,82ad13de-60f4-4d82-b1f2-caf94c7a070d,e965f8d4-6d56-492f-a31c-d384c92af7e4,1626012383535,13.6593304,52.3736147,8.336495,-0.2570685,5.3668294,-8.50142,on bike mount,road bicycle,False,asphalt,intermediate
15f5016a-c120-4b81-923d-38855d555615,82ad13de-60f4-4d82-b1f2-caf94c7a070d,31369bd5-d705-46bc-aab0-e7a8d1a7a317,1626012383585,13.6593304,52.3736147,8.336495,-1.0605106,-3.7172148,9.1882515,on bike mount,road bicycle,False,asphalt,intermediate
15f5016a-c120-4b81-923d-38855d555615,82ad13de-60f4-4d82-b1f2-caf94c7a070d,f5be307f-cc91-4547-86ba-45ef212057cb,1626012383635,13.6593304,52.3736147,8.336495,0.7332899,1.871958,2.3985415,on bike mount,road bicycle,False,asphalt,intermediate
15f5016a-c120-4b81-923d-38855d555615,82ad13de-60f4-4d82-b1f2-caf94c7a070d,166f64bb-72a2-499e-b4e6-9c5c802fd306,1626012383685,13.6592038,52.3736513,8.257881,1.0393789,4.0763683,-2.3204489,on bike mount,road bicycle,False,asphalt,intermediate
15f5016a-c120-4b81-923d-38855d555615,82ad13de-60f4-4d82-b1f2-caf94c7a070d,384fcc37-9f0e-4f7a-bbee-a2102b99913c,1626012383736,13.6592038,52.3736513,8.257881,-2.2756956,-3.5573342,9.747222,on bike mount,road bicycle,False,asphalt,intermediate
15f5016a-c120-4b81-923d-38855d555615,82ad13de-60f4-4d82-b1f2-caf94c7a070d,0802b8d2-329c-4fa1-9617-21ff65e60211,1626012383786,13.6592038,52.3736513,8.257881,0.648947,9.031107,-11.668585,on bike mount,road bicycle,False,asphalt,intermediate
15f5016a-c120-4b81-923d-38855d555615,82ad13de-60f4-4d82-b1f2-caf94c7a070d,d3789f42-0489-43d3-98e6-10fe6c192af0,1626012383836,13.6592038,52.3736513,8.257881,2.1551025,2.1938963,3.559886,on bike mount,road bicycle,False,asphalt,intermediate
15f5016a-c120-4b81-923d-38855d555615,82ad13de-60f4-4d82-b1f2-caf94c7a070d,a45633b7-8d70-4fc2-bcae-c86444a5691f,1626012383886,13.6592038,52.3736513,8.257881,2.8196027,-4.9657593,6.4108295,on bike mount,road bicycle,False,asphalt,intermediate
15f5016a-c120-4b81-923d-38855d555615,82ad13de-60f4-4d82-b1f2-caf94c7a070d,19f61d36-aeaa-4b5a-964e-ce99658e9cf7,1626012383937,13.6592038,52.3736513,8.257881,-0.9226543,6.3184004,-13.046167,on bike mount,road bicycle,False,asphalt,intermediate
15f5016a-c120-4b81-923d-38855d555615,82ad13de-60f4-4d82-b1f2-caf94c7a070d,94c3e677-d0c7-46a0-8381-a2f4d42e8907,1626012383990,13.6592038,52.3736513,8.257881,-1.5351408,2.9875183,-7.1495924,on bike mount,road bicycle,False,asphalt,intermediate
15f5016a-c120-4b81-923d-38855d555615,82ad13de-60f4-4d82-b1f2-caf94c7a070d,ae6eac80-b593-4b17-841f-bae5bb3321ed,1626012384039,13.6592038,52.3736513,8.257881,0.88621503,0.3386829,2.9276829,on bike mount,road bicycle,False,asphalt,intermediate
15f5016a-c120-4b81-923d-38855d555615,82ad13de-60f4-4d82-b1f2-caf94c7a070d,287bcaa5-1e7d-4454-85c6-080a51c1411b,1626012384089,13.6592038,52.3736513,8.257881,-0.6159357,1.3684764,-5.404483,on bike mount,road bicycle,False,asphalt,intermediate
15f5016a-c120-4b81-923d-38855d555615,82ad13de-60f4-4d82-b1f2-caf94c7a070d,93f6dd98-b874-41e2-9c97-aff008b84577,1626012384139,13.6592038,52.3736513,8.257881,2.057815,0.80843496,2.9848928,on bike mount,road bicycle,False,asphalt,intermediate
15f5016a-c120-4b81-923d-38855d555615,82ad13de-60f4-4d82-b1f2-caf94c7a070d,589a016c-6d42-45c5-bdbe-88143f137a54,1626012384191,13.6592038,52.3736513,8.257881,3.0346045,-10.017303,7.1054745,on bike mount,road bicycle,False,asphalt,intermediate
15f5016a-c120-4b81-923d-38855d555615,82ad13de-60f4-4d82-b1f2-caf94c7a070d,9fdb2ab5-d4f0-43a5-98d1-d7e5f3609d01,1626012384240,13.6592038,52.3736513,8.257881,-0.88088644,5.8442125,0.6724644,on bike mount,road bicycle,False,asphalt,intermediate
15f5016a-c120-4b81-923d-38855d555615,82ad13de-60f4-4d82-b1f2-caf94c7a070d,736770f8-ed7e-4069-989b-82ef63d369f6,1626012384290,13.6592038,52.3736513,8.257881,-2.5708623,-1.3443736,7.146962,on bike mount,road bicycle,False,asphalt,intermediate
15f5016a-c120-4b81-923d-38855d555615,82ad13de-60f4-4d82-b1f2-caf94c7a070d,ec83926f-309e-4095-9de9-83055669fa51,1626012384340,13.6592038,52.3736513,8.257881,0.2327111,5.3657646,10.979643,on bike mount,road bicycle,False,asphalt,intermediate
15f5016a-c120-4b81-923d-38855d555615,82ad13de-60f4-4d82-b1f2-caf94c7a070d,fcdb7db9-1645-4e86-b3d4-7508644bac3c,1626012384390,13.6592038,52.3736513,8.257881,-2.7313225,10.461278,-2.8283396,on bike mount,road bicycle,False,asphalt,intermediate
15f5016a-c120-4b81-923d-38855d555615,82ad13de-60f4-4d82-b1f2-caf94c7a070d,422cbf68-6c58-4730-80f7-d6f6be7f7e2d,1626012384440,13.6592038,52.3736513,8.257881,-1.2670221,8.724083,-5.004646,on bike mount,road bicycle,False,asphalt,intermediate
15f5016a-c120-4b81-923d-38855d555615,82ad13de-60f4-4d82-b1f2-caf94c7a070d,68249aff-7128-4c13-8d5b-adf4780e692b,1626012384490,13.6592038,52.3736513,8.257881,-1.0906965,-0.4071586,-5.1361375,on bike mount,road bicycle,False,asphalt,intermediate
15f5016a-c120-4b81-923d-38855d555615,82ad13de-60f4-4d82-b1f2-caf94c7a070d,5c21c52e-ac8b-48b0-af1f-f459b3ebbb66,1626012384540,13.6592038,52.3736513,8.257881,1.0050299,-2.3867254,-2.1832418,on bike mount,road bicycle,False,asphalt,intermediate
15f5016a-c120-4b81-923d-38855d555615,82ad13de-60f4-4d82-b1f2-caf94c7a070d,4cdff429-29d0-4060-9b00-9bf630db2b7e,1626012384591,13.6592038,52.3736513,8.257881,-0.23489138,-0.29560614,-1.8575478,on bike mount,road bicycle,False,asphalt,intermediate
15f5016a-c120-4b81-923d-38855d555615,82ad13de-60f4-4d82-b1f2-caf94c7a070d,ae826ef2-7a61-4914-801a-48bce34f9f4d,1626012384641,13.6592038,52.3736513,8.257881,1.2053486,-5.188005,-1.9156184,on bike mount,road bicycle,False,asphalt,intermediate
15f5016a-c120-4b81-923d-38855d555615,82ad13de-60f4-4d82-b1f2-caf94c7a070d,f6f6f313-5c4a-4778-8761-098dd28e5a63,1626012384758,13.6592038,52.3736513,8.257881,0.05032447,2.331891,-2.4064956,on bike mount,road bicycle,False,asphalt,intermediate
15f5016a-c120-4b81-923d-38855d555615,82ad13de-60f4-4d82-b1f2-caf94c7a070d,2101638b-fc72-42f7-acc8-a929c046fec3,1626012384811,13.6590831,52.3736913,8.099173,0.3309648,2.5664577,0.038279533,on bike mount,road bicycle,False,asphalt,intermediate
15f5016a-c120-4b81-923d-38855d555615,82ad13de-60f4-4d82-b1f2-caf94c7a070d,4a6aae95-da79-4b6f-b0c2-19828232708a,1626012384861,13.6590831,52.3736913,8.099173,-0.362131,-1.3660893,7.1890945,on bike mount,road bicycle,False,asphalt,intermediate
15f5016a-c120-4b81-923d-38855d555615,82ad13de-60f4-4d82-b1f2-caf94c7a070d,fe1d54f7-9770-4a03-98be-40fd30dbfe1c,1626012384910,13.6590831,52.3736913,8.099173,0.681692,1.7104144,4.1507483,on bike mount,road bicycle,False,asphalt,intermediate
15f5016a-c120-4b81-923d-38855d555615,82ad13de-60f4-4d82-b1f2-caf94c7a070d,1c21b1c4-619f-4a45-a0fd-53bd0cac2fd8,1626012384960,13.6590831,52.3736913,8.099173,0.42500427,0.68986034,3.7732944,on bike mount,road bicycle,False,asphalt,intermediate
15f5016a-c120-4b81-923d-38855d555615,82ad13de-60f4-4d82-b1f2-caf94c7a070d,2c97f89b-386b-4277-bbbc-b97359b67786,1626012385013,13.6590831,52.3736913,8.099173,-2.8675537,2.894938,1.4378653,on bike mount,road bicycle,False,asphalt,intermediate
15f5016a-c120-4b81-923d-38855d555615,82ad13de-60f4-4d82-b1f2-caf94c7a070d,66f749c7-cbb0-4789-889a-11f76b888090,1626012385063,13.6590831,52.3736913,8.099173,0.6954074,2.6215649,1.1526089,on bike mount,road bicycle,False,asphalt,intermediate
15f5016a-c120-4b81-923d-38855d555615,82ad13de-60f4-4d82-b1f2-caf94c7a070d,529bd82e-6665-4bd2-8efb-6fa2b3df3bc2,1626012385113,13.6590831,52.3736913,8.099173,2.4319887,1.7925653,0.80943394,on bike mount,road bicycle,False,asphalt,intermediate
15f5016a-c120-4b81-923d-38855d555615,82ad13de-60f4-4d82-b1f2-caf94c7a070d,7a31ae89-863c-4ac2-ab00-f9d20ddfc9bb,1626012385163,13.6590831,52.3736913,8.099173,-0.19694795,4.6439,-2.0168233,on bike mount,road bicycle,False,asphalt,intermediate
15f5016a-c120-4b81-923d-38855d555615,82ad13de-60f4-4d82-b1f2-caf94c7a070d,7cc845d7-9caf-4b3b-9567-dc526935c944,1626012385213,13.6590831,52.3736913,8.099173,2.324538,2.905787,-0.05963707,on bike mount,road bicycle,False,asphalt,intermediate
15f5016a-c120-4b81-923d-38855d555615,82ad13de-60f4-4d82-b1f2-caf94c7a070d,80a53b2d-01d9-4010-b396-7e0dc7333bc5,1626012385264,13.6590831,52.3736913,8.099173,-2.3420866,-3.269433,3.7881298,on bike mount,road bicycle,False,asphalt,intermediate
15f5016a-c120-4b81-923d-38855d555615,82ad13de-60f4-4d82-b1f2-caf94c7a070d,e68d0dd6-bb0b-4f31-b91b-9a97388945cb,1626012385313,13.6590831,52.3736913,8.099173,0.13963476,-1.1573555,-0.34712505,on bike mount,road bicycle,False,asphalt,intermediate
15f5016a-c120-4b81-923d-38855d555615,82ad13de-60f4-4d82-b1f2-caf94c7a070d,94616a3b-99d0-4948-97f6-a583367c2c1e,1626012385364,13.6590831,52.3736913,8.099173,1.1181579,-0.59618044,1.2415543,on bike mount,road bicycle,False,asphalt,intermediate
15f5016a-c120-4b81-923d-38855d555615,82ad13de-60f4-4d82-b1f2-caf94c7a070d,be7089e1-0584-4b85-adde-7edd75a74371,1626012385413,13.6590831,52.3736913,8.099173,1.482518,-3.7497523,0.36435413,on bike mount,road bicycle,False,asphalt,intermediate
15f5016a-c120-4b81-923d-38855d555615,82ad13de-60f4-4d82-b1f2-caf94c7a070d,5a7d39f0-cbaa-4ebf-9d4a-8a305e049841,1626012385464,13.6590831,52.3736913,8.099173,-0.3478732,0.29191208,-3.3800428,on bike mount,road bicycle,False,asphalt,intermediate
15f5016a-c120-4b81-923d-38855d555615,82ad13de-60f4-4d82-b1f2-caf94c7a070d,e1ee0122-17dc-482c-bd8a-5e8d1db528c4,1626012385519,13.6590831,52.3736913,8.099173,0.48037165,2.4352388,-0.78159046,on bike mount,road bicycle,False,asphalt,intermediate
15f5016a-c120-4b81-923d-38855d555615,82ad13de-60f4-4d82-b1f2-caf94c7a070d,72e3b45a-5d78-4165-9eaf-2751ac211b30,1626012385569,13.6590831,52.3736913,8.099173,2.0180278,2.461897,-3.0831366,on bike mount,road bicycle,False,asphalt,intermediate
15f5016a-c120-4b81-923d-38855d555615,82ad13de-60f4-4d82-b1f2-caf94c7a070d,3438f217-48c9-4d49-b2bc-9ce2408d281c,1626012385621,13.6590831,52.3736913,8.099173,-2.3484292,1.6201696,-1.3473592,on bike mount,road bicycle,False,asphalt,intermediate
15f5016a-c120-4b81-923d-38855d555615,82ad13de-60f4-4d82-b1f2-caf94c7a070d,0ce109dc-1284-4cb6-913a-30a2b33c2dfb,1626012385671,13.6589635,52.3737275,8.67001,0.37821674,0.5524969,-0.75393057,on bike mount,road bicycle,False,asphalt,intermediate
15f5016a-c120-4b81-923d-38855d555615,82ad13de-60f4-4d82-b1f2-caf94c7a070d,904a7680-1ed5-4a2c-9f93-6b9d75ce0d94,1626012385721,13.6589635,52.3737275,8.67001,0.3923813,-1.7151911,2.0130758,on bike mount,road bicycle,False,asphalt,intermediate
15f5016a-c120-4b81-923d-38855d555615,82ad13de-60f4-4d82-b1f2-caf94c7a070d,8918181a-a748-445e-ae25-01ae18f7801e,1626012385771,13.6589635,52.3737275,8.67001,-2.180103,-1.4255269,-1.3640738,on bike mount,road bicycle,False,asphalt,intermediate
15f5016a-c120-4b81-923d-38855d555615,82ad13de-60f4-4d82-b1f2-caf94c7a070d,3cd95b00-7567-4eb6-b6fe-41cdc9d4265c,1626012385821,13.6589635,52.3737275,8.67001,3.114699,1.0733988,-1.8048363,on bike mount,road bicycle,False,asphalt,intermediate
15f5016a-c120-4b81-923d-38855d555615,82ad13de-60f4-4d82-b1f2-caf94c7a070d,b71aeb40-e590-4d4f-9266-51e65f547ecd,1626012385871,13.6589635,52.3737275,8.67001,2.033163,1.124809,4.4806137,on bike mount,road bicycle,False,asphalt,intermediate
15f5016a-c120-4b81-923d-38855d555615,82ad13de-60f4-4d82-b1f2-caf94c7a070d,bd7037c1-3cfc-4c1c-a66f-35e95a13d459,1626012385921,13.6589635,52.3737275,8.67001,-0.7485134,3.6896963,-0.15876675,on bike mount,road bicycle,False,asphalt,intermediate
15f5016a-c120-4b81-923d-38855d555615,82ad13de-60f4-4d82-b1f2-caf94c7a070d,707a958d-021e-4aa7-9ff6-b18de3bca91f,1626012385972,13.6589635,52.3737275,8.67001,-0.14408672,3.692584,-4.6290364,on bike mount,road bicycle,False,asphalt,intermediate
15f5016a-c120-4b81-923d-38855d555615,82ad13de-60f4-4d82-b1f2-caf94c7a070d,c4aa5428-6bd8-4665-9b49-9c284c1255e0,1626012386022,13.6589635,52.3737275,8.67001,0.14718688,-2.8921676,3.4550943,on bike mount,road bicycle,False,asphalt,intermediate
15f5016a-c120-4b81-923d-38855d555615,82ad13de-60f4-4d82-b1f2-caf94c7a070d,5db827f5-63aa-4654-be47-84ec532f848f,1626012386073,13.6589635,52.3737275,8.67001,-0.52316594,-1.7512761,2.30342,on bike mount,road bicycle,False,asphalt,intermediate
15f5016a-c120-4b81-923d-38855d555615,82ad13de-60f4-4d82-b1f2-caf94c7a070d,256351dc-54da-437c-a8a9-7d7e75add7f1,1626012386122,13.6589635,52.3737275,8.67001,0.34448135,-1.3537956,0.7331276,on bike mount,road bicycle,False,asphalt,intermediate
15f5016a-c120-4b81-923d-38855d555615,82ad13de-60f4-4d82-b1f2-caf94c7a070d,972e4772-7dce-4aa2-abe9-914559aadf50,1626012386173,13.6589635,52.3737275,8.67001,2.0207722,-1.264625,1.1516323,on bike mount,road bicycle,False,asphalt,intermediate
15f5016a-c120-4b81-923d-38855d555615,82ad13de-60f4-4d82-b1f2-caf94c7a070d,4cf324fd-1de7-4615-9f28-ab8083bfb2bc,1626012386223,13.6589635,52.3737275,8.67001,-1.02306,-0.2570672,-0.6805239,on bike mount,road bicycle,False,asphalt,intermediate
15f5016a-c120-4b81-923d-38855d555615,82ad13de-60f4-4d82-b1f2-caf94c7a070d,76cd8e1b-d775-4d98-bb6a-b9ad1f202607,1626012386273,13.6589635,52.3737275,8.67001,-0.93964386,0.12875676,1.0111637,on bike mount,road bicycle,False,asphalt,intermediate
15f5016a-c120-4b81-923d-38855d555615,82ad13de-60f4-4d82-b1f2-caf94c7a070d,894b072b-54f5-4ab2-beb2-ad688b085579,1626012386323,13.6589635,52.3737275,8.67001,-0.09667224,1.3851838,0.29585552,on bike mount,road bicycle,False,asphalt,intermediate
15f5016a-c120-4b81-923d-38855d555615,82ad13de-60f4-4d82-b1f2-caf94c7a070d,8f952dbc-9855-43e7-82b9-6d7d36a3e4fe,1626012386373,13.6589635,52.3737275,8.67001,-1.917011,2.3804488,-2.34227,on bike mount,road bicycle,False,asphalt,intermediate
15f5016a-c120-4b81-923d-38855d555615,82ad13de-60f4-4d82-b1f2-caf94c7a070d,24b3349c-ce90-4f07-9c27-76e2bc39db78,1626012386422,13.6589635,52.3737275,8.67001,1.1499038,0.8481908,-1.241303,on bike mount,road bicycle,False,asphalt,intermediate
15f5016a-c120-4b81-923d-38855d555615,82ad13de-60f4-4d82-b1f2-caf94c7a070d,db0c4fae-989e-4939-bd9b-17a1abb7eb25,1626012386472,13.6589635,52.3737275,8.67001,0.12191709,-1.5176716,2.2097235,on bike mount,road bicycle,False,asphalt,intermediate
15f5016a-c120-4b81-923d-38855d555615,82ad13de-60f4-4d82-b1f2-caf94c7a070d,4315e297-abc8-4205-887f-9f39995c3ea0,1626012386522,13.6589635,52.3737275,8.67001,-1.5456953,-0.9513351,-8.732338,on bike mount,road bicycle,False,asphalt,intermediate
15f5016a-c120-4b81-923d-38855d555615,82ad13de-60f4-4d82-b1f2-caf94c7a070d,4d07f2d5-10a5-45b9-8a51-3d90f9ce0539,1626012386574,13.6589635,52.3737275,8.67001,2.7505183,-0.9697277,-0.6754217,on bike mount,road bicycle,False,asphalt,intermediate
15f5016a-c120-4b81-923d-38855d555615,82ad13de-60f4-4d82-b1f2-caf94c7a070d,83437a31-544d-4960-8d3f-c0a8452f8391,1626012386625,13.6589635,52.3737275,8.67001,-0.068368554,-5.26202,10.346571,on bike mount,road bicycle,False,asphalt,intermediate
15f5016a-c120-4b81-923d-38855d555615,82ad13de-60f4-4d82-b1f2-caf94c7a070d,4a1b4999-1352-4a8a-80f6-690115bdbd6d,1626012386673,13.6588397,52.3737632,9.030963,3.1266103,1.2118559,-5.8294783,on bike mount,road bicycle,False,asphalt,intermediate
15f5016a-c120-4b81-923d-38855d555615,82ad13de-60f4-4d82-b1f2-caf94c7a070d,4d6d3a42-a13b-4847-aa37-f82ae663be7b,1626012386722,13.6588397,52.3737632,9.030963,2.310638,1.4080915,-3.8191922,on bike mount,road bicycle,False,asphalt,intermediate
15f5016a-c120-4b81-923d-38855d555615,82ad13de-60f4-4d82-b1f2-caf94c7a070d,e93a9cf4-7e9f-4721-a493-da5f1ba36587,1626012386773,13.6588397,52.3737632,9.030963,2.7021093,-2.0234954,0.2553177,on bike mount,road bicycle,False,asphalt,intermediate
15f5016a-c120-4b81-923d-38855d555615,82ad13de-60f4-4d82-b1f2-caf94c7a070d,5dfa6049-86cd-46f6-a533-f82885b2e057,1626012386823,13.6588397,52.3737632,9.030963,-1.219682,-0.97148037,7.0278006,on bike mount,road bicycle,False,asphalt,intermediate
15f5016a-c120-4b81-923d-38855d555615,82ad13de-60f4-4d82-b1f2-caf94c7a070d,d240ac67-3a42-4fe7-aee3-3110e084bd85,1626012386873,13.6588397,52.3737632,9.030963,0.9165889,2.0052419,-0.48811197,on bike mount,road bicycle,False,asphalt,intermediate
15f5016a-c120-4b81-923d-38855d555615,82ad13de-60f4-4d82-b1f2-caf94c7a070d,fb51f87d-fc94-424f-becb-314beba68b23,1626012386923,13.6588397,52.3737632,9.030963,0.5930491,6.4071465,-2.6332502,on bike mount,road bicycle,False,asphalt,intermediate
15f5016a-c120-4b81-923d-38855d555615,82ad13de-60f4-4d82-b1f2-caf94c7a070d,5dac8440-f373-430c-aeb5-388f5ae91b0b,1626012386972,13.6588397,52.3737632,9.030963,0.49490944,2.5254774,-1.0980749,on bike mount,road bicycle,False,asphalt,intermediate
15f5016a-c120-4b81-923d-38855d555615,82ad13de-60f4-4d82-b1f2-caf94c7a070d,2debc351-8365-402a-ac8c-4e0ab935af3a,1626012387023,13.6588397,52.3737632,9.030963,1.1070471,4.327809,-3.695486,on bike mount,road bicycle,False,asphalt,intermediate
15f5016a-c120-4b81-923d-38855d555615,82ad13de-60f4-4d82-b1f2-caf94c7a070d,79c0f9d1-e15a-4394-a0e5-e0083fb5dafc,1626012387074,13.6588397,52.3737632,9.030963,3.1400073,14.883805,-12.3166065,on bike mount,road bicycle,False,asphalt,intermediate
15f5016a-c120-4b81-923d-38855d555615,82ad13de-60f4-4d82-b1f2-caf94c7a070d,f0642a5f-bf08-46f6-b916-9c70a8512f75,1626012387124,13.6588397,52.3737632,9.030963,0.7360388,-5.73785,13.1338,on bike mount,road bicycle,False,asphalt,intermediate
15f5016a-c120-4b81-923d-38855d555615,82ad13de-60f4-4d82-b1f2-caf94c7a070d,a014226b-1ee9-496c-929d-22bf70bb6120,1626012387175,13.6588397,52.3737632,9.030963,-0.56909657,0.89219093,-1.6974049,on bike mount,road bicycle,False,asphalt,intermediate
15f5016a-c120-4b81-923d-38855d555615,82ad13de-60f4-4d82-b1f2-caf94c7a070d,7cf46f8f-81e8-45f7-af2b-1b45df72e9e7,1626012387225,13.6588397,52.3737632,9.030963,-1.2886635,6.483486,-2.9766955,on bike mount,road bicycle,False,asphalt,intermediate
15f5016a-c120-4b81-923d-38855d555615,82ad13de-60f4-4d82-b1f2-caf94c7a070d,9cb7ca5f-ffee-4048-a421-33540542f80c,1626012387276,13.6588397,52.3737632,9.030963,-0.4105643,-1.3578026,-1.8150744,on bike mount,road bicycle,False,asphalt,intermediate
15f5016a-c120-4b81-923d-38855d555615,82ad13de-60f4-4d82-b1f2-caf94c7a070d,248ffbb2-6085-438b-a885-0a115d630d15,1626012387327,13.6588397,52.3737632,9.030963,1.8971467,3.6329384,1.4869566,on bike mount,road bicycle,False,asphalt,intermediate
15f5016a-c120-4b81-923d-38855d555615,82ad13de-60f4-4d82-b1f2-caf94c7a070d,f1b86ec6-499e-4c36-923b-1205e8744ac7,1626012387378,13.6588397,52.3737632,9.030963,-1.252049,-4.1041574,4.1350737,on bike mount,road bicycle,False,asphalt,intermediate
15f5016a-c120-4b81-923d-38855d555615,82ad13de-60f4-4d82-b1f2-caf94c7a070d,e140bfab-5705-45b4-97b5-a917afc3a69f,1626012387428,13.6588397,52.3737632,9.030963,1.7342122,-3.941049,2.7246037,on bike mount,road bicycle,False,asphalt,intermediate
15f5016a-c120-4b81-923d-38855d555615,82ad13de-60f4-4d82-b1f2-caf94c7a070d,0e0f3fdf-d340-493a-89fe-ffee6f0d181e,1626012387478,13.6588397,52.3737632,9.030963,0.82823414,-0.5435482,0.8471556,on bike mount,road bicycle,False,asphalt,intermediate
15f5016a-c120-4b81-923d-38855d555615,82ad13de-60f4-4d82-b1f2-caf94c7a070d,d29b23c2-cec8-442e-a895-85a13406e7b7,1626012387528,13.6588397,52.3737632,9.030963,-0.22984642,2.957796,-2.1005888,on bike mount,road bicycle,False,asphalt,intermediate
15f5016a-c120-4b81-923d-38855d555615,82ad13de-60f4-4d82-b1f2-caf94c7a070d,1d44a6e9-2dc9-46b1-b080-50dd2f2e48a2,1626012387579,13.6588397,52.3737632,9.030963,1.1384251,1.4458294,0.20565605,on bike mount,road bicycle,False,asphalt,intermediate
15f5016a-c120-4b81-923d-38855d555615,82ad13de-60f4-4d82-b1f2-caf94c7a070d,7831337e-c02e-4923-a211-db3adc4db128,1626012387630,13.6588397,52.3737632,9.030963,1.1068736,-2.0706863,1.4194441,on bike mount,road bicycle,False,asphalt,intermediate
15f5016a-c120-4b81-923d-38855d555615,82ad13de-60f4-4d82-b1f2-caf94c7a070d,bd2b72b6-396e-431a-82eb-23669edcdb10,1626012387678,13.6588397,52.3737632,9.030963,-0.5308397,-0.07431865,2.5584307,on bike mount,road bicycle,False,asphalt,intermediate
15f5016a-c120-4b81-923d-38855d555615,82ad13de-60f4-4d82-b1f2-caf94c7a070d,125487fd-b456-475e-9e1c-3ae4ae73cc49,1626012387732,13.6587007,52.3738019,9.459364,-0.7182225,-3.284946,2.6882887,on bike mount,road bicycle,False,asphalt,intermediate
15f5016a-c120-4b81-923d-38855d555615,82ad13de-60f4-4d82-b1f2-caf94c7a070d,db293379-b3cb-45fa-bcf3-1996ee7d33b5,1626012387782,13.6587007,52.3738019,9.459364,-0.995065,0.36418962,1.2718058,on bike mount,road bicycle,False,asphalt,intermediate
15f5016a-c120-4b81-923d-38855d555615,82ad13de-60f4-4d82-b1f2-caf94c7a070d,4e87f1fd-2b91-4986-b6cb-61ecec98542f,1626012387835,13.6587007,52.3738019,9.459364,0.003467679,-0.063093185,-0.14505672,on bike mount,road bicycle,False,asphalt,intermediate
15f5016a-c120-4b81-923d-38855d555615,82ad13de-60f4-4d82-b1f2-caf94c7a070d,784e99e8-818a-4cf9-9085-a5c17346d800,1626012387886,13.6587007,52.3738019,9.459364,2.478145,-2.0873187,-0.87629604,on bike mount,road bicycle,False,asphalt,intermediate
15f5016a-c120-4b81-923d-38855d555615,82ad13de-60f4-4d82-b1f2-caf94c7a070d,acb1b9fe-fc16-4dd6-8d1a-be663532fe99,1626012387937,13.6587007,52.3738019,9.459364,-1.0311582,-4.4475336,2.437811,on bike mount,road bicycle,False,asphalt,intermediate
15f5016a-c120-4b81-923d-38855d555615,82ad13de-60f4-4d82-b1f2-caf94c7a070d,9427ccba-c4dd-4f83-804a-6d5eb444337b,1626012387988,13.6587007,52.3738019,9.459364,0.46949494,-2.5551982,4.0484123,on bike mount,road bicycle,False,asphalt,intermediate
15f5016a-c120-4b81-923d-38855d555615,82ad13de-60f4-4d82-b1f2-caf94c7a070d,be813d32-293d-4092-b4b8-2116661c516a,1626012388039,13.6587007,52.3738019,9.459364,1.3304601,1.7753243,-0.90340376,on bike mount,road bicycle,False,asphalt,intermediate
15f5016a-c120-4b81-923d-38855d555615,82ad13de-60f4-4d82-b1f2-caf94c7a070d,5e581f38-20f5-4bbf-8995-035b0a017e50,1626012388090,13.6587007,52.3738019,9.459364,1.4961314,2.7806683,-1.2982903,on bike mount,road bicycle,False,asphalt,intermediate
15f5016a-c120-4b81-923d-38855d555615,82ad13de-60f4-4d82-b1f2-caf94c7a070d,8ef194d7-afda-4c1d-ae81-0b3dc9faf4c4,1626012388140,13.6587007,52.3738019,9.459364,1.3812063,-0.18978071,0.11972332,on bike mount,road bicycle,False,asphalt,intermediate
15f5016a-c120-4b81-923d-38855d555615,82ad13de-60f4-4d82-b1f2-caf94c7a070d,dd1ffff7-15b0-4639-9367-b23569742a1e,1626012388190,13.6587007,52.3738019,9.459364,0.27176964,-1.5549557,0.9593382,on bike mount,road bicycle,False,asphalt,intermediate
15f5016a-c120-4b81-923d-38855d555615,82ad13de-60f4-4d82-b1f2-caf94c7a070d,0d263c1c-0e47-4349-b458-e577d1480892,1626012388240,13.6587007,52.3738019,9.459364,0.62533456,-0.61134577,0.48094368,on bike mount,road bicycle,False,asphalt,intermediate
15f5016a-c120-4b81-923d-38855d555615,82ad13de-60f4-4d82-b1f2-caf94c7a070d,34a20e43-6484-45cf-9c27-b3ca634abcd6,1626012388289,13.6587007,52.3738019,9.459364,0.082897365,-1.6921387,1.553565,on bike mount,road bicycle,False,asphalt,intermediate
15f5016a-c120-4b81-923d-38855d555615,82ad13de-60f4-4d82-b1f2-caf94c7a070d,588b9bc6-66d9-40aa-8197-cedfd59de2ac,1626012388340,13.6587007,52.3738019,9.459364,1.1909971,-0.055491924,0.61491966,on bike mount,road bicycle,False,asphalt,intermediate
15f5016a-c120-4b81-923d-38855d555615,82ad13de-60f4-4d82-b1f2-caf94c7a070d,1eaba3d6-d053-43b4-9caa-8bed563e59a2,1626012388390,13.6587007,52.3738019,9.459364,-0.28534067,3.6287918,-3.3083339,on bike mount,road bicycle,False,asphalt,intermediate
15f5016a-c120-4b81-923d-38855d555615,82ad13de-60f4-4d82-b1f2-caf94c7a070d,4aefb1be-6aff-4e1b-8dca-eebea4ab260a,1626012388442,13.6587007,52.3738019,9.459364,1.0671694,0.6548121,3.6362505,on bike mount,road bicycle,False,asphalt,intermediate
15f5016a-c120-4b81-923d-38855d555615,82ad13de-60f4-4d82-b1f2-caf94c7a070d,fdfaf38a-bc32-4162-9917-143c16e2d2e2,1626012388494,13.6587007,52.3738019,9.459364,0.37405765,0.56224704,0.4996605,on bike mount,road bicycle,False,asphalt,intermediate
15f5016a-c120-4b81-923d-38855d555615,82ad13de-60f4-4d82-b1f2-caf94c7a070d,3299c835-46e6-4791-9fa9-cd3ba359d1fd,1626012388544,13.6587007,52.3738019,9.459364,0.17966974,-0.97966576,3.504695,on bike mount,road bicycle,False,asphalt,intermediate
15f5016a-c120-4b81-923d-38855d555615,82ad13de-60f4-4d82-b1f2-caf94c7a070d,baa951c7-5432-4521-9691-007f1daa94ad,1626012388594,13.6587007,52.3738019,9.459364,0.16863918,1.2265415,-1.0447145,on bike mount,road bicycle,False,asphalt,intermediate
15f5016a-c120-4b81-923d-38855d555615,82ad13de-60f4-4d82-b1f2-caf94c7a070d,8b9330c3-5c51-4235-a461-d40300faa89c,1626012388649,13.6587007,52.3738019,9.459364,-0.6201049,0.665715,2.146387,on bike mount,road bicycle,False,asphalt,intermediate
15f5016a-c120-4b81-923d-38855d555615,82ad13de-60f4-4d82-b1f2-caf94c7a070d,cca46305-4c8f-40ba-9422-756b719c7e57,1626012388698,13.6585821,52.3738416,9.08996,-0.13852692,-0.5953367,2.4661732,on bike mount,road bicycle,False,asphalt,intermediate
15f5016a-c120-4b81-923d-38855d555615,82ad13de-60f4-4d82-b1f2-caf94c7a070d,bf275238-10d4-4746-8384-f2959c299297,1626012388749,13.6585821,52.3738416,9.08996,0.21935016,3.7575464,-0.8050904,on bike mount,road bicycle,False,asphalt,intermediate
15f5016a-c120-4b81-923d-38855d555615,82ad13de-60f4-4d82-b1f2-caf94c7a070d,486b1bb4-d11c-4f7e-bc8a-15f6ed09c0d5,1626012388801,13.6585821,52.3738416,9.08996,1.9111824,2.2270823,-3.0414577,on bike mount,road bicycle,False,asphalt,intermediate
15f5016a-c120-4b81-923d-38855d555615,82ad13de-60f4-4d82-b1f2-caf94c7a070d,9cd368ec-7b88-4240-b98e-d75d1f4a4275,1626012388850,13.6585821,52.3738416,9.08996,1.3517888,-0.13887334,0.9543171,on bike mount,road bicycle,False,asphalt,intermediate
15f5016a-c120-4b81-923d-38855d555615,82ad13de-60f4-4d82-b1f2-caf94c7a070d,a6cc82bb-59f9-43e4-84c6-39bd1b994938,1626012388900,13.6585821,52.3738416,9.08996,1.6381423,-1.5004823,-0.15869904,on bike mount,road bicycle,False,asphalt,intermediate
15f5016a-c120-4b81-923d-38855d555615,82ad13de-60f4-4d82-b1f2-caf94c7a070d,cbb0535b-f425-46f6-9502-f7a9517da745,1626012388951,13.6585821,52.3738416,9.08996,-0.55593896,-3.0879288,4.436926,on bike mount,road bicycle,False,asphalt,intermediate
15f5016a-c120-4b81-923d-38855d555615,82ad13de-60f4-4d82-b1f2-caf94c7a070d,8117818d-96a6-4202-b72e-f182297121f6,1626012389002,13.6585821,52.3738416,9.08996,-0.36449623,0.06880832,1.0168285,on bike mount,road bicycle,False,asphalt,intermediate
15f5016a-c120-4b81-923d-38855d555615,82ad13de-60f4-4d82-b1f2-caf94c7a070d,ed809df0-4d71-4c86-ae2c-74b71c644b52,1626012389052,13.6585821,52.3738416,9.08996,0.55492955,1.7889647,1.332612,on bike mount,road bicycle,False,asphalt,intermediate
15f5016a-c120-4b81-923d-38855d555615,82ad13de-60f4-4d82-b1f2-caf94c7a070d,bcd2dd08-ab0e-4bde-aa65-fb04804c9e95,1626012389103,13.6585821,52.3738416,9.08996,-1.5881538,-2.0159643,5.1046906,on bike mount,road bicycle,False,asphalt,intermediate
15f5016a-c120-4b81-923d-38855d555615,82ad13de-60f4-4d82-b1f2-caf94c7a070d,cf94e3fc-b8e8-4140-bb08-3e5d70d227ff,1626012389153,13.6585821,52.3738416,9.08996,-2.1167755,-1.2996869,4.849023,on bike mount,road bicycle,False,asphalt,intermediate
15f5016a-c120-4b81-923d-38855d555615,82ad13de-60f4-4d82-b1f2-caf94c7a070d,f159653d-af65-4ce3-881d-f24651b12a93,1626012389202,13.6585821,52.3738416,9.08996,-0.39548755,3.7094078,1.2557974,on bike mount,road bicycle,False,asphalt,intermediate
15f5016a-c120-4b81-923d-38855d555615,82ad13de-60f4-4d82-b1f2-caf94c7a070d,0363c22a-1ba0-4fb3-b5ab-f5ae66e7217c,1626012389253,13.6585821,52.3738416,9.08996,0.29450732,-2.5946233,6.0774946,on bike mount,road bicycle,False,asphalt,intermediate
15f5016a-c120-4b81-923d-38855d555615,82ad13de-60f4-4d82-b1f2-caf94c7a070d,ca1c3732-bbea-4999-b27a-af0275048d4c,1626012389302,13.6585821,52.3738416,9.08996,0.9461098,0.9395938,-0.36671925,on bike mount,road bicycle,False,asphalt,intermediate
15f5016a-c120-4b81-923d-38855d555615,82ad13de-60f4-4d82-b1f2-caf94c7a070d,9a0570d4-7ad6-401a-ba8d-14ba7d1447cd,1626012389352,13.6585821,52.3738416,9.08996,-0.16351956,1.7855821,-1.0419579,on bike mount,road bicycle,False,asphalt,intermediate
15f5016a-c120-4b81-923d-38855d555615,82ad13de-60f4-4d82-b1f2-caf94c7a070d,5e0e50a5-c041-4263-b77c-f6e65bb215a8,1626012389403,13.6585821,52.3738416,9.08996,-1.1815553,-0.7988198,0.81023216,on bike mount,road bicycle,False,asphalt,intermediate
15f5016a-c120-4b81-923d-38855d555615,82ad13de-60f4-4d82-b1f2-caf94c7a070d,05b9ec7c-2caa-47e1-b4de-1d4ddbf61125,1626012389453,13.6585821,52.3738416,9.08996,2.3489068,0.71773624,0.0719347,on bike mount,road bicycle,False,asphalt,intermediate
15f5016a-c120-4b81-923d-38855d555615,82ad13de-60f4-4d82-b1f2-caf94c7a070d,3be29758-910b-445c-be67-86005ab95b98,1626012389503,13.6585821,52.3738416,9.08996,0.17033611,-0.30926418,0.73198986,on bike mount,road bicycle,False,asphalt,intermediate
15f5016a-c120-4b81-923d-38855d555615,82ad13de-60f4-4d82-b1f2-caf94c7a070d,500e4c29-afd3-42ca-b577-672facd4dd0b,1626012389554,13.6585821,52.3738416,9.08996,-0.6844828,-0.68749595,-1.8832989,on bike mount,road bicycle,False,asphalt,intermediate
15f5016a-c120-4b81-923d-38855d555615,82ad13de-60f4-4d82-b1f2-caf94c7a070d,9ae56444-4c29-471d-9854-70d01d32460e,1626012389605,13.6585821,52.3738416,9.08996,0.60300153,-0.89596826,-1.0258522,on bike mount,road bicycle,False,asphalt,intermediate
15f5016a-c120-4b81-923d-38855d555615,82ad13de-60f4-4d82-b1f2-caf94c7a070d,6f7eb250-7b71-4913-ac37-bc7a13aef6df,1626012389656,13.6585821,52.3738416,9.08996,-0.60901785,-0.6307938,-1.236836,on bike mount,road bicycle,False,asphalt,intermediate
15f5016a-c120-4b81-923d-38855d555615,82ad13de-60f4-4d82-b1f2-caf94c7a070d,1bebd57f-cd5e-480e-a1b3-482942f8d6c4,1626012389706,13.6584566,52.3738897,9.144802,1.96101,-1.3943002,0.35173798,on bike mount,road bicycle,False,asphalt,intermediate
15f5016a-c120-4b81-923d-38855d555615,82ad13de-60f4-4d82-b1f2-caf94c7a070d,85f6c221-ecce-41ea-b689-f74d65afb2c8,1626012389754,13.6584566,52.3738897,9.144802,0.0034484267,-0.5897405,1.232832,on bike mount,road bicycle,False,asphalt,intermediate
15f5016a-c120-4b81-923d-38855d555615,82ad13de-60f4-4d82-b1f2-caf94c7a070d,3ae8166b-1aae-4fc7-93a6-1819de56c79b,1626012389805,13.6584566,52.3738897,9.144802,-1.2034715,2.697586,-2.901218,on bike mount,road bicycle,False,asphalt,intermediate
15f5016a-c120-4b81-923d-38855d555615,82ad13de-60f4-4d82-b1f2-caf94c7a070d,7903d580-9a68-43f8-91a6-87dcd5616eb5,1626012389856,13.6584566,52.3738897,9.144802,-1.5865142,0.49037218,0.13956165,on bike mount,road bicycle,False,asphalt,intermediate
15f5016a-c120-4b81-923d-38855d555615,82ad13de-60f4-4d82-b1f2-caf94c7a070d,a7cef768-319f-4cf3-92cb-15047e9edb0e,1626012389906,13.6584566,52.3738897,9.144802,-0.046868652,-3.2495012,1.6932344,on bike mount,road bicycle,False,asphalt,intermediate
15f5016a-c120-4b81-923d-38855d555615,82ad13de-60f4-4d82-b1f2-caf94c7a070d,1fef3ccd-038f-4823-ab5e-b447b2b3de5a,1626012389956,13.6584566,52.3738897,9.144802,0.43677664,-0.17505765,1.0351028,on bike mount,road bicycle,False,asphalt,intermediate
15f5016a-c120-4b81-923d-38855d555615,82ad13de-60f4-4d82-b1f2-caf94c7a070d,12b3a8bc-125d-4894-a658-397625cb4c3e,1626012390005,13.6584566,52.3738897,9.144802,-0.9814272,0.25703955,3.1636505,on bike mount,road bicycle,False,asphalt,intermediate
15f5016a-c120-4b81-923d-38855d555615,82ad13de-60f4-4d82-b1f2-caf94c7a070d,7ecdc69b-eb15-48a1-8e71-00367012d29d,1626012390056,13.6584566,52.3738897,9.144802,0.67457557,9.160219,-12.568056,on bike mount,road bicycle,False,asphalt,intermediate
15f5016a-c120-4b81-923d-38855d555615,82ad13de-60f4-4d82-b1f2-caf94c7a070d,ab5e6adb-90e3-41b7-8ba2-123f7ae5d9d3,1626012390106,13.6584566,52.3738897,9.144802,-0.91969985,7.55433,1.8271284,on bike mount,road bicycle,False,asphalt,intermediate
15f5016a-c120-4b81-923d-38855d555615,82ad13de-60f4-4d82-b1f2-caf94c7a070d,26710c7b-e4d5-4f43-a2fb-5ab6649ee411,1626012390156,13.6584566,52.3738897,9.144802,-0.48126358,-4.2312593,1.6965675,on bike mount,road bicycle,False,asphalt,intermediate
15f5016a-c120-4b81-923d-38855d555615,82ad13de-60f4-4d82-b1f2-caf94c7a070d,acb21795-bb70-405d-888c-8519689b5136,1626012390207,13.6584566,52.3738897,9.144802,2.477709,5.762353,-8.094867,on bike mount,road bicycle,False,asphalt,intermediate
15f5016a-c120-4b81-923d-38855d555615,82ad13de-60f4-4d82-b1f2-caf94c7a070d,16fdc2e9-ed49-4443-b9b0-16eb742b2d05,1626012390257,13.6584566,52.3738897,9.144802,0.22307037,-3.2818296,4.5746574,on bike mount,road bicycle,False,asphalt,intermediate
15f5016a-c120-4b81-923d-38855d555615,82ad13de-60f4-4d82-b1f2-caf94c7a070d,b5d5818e-d394-4bbf-b0eb-4dd7bcb6bc97,1626012390308,13.6584566,52.3738897,9.144802,-1.7735373,-4.940027,1.8465223,on bike mount,road bicycle,False,asphalt,intermediate
15f5016a-c120-4b81-923d-38855d555615,82ad13de-60f4-4d82-b1f2-caf94c7a070d,23b772e5-3754-407c-8626-e3aa80fe5ff7,1626012390358,13.6584566,52.3738897,9.144802,0.3087306,-2.1128666,2.0710316,on bike mount,road bicycle,False,asphalt,intermediate
15f5016a-c120-4b81-923d-38855d555615,82ad13de-60f4-4d82-b1f2-caf94c7a070d,91149521-702b-46d9-ba0c-b179f2ba8425,1626012390408,13.6584566,52.3738897,9.144802,-0.44060743,1.6276679,-3.6652923,on bike mount,road bicycle,False,asphalt,intermediate
15f5016a-c120-4b81-923d-38855d555615,82ad13de-60f4-4d82-b1f2-caf94c7a070d,76fda1d6-055d-49fe-8fac-ba06c7b06aa5,1626012390458,13.6584566,52.3738897,9.144802,1.6038653,2.8214421,-0.4718609,on bike mount,road bicycle,False,asphalt,intermediate
15f5016a-c120-4b81-923d-38855d555615,82ad13de-60f4-4d82-b1f2-caf94c7a070d,8b5d459e-de01-4aa2-82ab-e7c04c9ad549,1626012390508,13.6584566,52.3738897,9.144802,-0.21773386,1.5475512,-0.6953831,on bike mount,road bicycle,False,asphalt,intermediate
15f5016a-c120-4b81-923d-38855d555615,82ad13de-60f4-4d82-b1f2-caf94c7a070d,9d527e6d-e1a2-455a-bb59-3b24aa63e65d,1626012390558,13.6584566,52.3738897,9.144802,-1.7194642,2.8820906,-2.3464422,on bike mount,road bicycle,False,asphalt,intermediate
15f5016a-c120-4b81-923d-38855d555615,82ad13de-60f4-4d82-b1f2-caf94c7a070d,0c6db52b-633e-4dd3-aed6-53f62e402d25,1626012390609,13.6584566,52.3738897,9.144802,0.70359063,1.2353053,-1.7355037,on bike mount,road bicycle,False,asphalt,intermediate
15f5016a-c120-4b81-923d-38855d555615,82ad13de-60f4-4d82-b1f2-caf94c7a070d,1e77f9d7-526c-44c5-b484-57f015cc6543,1626012390658,13.6584566,52.3738897,9.144802,0.71417254,-1.6551929,1.2246628,on bike mount,road bicycle,False,asphalt,intermediate
15f5016a-c120-4b81-923d-38855d555615,82ad13de-60f4-4d82-b1f2-caf94c7a070d,6e00cc68-4473-4f81-ab84-b8a4774fc959,1626012390708,13.6583495,52.373947,9.124258,0.09272236,-4.3284307,2.0442953,on bike mount,road bicycle,False,asphalt,intermediate
15f5016a-c120-4b81-923d-38855d555615,82ad13de-60f4-4d82-b1f2-caf94c7a070d,31c075ce-254a-4675-a985-eb89262382aa,1626012390758,13.6583495,52.373947,9.124258,-0.22317499,-5.498464,3.0313044,on bike mount,road bicycle,False,asphalt,intermediate
15f5016a-c120-4b81-923d-38855d555615,82ad13de-60f4-4d82-b1f2-caf94c7a070d,60d73625-f8ba-4f91-8519-35c75f28c589,1626012390808,13.6583495,52.373947,9.124258,-0.587527,1.1607404,-0.24722672,on bike mount,road bicycle,False,asphalt,intermediate
15f5016a-c120-4b81-923d-38855d555615,82ad13de-60f4-4d82-b1f2-caf94c7a070d,705ec78c-dd44-4f97-b0c0-977022103358,1626012390858,13.6583495,52.373947,9.124258,0.99294543,6.45281,-2.9185715,on bike mount,road bicycle,False,asphalt,intermediate
15f5016a-c120-4b81-923d-38855d555615,82ad13de-60f4-4d82-b1f2-caf94c7a070d,cfff6a24-151d-46c6-b6e3-bd547c8a0d67,1626012390908,13.6583495,52.373947,9.124258,-0.5512611,-0.17019486,0.5220175,on bike mount,road bicycle,False,asphalt,intermediate
15f5016a-c120-4b81-923d-38855d555615,82ad13de-60f4-4d82-b1f2-caf94c7a070d,5ee776f3-8bba-4907-a9cf-ecf050dc0515,1626012390959,13.6583495,52.373947,9.124258,0.693339,0.1427083,0.82907104,on bike mount,road bicycle,False,asphalt,intermediate
15f5016a-c120-4b81-923d-38855d555615,82ad13de-60f4-4d82-b1f2-caf94c7a070d,776bbec9-c4f9-4252-ba5a-524777b372e8,1626012391009,13.6583495,52.373947,9.124258,-0.1626991,-2.46766,2.526165,on bike mount,road bicycle,False,asphalt,intermediate
15f5016a-c120-4b81-923d-38855d555615,82ad13de-60f4-4d82-b1f2-caf94c7a070d,2d6c6ae0-978f-42bc-a3d8-e1586bccc7fc,1626012391060,13.6583495,52.373947,9.124258,1.6831636,-1.9877243,-2.9501896,on bike mount,road bicycle,False,asphalt,intermediate
15f5016a-c120-4b81-923d-38855d555615,82ad13de-60f4-4d82-b1f2-caf94c7a070d,a8d62dd5-3909-42a7-af16-6d2aa4cce6dd,1626012391110,13.6583495,52.373947,9.124258,-1.5719993,11.509145,-17.56879,on bike mount,road bicycle,False,asphalt,intermediate
15f5016a-c120-4b81-923d-38855d555615,82ad13de-60f4-4d82-b1f2-caf94c7a070d,00db3b8c-b33d-45d5-97c8-4138add16368,1626012391160,13.6583495,52.373947,9.124258,-0.60310984,-0.55025315,4.812539,on bike mount,road bicycle,False,asphalt,intermediate
15f5016a-c120-4b81-923d-38855d555615,82ad13de-60f4-4d82-b1f2-caf94c7a070d,8f1176c3-5eee-46b6-8d41-69d8f0446605,1626012391211,13.6583495,52.373947,9.124258,-0.977041,-8.751911,5.142338,on bike mount,road bicycle,False,asphalt,intermediate
15f5016a-c120-4b81-923d-38855d555615,82ad13de-60f4-4d82-b1f2-caf94c7a070d,76cedfcd-ac46-47f9-a21d-aaf2ffb66261,1626012391261,13.6583495,52.373947,9.124258,-0.4720341,1.8603194,1.1588926,on bike mount,road bicycle,False,asphalt,intermediate
15f5016a-c120-4b81-923d-38855d555615,82ad13de-60f4-4d82-b1f2-caf94c7a070d,1fd3391d-20b0-497f-947b-d1b8d9c36906,1626012391311,13.6583495,52.373947,9.124258,-0.2542745,-0.43190765,0.3151884,on bike mount,road bicycle,False,asphalt,intermediate
15f5016a-c120-4b81-923d-38855d555615,82ad13de-60f4-4d82-b1f2-caf94c7a070d,02e22aa4-d729-4719-839a-fd5041199644,1626012391361,13.6583495,52.373947,9.124258,0.40325812,-2.890316,1.0101328,on bike mount,road bicycle,False,asphalt,intermediate
15f5016a-c120-4b81-923d-38855d555615,82ad13de-60f4-4d82-b1f2-caf94c7a070d,5adc27d3-e3c8-4b97-b6ac-48317190096c,1626012391413,13.6583495,52.373947,9.124258,0.88194686,-0.93245363,0.69419384,on bike mount,road bicycle,False,asphalt,intermediate
15f5016a-c120-4b81-923d-38855d555615,82ad13de-60f4-4d82-b1f2-caf94c7a070d,0b9ae42d-e400-40b0-a5f4-6240190d5477,1626012391463,13.6583495,52.373947,9.124258,0.31958562,0.15637493,2.7982826,on bike mount,road bicycle,False,asphalt,intermediate
15f5016a-c120-4b81-923d-38855d555615,82ad13de-60f4-4d82-b1f2-caf94c7a070d,93a2f858-97d3-4c82-a461-e8891b7b2cca,1626012391513,13.6583495,52.373947,9.124258,-1.2962351,0.4160614,-1.5868802,on bike mount,road bicycle,False,asphalt,intermediate
15f5016a-c120-4b81-923d-38855d555615,82ad13de-60f4-4d82-b1f2-caf94c7a070d,aee3460b-bc20-4603-9da6-c4ea0dc3530a,1626012391562,13.6583495,52.373947,9.124258,0.3458903,0.6254811,-0.27977943,on bike mount,road bicycle,False,asphalt,intermediate
15f5016a-c120-4b81-923d-38855d555615,82ad13de-60f4-4d82-b1f2-caf94c7a070d,bc7f33a3-960b-4a7e-ac54-1f3f6d490215,1626012391617,13.6583495,52.373947,9.124258,1.0641361,1.6439338,-2.0405307,on bike mount,road bicycle,False,asphalt,intermediate
15f5016a-c120-4b81-923d-38855d555615,82ad13de-60f4-4d82-b1f2-caf94c7a070d,7ef95a9a-6a5b-4ffe-8631-68c4b7c123c8,1626012391667,13.6583495,52.373947,9.124258,3.133728,0.24193883,-1.0645247,on bike mount,road bicycle,False,asphalt,intermediate
15f5016a-c120-4b81-923d-38855d555615,82ad13de-60f4-4d82-b1f2-caf94c7a070d,40d457e2-092a-4e77-adcc-575f08c3da2a,1626012391717,13.6582375,52.3740049,9.19686,-0.3965252,-1.9797633,1.4290571,on bike mount,road bicycle,False,asphalt,intermediate
15f5016a-c120-4b81-923d-38855d555615,82ad13de-60f4-4d82-b1f2-caf94c7a070d,d91ab46e-fdd6-4b3f-a2fa-62e2a5310798,1626012391767,13.6582375,52.3740049,9.19686,1.0444839,-1.8180192,0.8606272,on bike mount,road bicycle,False,asphalt,intermediate
15f5016a-c120-4b81-923d-38855d555615,82ad13de-60f4-4d82-b1f2-caf94c7a070d,e57ca99a-7897-49b0-8c5e-2792271b8033,1626012391817,13.6582375,52.3740049,9.19686,0.13379526,0.7572217,0.61510277,on bike mount,road bicycle,False,asphalt,intermediate
15f5016a-c120-4b81-923d-38855d555615,82ad13de-60f4-4d82-b1f2-caf94c7a070d,17b45e7f-a024-44f8-81d5-4189cd3086b4,1626012391869,13.6582375,52.3740049,9.19686,0.51792896,0.29793262,1.4518938,on bike mount,road bicycle,False,asphalt,intermediate
15f5016a-c120-4b81-923d-38855d555615,82ad13de-60f4-4d82-b1f2-caf94c7a070d,ce118676-ad00-4c31-92c6-8633c9c51e7a,1626012391919,13.6582375,52.3740049,9.19686,0.35565016,1.313437,0.8990841,on bike mount,road bicycle,False,asphalt,intermediate
15f5016a-c120-4b81-923d-38855d555615,82ad13de-60f4-4d82-b1f2-caf94c7a070d,56cf836d-a7ac-4756-adcb-bf3a9974cf86,1626012391970,13.6582375,52.3740049,9.19686,-0.5955113,0.31056666,0.4518957,on bike mount,road bicycle,False,asphalt,intermediate
15f5016a-c120-4b81-923d-38855d555615,82ad13de-60f4-4d82-b1f2-caf94c7a070d,ba3790d1-81eb-443f-9bb0-587bf8246ea4,1626012392019,13.6582375,52.3740049,9.19686,0.99238074,0.7665396,-1.5059032,on bike mount,road bicycle,False,asphalt,intermediate
15f5016a-c120-4b81-923d-38855d555615,82ad13de-60f4-4d82-b1f2-caf94c7a070d,3ba9651d-b710-46b0-ba31-b87a1ee61d7d,1626012392070,13.6582375,52.3740049,9.19686,0.84958106,-2.4580708,2.267767,on bike mount,road bicycle,False,asphalt,intermediate
15f5016a-c120-4b81-923d-38855d555615,82ad13de-60f4-4d82-b1f2-caf94c7a070d,53b26437-5e06-4123-9089-30ef4eb77fb2,1626012392120,13.6582375,52.3740049,9.19686,-0.2243278,-0.879552,-1.1671858,on bike mount,road bicycle,False,asphalt,intermediate
15f5016a-c120-4b81-923d-38855d555615,82ad13de-60f4-4d82-b1f2-caf94c7a070d,baafdb66-4642-4c24-a967-99c8e927f789,1626012392170,13.6582375,52.3740049,9.19686,0.06795877,-0.6588409,-1.0005026,on bike mount,road bicycle,False,asphalt,intermediate
15f5016a-c120-4b81-923d-38855d555615,82ad13de-60f4-4d82-b1f2-caf94c7a070d,3cd16871-f76c-4567-abcf-edf711b6523b,1626012392221,13.6582375,52.3740049,9.19686,0.94304067,-0.66767585,-0.956728,on bike mount,road bicycle,False,asphalt,intermediate
15f5016a-c120-4b81-923d-38855d555615,82ad13de-60f4-4d82-b1f2-caf94c7a070d,8a88ce70-54c6-48f7-9890-c2c47e65b581,1626012392271,13.6582375,52.3740049,9.19686,-0.1810866,-0.20674753,-0.7786217,on bike mount,road bicycle,False,asphalt,intermediate
15f5016a-c120-4b81-923d-38855d555615,82ad13de-60f4-4d82-b1f2-caf94c7a070d,af301f59-3a05-4ae1-b705-ff1d9483fa6a,1626012392321,13.6582375,52.3740049,9.19686,1.113233,0.7892661,2.3287115,on bike mount,road bicycle,False,asphalt,intermediate
15f5016a-c120-4b81-923d-38855d555615,82ad13de-60f4-4d82-b1f2-caf94c7a070d,de644581-c1d5-4cc7-bc2e-9c32c6ad1306,1626012392373,13.6582375,52.3740049,9.19686,0.33882272,0.4494164,1.1137066,on bike mount,road bicycle,False,asphalt,intermediate
15f5016a-c120-4b81-923d-38855d555615,82ad13de-60f4-4d82-b1f2-caf94c7a070d,9ffb07db-d777-4d81-b9cd-4fc0b306c02b,1626012392423,13.6582375,52.3740049,9.19686,-0.19435452,-1.470526,1.1716356,on bike mount,road bicycle,False,asphalt,intermediate
15f5016a-c120-4b81-923d-38855d555615,82ad13de-60f4-4d82-b1f2-caf94c7a070d,de8b0e84-162d-49b1-b5be-47c944836c23,1626012392475,13.6582375,52.3740049,9.19686,0.88324,1.2871199,-1.8995032,on bike mount,road bicycle,False,asphalt,intermediate
15f5016a-c120-4b81-923d-38855d555615,82ad13de-60f4-4d82-b1f2-caf94c7a070d,6064947b-3337-4d39-a85c-8ed819eb05eb,1626012392525,13.6582375,52.3740049,9.19686,-0.061699867,0.3582728,0.21451187,on bike mount,road bicycle,False,asphalt,intermediate
15f5016a-c120-4b81-923d-38855d555615,82ad13de-60f4-4d82-b1f2-caf94c7a070d,c4cf997b-a3ac-43b4-a9c9-5660004617fe,1626012392576,13.6582375,52.3740049,9.19686,0.6774198,-0.44250536,0.5162506,on bike mount,road bicycle,False,asphalt,intermediate
15f5016a-c120-4b81-923d-38855d555615,82ad13de-60f4-4d82-b1f2-caf94c7a070d,9c07882f-4a57-495f-a519-06b3c7974bf1,1626012392626,13.6582375,52.3740049,9.19686,-1.0430474,0.14300871,0.6476116,on bike mount,road bicycle,False,asphalt,intermediate
15f5016a-c120-4b81-923d-38855d555615,82ad13de-60f4-4d82-b1f2-caf94c7a070d,fb3d8b47-0432-4223-bcdf-610c34ab1854,1626012392691,13.6582375,52.3740049,9.19686,-0.6188705,0.77207947,1.2507792,on bike mount,road bicycle,False,asphalt,intermediate
15f5016a-c120-4b81-923d-38855d555615,82ad13de-60f4-4d82-b1f2-caf94c7a070d,4c1d0eeb-54fa-446b-9eb5-2c65393017e5,1626012392743,13.6581277,52.3740578,8.982839,-1.4406617,3.0656095,2.8902588,on bike mount,road bicycle,False,asphalt,intermediate
15f5016a-c120-4b81-923d-38855d555615,82ad13de-60f4-4d82-b1f2-caf94c7a070d,032e1bbf-22ca-4961-a193-617150b89ac6,1626012392792,13.6581277,52.3740578,8.982839,-0.48650783,1.6179018,-1.5936251,on bike mount,road bicycle,False,asphalt,intermediate
15f5016a-c120-4b81-923d-38855d555615,82ad13de-60f4-4d82-b1f2-caf94c7a070d,20a77068-2807-48c3-b98a-3832e7317706,1626012392842,13.6581277,52.3740578,8.982839,0.16297007,2.316461,0.08397865,on bike mount,road bicycle,False,asphalt,intermediate
15f5016a-c120-4b81-923d-38855d555615,82ad13de-60f4-4d82-b1f2-caf94c7a070d,162edc79-0da0-4be6-95c3-7431038a45a2,1626012392892,13.6581277,52.3740578,8.982839,-0.10432497,0.46265078,2.8326473,on bike mount,road bicycle,False,asphalt,intermediate
15f5016a-c120-4b81-923d-38855d555615,82ad13de-60f4-4d82-b1f2-caf94c7a070d,aeb0c79c-da9a-44ac-8da9-56168c89612a,1626012392942,13.6581277,52.3740578,8.982839,-0.95438755,0.16752791,-0.0974102,on bike mount,road bicycle,False,asphalt,intermediate
15f5016a-c120-4b81-923d-38855d555615,82ad13de-60f4-4d82-b1f2-caf94c7a070d,4ff6bed3-fd55-449f-870f-81307114948f,1626012392993,13.6581277,52.3740578,8.982839,0.06153691,0.59887457,-1.8499303,on bike mount,road bicycle,False,asphalt,intermediate
15f5016a-c120-4b81-923d-38855d555615,82ad13de-60f4-4d82-b1f2-caf94c7a070d,55395603-c287-42fd-aa40-58e8bf9c7bce,1626012393043,13.6581277,52.3740578,8.982839,0.92125034,0.24925804,0.738472,on bike mount,road bicycle,False,asphalt,intermediate
15f5016a-c120-4b81-923d-38855d555615,82ad13de-60f4-4d82-b1f2-caf94c7a070d,e2c066fb-a569-4bf7-bfa7-440e3e5f86d6,1626012393093,13.6581277,52.3740578,8.982839,0.9303594,-0.34937286,1.8325329,on bike mount,road bicycle,False,asphalt,intermediate
15f5016a-c120-4b81-923d-38855d555615,82ad13de-60f4-4d82-b1f2-caf94c7a070d,bdcdddc5-808a-485a-8955-202fce2e276a,1626012393145,13.6581277,52.3740578,8.982839,1.37821,-0.11995554,-0.69932747,on bike mount,road bicycle,False,asphalt,intermediate
15f5016a-c120-4b81-923d-38855d555615,82ad13de-60f4-4d82-b1f2-caf94c7a070d,bc260b35-5669-4eb0-9453-6c7e4eda228b,1626012393195,13.6581277,52.3740578,8.982839,-0.32053244,0.5887344,-0.5087843,on bike mount,road bicycle,False,asphalt,intermediate
15f5016a-c120-4b81-923d-38855d555615,82ad13de-60f4-4d82-b1f2-caf94c7a070d,dfe46d09-1a7f-4bed-aa99-2b923d36ec0b,1626012393245,13.6581277,52.3740578,8.982839,0.25385404,-0.094932795,1.2142467,on bike mount,road bicycle,False,asphalt,intermediate
15f5016a-c120-4b81-923d-38855d555615,82ad13de-60f4-4d82-b1f2-caf94c7a070d,edd158c6-e58c-4956-bba6-c18a726743e1,1626012393295,13.6581277,52.3740578,8.982839,0.14172444,0.5008576,-4.315754,on bike mount,road bicycle,False,asphalt,intermediate
15f5016a-c120-4b81-923d-38855d555615,82ad13de-60f4-4d82-b1f2-caf94c7a070d,1d825652-40fc-4d6a-a4fe-926bfda862b4,1626012393345,13.6581277,52.3740578,8.982839,1.0996364,-0.5260298,3.294448,on bike mount,road bicycle,False,asphalt,intermediate
15f5016a-c120-4b81-923d-38855d555615,82ad13de-60f4-4d82-b1f2-caf94c7a070d,01e7686d-9e61-43e2-9b64-f58bde9f2101,1626012393395,13.6581277,52.3740578,8.982839,-0.36468348,-0.73719764,-0.45228672,on bike mount,road bicycle,False,asphalt,intermediate
15f5016a-c120-4b81-923d-38855d555615,82ad13de-60f4-4d82-b1f2-caf94c7a070d,33e4c6c0-a7eb-408c-b0c4-14c9997c7732,1626012393445,13.6581277,52.3740578,8.982839,-1.8084137,-1.7943463,0.7584095,on bike mount,road bicycle,False,asphalt,intermediate
15f5016a-c120-4b81-923d-38855d555615,82ad13de-60f4-4d82-b1f2-caf94c7a070d,594fa060-ee22-4e26-8f2b-784a2a75d8a0,1626012393494,13.6581277,52.3740578,8.982839,-0.8024478,-2.7647252,2.1996346,on bike mount,road bicycle,False,asphalt,intermediate
15f5016a-c120-4b81-923d-38855d555615,82ad13de-60f4-4d82-b1f2-caf94c7a070d,a9e7d08b-17e8-4cef-9a8e-482bc83d9164,1626012393545,13.6581277,52.3740578,8.982839,-0.87050897,1.2648525,-1.1209545,on bike mount,road bicycle,False,asphalt,intermediate
15f5016a-c120-4b81-923d-38855d555615,82ad13de-60f4-4d82-b1f2-caf94c7a070d,28a44312-84e6-4bbf-8b87-b4da612b3e44,1626012393595,13.6581277,52.3740578,8.982839,-0.5701939,0.59673595,0.8769655,on bike mount,road bicycle,False,asphalt,intermediate
15f5016a-c120-4b81-923d-38855d555615,82ad13de-60f4-4d82-b1f2-caf94c7a070d,baa0f225-077c-4a3a-9a5d-b2540f1ecdd4,1626012393644,13.6581277,52.3740578,8.982839,-1.1643901,0.8988886,0.4849186,on bike mount,road bicycle,False,asphalt,intermediate
15f5016a-c120-4b81-923d-38855d555615,82ad13de-60f4-4d82-b1f2-caf94c7a070d,61f532d8-6c9b-449d-b2ba-a7c811c00815,1626012393694,13.658026,52.3741148,8.711922,-0.44655204,1.8837886,-6.583872,on bike mount,road bicycle,False,asphalt,intermediate
15f5016a-c120-4b81-923d-38855d555615,82ad13de-60f4-4d82-b1f2-caf94c7a070d,c1a66f75-2595-4109-9824-9b8454b429b2,1626012393745,13.658026,52.3741148,8.711922,-0.3412071,0.14440256,-1.7159977,on bike mount,road bicycle,False,asphalt,intermediate
15f5016a-c120-4b81-923d-38855d555615,82ad13de-60f4-4d82-b1f2-caf94c7a070d,2b854311-d9bd-4378-a36b-e947a2ba1630,1626012393795,13.658026,52.3741148,8.711922,1.7470526,-0.45937794,0.107234955,on bike mount,road bicycle,False,asphalt,intermediate
15f5016a-c120-4b81-923d-38855d555615,82ad13de-60f4-4d82-b1f2-caf94c7a070d,72ff2331-5199-44d3-9ad8-9df3c873fe32,1626012393846,13.658026,52.3741148,8.711922,0.04393561,0.3647356,0.12169266,on bike mount,road bicycle,False,asphalt,intermediate
15f5016a-c120-4b81-923d-38855d555615,82ad13de-60f4-4d82-b1f2-caf94c7a070d,d09e02b0-9139-4bcd-be38-01744321bc47,1626012393896,13.658026,52.3741148,8.711922,0.0002991592,-0.26078677,-1.8079977,on bike mount,road bicycle,False,asphalt,intermediate
15f5016a-c120-4b81-923d-38855d555615,82ad13de-60f4-4d82-b1f2-caf94c7a070d,3706dbb7-839e-4316-b501-6d4f1bc5a1e4,1626012393947,13.658026,52.3741148,8.711922,0.8189303,1.1211319,-2.6763964,on bike mount,road bicycle,False,asphalt,intermediate
15f5016a-c120-4b81-923d-38855d555615,82ad13de-60f4-4d82-b1f2-caf94c7a070d,9fd7903b-be70-48a0-ac97-529aabadd382,1626012393997,13.658026,52.3741148,8.711922,-0.48616633,-0.6502807,0.88519764,on bike mount,road bicycle,False,asphalt,intermediate
15f5016a-c120-4b81-923d-38855d555615,82ad13de-60f4-4d82-b1f2-caf94c7a070d,117698a9-4d91-4dbb-921f-96bb0754240f,1626012394048,13.658026,52.3741148,8.711922,0.32136533,-0.9293401,0.59836674,on bike mount,road bicycle,False,asphalt,intermediate
15f5016a-c120-4b81-923d-38855d555615,82ad13de-60f4-4d82-b1f2-caf94c7a070d,b235af5a-a79d-434f-9e4f-9f31be605a8e,1626012394099,13.658026,52.3741148,8.711922,0.13626003,2.495028,-4.03481,on bike mount,road bicycle,False,asphalt,intermediate
15f5016a-c120-4b81-923d-38855d555615,82ad13de-60f4-4d82-b1f2-caf94c7a070d,160c31f3-f846-434d-ba75-b8ffa39c894c,1626012394150,13.658026,52.3741148,8.711922,-0.46329823,0.17082572,0.27699184,on bike mount,road bicycle,False,asphalt,intermediate
15f5016a-c120-4b81-923d-38855d555615,82ad13de-60f4-4d82-b1f2-caf94c7a070d,582fb8bd-ec46-4e76-b02a-9cac0764afe5,1626012394201,13.658026,52.3741148,8.711922,-1.1937412,-0.28049278,-0.45009518,on bike mount,road bicycle,False,asphalt,intermediate
15f5016a-c120-4b81-923d-38855d555615,82ad13de-60f4-4d82-b1f2-caf94c7a070d,70cc34d9-aad5-402d-8bf4-73b1dcf0b68f,1626012394251,13.658026,52.3741148,8.711922,0.1993812,-1.0861899,-0.17927933,on bike mount,road bicycle,False,asphalt,intermediate
15f5016a-c120-4b81-923d-38855d555615,82ad13de-60f4-4d82-b1f2-caf94c7a070d,40b3e2de-9a88-48b5-88b5-c9a77ac5659c,1626012394302,13.658026,52.3741148,8.711922,0.23421882,-1.3238113,1.8450365,on bike mount,road bicycle,False,asphalt,intermediate
15f5016a-c120-4b81-923d-38855d555615,82ad13de-60f4-4d82-b1f2-caf94c7a070d,fd54c6ae-de18-4874-9929-075a13d25d30,1626012394352,13.658026,52.3741148,8.711922,-1.2369317,-1.326374,0.51706314,on bike mount,road bicycle,False,asphalt,intermediate
15f5016a-c120-4b81-923d-38855d555615,82ad13de-60f4-4d82-b1f2-caf94c7a070d,aa7f5a77-a19f-423e-b6bc-948a59fdb16b,1626012394402,13.658026,52.3741148,8.711922,0.041446835,-0.06856227,-0.27781105,on bike mount,road bicycle,False,asphalt,intermediate
15f5016a-c120-4b81-923d-38855d555615,82ad13de-60f4-4d82-b1f2-caf94c7a070d,36d0b659-eccc-4a69-8db0-195cad565fa0,1626012394452,13.658026,52.3741148,8.711922,0.101716764,0.9532485,-2.5519605,on bike mount,road bicycle,False,asphalt,intermediate
15f5016a-c120-4b81-923d-38855d555615,82ad13de-60f4-4d82-b1f2-caf94c7a070d,ed6f44e0-332c-4623-90bb-702bf041d375,1626012394502,13.658026,52.3741148,8.711922,-0.43275955,-0.52830887,2.2592516,on bike mount,road bicycle,False,asphalt,intermediate
15f5016a-c120-4b81-923d-38855d555615,11c29a24-0785-42b6-b6fa-c18a696c1456,4c790ac1-921f-4771-86b8-e30d172e0df2,1626012394282,13.658026,52.3741148,8.711922,0.34508243,-1.2194211,1.564601,on bike mount,road bicycle,False,asphalt,intermediate
15f5016a-c120-4b81-923d-38855d555615,11c29a24-0785-42b6-b6fa-c18a696c1456,2c24e409-262e-4003-bc98-6e680dcaefec,1626012394331,13.658026,52.3741148,8.711922,0.5343307,-0.24116755,-1.0443645,on bike mount,road bicycle,False,asphalt,intermediate
15f5016a-c120-4b81-923d-38855d555615,11c29a24-0785-42b6-b6fa-c18a696c1456,6439ac2a-0400-47cc-b47c-cc1c20ff3381,1626012394382,13.658026,52.3741148,8.711922,-0.32672843,1.4749112,-2.0844288,on bike mount,road bicycle,False,asphalt,intermediate
15f5016a-c120-4b81-923d-38855d555615,11c29a24-0785-42b6-b6fa-c18a696c1456,ec44632d-6499-4203-ae90-a61bc8a855b3,1626012394432,13.658026,52.3741148,8.711922,-0.052809328,-0.366148,0.8014412,on bike mount,road bicycle,False,asphalt,intermediate
15f5016a-c120-4b81-923d-38855d555615,11c29a24-0785-42b6-b6fa-c18a696c1456,a35e5101-0673-476f-9f2b-40604b3404f3,1626012394482,13.658026,52.3741148,8.711922,0.3470521,0.16037273,1.6729422,on bike mount,road bicycle,False,asphalt,intermediate
15f5016a-c120-4b81-923d-38855d555615,11c29a24-0785-42b6-b6fa-c18a696c1456,9636f00e-9ae9-4407-9424-e62d28d21a45,1626012394532,13.658026,52.3741148,8.711922,0.023729831,-0.07764411,1.9272642,on bike mount,road bicycle,False,asphalt,intermediate
15f5016a-c120-4b81-923d-38855d555615,11c29a24-0785-42b6-b6fa-c18a696c1456,faf56283-4002-4d2c-9d4d-1827c772a0a8,1626012394582,13.658026,52.3741148,8.711922,-0.17202663,0.55460644,-0.3590412,on bike mount,road bicycle,False,asphalt,intermediate
15f5016a-c120-4b81-923d-38855d555615,11c29a24-0785-42b6-b6fa-c18a696c1456,b7e7bd26-9de9-4c96-80e2-1ba0f2f01ddd,1626012394633,13.658026,52.3741148,8.711922,-0.11406058,0.34950948,-0.48361874,on bike mount,road bicycle,False,asphalt,intermediate
15f5016a-c120-4b81-923d-38855d555615,11c29a24-0785-42b6-b6fa-c18a696c1456,9525737a-f42b-4588-b679-f0dfcfa49043,1626012394685,13.658026,52.3741148,8.711922,1.1905086,-0.89097846,1.4134684,on bike mount,road bicycle,False,asphalt,intermediate
15f5016a-c120-4b81-923d-38855d555615,11c29a24-0785-42b6-b6fa-c18a696c1456,687b661c-a133-43a7-8f74-7f95c3917e33,1626012394736,13.6579327,52.3741731,8.230929,0.2007952,-2.629832,2.0316296,on bike mount,road bicycle,False,asphalt,intermediate
15f5016a-c120-4b81-923d-38855d555615,11c29a24-0785-42b6-b6fa-c18a696c1456,8d4c6c15-d46e-4423-8e5c-9d7db582a445,1626012394786,13.6579327,52.3741731,8.230929,-0.5789683,-0.9366732,-0.599782,on bike mount,road bicycle,False,asphalt,intermediate
15f5016a-c120-4b81-923d-38855d555615,11c29a24-0785-42b6-b6fa-c18a696c1456,682a18c1-a1a7-464c-ad0e-2b86f493ab85,1626012394836,13.6579327,52.3741731,8.230929,0.21003833,2.0230198,-1.4879322,on bike mount,road bicycle,False,asphalt,intermediate
15f5016a-c120-4b81-923d-38855d555615,11c29a24-0785-42b6-b6fa-c18a696c1456,93870ae6-2224-45f9-a168-a97912280950,1626012394887,13.6579327,52.3741731,8.230929,-0.3837291,4.408445,-2.7540417,on bike mount,road bicycle,False,asphalt,intermediate
15f5016a-c120-4b81-923d-38855d555615,11c29a24-0785-42b6-b6fa-c18a696c1456,72812c5d-2abd-4f55-8b5c-4c4ec442bda5,1626012394937,13.6579327,52.3741731,8.230929,-0.37852997,0.36492205,-1.0342531,on bike mount,road bicycle,False,asphalt,intermediate
15f5016a-c120-4b81-923d-38855d555615,11c29a24-0785-42b6-b6fa-c18a696c1456,c291413f-1e55-404b-9a04-e47d5d5dc09b,1626012394987,13.6579327,52.3741731,8.230929,-0.5424069,-0.8018291,1.8532715,on bike mount,road bicycle,False,asphalt,intermediate
15f5016a-c120-4b81-923d-38855d555615,11c29a24-0785-42b6-b6fa-c18a696c1456,8948673e-6361-42f5-aec3-919a84af81b2,1626012395038,13.6579327,52.3741731,8.230929,-0.6217549,-0.51656127,0.85265255,on bike mount,road bicycle,False,asphalt,intermediate
15f5016a-c120-4b81-923d-38855d555615,11c29a24-0785-42b6-b6fa-c18a696c1456,8a0c0a09-42cd-4a2f-8af9-f82c2d568211,1626012395088,13.6579327,52.3741731,8.230929,0.22803706,0.21373248,-1.2486067,on bike mount,road bicycle,False,asphalt,intermediate
15f5016a-c120-4b81-923d-38855d555615,11c29a24-0785-42b6-b6fa-c18a696c1456,2db78005-4d74-4bc0-b68e-32d4606790e4,1626012395139,13.6579327,52.3741731,8.230929,-0.45331916,-0.9114783,0.5728226,on bike mount,road bicycle,False,asphalt,intermediate
15f5016a-c120-4b81-923d-38855d555615,11c29a24-0785-42b6-b6fa-c18a696c1456,40bb9f9a-fd3e-4de2-a2e5-dbef5a8df717,1626012395189,13.6579327,52.3741731,8.230929,0.25206822,-0.045396805,0.35456944,on bike mount,road bicycle,False,asphalt,intermediate
15f5016a-c120-4b81-923d-38855d555615,11c29a24-0785-42b6-b6fa-c18a696c1456,2cfa8aa9-d670-4bc7-a2ca-367cb1d2ae24,1626012395240,13.6579327,52.3741731,8.230929,0.1362708,-0.74281955,-0.2850294,on bike mount,road bicycle,False,asphalt,intermediate
15f5016a-c120-4b81-923d-38855d555615,11c29a24-0785-42b6-b6fa-c18a696c1456,4a17491f-7f61-4048-8ae3-0172102ac3fd,1626012395290,13.6579327,52.3741731,8.230929,1.6674373,0.9597645,0.47048092,on bike mount,road bicycle,False,asphalt,intermediate
15f5016a-c120-4b81-923d-38855d555615,11c29a24-0785-42b6-b6fa-c18a696c1456,822bbb68-0ee4-49e2-b78c-faaaae650c61,1626012395341,13.6579327,52.3741731,8.230929,-0.8119773,0.122395515,1.6984768,on bike mount,road bicycle,False,asphalt,intermediate
15f5016a-c120-4b81-923d-38855d555615,11c29a24-0785-42b6-b6fa-c18a696c1456,76949af8-cf36-4a07-ae19-ebc38f425f34,1626012395391,13.6579327,52.3741731,8.230929,-0.22700769,-1.5712141,-0.06467724,on bike mount,road bicycle,False,asphalt,intermediate
15f5016a-c120-4b81-923d-38855d555615,11c29a24-0785-42b6-b6fa-c18a696c1456,d0c8e510-bdc6-4cf9-9c25-cb47b1ebe0c9,1626012395442,13.6579327,52.3741731,8.230929,1.3030314,0.20468092,1.0000715,on bike mount,road bicycle,False,asphalt,intermediate
15f5016a-c120-4b81-923d-38855d555615,11c29a24-0785-42b6-b6fa-c18a696c1456,f6e53979-3a28-42d5-9d97-1fe37d82caa8,1626012395493,13.6579327,52.3741731,8.230929,-0.8285321,-1.3375533,1.9930887,on bike mount,road bicycle,False,asphalt,intermediate
15f5016a-c120-4b81-923d-38855d555615,11c29a24-0785-42b6-b6fa-c18a696c1456,c2a5fc15-afa2-4faf-b892-ffcb7c07c27b,1626012395543,13.6579327,52.3741731,8.230929,0.98548776,-0.44142854,0.94870377,on bike mount,road bicycle,False,asphalt,intermediate
15f5016a-c120-4b81-923d-38855d555615,11c29a24-0785-42b6-b6fa-c18a696c1456,7ef99753-f5ea-413c-a8f7-d92fe6f08390,1626012395593,13.6579327,52.3741731,8.230929,-0.35119325,1.0791025,0.56792355,on bike mount,road bicycle,False,asphalt,intermediate
15f5016a-c120-4b81-923d-38855d555615,11c29a24-0785-42b6-b6fa-c18a696c1456,e9957566-0145-4dc2-a367-db766dccafbd,1626012395646,13.6579327,52.3741731,8.230929,0.51431197,1.5126119,-1.8364506,on bike mount,road bicycle,False,asphalt,intermediate
15f5016a-c120-4b81-923d-38855d555615,11c29a24-0785-42b6-b6fa-c18a696c1456,b36003c6-59f4-450b-be1f-5eda2842321a,1626012395694,13.6579327,52.3741731,8.230929,0.47684586,0.0662508,0.7854357,on bike mount,road bicycle,False,asphalt,intermediate
15f5016a-c120-4b81-923d-38855d555615,11c29a24-0785-42b6-b6fa-c18a696c1456,c12755db-a2fe-4823-b574-f13971cabfbc,1626012395755,13.6579327,52.3741731,8.230929,0.09077157,-1.4157236,-0.36969852,on bike mount,road bicycle,False,asphalt,intermediate
15f5016a-c120-4b81-923d-38855d555615,11c29a24-0785-42b6-b6fa-c18a696c1456,bad1e3ae-9cd5-4b1c-8329-3a95b41b21ef,1626012395836,13.6578433,52.3742289,8.244247,-1.0466455,1.7409487,1.9102707,on bike mount,road bicycle,False,asphalt,intermediate
15f5016a-c120-4b81-923d-38855d555615,11c29a24-0785-42b6-b6fa-c18a696c1456,b8e5471e-e35f-409c-a4bb-fdea7493931c,1626012395895,13.6578433,52.3742289,8.244247,-0.28867713,-0.5560756,-0.044166565,on bike mount,road bicycle,False,asphalt,intermediate
15f5016a-c120-4b81-923d-38855d555615,11c29a24-0785-42b6-b6fa-c18a696c1456,d65981df-e400-4111-94bf-06a4ac2c2c13,1626012395945,13.6578433,52.3742289,8.244247,0.34573883,-2.084285,2.4903631,on bike mount,road bicycle,False,asphalt,intermediate
15f5016a-c120-4b81-923d-38855d555615,11c29a24-0785-42b6-b6fa-c18a696c1456,5a3ad4bc-f523-4288-9c6f-ef3d6faebc58,1626012395995,13.6578433,52.3742289,8.244247,-0.6224065,-1.0656297,0.072701454,on bike mount,road bicycle,False,asphalt,intermediate
15f5016a-c120-4b81-923d-38855d555615,11c29a24-0785-42b6-b6fa-c18a696c1456,5cb189bd-87ad-4da2-84d9-9c02ab5339e6,1626012396046,13.6578433,52.3742289,8.244247,0.90907055,1.53615,-1.4781408,on bike mount,road bicycle,False,asphalt,intermediate
15f5016a-c120-4b81-923d-38855d555615,11c29a24-0785-42b6-b6fa-c18a696c1456,7ec41af0-1f44-456e-b40b-f4724b310f46,1626012396097,13.6578433,52.3742289,8.244247,0.07019043,-0.34884453,0.71452236,on bike mount,road bicycle,False,asphalt,intermediate
15f5016a-c120-4b81-923d-38855d555615,11c29a24-0785-42b6-b6fa-c18a696c1456,30d2f2ad-af56-43dd-a7b5-ecb66ee6e5d1,1626012396147,13.6578433,52.3742289,8.244247,1.0736394,-2.074589,-1.0947862,on bike mount,road bicycle,False,asphalt,intermediate
15f5016a-c120-4b81-923d-38855d555615,11c29a24-0785-42b6-b6fa-c18a696c1456,aac01503-d3da-4dcd-b3d1-b464f15826cc,1626012396197,13.6578433,52.3742289,8.244247,1.5937238,0.48732948,-1.2982321,on bike mount,road bicycle,False,asphalt,intermediate
15f5016a-c120-4b81-923d-38855d555615,11c29a24-0785-42b6-b6fa-c18a696c1456,cdf30b9c-0cc3-4ba6-901d-4a0377c21792,1626012396249,13.6578433,52.3742289,8.244247,0.007961065,0.2563014,-1.0976458,on bike mount,road bicycle,False,asphalt,intermediate
15f5016a-c120-4b81-923d-38855d555615,11c29a24-0785-42b6-b6fa-c18a696c1456,0b9eed8f-56d1-41b8-a178-c696196e536c,1626012396298,13.6578433,52.3742289,8.244247,0.38714054,-1.8462157,2.110032,on bike mount,road bicycle,False,asphalt,intermediate
15f5016a-c120-4b81-923d-38855d555615,11c29a24-0785-42b6-b6fa-c18a696c1456,c170ab0e-3da0-4c3a-9397-597ce810555d,1626012396347,13.6578433,52.3742289,8.244247,0.90605116,0.5529008,-2.0011516,on bike mount,road bicycle,False,asphalt,intermediate
15f5016a-c120-4b81-923d-38855d555615,11c29a24-0785-42b6-b6fa-c18a696c1456,dfb6186d-66f7-4dc2-bcc7-47845c88610e,1626012396397,13.6578433,52.3742289,8.244247,-1.6103923,-1.5901786,1.6493912,on bike mount,road bicycle,False,asphalt,intermediate
15f5016a-c120-4b81-923d-38855d555615,11c29a24-0785-42b6-b6fa-c18a696c1456,259aa7c5-15ae-4f42-b6a6-96c319e8f330,1626012396448,13.6578433,52.3742289,8.244247,-1.1056532,-0.788466,2.1902323,on bike mount,road bicycle,False,asphalt,intermediate
15f5016a-c120-4b81-923d-38855d555615,11c29a24-0785-42b6-b6fa-c18a696c1456,e4a555c9-c3bd-40b7-9876-7840f96df1a5,1626012396498,13.6578433,52.3742289,8.244247,-0.3138191,-2.511359,0.6453905,on bike mount,road bicycle,False,asphalt,intermediate
15f5016a-c120-4b81-923d-38855d555615,11c29a24-0785-42b6-b6fa-c18a696c1456,5e919481-fbaa-4b3f-b286-cba2f871c8b7,1626012396549,13.6578433,52.3742289,8.244247,-0.36224806,0.6046543,-0.83218956,on bike mount,road bicycle,False,asphalt,intermediate
15f5016a-c120-4b81-923d-38855d555615,11c29a24-0785-42b6-b6fa-c18a696c1456,4fe51805-be20-4a4a-a1d7-563a5810efba,1626012396600,13.6578433,52.3742289,8.244247,-1.265187,-1.004743,-1.9236441,on bike mount,road bicycle,False,asphalt,intermediate
15f5016a-c120-4b81-923d-38855d555615,11c29a24-0785-42b6-b6fa-c18a696c1456,9cdc5491-14f2-4e17-8587-562f45c3f224,1626012396651,13.6578433,52.3742289,8.244247,-0.19393319,0.05735159,-1.1510997,on bike mount,road bicycle,False,asphalt,intermediate
15f5016a-c120-4b81-923d-38855d555615,11c29a24-0785-42b6-b6fa-c18a696c1456,dd7fa6a2-ba59-4633-8f71-590a6568a461,1626012396701,13.6577502,52.3742855,8.479262,0.11182447,-0.22937632,0.22930622,on bike mount,road bicycle,False,asphalt,intermediate
15f5016a-c120-4b81-923d-38855d555615,11c29a24-0785-42b6-b6fa-c18a696c1456,d3bac610-86ff-4213-8ea3-9512eb30df3b,1626012396751,13.6577502,52.3742855,8.479262,0.600055,-0.14179802,0.18498611,on bike mount,road bicycle,False,asphalt,intermediate
15f5016a-c120-4b81-923d-38855d555615,11c29a24-0785-42b6-b6fa-c18a696c1456,9ae309c7-91f7-452b-bf92-5d218d18150f,1626012396801,13.6577502,52.3742855,8.479262,0.29567137,2.8452497,-0.38907623,on bike mount,road bicycle,False,asphalt,intermediate
15f5016a-c120-4b81-923d-38855d555615,11c29a24-0785-42b6-b6fa-c18a696c1456,adfa913a-dd63-4a9c-a800-fd414421665d,1626012396851,13.6577502,52.3742855,8.479262,-0.84223294,-0.9400673,0.5095911,on bike mount,road bicycle,False,asphalt,intermediate
15f5016a-c120-4b81-923d-38855d555615,11c29a24-0785-42b6-b6fa-c18a696c1456,c80cfb9f-5cc8-48e0-8152-5f747f60b616,1626012396901,13.6577502,52.3742855,8.479262,0.012051284,0.42427707,-1.1155028,on bike mount,road bicycle,False,asphalt,intermediate
15f5016a-c120-4b81-923d-38855d555615,11c29a24-0785-42b6-b6fa-c18a696c1456,93f66553-9b0d-4234-8745-3e3a82659c57,1626012396951,13.6577502,52.3742855,8.479262,0.74554956,-0.23277283,1.6136284,on bike mount,road bicycle,False,asphalt,intermediate
15f5016a-c120-4b81-923d-38855d555615,11c29a24-0785-42b6-b6fa-c18a696c1456,3fc75711-dd09-4f85-9611-f7dad65cde8a,1626012397002,13.6577502,52.3742855,8.479262,1.1801642,-1.030005,0.011471748,on bike mount,road bicycle,False,asphalt,intermediate
15f5016a-c120-4b81-923d-38855d555615,11c29a24-0785-42b6-b6fa-c18a696c1456,54072f19-1936-4664-933d-1ca578caa85d,1626012397052,13.6577502,52.3742855,8.479262,0.15758675,1.0357118,-1.5591636,on bike mount,road bicycle,False,asphalt,intermediate
15f5016a-c120-4b81-923d-38855d555615,11c29a24-0785-42b6-b6fa-c18a696c1456,31008c9b-602e-423d-ac16-48f93182e1ee,1626012397101,13.6577502,52.3742855,8.479262,0.12541467,-1.33956,3.549697,on bike mount,road bicycle,False,asphalt,intermediate
15f5016a-c120-4b81-923d-38855d555615,11c29a24-0785-42b6-b6fa-c18a696c1456,59e547ee-6f55-456c-9176-729c87ee1697,1626012397151,13.6577502,52.3742855,8.479262,-0.9471814,-0.29310703,3.0584927,on bike mount,road bicycle,False,asphalt,intermediate
15f5016a-c120-4b81-923d-38855d555615,11c29a24-0785-42b6-b6fa-c18a696c1456,b74f4fbd-92e6-4dbe-b8d8-60ae62287da1,1626012397201,13.6577502,52.3742855,8.479262,-1.1122767,0.9114003,-1.1866131,on bike mount,road bicycle,False,asphalt,intermediate
15f5016a-c120-4b81-923d-38855d555615,11c29a24-0785-42b6-b6fa-c18a696c1456,28ef8294-0830-4980-b9b2-193fe4861038,1626012397252,13.6577502,52.3742855,8.479262,0.45069236,0.45474935,1.60569,on bike mount,road bicycle,False,asphalt,intermediate
15f5016a-c120-4b81-923d-38855d555615,11c29a24-0785-42b6-b6fa-c18a696c1456,f056b050-0d43-4fd4-b729-b5b01ae29130,1626012397302,13.6577502,52.3742855,8.479262,0.7149806,0.024672508,-0.6728625,on bike mount,road bicycle,False,asphalt,intermediate
15f5016a-c120-4b81-923d-38855d555615,11c29a24-0785-42b6-b6fa-c18a696c1456,c0fce572-fe78-48e5-9890-513db1caaab2,1626012397353,13.6577502,52.3742855,8.479262,0.57858443,-1.8550072,3.5240078,on bike mount,road bicycle,False,asphalt,intermediate
15f5016a-c120-4b81-923d-38855d555615,11c29a24-0785-42b6-b6fa-c18a696c1456,1d896368-57c4-48f9-a700-6dedc4c40541,1626012397402,13.6577502,52.3742855,8.479262,-1.1103383,-0.53778124,0.74303055,on bike mount,road bicycle,False,asphalt,intermediate
15f5016a-c120-4b81-923d-38855d555615,11c29a24-0785-42b6-b6fa-c18a696c1456,ffda1dd5-f114-44c6-ab97-9ee3d0c4bb54,1626012397452,13.6577502,52.3742855,8.479262,-0.4428237,-0.54915786,0.060818672,on bike mount,road bicycle,False,asphalt,intermediate
15f5016a-c120-4b81-923d-38855d555615,11c29a24-0785-42b6-b6fa-c18a696c1456,38bae171-a77a-4c5a-97d3-1f0baefb0b53,1626012397503,13.6577502,52.3742855,8.479262,-0.3005581,-0.52646375,-0.78848076,on bike mount,road bicycle,False,asphalt,intermediate
15f5016a-c120-4b81-923d-38855d555615,11c29a24-0785-42b6-b6fa-c18a696c1456,90a35ffc-5e15-40de-a083-60938b3e02c9,1626012397553,13.6577502,52.3742855,8.479262,0.98888093,-0.08094621,-1.0705228,on bike mount,road bicycle,False,asphalt,intermediate
15f5016a-c120-4b81-923d-38855d555615,11c29a24-0785-42b6-b6fa-c18a696c1456,b1f3036c-cd4a-45e9-894c-216815577696,1626012397606,13.6577502,52.3742855,8.479262,0.4456054,-0.16832232,-0.6372595,on bike mount,road bicycle,False,asphalt,intermediate
15f5016a-c120-4b81-923d-38855d555615,11c29a24-0785-42b6-b6fa-c18a696c1456,b3217813-e399-481b-a565-037e5ce77ac9,1626012397659,13.6577502,52.3742855,8.479262,1.3882058,-0.23335266,0.18192005,on bike mount,road bicycle,False,asphalt,intermediate
15f5016a-c120-4b81-923d-38855d555615,11c29a24-0785-42b6-b6fa-c18a696c1456,8917bcbf-df66-4613-b879-4e1376741f5f,1626012397712,13.657648,52.3743425,8.392313,0.5229902,0.10658431,0.56973076,on bike mount,road bicycle,False,asphalt,intermediate
15f5016a-c120-4b81-923d-38855d555615,11c29a24-0785-42b6-b6fa-c18a696c1456,035580ce-42f1-46eb-99af-e06a228449c0,1626012397762,13.657648,52.3743425,8.392313,0.10331944,0.35368395,-2.1221423,on bike mount,road bicycle,False,asphalt,intermediate
15f5016a-c120-4b81-923d-38855d555615,11c29a24-0785-42b6-b6fa-c18a696c1456,84de57e8-30ae-4325-97ef-b8b4b87987a8,1626012397814,13.657648,52.3743425,8.392313,-0.37179148,1.1266167,0.6568651,on bike mount,road bicycle,False,asphalt,intermediate
15f5016a-c120-4b81-923d-38855d555615,11c29a24-0785-42b6-b6fa-c18a696c1456,165dd84c-bbc0-46cf-b9d8-11ab83d20cba,1626012397864,13.657648,52.3743425,8.392313,0.087536246,-0.24369144,1.1515932,on bike mount,road bicycle,False,asphalt,intermediate
15f5016a-c120-4b81-923d-38855d555615,11c29a24-0785-42b6-b6fa-c18a696c1456,5d5eea73-8d16-4bc9-b69e-5dffb550f170,1626012397914,13.657648,52.3743425,8.392313,-0.38743478,0.70468926,1.2767305,on bike mount,road bicycle,False,asphalt,intermediate
15f5016a-c120-4b81-923d-38855d555615,11c29a24-0785-42b6-b6fa-c18a696c1456,a2210367-e444-4416-83f0-a999a17aa71d,1626012397966,13.657648,52.3743425,8.392313,-1.0264422,0.7866714,2.1748867,on bike mount,road bicycle,False,asphalt,intermediate
15f5016a-c120-4b81-923d-38855d555615,11c29a24-0785-42b6-b6fa-c18a696c1456,b0bacdf9-5b92-4c1c-b99b-ffc2cb208661,1626012398016,13.657648,52.3743425,8.392313,0.21054028,0.69200253,-0.2511034,on bike mount,road bicycle,False,asphalt,intermediate
15f5016a-c120-4b81-923d-38855d555615,11c29a24-0785-42b6-b6fa-c18a696c1456,7851b171-f4fb-4a73-83ea-16efd379ae76,1626012398067,13.657648,52.3743425,8.392313,0.6795819,-1.3042284,-7.532599,on bike mount,road bicycle,False,asphalt,intermediate
15f5016a-c120-4b81-923d-38855d555615,11c29a24-0785-42b6-b6fa-c18a696c1456,9c236b00-7803-4e68-be2a-243165f664ad,1626012398117,13.657648,52.3743425,8.392313,-0.40443474,-0.27662635,2.0587168,on bike mount,road bicycle,False,asphalt,intermediate
15f5016a-c120-4b81-923d-38855d555615,11c29a24-0785-42b6-b6fa-c18a696c1456,c2b53541-3264-46f7-a175-d13bf53bc31d,1626012398168,13.657648,52.3743425,8.392313,-1.0484401,-0.23998976,-6.562641,on bike mount,road bicycle,False,asphalt,intermediate
15f5016a-c120-4b81-923d-38855d555615,11c29a24-0785-42b6-b6fa-c18a696c1456,90a9605a-68b5-40d7-bf0b-3ef5f42c36ae,1626012398218,13.657648,52.3743425,8.392313,2.0773985,6.582554,1.4943466,on bike mount,road bicycle,False,asphalt,intermediate
15f5016a-c120-4b81-923d-38855d555615,11c29a24-0785-42b6-b6fa-c18a696c1456,177a41d0-6992-4e54-ada4-59fc27d498a4,1626012398269,13.657648,52.3743425,8.392313,0.26347363,1.0649204,5.093028,on bike mount,road bicycle,False,asphalt,intermediate
15f5016a-c120-4b81-923d-38855d555615,11c29a24-0785-42b6-b6fa-c18a696c1456,afccae5c-1a35-46ca-9f53-109fd3bec332,1626012398319,13.657648,52.3743425,8.392313,-0.10400328,1.506444,3.2243729,on bike mount,road bicycle,False,asphalt,intermediate
15f5016a-c120-4b81-923d-38855d555615,11c29a24-0785-42b6-b6fa-c18a696c1456,5b61a294-d0c2-4e4a-bde4-23d0d284dd81,1626012398370,13.657648,52.3743425,8.392313,0.49247772,1.4311476,1.5421019,on bike mount,road bicycle,False,asphalt,intermediate
15f5016a-c120-4b81-923d-38855d555615,11c29a24-0785-42b6-b6fa-c18a696c1456,edb332fb-bdb9-4288-9bcc-c048c3b9894a,1626012398420,13.657648,52.3743425,8.392313,-0.22654635,3.060956,-0.30252934,on bike mount,road bicycle,False,asphalt,intermediate
15f5016a-c120-4b81-923d-38855d555615,11c29a24-0785-42b6-b6fa-c18a696c1456,48244f62-8c50-41a2-99eb-bab49509dd2c,1626012398471,13.657648,52.3743425,8.392313,0.04764971,1.2452509,-0.50419044,on bike mount,road bicycle,False,asphalt,intermediate
15f5016a-c120-4b81-923d-38855d555615,11c29a24-0785-42b6-b6fa-c18a696c1456,95dcb469-fcec-400a-b080-988d9dff7925,1626012398521,13.657648,52.3743425,8.392313,0.29466456,2.2652345,-0.073384285,on bike mount,road bicycle,False,asphalt,intermediate
15f5016a-c120-4b81-923d-38855d555615,11c29a24-0785-42b6-b6fa-c18a696c1456,5b915758-84cf-451f-bb19-195ba26012ed,1626012398571,13.657648,52.3743425,8.392313,-0.10211599,-0.05517578,-0.18915462,on bike mount,road bicycle,False,asphalt,intermediate
15f5016a-c120-4b81-923d-38855d555615,11c29a24-0785-42b6-b6fa-c18a696c1456,4453ba31-bcd7-45cf-ae1b-b757be45bc16,1626012398621,13.657648,52.3743425,8.392313,0.40336958,1.6234813,-1.9883919,on bike mount,road bicycle,False,asphalt,intermediate
15f5016a-c120-4b81-923d-38855d555615,11c29a24-0785-42b6-b6fa-c18a696c1456,c65d429f-2a9d-47e3-917d-b9d7a827f84d,1626012398678,13.6575504,52.3743961,8.420819,-1.1735373,-1.3770677,3.694909,on bike mount,road bicycle,False,asphalt,intermediate
15f5016a-c120-4b81-923d-38855d555615,11c29a24-0785-42b6-b6fa-c18a696c1456,3ce67d7b-bcc0-4aad-93a5-4d23b588b6fb,1626012398731,13.6575504,52.3743961,8.420819,-0.19963717,-1.9352317,2.128254,on bike mount,road bicycle,False,asphalt,intermediate
15f5016a-c120-4b81-923d-38855d555615,11c29a24-0785-42b6-b6fa-c18a696c1456,4b12a51f-b54e-4be3-b8f2-1cec62659699,1626012398782,13.6575504,52.3743961,8.420819,0.21415024,-1.1706957,0.7947712,on bike mount,road bicycle,False,asphalt,intermediate
15f5016a-c120-4b81-923d-38855d555615,11c29a24-0785-42b6-b6fa-c18a696c1456,e73746ac-b004-4dd7-b0f4-3d1d7e3bd7eb,1626012398834,13.6575504,52.3743961,8.420819,-0.6887765,-1.5395696,-1.1806002,on bike mount,road bicycle,False,asphalt,intermediate
15f5016a-c120-4b81-923d-38855d555615,11c29a24-0785-42b6-b6fa-c18a696c1456,2ac7a7c2-47e9-4bfc-bf31-aafbbfebdf4a,1626012398883,13.6575504,52.3743961,8.420819,0.24127823,-1.4444265,2.410262,on bike mount,road bicycle,False,asphalt,intermediate
15f5016a-c120-4b81-923d-38855d555615,11c29a24-0785-42b6-b6fa-c18a696c1456,d50c10fe-5587-47aa-9c45-a90f1e484265,1626012398932,13.6575504,52.3743961,8.420819,-0.03739798,0.19032383,-0.27178097,on bike mount,road bicycle,False,asphalt,intermediate
15f5016a-c120-4b81-923d-38855d555615,11c29a24-0785-42b6-b6fa-c18a696c1456,4e6af52d-081a-4931-9d6c-285e3c5bc8b0,1626012398985,13.6575504,52.3743961,8.420819,0.11812316,-0.059353113,0.49078846,on bike mount,road bicycle,False,asphalt,intermediate
15f5016a-c120-4b81-923d-38855d555615,11c29a24-0785-42b6-b6fa-c18a696c1456,863c0e69-e19d-4372-9c42-ea8fabdec9ec,1626012399034,13.6575504,52.3743961,8.420819,0.08951165,-0.5230684,-0.8518791,on bike mount,road bicycle,False,asphalt,intermediate
15f5016a-c120-4b81-923d-38855d555615,11c29a24-0785-42b6-b6fa-c18a696c1456,30725b54-50d7-438e-8052-fbb222511258,1626012399085,13.6575504,52.3743961,8.420819,-0.5511346,-0.5873976,0.32627773,on bike mount,road bicycle,False,asphalt,intermediate
15f5016a-c120-4b81-923d-38855d555615,11c29a24-0785-42b6-b6fa-c18a696c1456,9415e219-e46a-4b3a-8ceb-1f96d3e635c1,1626012399134,13.6575504,52.3743961,8.420819,-0.4881739,-0.51543486,0.86392975,on bike mount,road bicycle,False,asphalt,intermediate
15f5016a-c120-4b81-923d-38855d555615,11c29a24-0785-42b6-b6fa-c18a696c1456,1d9caa44-7588-4141-9d07-2e6a339cf9de,1626012399184,13.6575504,52.3743961,8.420819,-0.47604424,-0.7011633,1.5824604,on bike mount,road bicycle,False,asphalt,intermediate
15f5016a-c120-4b81-923d-38855d555615,11c29a24-0785-42b6-b6fa-c18a696c1456,e5d0737c-022a-4666-b2c1-4545ad7031ff,1626012399234,13.6575504,52.3743961,8.420819,0.48514628,-0.41336894,-1.798387,on bike mount,road bicycle,False,asphalt,intermediate
15f5016a-c120-4b81-923d-38855d555615,11c29a24-0785-42b6-b6fa-c18a696c1456,70ec21b4-b5a7-419a-97c2-9f0b55dfed1b,1626012399285,13.6575504,52.3743961,8.420819,-0.2550859,-1.6904143,1.1880503,on bike mount,road bicycle,False,asphalt,intermediate
15f5016a-c120-4b81-923d-38855d555615,11c29a24-0785-42b6-b6fa-c18a696c1456,0a410c5c-6710-4e7a-ab4d-1e5b553e6746,1626012399334,13.6575504,52.3743961,8.420819,-0.42295134,0.112767816,-1.8719997,on bike mount,road bicycle,False,asphalt,intermediate
15f5016a-c120-4b81-923d-38855d555615,11c29a24-0785-42b6-b6fa-c18a696c1456,7a7b4538-0cb6-4ec4-8cc7-5171fd1fcfd4,1626012399386,13.6575504,52.3743961,8.420819,0.07562736,-1.068769,-0.052531242,on bike mount,road bicycle,False,asphalt,intermediate
15f5016a-c120-4b81-923d-38855d555615,11c29a24-0785-42b6-b6fa-c18a696c1456,070bc9b0-a739-4dee-ae68-883d032c24cd,1626012399436,13.6575504,52.3743961,8.420819,-0.20988159,-1.1540422,1.0220041,on bike mount,road bicycle,False,asphalt,intermediate
15f5016a-c120-4b81-923d-38855d555615,11c29a24-0785-42b6-b6fa-c18a696c1456,eacd52f6-de43-475c-bbf5-a641fc965c88,1626012399486,13.6575504,52.3743961,8.420819,0.018604001,-1.051259,-1.8692493,on bike mount,road bicycle,False,asphalt,intermediate
15f5016a-c120-4b81-923d-38855d555615,11c29a24-0785-42b6-b6fa-c18a696c1456,5418917e-0353-4015-b993-0bc60c1190df,1626012399537,13.6575504,52.3743961,8.420819,-0.137804,-1.3903165,-1.2656617,on bike mount,road bicycle,False,asphalt,intermediate
15f5016a-c120-4b81-923d-38855d555615,11c29a24-0785-42b6-b6fa-c18a696c1456,22a2f610-2d64-4c10-b2ef-4569803c27d9,1626012399587,13.6575504,52.3743961,8.420819,0.2637818,-0.97037816,-0.08231068,on bike mount,road bicycle,False,asphalt,intermediate
15f5016a-c120-4b81-923d-38855d555615,11c29a24-0785-42b6-b6fa-c18a696c1456,509c2082-c204-43cf-9161-926b038dc806,1626012399637,13.6575504,52.3743961,8.420819,-0.44879895,-3.1733148,3.1889505,on bike mount,road bicycle,False,asphalt,intermediate
15f5016a-c120-4b81-923d-38855d555615,11c29a24-0785-42b6-b6fa-c18a696c1456,9c6f7eb6-c178-4bb2-9519-92199c136205,1626012399687,13.6574479,52.3744506,7.941598,-0.03008312,-0.73148584,0.61232376,on bike mount,road bicycle,False,asphalt,intermediate
15f5016a-c120-4b81-923d-38855d555615,11c29a24-0785-42b6-b6fa-c18a696c1456,0470f05a-5500-4858-83b2-7899fb633ad5,1626012399737,13.6574479,52.3744506,7.941598,-0.2492514,0.4601376,-2.285905,on bike mount,road bicycle,False,asphalt,intermediate
15f5016a-c120-4b81-923d-38855d555615,11c29a24-0785-42b6-b6fa-c18a696c1456,33d9dc4d-aed0-4b21-861c-7acf826cba05,1626012399787,13.6574479,52.3744506,7.941598,-0.8304907,-1.8859223,-0.32265282,on bike mount,road bicycle,False,asphalt,intermediate
15f5016a-c120-4b81-923d-38855d555615,11c29a24-0785-42b6-b6fa-c18a696c1456,669783f2-27e2-4b4c-83d7-4c766a759d44,1626012399836,13.6574479,52.3744506,7.941598,-0.4578756,-1.2416435,-0.604249,on bike mount,road bicycle,False,asphalt,intermediate
15f5016a-c120-4b81-923d-38855d555615,11c29a24-0785-42b6-b6fa-c18a696c1456,d9143d0c-80e3-4686-ab0f-d83ee4059026,1626012399886,13.6574479,52.3744506,7.941598,-0.451404,-1.7349334,4.5123024,on bike mount,road bicycle,False,asphalt,intermediate
15f5016a-c120-4b81-923d-38855d555615,11c29a24-0785-42b6-b6fa-c18a696c1456,e4332461-b78d-4dcb-8d2d-6f2711ffea56,1626012399936,13.6574479,52.3744506,7.941598,0.13696882,-0.8248036,0.2784729,on bike mount,road bicycle,False,asphalt,intermediate
15f5016a-c120-4b81-923d-38855d555615,11c29a24-0785-42b6-b6fa-c18a696c1456,df997c93-d3de-46e2-8b13-37fbc15beb26,1626012399988,13.6574479,52.3744506,7.941598,0.2779851,-2.3685188,0.4724245,on bike mount,road bicycle,False,asphalt,intermediate
15f5016a-c120-4b81-923d-38855d555615,11c29a24-0785-42b6-b6fa-c18a696c1456,c37a6b6a-32cf-44b7-b334-8dd9fc79355f,1626012400038,13.6574479,52.3744506,7.941598,-0.062666625,0.33026862,2.4827023,on bike mount,road bicycle,False,asphalt,intermediate
15f5016a-c120-4b81-923d-38855d555615,11c29a24-0785-42b6-b6fa-c18a696c1456,5c7b14c5-2223-4012-9385-8f1677c6a363,1626012400088,13.6574479,52.3744506,7.941598,-0.17131326,0.40655637,-0.69427776,on bike mount,road bicycle,False,asphalt,intermediate
15f5016a-c120-4b81-923d-38855d555615,11c29a24-0785-42b6-b6fa-c18a696c1456,51daecff-ca83-466e-9527-d9f06f57b3fa,1626012400138,13.6574479,52.3744506,7.941598,-0.039049044,0.15603805,-1.1285448,on bike mount,road bicycle,False,asphalt,intermediate
15f5016a-c120-4b81-923d-38855d555615,11c29a24-0785-42b6-b6fa-c18a696c1456,5482890c-6e49-4ddb-b1af-09863e1709a3,1626012400189,13.6574479,52.3744506,7.941598,-0.82110775,-1.5662341,1.542162,on bike mount,road bicycle,False,asphalt,intermediate
15f5016a-c120-4b81-923d-38855d555615,11c29a24-0785-42b6-b6fa-c18a696c1456,30b8ff09-2d5c-4328-8241-1ed576c246fc,1626012400238,13.6574479,52.3744506,7.941598,0.5666987,0.2610073,-0.34335136,on bike mount,road bicycle,False,asphalt,intermediate
15f5016a-c120-4b81-923d-38855d555615,11c29a24-0785-42b6-b6fa-c18a696c1456,00c11d7d-dd7f-4817-8f74-c539eb87ffec,1626012400289,13.6574479,52.3744506,7.941598,0.15122159,-0.049011707,-0.031021118,on bike mount,road bicycle,False,asphalt,intermediate
15f5016a-c120-4b81-923d-38855d555615,11c29a24-0785-42b6-b6fa-c18a696c1456,b74d5e7d-dd59-4f68-981c-c6dfdbfa0f1b,1626012400339,13.6574479,52.3744506,7.941598,-0.06379376,-0.46336317,-0.64155674,on bike mount,road bicycle,False,asphalt,intermediate
15f5016a-c120-4b81-923d-38855d555615,11c29a24-0785-42b6-b6fa-c18a696c1456,6ac47691-3316-4903-9b41-7f10855c6757,1626012400389,13.6574479,52.3744506,7.941598,0.115663946,-0.004357815,-2.1128597,on bike mount,road bicycle,False,asphalt,intermediate
15f5016a-c120-4b81-923d-38855d555615,11c29a24-0785-42b6-b6fa-c18a696c1456,d3f0b8cb-0e7c-4abb-97a7-5f05526a2ab7,1626012400439,13.6574479,52.3744506,7.941598,-0.6480556,-0.8616146,2.0565891,on bike mount,road bicycle,False,asphalt,intermediate
15f5016a-c120-4b81-923d-38855d555615,11c29a24-0785-42b6-b6fa-c18a696c1456,69e1acc3-81b6-41c3-840a-7bc851b75cb0,1626012400489,13.6574479,52.3744506,7.941598,-0.46488452,0.49582767,0.16458035,on bike mount,road bicycle,False,asphalt,intermediate
15f5016a-c120-4b81-923d-38855d555615,11c29a24-0785-42b6-b6fa-c18a696c1456,2642fd9b-3d9e-4901-82ef-d7fc07374202,1626012400539,13.6574479,52.3744506,7.941598,0.272847,-0.5402293,-0.36764717,on bike mount,road bicycle,False,asphalt,intermediate
15f5016a-c120-4b81-923d-38855d555615,11c29a24-0785-42b6-b6fa-c18a696c1456,64c31f15-1fc8-4987-b01a-eef29adc92bb,1626012400590,13.6574479,52.3744506,7.941598,-0.29464823,-0.71197224,0.5179119,on bike mount,road bicycle,False,asphalt,intermediate
15f5016a-c120-4b81-923d-38855d555615,11c29a24-0785-42b6-b6fa-c18a696c1456,39efe5b8-0661-49ed-bb70-6d30f3fc4443,1626012400641,13.6574479,52.3744506,7.941598,-0.43960986,-0.5936272,-0.12909126,on bike mount,road bicycle,False,asphalt,intermediate
15f5016a-c120-4b81-923d-38855d555615,11c29a24-0785-42b6-b6fa-c18a696c1456,51faab17-ea15-4c2f-ad64-96a59632b461,1626012400692,13.6573472,52.3744956,6.718789,-0.91792357,-1.6242819,1.8855534,on bike mount,road bicycle,False,asphalt,intermediate
15f5016a-c120-4b81-923d-38855d555615,11c29a24-0785-42b6-b6fa-c18a696c1456,c72600cc-51a1-4cbf-81af-2f0e61043c10,1626012400742,13.6573472,52.3744956,6.718789,-0.32092655,-0.4145403,0.34205627,on bike mount,road bicycle,False,asphalt,intermediate
15f5016a-c120-4b81-923d-38855d555615,11c29a24-0785-42b6-b6fa-c18a696c1456,910880ad-11f8-4146-9fe5-f1f24fc8a0e8,1626012400792,13.6573472,52.3744956,6.718789,-0.20738146,-0.60734415,-0.014430046,on bike mount,road bicycle,False,asphalt,intermediate
15f5016a-c120-4b81-923d-38855d555615,11c29a24-0785-42b6-b6fa-c18a696c1456,ddfd3067-7ef3-42da-b1a8-194c651e8c9e,1626012400843,13.6573472,52.3744956,6.718789,-0.10155529,-1.7652571,0.057308197,on bike mount,road bicycle,False,asphalt,intermediate
15f5016a-c120-4b81-923d-38855d555615,11c29a24-0785-42b6-b6fa-c18a696c1456,6fac0917-6d3b-43bf-964b-f932482c8dca,1626012400894,13.6573472,52.3744956,6.718789,0.15066475,-0.68558526,-0.75981903,on bike mount,road bicycle,False,asphalt,intermediate
15f5016a-c120-4b81-923d-38855d555615,11c29a24-0785-42b6-b6fa-c18a696c1456,4d685a83-5927-49ab-a281-e74037fc63fd,1626012400944,13.6573472,52.3744956,6.718789,-0.45234913,-1.0563895,0.93788433,on bike mount,road bicycle,False,asphalt,intermediate
15f5016a-c120-4b81-923d-38855d555615,11c29a24-0785-42b6-b6fa-c18a696c1456,c2454f39-6ed5-41fb-912c-f5388a7f6985,1626012400993,13.6573472,52.3744956,6.718789,-0.13330415,-0.8971839,0.49348354,on bike mount,road bicycle,False,asphalt,intermediate
15f5016a-c120-4b81-923d-38855d555615,11c29a24-0785-42b6-b6fa-c18a696c1456,c78dc8f8-ff51-4761-a679-03912b979fd8,1626012401042,13.6573472,52.3744956,6.718789,-0.5736373,-1.0536668,0.23400879,on bike mount,road bicycle,False,asphalt,intermediate
15f5016a-c120-4b81-923d-38855d555615,11c29a24-0785-42b6-b6fa-c18a696c1456,0ddca675-c07b-4896-817d-90750f768b95,1626012401092,13.6573472,52.3744956,6.718789,-0.5782001,-0.46636748,0.009321213,on bike mount,road bicycle,False,asphalt,intermediate
15f5016a-c120-4b81-923d-38855d555615,11c29a24-0785-42b6-b6fa-c18a696c1456,e2fc22a3-1581-4be8-b443-db91d7d49726,1626012401142,13.6573472,52.3744956,6.718789,-0.16780853,-0.06560516,-0.18225002,on bike mount,road bicycle,False,asphalt,intermediate
15f5016a-c120-4b81-923d-38855d555615,11c29a24-0785-42b6-b6fa-c18a696c1456,5357d49b-769c-4cf8-b2d8-978213f9b033,1626012401194,13.6573472,52.3744956,6.718789,-0.50234294,-1.0877349,1.753911,on bike mount,road bicycle,False,asphalt,intermediate
15f5016a-c120-4b81-923d-38855d555615,11c29a24-0785-42b6-b6fa-c18a696c1456,dcbf9665-f9bf-4549-bf79-093415e8ff1c,1626012401243,13.6573472,52.3744956,6.718789,-0.99162227,-1.704428,4.1074142,on bike mount,road bicycle,False,asphalt,intermediate
15f5016a-c120-4b81-923d-38855d555615,11c29a24-0785-42b6-b6fa-c18a696c1456,4fc4e319-64af-44b7-b45f-323223f51642,1626012401292,13.6573472,52.3744956,6.718789,0.56744814,-1.2828481,0.84343433,on bike mount,road bicycle,False,asphalt,intermediate
15f5016a-c120-4b81-923d-38855d555615,11c29a24-0785-42b6-b6fa-c18a696c1456,179f9f2f-b825-4ece-bc11-a27a17c490d7,1626012401342,13.6573472,52.3744956,6.718789,-0.27867007,-0.7448071,-1.5755663,on bike mount,road bicycle,False,asphalt,intermediate
15f5016a-c120-4b81-923d-38855d555615,11c29a24-0785-42b6-b6fa-c18a696c1456,6963d755-3410-4e5e-8656-0406a9ebbf51,1626012401393,13.6573472,52.3744956,6.718789,0.13693917,0.27963567,-0.6199894,on bike mount,road bicycle,False,asphalt,intermediate
15f5016a-c120-4b81-923d-38855d555615,11c29a24-0785-42b6-b6fa-c18a696c1456,85ca7b6e-1b6d-4530-9495-a5e23863be49,1626012401443,13.6573472,52.3744956,6.718789,-0.55224895,-1.2643033,-0.09681606,on bike mount,road bicycle,False,asphalt,intermediate
15f5016a-c120-4b81-923d-38855d555615,11c29a24-0785-42b6-b6fa-c18a696c1456,8e6eb664-0f98-4eae-80b0-b87167f4ef04,1626012401492,13.6573472,52.3744956,6.718789,-0.21720204,-1.1253865,-0.43097115,on bike mount,road bicycle,False,asphalt,intermediate
15f5016a-c120-4b81-923d-38855d555615,11c29a24-0785-42b6-b6fa-c18a696c1456,99712681-d427-480b-b478-4370ba595382,1626012401542,13.6573472,52.3744956,6.718789,0.39975256,-0.8032508,-0.29315758,on bike mount,road bicycle,False,asphalt,intermediate
15f5016a-c120-4b81-923d-38855d555615,11c29a24-0785-42b6-b6fa-c18a696c1456,0b2add05-7631-4be0-9db6-bf6ad82dee59,1626012401592,13.6573472,52.3744956,6.718789,0.30752897,-1.7641026,1.4818296,on bike mount,road bicycle,False,asphalt,intermediate
15f5016a-c120-4b81-923d-38855d555615,11c29a24-0785-42b6-b6fa-c18a696c1456,e694134c-163f-4212-aaa6-dfde70fd749a,1626012401643,13.6573472,52.3744956,6.718789,-0.5304078,-0.14355135,-1.0862932,on bike mount,road bicycle,False,asphalt,intermediate
15f5016a-c120-4b81-923d-38855d555615,11c29a24-0785-42b6-b6fa-c18a696c1456,4e83c092-5530-498a-82cc-9bfdbb49aaaf,1626012401693,13.657264,52.3745368,5.4881887,-0.34890282,0.033848763,0.69527435,on bike mount,road bicycle,False,asphalt,intermediate
15f5016a-c120-4b81-923d-38855d555615,11c29a24-0785-42b6-b6fa-c18a696c1456,c52f9074-d17a-4864-9fc3-1c1e7fc9b604,1626012401743,13.657264,52.3745368,5.4881887,-0.6105345,-0.9854331,-0.035473824,on bike mount,road bicycle,False,asphalt,intermediate
15f5016a-c120-4b81-923d-38855d555615,11c29a24-0785-42b6-b6fa-c18a696c1456,a9410dbd-d1e4-4bcf-8c57-c728a8aecbbe,1626012401794,13.657264,52.3745368,5.4881887,0.69652426,-1.2075157,-2.0973282,on bike mount,road bicycle,False,asphalt,intermediate
15f5016a-c120-4b81-923d-38855d555615,11c29a24-0785-42b6-b6fa-c18a696c1456,ca696742-f70b-44d3-bb65-69491a1ea1d3,1626012401844,13.657264,52.3745368,5.4881887,-3.1968238,0.12574601,-0.053536415,on bike mount,road bicycle,False,asphalt,intermediate
15f5016a-c120-4b81-923d-38855d555615,11c29a24-0785-42b6-b6fa-c18a696c1456,bae94595-d752-46f1-a746-9404c7920ffa,1626012401894,13.657264,52.3745368,5.4881887,1.3220749,-1.1558526,3.573986,on bike mount,road bicycle,False,asphalt,intermediate
15f5016a-c120-4b81-923d-38855d555615,11c29a24-0785-42b6-b6fa-c18a696c1456,2b9d2284-f3bb-4fc3-86dd-8656030198d6,1626012401945,13.657264,52.3745368,5.4881887,0.12542123,-2.3573616,4.757822,on bike mount,road bicycle,False,asphalt,intermediate
15f5016a-c120-4b81-923d-38855d555615,11c29a24-0785-42b6-b6fa-c18a696c1456,726ed3c2-6577-4880-9bfb-ab638276cb9c,1626012401995,13.657264,52.3745368,5.4881887,0.68950164,-0.44816017,1.902915,on bike mount,road bicycle,False,asphalt,intermediate
15f5016a-c120-4b81-923d-38855d555615,11c29a24-0785-42b6-b6fa-c18a696c1456,d0d2e9bb-59ab-4056-9f70-c8263dc3488e,1626012402046,13.657264,52.3745368,5.4881887,-1.4753698,0.17050052,-1.4535942,on bike mount,road bicycle,False,asphalt,intermediate
15f5016a-c120-4b81-923d-38855d555615,11c29a24-0785-42b6-b6fa-c18a696c1456,c244a7ed-fc9a-4d5f-a03c-7d03a13a5696,1626012402097,13.657264,52.3745368,5.4881887,0.12608206,-2.333682,2.8159647,on bike mount,road bicycle,False,asphalt,intermediate
15f5016a-c120-4b81-923d-38855d555615,11c29a24-0785-42b6-b6fa-c18a696c1456,130b58ee-85e0-48e9-b84c-a4f5d5aae4af,1626012402148,13.657264,52.3745368,5.4881887,0.005517356,-2.2706516,1.6436195,on bike mount,road bicycle,False,asphalt,intermediate
15f5016a-c120-4b81-923d-38855d555615,11c29a24-0785-42b6-b6fa-c18a696c1456,2e5b9c70-0ba2-43b0-918b-d2a0a7693556,1626012402198,13.657264,52.3745368,5.4881887,-0.5950168,-0.5907984,1.1054125,on bike mount,road bicycle,False,asphalt,intermediate
15f5016a-c120-4b81-923d-38855d555615,11c29a24-0785-42b6-b6fa-c18a696c1456,159dcdd6-617c-4d62-b088-adefe240e6da,1626012402248,13.657264,52.3745368,5.4881887,0.14378686,-2.0930834,0.90468407,on bike mount,road bicycle,False,asphalt,intermediate
15f5016a-c120-4b81-923d-38855d555615,11c29a24-0785-42b6-b6fa-c18a696c1456,7dcd173c-0be6-4be9-b2b8-b61a40b7592b,1626012402298,13.657264,52.3745368,5.4881887,0.027863435,-1.2863609,-1.1419749,on bike mount,road bicycle,False,asphalt,intermediate
15f5016a-c120-4b81-923d-38855d555615,11c29a24-0785-42b6-b6fa-c18a696c1456,d8664fe9-a8de-4137-b1f0-30cf04fb03c5,1626012402349,13.657264,52.3745368,5.4881887,0.8298762,-0.6543859,-0.23584557,on bike mount,road bicycle,False,asphalt,intermediate
15f5016a-c120-4b81-923d-38855d555615,11c29a24-0785-42b6-b6fa-c18a696c1456,77647b8d-b299-40df-8d0d-45a19f0c5574,1626012402399,13.657264,52.3745368,5.4881887,0.3882858,-1.0447549,-0.058237076,on bike mount,road bicycle,False,asphalt,intermediate
15f5016a-c120-4b81-923d-38855d555615,11c29a24-0785-42b6-b6fa-c18a696c1456,79579901-55fd-4f04-aa72-7abec6718052,1626012402449,13.657264,52.3745368,5.4881887,0.17727964,-1.1852888,-0.38094997,on bike mount,road bicycle,False,asphalt,intermediate
15f5016a-c120-4b81-923d-38855d555615,11c29a24-0785-42b6-b6fa-c18a696c1456,d8bc0ce3-a310-42d2-bb83-edad45b3ad94,1626012402499,13.657264,52.3745368,5.4881887,-0.31832743,0.01393795,-1.4830232,on bike mount,road bicycle,False,asphalt,intermediate
15f5016a-c120-4b81-923d-38855d555615,11c29a24-0785-42b6-b6fa-c18a696c1456,e1396b30-8741-4b89-bf44-42a1178ead68,1626012402549,13.657264,52.3745368,5.4881887,0.13055256,-0.8091432,0.8233652,on bike mount,road bicycle,False,asphalt,intermediate
15f5016a-c120-4b81-923d-38855d555615,11c29a24-0785-42b6-b6fa-c18a696c1456,c503ba7d-e329-4087-b673-ccad64eb9da9,1626012402599,13.657264,52.3745368,5.4881887,-0.310017,-1.1948528,1.8991003,on bike mount,road bicycle,False,asphalt,intermediate
15f5016a-c120-4b81-923d-38855d555615,11c29a24-0785-42b6-b6fa-c18a696c1456,00e3eda5-5f07-4c6d-a331-da15129b6ed1,1626012402650,13.657264,52.3745368,5.4881887,0.74835026,-0.6467414,0.6210871,on bike mount,road bicycle,False,asphalt,intermediate
15f5016a-c120-4b81-923d-38855d555615,11c29a24-0785-42b6-b6fa-c18a696c1456,d159ce28-b8b1-4c21-a7be-5a87f91442c1,1626012402700,13.6571939,52.3745698,4.226853,-0.550454,0.87470174,-1.2750554,on bike mount,road bicycle,False,asphalt,intermediate
15f5016a-c120-4b81-923d-38855d555615,11c29a24-0785-42b6-b6fa-c18a696c1456,16e69868-a831-4413-bbae-5026321800f9,1626012402750,13.6571939,52.3745698,4.226853,0.038075745,0.2953415,-2.2338934,on bike mount,road bicycle,False,asphalt,intermediate
15f5016a-c120-4b81-923d-38855d555615,11c29a24-0785-42b6-b6fa-c18a696c1456,4c854c2c-d192-4c9b-b69e-d8afd42d896d,1626012402801,13.6571939,52.3745698,4.226853,0.59201837,-0.64327455,-0.6598606,on bike mount,road bicycle,False,asphalt,intermediate
15f5016a-c120-4b81-923d-38855d555615,11c29a24-0785-42b6-b6fa-c18a696c1456,c29ca1a6-2840-4bf2-aba9-c211fe022fde,1626012402850,13.6571939,52.3745698,4.226853,0.88219047,-0.975901,-0.14497757,on bike mount,road bicycle,False,asphalt,intermediate
15f5016a-c120-4b81-923d-38855d555615,11c29a24-0785-42b6-b6fa-c18a696c1456,cc992d32-2712-4b7a-8979-53fa6f80b934,1626012402900,13.6571939,52.3745698,4.226853,0.08458972,-1.3374591,3.0646267,on bike mount,road bicycle,False,asphalt,intermediate
15f5016a-c120-4b81-923d-38855d555615,11c29a24-0785-42b6-b6fa-c18a696c1456,8b56b2e8-c8d5-463d-a898-685e389b325c,1626012402950,13.6571939,52.3745698,4.226853,0.6722789,0.24155998,-1.01829,on bike mount,road bicycle,False,asphalt,intermediate
15f5016a-c120-4b81-923d-38855d555615,11c29a24-0785-42b6-b6fa-c18a696c1456,428b16a6-4106-4b89-b726-894c63bebc9e,1626012403000,13.6571939,52.3745698,4.226853,0.37272802,-0.31770158,-0.67204285,on bike mount,road bicycle,False,asphalt,intermediate
15f5016a-c120-4b81-923d-38855d555615,11c29a24-0785-42b6-b6fa-c18a696c1456,afc27882-30ac-4109-b67c-94c3d1ae7446,1626012403051,13.6571939,52.3745698,4.226853,0.6787491,-0.10720277,0.28295517,on bike mount,road bicycle,False,asphalt,intermediate
15f5016a-c120-4b81-923d-38855d555615,11c29a24-0785-42b6-b6fa-c18a696c1456,3465e2d6-ca86-4149-8f30-07ad4acc5cf4,1626012403101,13.6571939,52.3745698,4.226853,0.5151404,0.20371795,0.95118046,on bike mount,road bicycle,False,asphalt,intermediate
15f5016a-c120-4b81-923d-38855d555615,11c29a24-0785-42b6-b6fa-c18a696c1456,eb93a0b7-8a63-4534-b239-fbca75c1a4b2,1626012403151,13.6571939,52.3745698,4.226853,0.99635875,-0.45147252,1.3573141,on bike mount,road bicycle,False,asphalt,intermediate
15f5016a-c120-4b81-923d-38855d555615,11c29a24-0785-42b6-b6fa-c18a696c1456,1d1a0238-cdc1-42dc-9a94-ae474152b48b,1626012403202,13.6571939,52.3745698,4.226853,0.47359562,-2.031419,3.6150742,on bike mount,road bicycle,False,asphalt,intermediate
15f5016a-c120-4b81-923d-38855d555615,11c29a24-0785-42b6-b6fa-c18a696c1456,e79aa1c7-e11a-43ea-83f9-7c35d80f2e9e,1626012403252,13.6571939,52.3745698,4.226853,-0.20733273,0.9954572,-2.3945537,on bike mount,road bicycle,False,asphalt,intermediate
15f5016a-c120-4b81-923d-38855d555615,11c29a24-0785-42b6-b6fa-c18a696c1456,9c45c82b-6a76-42c9-ad24-610e80dab6fb,1626012403302,13.6571939,52.3745698,4.226853,2.1955235,-0.07571006,-1.1686296,on bike mount,road bicycle,False,asphalt,intermediate
15f5016a-c120-4b81-923d-38855d555615,11c29a24-0785-42b6-b6fa-c18a696c1456,d5137a92-ecdd-4c53-9abd-7b0991e4b727,1626012403353,13.6571939,52.3745698,4.226853,0.8789187,-0.9931121,0.21774673,on bike mount,road bicycle,False,asphalt,intermediate
