bike_activity_uid,bike_activity_sample_uid,bike_activity_measurement,bike_activity_measurement_timestamp,bike_activity_measurement_lon,bike_activity_measurement_lat,bike_activity_measurement_speed,bike_activity_measurement_accelerometer_x,bike_activity_measurement_accelerometer_y,bike_activity_measurement_accelerometer_z,bike_activity_phone_position,bike_activity_bike_type,bike_activity_flagged_lab_conditions,bike_activity_surface_type,bike_activity_smoothness_type
181827c6-a675-4238-8b16-de520de09d51,284f2f50-9e61-4759-b750-ea4d8a99caf3,d49f2664-d0f2-4cd4-9f45-a33e89031c09,1633624243916,13.3935403,52.4794549,6.1631136,-0.6238477,-1.6362653,-1.1439219,on bike mount,cyclo cross,True,concrete plates,good
181827c6-a675-4238-8b16-de520de09d51,284f2f50-9e61-4759-b750-ea4d8a99caf3,201bc743-b73d-4c43-addc-6501a2d520fc,1633624243966,13.3935403,52.4794549,6.1631136,-0.48237166,3.182931,-0.61399364,on bike mount,cyclo cross,True,concrete plates,good
181827c6-a675-4238-8b16-de520de09d51,284f2f50-9e61-4759-b750-ea4d8a99caf3,81589e31-eda1-4ce3-8cbc-753ace2033dd,1633624244016,13.3935403,52.4794549,6.1631136,0.2512602,0.8555403,-0.77988815,on bike mount,cyclo cross,True,concrete plates,good
181827c6-a675-4238-8b16-de520de09d51,284f2f50-9e61-4759-b750-ea4d8a99caf3,8d4563eb-f257-4609-b31a-2518a1ba242c,1633624244068,13.3935403,52.4794549,6.1631136,-0.537882,-2.7372777,4.026017,on bike mount,cyclo cross,True,concrete plates,good
181827c6-a675-4238-8b16-de520de09d51,284f2f50-9e61-4759-b750-ea4d8a99caf3,1e986b5e-23b7-4a79-9f0f-351653a77fb4,1633624244134,13.3935403,52.4794549,6.1631136,2.1992848,0.042905807,-2.5425835,on bike mount,cyclo cross,True,concrete plates,good
181827c6-a675-4238-8b16-de520de09d51,284f2f50-9e61-4759-b750-ea4d8a99caf3,fcc7625f-5285-4694-85cb-c8585132174f,1633624244184,13.3935403,52.4794549,6.1631136,-0.4932074,-5.876436,-1.1266165,on bike mount,cyclo cross,True,concrete plates,good
181827c6-a675-4238-8b16-de520de09d51,284f2f50-9e61-4759-b750-ea4d8a99caf3,ba039f6b-bd2a-4ff5-a1bb-85caba1c279a,1633624244235,13.3935403,52.4794549,6.1631136,-0.7254207,1.2640843,1.4824371,on bike mount,cyclo cross,True,concrete plates,good
181827c6-a675-4238-8b16-de520de09d51,284f2f50-9e61-4759-b750-ea4d8a99caf3,67f1546a-e1f9-4c05-9d5c-29dc8f3191e6,1633624244285,13.3935403,52.4794549,6.1631136,-1.2140282,5.8580184,-7.7400637,on bike mount,cyclo cross,True,concrete plates,good
181827c6-a675-4238-8b16-de520de09d51,284f2f50-9e61-4759-b750-ea4d8a99caf3,87ef7450-fff0-4755-b886-4bd3e098678c,1633624244334,13.3935403,52.4794549,6.1631136,-0.44440195,1.3263335,-2.9841359,on bike mount,cyclo cross,True,concrete plates,good
181827c6-a675-4238-8b16-de520de09d51,284f2f50-9e61-4759-b750-ea4d8a99caf3,393db17f-0530-4723-8e15-6a84505538f0,1633624244385,13.3935403,52.4794549,6.1631136,2.038589,-1.4872198,-1.2821474,on bike mount,cyclo cross,True,concrete plates,good
181827c6-a675-4238-8b16-de520de09d51,284f2f50-9e61-4759-b750-ea4d8a99caf3,ab3f9099-28dd-4e30-a218-a4411d48c05f,1633624244435,13.3935403,52.4794549,6.1631136,-0.30396688,-0.63289404,-0.8833971,on bike mount,cyclo cross,True,concrete plates,good
181827c6-a675-4238-8b16-de520de09d51,284f2f50-9e61-4759-b750-ea4d8a99caf3,b891a4d3-6487-466b-bb50-d5592a89f5bf,1633624244485,13.3935403,52.4794549,6.1631136,1.5997939,1.4786572,-1.2146478,on bike mount,cyclo cross,True,concrete plates,good
181827c6-a675-4238-8b16-de520de09d51,284f2f50-9e61-4759-b750-ea4d8a99caf3,f527a0d0-0b0a-4aab-91c0-051b0e9aea06,1633624244543,13.3935403,52.4794549,6.1631136,-0.75576556,-1.0034993,0.49508,on bike mount,cyclo cross,True,concrete plates,good
181827c6-a675-4238-8b16-de520de09d51,284f2f50-9e61-4759-b750-ea4d8a99caf3,354f64cc-8a82-4040-9fc2-5766d1cb9c46,1633624244605,13.3936105,52.4794932,6.512279,0.65313447,-0.42493916,0.82144547,on bike mount,cyclo cross,True,concrete plates,good
181827c6-a675-4238-8b16-de520de09d51,284f2f50-9e61-4759-b750-ea4d8a99caf3,5461dd8c-12d2-4ea8-b633-fbb97127731b,1633624244668,13.3936105,52.4794932,6.512279,0.40395376,-2.876417,1.6915112,on bike mount,cyclo cross,True,concrete plates,good
181827c6-a675-4238-8b16-de520de09d51,284f2f50-9e61-4759-b750-ea4d8a99caf3,f86d9c93-0ba0-4c8a-9aab-2ae0c1731e77,1633624244718,13.3936105,52.4794932,6.512279,1.4251474,-4.1729894,5.033888,on bike mount,cyclo cross,True,concrete plates,good
181827c6-a675-4238-8b16-de520de09d51,284f2f50-9e61-4759-b750-ea4d8a99caf3,d74348c5-51b9-4940-b5fd-33cfe619781e,1633624244768,13.3936105,52.4794932,6.512279,0.63415676,2.831954,-1.1033721,on bike mount,cyclo cross,True,concrete plates,good
181827c6-a675-4238-8b16-de520de09d51,284f2f50-9e61-4759-b750-ea4d8a99caf3,78d2639a-0605-4d1c-a1f1-ecc08f29842a,1633624244819,13.3936105,52.4794932,6.512279,0.35673723,0.8743973,2.0114927,on bike mount,cyclo cross,True,concrete plates,good
181827c6-a675-4238-8b16-de520de09d51,284f2f50-9e61-4759-b750-ea4d8a99caf3,218f63cc-7f61-4476-8180-3f5535928673,1633624244868,13.3936105,52.4794932,6.512279,0.25008714,-1.8803294,0.41293526,on bike mount,cyclo cross,True,concrete plates,good
181827c6-a675-4238-8b16-de520de09d51,284f2f50-9e61-4759-b750-ea4d8a99caf3,9fac9196-3271-49f0-9987-c40aa2561cf0,1633624244920,13.3936105,52.4794932,6.512279,0.3116795,0.24904776,-0.79885006,on bike mount,cyclo cross,True,concrete plates,good
181827c6-a675-4238-8b16-de520de09d51,284f2f50-9e61-4759-b750-ea4d8a99caf3,994f3bf9-c406-47c9-b328-3c570e037b66,1633624244971,13.3936105,52.4794932,6.512279,-1.068881,-5.105685,2.116004,on bike mount,cyclo cross,True,concrete plates,good
181827c6-a675-4238-8b16-de520de09d51,284f2f50-9e61-4759-b750-ea4d8a99caf3,fe5f65c1-a7ef-405b-815a-39129acb712a,1633624245036,13.3936105,52.4794932,6.512279,0.67939985,2.2625499,-0.38262463,on bike mount,cyclo cross,True,concrete plates,good
181827c6-a675-4238-8b16-de520de09d51,284f2f50-9e61-4759-b750-ea4d8a99caf3,8a3b736c-5ffe-473c-a446-fec1704ce1e4,1633624245086,13.3936105,52.4794932,6.512279,-0.86869234,-2.1251,6.954214,on bike mount,cyclo cross,True,concrete plates,good
181827c6-a675-4238-8b16-de520de09d51,284f2f50-9e61-4759-b750-ea4d8a99caf3,d15a9205-18b6-4e21-a8e6-30ce95381f76,1633624245137,13.3936105,52.4794932,6.512279,-1.1161766,0.9360552,-0.0561018,on bike mount,cyclo cross,True,concrete plates,good
181827c6-a675-4238-8b16-de520de09d51,284f2f50-9e61-4759-b750-ea4d8a99caf3,8dfb1e34-0648-4057-8b37-4ff65aaa514a,1633624245187,13.3936105,52.4794932,6.512279,0.69296324,3.7658863,-1.4463634,on bike mount,cyclo cross,True,concrete plates,good
181827c6-a675-4238-8b16-de520de09d51,284f2f50-9e61-4759-b750-ea4d8a99caf3,38af8adc-ca51-4d11-a5fd-db6f65c7c910,1633624245237,13.3936105,52.4794932,6.512279,-0.684775,-2.1753676,1.1596012,on bike mount,cyclo cross,True,concrete plates,good
181827c6-a675-4238-8b16-de520de09d51,284f2f50-9e61-4759-b750-ea4d8a99caf3,ae7a483b-f12a-49ea-b86d-1a88ff5d9821,1633624245287,13.3936105,52.4794932,6.512279,-0.501145,2.3375502,0.63604355,on bike mount,cyclo cross,True,concrete plates,good
181827c6-a675-4238-8b16-de520de09d51,284f2f50-9e61-4759-b750-ea4d8a99caf3,665da92e-25be-4e57-bab4-08120ec6aa83,1633624245336,13.3936105,52.4794932,6.512279,2.343939,5.1898923,-0.98561764,on bike mount,cyclo cross,True,concrete plates,good
181827c6-a675-4238-8b16-de520de09d51,284f2f50-9e61-4759-b750-ea4d8a99caf3,198ad346-006e-4f49-a81e-2fd66db532c1,1633624245387,13.3936105,52.4794932,6.512279,0.86832297,-4.374708,-0.5994673,on bike mount,cyclo cross,True,concrete plates,good
181827c6-a675-4238-8b16-de520de09d51,284f2f50-9e61-4759-b750-ea4d8a99caf3,eb7d7c71-b95d-4739-ab1b-600dd8dda2e8,1633624245438,13.3936105,52.4794932,6.512279,0.31310254,-3.737702,-1.64954,on bike mount,cyclo cross,True,concrete plates,good
181827c6-a675-4238-8b16-de520de09d51,284f2f50-9e61-4759-b750-ea4d8a99caf3,a4a6a085-c741-4958-84a2-0e920bd10522,1633624245503,13.3936105,52.4794932,6.512279,1.4313437,-0.015228033,-1.479783,on bike mount,cyclo cross,True,concrete plates,good
181827c6-a675-4238-8b16-de520de09d51,284f2f50-9e61-4759-b750-ea4d8a99caf3,b04309d0-1ec8-44ad-bedf-e105547ee519,1633624245555,13.3936774,52.4795294,6.4019175,0.47500712,0.05466938,-0.5312481,on bike mount,cyclo cross,True,concrete plates,good
181827c6-a675-4238-8b16-de520de09d51,284f2f50-9e61-4759-b750-ea4d8a99caf3,0e40b5a9-6df4-4a7b-865e-075cfbdfd4de,1633624245608,13.3936774,52.4795294,6.4019175,-0.2490192,-3.7642813,-2.966545,on bike mount,cyclo cross,True,concrete plates,good
181827c6-a675-4238-8b16-de520de09d51,284f2f50-9e61-4759-b750-ea4d8a99caf3,476786a0-fcbf-4b1f-a2ad-c7574fbcfce5,1633624245670,13.3936774,52.4795294,6.4019175,0.48283952,0.9480233,-0.7362652,on bike mount,cyclo cross,True,concrete plates,good
181827c6-a675-4238-8b16-de520de09d51,284f2f50-9e61-4759-b750-ea4d8a99caf3,e7b359d9-8a6d-4f63-8173-36eb21e709fa,1633624245723,13.3936774,52.4795294,6.4019175,0.5652127,1.825767,-1.7620239,on bike mount,cyclo cross,True,concrete plates,good
181827c6-a675-4238-8b16-de520de09d51,284f2f50-9e61-4759-b750-ea4d8a99caf3,f1d990a0-aef9-4ef6-a57e-4ca082bae2e0,1633624245788,13.3936774,52.4795294,6.4019175,1.1098557,-0.8430269,-0.58104897,on bike mount,cyclo cross,True,concrete plates,good
181827c6-a675-4238-8b16-de520de09d51,284f2f50-9e61-4759-b750-ea4d8a99caf3,badc4449-f9c8-4ad2-a1d9-ede2ef3eecef,1633624245838,13.3936774,52.4795294,6.4019175,0.025676936,1.4236116,-2.375863,on bike mount,cyclo cross,True,concrete plates,good
181827c6-a675-4238-8b16-de520de09d51,284f2f50-9e61-4759-b750-ea4d8a99caf3,77f86d6f-bc1b-42a6-a8ff-421d03368642,1633624245888,13.3936774,52.4795294,6.4019175,0.3379495,-1.8553684,-0.26078224,on bike mount,cyclo cross,True,concrete plates,good
181827c6-a675-4238-8b16-de520de09d51,284f2f50-9e61-4759-b750-ea4d8a99caf3,885d27e9-849d-4707-b06c-079f207111eb,1633624245938,13.3936774,52.4795294,6.4019175,0.8403922,-3.1141047,1.6381187,on bike mount,cyclo cross,True,concrete plates,good
181827c6-a675-4238-8b16-de520de09d51,284f2f50-9e61-4759-b750-ea4d8a99caf3,56164596-4265-4857-982d-353950619716,1633624245989,13.3936774,52.4795294,6.4019175,-0.031507492,1.7268538,-1.1852865,on bike mount,cyclo cross,True,concrete plates,good
181827c6-a675-4238-8b16-de520de09d51,284f2f50-9e61-4759-b750-ea4d8a99caf3,a4ad2fcb-f2dc-4ff1-9c18-7373125bbb4b,1633624246040,13.3936774,52.4795294,6.4019175,-1.6972427,-1.7552382,0.6204014,on bike mount,cyclo cross,True,concrete plates,good
181827c6-a675-4238-8b16-de520de09d51,284f2f50-9e61-4759-b750-ea4d8a99caf3,c09a9db2-4d01-4e42-9843-05284e613177,1633624246089,13.3936774,52.4795294,6.4019175,-0.23685122,-3.4343805,2.5561218,on bike mount,cyclo cross,True,concrete plates,good
181827c6-a675-4238-8b16-de520de09d51,284f2f50-9e61-4759-b750-ea4d8a99caf3,d52d7251-b72f-4b89-a598-7d54364ab00e,1633624246139,13.3936774,52.4795294,6.4019175,1.2523699,-2.8215113,4.4194717,on bike mount,cyclo cross,True,concrete plates,good
181827c6-a675-4238-8b16-de520de09d51,284f2f50-9e61-4759-b750-ea4d8a99caf3,46b7d240-f28f-4a2f-9037-7715a44cc6f9,1633624246190,13.3936774,52.4795294,6.4019175,1.0980241,0.64162326,-1.9763741,on bike mount,cyclo cross,True,concrete plates,good
181827c6-a675-4238-8b16-de520de09d51,284f2f50-9e61-4759-b750-ea4d8a99caf3,0c38c00b-fe82-4ff0-bad7-51610b5531be,1633624246240,13.3936774,52.4795294,6.4019175,0.9946538,-2.3005202,2.9206057,on bike mount,cyclo cross,True,concrete plates,good
181827c6-a675-4238-8b16-de520de09d51,284f2f50-9e61-4759-b750-ea4d8a99caf3,a7709922-f541-40dc-bf51-bf245d8184ec,1633624246305,13.3936774,52.4795294,6.4019175,-0.410622,-0.47420788,1.8569918,on bike mount,cyclo cross,True,concrete plates,good
181827c6-a675-4238-8b16-de520de09d51,284f2f50-9e61-4759-b750-ea4d8a99caf3,b91f176c-7f02-49bd-8866-a0fd6e16ea99,1633624246355,13.3936774,52.4795294,6.4019175,-0.12361705,-0.72703695,-1.9567461,on bike mount,cyclo cross,True,concrete plates,good
181827c6-a675-4238-8b16-de520de09d51,284f2f50-9e61-4759-b750-ea4d8a99caf3,8d4c8cee-37ee-42cd-96ce-40ad54ca1457,1633624246405,13.3936774,52.4795294,6.4019175,0.22876948,-1.4582006,2.880478,on bike mount,cyclo cross,True,concrete plates,good
181827c6-a675-4238-8b16-de520de09d51,284f2f50-9e61-4759-b750-ea4d8a99caf3,6fccca1b-0e14-4874-a1f9-fab2a6fb943b,1633624246456,13.3936774,52.4795294,6.4019175,1.3683056,-0.83722734,0.48519516,on bike mount,cyclo cross,True,concrete plates,good
181827c6-a675-4238-8b16-de520de09d51,284f2f50-9e61-4759-b750-ea4d8a99caf3,33d1612f-1f34-4f39-a402-621dfa627998,1633624246507,13.3936774,52.4795294,6.4019175,-2.3158226,3.125166,2.3555956,on bike mount,cyclo cross,True,concrete plates,good
181827c6-a675-4238-8b16-de520de09d51,284f2f50-9e61-4759-b750-ea4d8a99caf3,75129384-4dd2-43b8-a57f-1b0e7095d6c9,1633624246558,13.39374,52.4795642,6.3798513,2.5258946,-2.8644757,-1.0995741,on bike mount,cyclo cross,True,concrete plates,good
181827c6-a675-4238-8b16-de520de09d51,284f2f50-9e61-4759-b750-ea4d8a99caf3,9eec1e78-50f1-4c50-898e-9561968e7ac3,1633624246609,13.39374,52.4795642,6.3798513,0.033209205,-0.40461445,1.855506,on bike mount,cyclo cross,True,concrete plates,good
181827c6-a675-4238-8b16-de520de09d51,284f2f50-9e61-4759-b750-ea4d8a99caf3,f50ce5e9-ab03-49f6-8713-4dad71b9443f,1633624246674,13.39374,52.4795642,6.3798513,-1.0191419,3.0417738,-1.1080685,on bike mount,cyclo cross,True,concrete plates,good
181827c6-a675-4238-8b16-de520de09d51,284f2f50-9e61-4759-b750-ea4d8a99caf3,75ec0ec3-81fc-4a2b-b858-c49987be727b,1633624246741,13.39374,52.4795642,6.3798513,0.9514831,0.7288592,-0.49732876,on bike mount,cyclo cross,True,concrete plates,good
181827c6-a675-4238-8b16-de520de09d51,284f2f50-9e61-4759-b750-ea4d8a99caf3,fcf5c1c3-2389-47aa-b403-f10944e9289b,1633624246790,13.39374,52.4795642,6.3798513,-1.5620545,-0.5616782,-0.4782591,on bike mount,cyclo cross,True,concrete plates,good
181827c6-a675-4238-8b16-de520de09d51,284f2f50-9e61-4759-b750-ea4d8a99caf3,781e4e9c-6bba-4fd4-9bc8-c16f79f92306,1633624246840,13.39374,52.4795642,6.3798513,1.4758154,-1.166934,0.28770638,on bike mount,cyclo cross,True,concrete plates,good
181827c6-a675-4238-8b16-de520de09d51,284f2f50-9e61-4759-b750-ea4d8a99caf3,2bf75ec7-04ee-42b4-8d41-3edb4ea08614,1633624246891,13.39374,52.4795642,6.3798513,-1.8354733,-4.7980623,1.9530973,on bike mount,cyclo cross,True,concrete plates,good
181827c6-a675-4238-8b16-de520de09d51,284f2f50-9e61-4759-b750-ea4d8a99caf3,a5e72d0f-e821-45ac-a8e3-6b611f22ca1b,1633624246942,13.39374,52.4795642,6.3798513,-2.463579,3.0680947,-1.5153608,on bike mount,cyclo cross,True,concrete plates,good
181827c6-a675-4238-8b16-de520de09d51,284f2f50-9e61-4759-b750-ea4d8a99caf3,b85e0810-f731-4b30-beed-636c2f5270e2,1633624247007,13.39374,52.4795642,6.3798513,1.0484892,0.8398905,1.6540737,on bike mount,cyclo cross,True,concrete plates,good
181827c6-a675-4238-8b16-de520de09d51,284f2f50-9e61-4759-b750-ea4d8a99caf3,db05d6ff-0fe6-4e96-aeb9-6758d596bde3,1633624247058,13.39374,52.4795642,6.3798513,1.3562165,2.533517,-2.564958,on bike mount,cyclo cross,True,concrete plates,good
181827c6-a675-4238-8b16-de520de09d51,284f2f50-9e61-4759-b750-ea4d8a99caf3,4072a45a-8738-4a1d-bd8e-77e1c020accd,1633624247108,13.39374,52.4795642,6.3798513,-1.2436032,-1.256328,-1.1446261,on bike mount,cyclo cross,True,concrete plates,good
181827c6-a675-4238-8b16-de520de09d51,284f2f50-9e61-4759-b750-ea4d8a99caf3,fa6d770c-e47a-4ca0-88ab-8825dcb25c5a,1633624247157,13.39374,52.4795642,6.3798513,0.45263836,-0.46791315,2.5195522,on bike mount,cyclo cross,True,concrete plates,good
181827c6-a675-4238-8b16-de520de09d51,284f2f50-9e61-4759-b750-ea4d8a99caf3,79c98e2c-88a2-4c3d-92ba-8390058472e0,1633624247208,13.39374,52.4795642,6.3798513,-0.11826647,0.5486882,1.7494936,on bike mount,cyclo cross,True,concrete plates,good
181827c6-a675-4238-8b16-de520de09d51,284f2f50-9e61-4759-b750-ea4d8a99caf3,b0c1f130-87b9-4f1a-9a13-5b6b05316bb3,1633624247275,13.39374,52.4795642,6.3798513,-0.18591222,-3.241714,-4.789604,on bike mount,cyclo cross,True,concrete plates,good
181827c6-a675-4238-8b16-de520de09d51,284f2f50-9e61-4759-b750-ea4d8a99caf3,27f5973d-d5be-44d2-ab78-f1b601f925b9,1633624247325,13.39374,52.4795642,6.3798513,-0.26926056,2.6826591,-0.8595958,on bike mount,cyclo cross,True,concrete plates,good
181827c6-a675-4238-8b16-de520de09d51,284f2f50-9e61-4759-b750-ea4d8a99caf3,d5849dd1-1bc4-460c-a3e0-dec94ea83eda,1633624247391,13.39374,52.4795642,6.3798513,-0.15500805,-1.1157413,-1.7361197,on bike mount,cyclo cross,True,concrete plates,good
181827c6-a675-4238-8b16-de520de09d51,284f2f50-9e61-4759-b750-ea4d8a99caf3,e265fe2d-2f4d-4ebb-8283-c7bf60bd3a6c,1633624247442,13.39374,52.4795642,6.3798513,-3.2257867,4.706986,-1.0136509,on bike mount,cyclo cross,True,concrete plates,good
181827c6-a675-4238-8b16-de520de09d51,284f2f50-9e61-4759-b750-ea4d8a99caf3,b5181520-f145-44a0-a4c7-2194c1951028,1633624247492,13.39374,52.4795642,6.3798513,0.4472475,1.8396006,-2.8179126,on bike mount,cyclo cross,True,concrete plates,good
181827c6-a675-4238-8b16-de520de09d51,284f2f50-9e61-4759-b750-ea4d8a99caf3,0399e594-747e-4c0b-beda-02400e9baa1b,1633624247545,13.39374,52.4795642,6.3798513,-0.44391468,-7.5331917,8.346203,on bike mount,cyclo cross,True,concrete plates,good
181827c6-a675-4238-8b16-de520de09d51,284f2f50-9e61-4759-b750-ea4d8a99caf3,187d3281-2c89-44ce-bd46-8f193b87ff5e,1633624247607,13.3938041,52.4795964,6.4005404,1.924837,-0.9402337,2.44551,on bike mount,cyclo cross,True,concrete plates,good
181827c6-a675-4238-8b16-de520de09d51,284f2f50-9e61-4759-b750-ea4d8a99caf3,711020ab-4084-43e1-82b1-fa09da44bd26,1633624247658,13.3938041,52.4795964,6.4005404,-2.4423923,-3.186375,-1.6684146,on bike mount,cyclo cross,True,concrete plates,good
181827c6-a675-4238-8b16-de520de09d51,284f2f50-9e61-4759-b750-ea4d8a99caf3,67dd22a6-353d-4a20-bd46-c07757044c75,1633624247709,13.3938041,52.4795964,6.4005404,-0.54516983,0.7856431,3.9447327,on bike mount,cyclo cross,True,concrete plates,good
181827c6-a675-4238-8b16-de520de09d51,284f2f50-9e61-4759-b750-ea4d8a99caf3,e002f6ea-6041-451e-b496-7cee48d1246d,1633624247760,13.3938041,52.4795964,6.4005404,0.20225662,0.14972806,4.0713367,on bike mount,cyclo cross,True,concrete plates,good
181827c6-a675-4238-8b16-de520de09d51,284f2f50-9e61-4759-b750-ea4d8a99caf3,7d68fb36-9bda-4af8-a8d3-13b8880ddacb,1633624247825,13.3938041,52.4795964,6.4005404,0.21429722,-1.0266702,-3.3126664,on bike mount,cyclo cross,True,concrete plates,good
181827c6-a675-4238-8b16-de520de09d51,284f2f50-9e61-4759-b750-ea4d8a99caf3,40695efa-99af-4acb-9f08-20d5bf15fd3b,1633624247876,13.3938041,52.4795964,6.4005404,-0.31583703,4.947274,-4.3032804,on bike mount,cyclo cross,True,concrete plates,good
181827c6-a675-4238-8b16-de520de09d51,284f2f50-9e61-4759-b750-ea4d8a99caf3,372452da-bf2d-4a76-9359-e136cc4bc103,1633624247925,13.3938041,52.4795964,6.4005404,2.3798676,3.2986445,-1.5874014,on bike mount,cyclo cross,True,concrete plates,good
181827c6-a675-4238-8b16-de520de09d51,284f2f50-9e61-4759-b750-ea4d8a99caf3,92fdfefe-6055-4f69-97de-513702328eca,1633624247977,13.3938041,52.4795964,6.4005404,-0.90631187,2.539786,2.734336,on bike mount,cyclo cross,True,concrete plates,good
181827c6-a675-4238-8b16-de520de09d51,284f2f50-9e61-4759-b750-ea4d8a99caf3,8bf38947-a3b2-465a-bb9d-66e5eddec7be,1633624248042,13.3938041,52.4795964,6.4005404,0.5392296,-4.3303456,-0.466918,on bike mount,cyclo cross,True,concrete plates,good
181827c6-a675-4238-8b16-de520de09d51,284f2f50-9e61-4759-b750-ea4d8a99caf3,c96d8b0b-d0be-49d0-adea-12e9f81dd25d,1633624248093,13.3938041,52.4795964,6.4005404,0.043868482,-0.07162857,4.3412437,on bike mount,cyclo cross,True,concrete plates,good
181827c6-a675-4238-8b16-de520de09d51,284f2f50-9e61-4759-b750-ea4d8a99caf3,3815a099-0956-4f92-882a-801f17f04547,1633624248143,13.3938041,52.4795964,6.4005404,0.8152567,-0.16142702,-0.18546772,on bike mount,cyclo cross,True,concrete plates,good
181827c6-a675-4238-8b16-de520de09d51,284f2f50-9e61-4759-b750-ea4d8a99caf3,660adc3e-81b5-4067-85c2-c60fb6a45258,1633624248194,13.3938041,52.4795964,6.4005404,-0.18015614,-0.7215748,2.1791563,on bike mount,cyclo cross,True,concrete plates,good
181827c6-a675-4238-8b16-de520de09d51,284f2f50-9e61-4759-b750-ea4d8a99caf3,f1d74b12-f8a2-4a30-bf12-69f024bb6668,1633624248260,13.3938041,52.4795964,6.4005404,-0.8125933,3.2446318,1.8005648,on bike mount,cyclo cross,True,concrete plates,good
181827c6-a675-4238-8b16-de520de09d51,284f2f50-9e61-4759-b750-ea4d8a99caf3,c9f8dae3-2fd4-4cd6-833e-ce079437c656,1633624248327,13.3938041,52.4795964,6.4005404,0.008121908,0.9769912,-0.7449689,on bike mount,cyclo cross,True,concrete plates,good
181827c6-a675-4238-8b16-de520de09d51,284f2f50-9e61-4759-b750-ea4d8a99caf3,e7b9ce45-26e2-45e4-b5b5-49ddef34cd83,1633624248377,13.3938041,52.4795964,6.4005404,0.570901,-4.596056,0.980814,on bike mount,cyclo cross,True,concrete plates,good
181827c6-a675-4238-8b16-de520de09d51,284f2f50-9e61-4759-b750-ea4d8a99caf3,a8cf465e-8de8-4203-810c-ccdff16a1245,1633624248427,13.3938041,52.4795964,6.4005404,1.409519,1.2782044,0.9236593,on bike mount,cyclo cross,True,concrete plates,good
181827c6-a675-4238-8b16-de520de09d51,284f2f50-9e61-4759-b750-ea4d8a99caf3,82a05051-1fc5-4c4c-bab2-774347d21616,1633624248477,13.3938041,52.4795964,6.4005404,0.29717895,-0.019488096,0.7132454,on bike mount,cyclo cross,True,concrete plates,good
181827c6-a675-4238-8b16-de520de09d51,284f2f50-9e61-4759-b750-ea4d8a99caf3,dbbdabc4-5d06-4392-abe5-207be773d2bd,1633624248527,13.3938041,52.4795964,6.4005404,-0.11816847,-2.2229064,-0.62886906,on bike mount,cyclo cross,True,concrete plates,good
181827c6-a675-4238-8b16-de520de09d51,284f2f50-9e61-4759-b750-ea4d8a99caf3,aa260a77-110b-49f4-bd38-da82f9b8f840,1633624248594,13.3938766,52.4796234,6.4796524,-0.72518647,-1.7811115,5.0336,on bike mount,cyclo cross,True,concrete plates,good
181827c6-a675-4238-8b16-de520de09d51,284f2f50-9e61-4759-b750-ea4d8a99caf3,947a79f9-8dbe-4dd1-b470-85e2b582de10,1633624248660,13.3938766,52.4796234,6.4796524,1.0241821,-4.407703,0.115094185,on bike mount,cyclo cross,True,concrete plates,good
181827c6-a675-4238-8b16-de520de09d51,284f2f50-9e61-4759-b750-ea4d8a99caf3,77272784-8ee7-4c5b-8af1-c9eacb75d468,1633624248711,13.3938766,52.4796234,6.4796524,0.9044665,1.8771119,-1.6209059,on bike mount,cyclo cross,True,concrete plates,good
181827c6-a675-4238-8b16-de520de09d51,284f2f50-9e61-4759-b750-ea4d8a99caf3,d41bd906-e695-40d9-9a42-92d92370e64f,1633624248761,13.3938766,52.4796234,6.4796524,-3.6549487,3.4574976,-2.214363,on bike mount,cyclo cross,True,concrete plates,good
181827c6-a675-4238-8b16-de520de09d51,284f2f50-9e61-4759-b750-ea4d8a99caf3,c31d389e-3fe7-4b2c-b676-6d414f71af40,1633624248811,13.3938766,52.4796234,6.4796524,0.53224504,0.5928936,-4.3543835,on bike mount,cyclo cross,True,concrete plates,good
181827c6-a675-4238-8b16-de520de09d51,284f2f50-9e61-4759-b750-ea4d8a99caf3,3aa7ad1f-5d34-4c89-8ff3-de6872d1a836,1633624248862,13.3938766,52.4796234,6.4796524,-0.7851661,-0.29994845,-0.57863617,on bike mount,cyclo cross,True,concrete plates,good
181827c6-a675-4238-8b16-de520de09d51,284f2f50-9e61-4759-b750-ea4d8a99caf3,7f0de8d0-9d3f-4ea1-9cfc-d2cdce4e09c5,1633624248911,13.3938766,52.4796234,6.4796524,-2.2809136,-2.2522848,0.5494118,on bike mount,cyclo cross,True,concrete plates,good
181827c6-a675-4238-8b16-de520de09d51,284f2f50-9e61-4759-b750-ea4d8a99caf3,362f05eb-5ac8-443e-a031-2071e94dc731,1633624248962,13.3938766,52.4796234,6.4796524,2.8417468,1.9602885,0.37973785,on bike mount,cyclo cross,True,concrete plates,good
181827c6-a675-4238-8b16-de520de09d51,284f2f50-9e61-4759-b750-ea4d8a99caf3,46a3661a-ba00-4f9e-9134-fc2c3dec2d43,1633624249027,13.3938766,52.4796234,6.4796524,0.13512078,-0.1489029,0.54712105,on bike mount,cyclo cross,True,concrete plates,good
181827c6-a675-4238-8b16-de520de09d51,284f2f50-9e61-4759-b750-ea4d8a99caf3,f08622dc-9f5e-4af3-8ade-b7d614d2042b,1633624249078,13.3938766,52.4796234,6.4796524,-0.52370846,0.9546952,-0.68446636,on bike mount,cyclo cross,True,concrete plates,good
181827c6-a675-4238-8b16-de520de09d51,284f2f50-9e61-4759-b750-ea4d8a99caf3,cafc56c6-a80e-49c2-87fb-2cbcd89f95e1,1633624249129,13.3938766,52.4796234,6.4796524,-0.59031713,-2.6252415,-0.8210373,on bike mount,cyclo cross,True,concrete plates,good
181827c6-a675-4238-8b16-de520de09d51,284f2f50-9e61-4759-b750-ea4d8a99caf3,42a2943c-ddb8-4797-ae28-09ca75d82310,1633624249179,13.3938766,52.4796234,6.4796524,-0.18697268,-2.825746,-0.508111,on bike mount,cyclo cross,True,concrete plates,good
181827c6-a675-4238-8b16-de520de09d51,284f2f50-9e61-4759-b750-ea4d8a99caf3,efb84b4e-d2da-4556-a171-c736180dc502,1633624249228,13.3938766,52.4796234,6.4796524,-0.59723175,3.054758,-3.4036179,on bike mount,cyclo cross,True,concrete plates,good
181827c6-a675-4238-8b16-de520de09d51,284f2f50-9e61-4759-b750-ea4d8a99caf3,d4324b4a-2c9c-4d5a-9dd4-24543dda3527,1633624249279,13.3938766,52.4796234,6.4796524,0.44802767,4.074724,3.9712887,on bike mount,cyclo cross,True,concrete plates,good
181827c6-a675-4238-8b16-de520de09d51,284f2f50-9e61-4759-b750-ea4d8a99caf3,761e3a10-5d2d-41b2-8d6e-9e91bac969a7,1633624249345,13.3938766,52.4796234,6.4796524,0.88558435,3.9426498,-3.173164,on bike mount,cyclo cross,True,concrete plates,good
181827c6-a675-4238-8b16-de520de09d51,284f2f50-9e61-4759-b750-ea4d8a99caf3,23555f1f-986d-45f6-af7d-08549d5e0992,1633624249396,13.3938766,52.4796234,6.4796524,0.8395996,-0.70747185,2.3949175,on bike mount,cyclo cross,True,concrete plates,good
181827c6-a675-4238-8b16-de520de09d51,284f2f50-9e61-4759-b750-ea4d8a99caf3,36b75f13-e78c-4526-8145-fe3b796ba186,1633624249446,13.3938766,52.4796234,6.4796524,1.1930016,-1.7408978,0.35099888,on bike mount,cyclo cross,True,concrete plates,good
181827c6-a675-4238-8b16-de520de09d51,284f2f50-9e61-4759-b750-ea4d8a99caf3,236e7007-1402-42e8-be24-2f731edd1a4f,1633624249504,13.3938766,52.4796234,6.4796524,-0.49175173,-0.9427955,-2.8972664,on bike mount,cyclo cross,True,concrete plates,good
181827c6-a675-4238-8b16-de520de09d51,284f2f50-9e61-4759-b750-ea4d8a99caf3,4f4fde42-fae3-4c96-8ea3-de65b97e121d,1633624249564,13.3939483,52.4796519,6.351302,0.77378136,-4.8378444,2.6886644,on bike mount,cyclo cross,True,concrete plates,good
181827c6-a675-4238-8b16-de520de09d51,284f2f50-9e61-4759-b750-ea4d8a99caf3,eb9d64ad-7830-4bca-9098-10fcfaa77df1,1633624249614,13.3939483,52.4796519,6.351302,-0.18972543,1.0599215,-1.1579881,on bike mount,cyclo cross,True,concrete plates,good
181827c6-a675-4238-8b16-de520de09d51,284f2f50-9e61-4759-b750-ea4d8a99caf3,28823dcc-3f55-4667-b694-b85a9aeed2fb,1633624249679,13.3939483,52.4796519,6.351302,-1.6461112,-1.8521606,-2.3889985,on bike mount,cyclo cross,True,concrete plates,good
181827c6-a675-4238-8b16-de520de09d51,284f2f50-9e61-4759-b750-ea4d8a99caf3,ed0abc6e-0202-4f4d-a118-7510b90281ca,1633624249729,13.3939483,52.4796519,6.351302,1.2745692,2.5695457,-3.6329703,on bike mount,cyclo cross,True,concrete plates,good
181827c6-a675-4238-8b16-de520de09d51,284f2f50-9e61-4759-b750-ea4d8a99caf3,625db274-34cf-4fdd-aca2-9fc1b80b1a37,1633624249782,13.3939483,52.4796519,6.351302,-0.5240415,-0.24494624,1.098052,on bike mount,cyclo cross,True,concrete plates,good
181827c6-a675-4238-8b16-de520de09d51,284f2f50-9e61-4759-b750-ea4d8a99caf3,c2947f12-32ad-4aa6-b371-b953cbf94120,1633624249847,13.3939483,52.4796519,6.351302,-0.9835055,1.5048118,-2.0513601,on bike mount,cyclo cross,True,concrete plates,good
181827c6-a675-4238-8b16-de520de09d51,284f2f50-9e61-4759-b750-ea4d8a99caf3,cbe08f98-2245-443c-86e6-a66e622af0f4,1633624249897,13.3939483,52.4796519,6.351302,1.178959,1.8595405,5.488614,on bike mount,cyclo cross,True,concrete plates,good
181827c6-a675-4238-8b16-de520de09d51,284f2f50-9e61-4759-b750-ea4d8a99caf3,77a0a9a3-936c-4542-9bbd-f7c3e2c8016f,1633624249948,13.3939483,52.4796519,6.351302,-0.96328795,-2.972913,0.0012216568,on bike mount,cyclo cross,True,concrete plates,good
181827c6-a675-4238-8b16-de520de09d51,284f2f50-9e61-4759-b750-ea4d8a99caf3,37b39662-7b4b-4695-8b3f-4ffb2e325268,1633624249998,13.3939483,52.4796519,6.351302,-0.6036698,-1.8576795,-0.92273235,on bike mount,cyclo cross,True,concrete plates,good
181827c6-a675-4238-8b16-de520de09d51,284f2f50-9e61-4759-b750-ea4d8a99caf3,22751170-1caf-4a2d-ab50-808d5e89cb3f,1633624250049,13.3939483,52.4796519,6.351302,-0.484681,0.49258494,0.19065571,on bike mount,cyclo cross,True,concrete plates,good
181827c6-a675-4238-8b16-de520de09d51,284f2f50-9e61-4759-b750-ea4d8a99caf3,c9c6cde6-4ba4-47fd-875a-fed56cbf6c42,1633624250099,13.3939483,52.4796519,6.351302,0.29423663,-0.66300416,1.1224384,on bike mount,cyclo cross,True,concrete plates,good
181827c6-a675-4238-8b16-de520de09d51,284f2f50-9e61-4759-b750-ea4d8a99caf3,f146e7fa-2e45-4e38-aa44-fce7a0e5c600,1633624250164,13.3939483,52.4796519,6.351302,0.098166525,-1.3503121,0.5057802,on bike mount,cyclo cross,True,concrete plates,good
181827c6-a675-4238-8b16-de520de09d51,284f2f50-9e61-4759-b750-ea4d8a99caf3,c24998f8-20cf-4e95-9747-99af85604cc8,1633624250214,13.3939483,52.4796519,6.351302,-0.7937507,3.1413813,-3.1929445,on bike mount,cyclo cross,True,concrete plates,good
181827c6-a675-4238-8b16-de520de09d51,284f2f50-9e61-4759-b750-ea4d8a99caf3,0449c681-47be-41fc-be60-2614c90737a9,1633624250264,13.3939483,52.4796519,6.351302,0.8374753,-3.51545,-1.6091738,on bike mount,cyclo cross,True,concrete plates,good
181827c6-a675-4238-8b16-de520de09d51,284f2f50-9e61-4759-b750-ea4d8a99caf3,b9926608-f2cf-4bf4-9e89-f13a4480fa59,1633624250316,13.3939483,52.4796519,6.351302,0.11375111,-2.6000915,-1.4651203,on bike mount,cyclo cross,True,concrete plates,good
181827c6-a675-4238-8b16-de520de09d51,284f2f50-9e61-4759-b750-ea4d8a99caf3,c99e9cf5-9634-4649-afc2-f94477c3a0a2,1633624250365,13.3939483,52.4796519,6.351302,-0.7929578,-0.6983342,0.69863796,on bike mount,cyclo cross,True,concrete plates,good
181827c6-a675-4238-8b16-de520de09d51,284f2f50-9e61-4759-b750-ea4d8a99caf3,4049e882-b595-4db0-bf19-ed5ceb9db528,1633624250415,13.3939483,52.4796519,6.351302,-0.60835016,-3.7401154,1.4307289,on bike mount,cyclo cross,True,concrete plates,good
181827c6-a675-4238-8b16-de520de09d51,284f2f50-9e61-4759-b750-ea4d8a99caf3,5cec8e45-81fb-45a2-a848-f73b6bc15ad5,1633624250466,13.3939483,52.4796519,6.351302,1.1136619,2.6590977,-2.334166,on bike mount,cyclo cross,True,concrete plates,good
181827c6-a675-4238-8b16-de520de09d51,284f2f50-9e61-4759-b750-ea4d8a99caf3,80f9e410-2b38-419f-bed5-f6c5956b0ed1,1633624250535,13.3939483,52.4796519,6.351302,-1.1233549,-1.7131606,0.5644722,on bike mount,cyclo cross,True,concrete plates,good
181827c6-a675-4238-8b16-de520de09d51,284f2f50-9e61-4759-b750-ea4d8a99caf3,a19b1691-1906-4161-a0b8-582ea8589987,1633624250598,13.3940215,52.4796786,6.3494587,-1.1721675,-0.55532527,-2.695415,on bike mount,cyclo cross,True,concrete plates,good
181827c6-a675-4238-8b16-de520de09d51,284f2f50-9e61-4759-b750-ea4d8a99caf3,2dfa002f-7dec-4a82-8512-277e24eed7cc,1633624250649,13.3940215,52.4796786,6.3494587,2.2345204,-1.269569,-0.6654773,on bike mount,cyclo cross,True,concrete plates,good
181827c6-a675-4238-8b16-de520de09d51,284f2f50-9e61-4759-b750-ea4d8a99caf3,f39be2bd-3fce-4840-869d-b859cfc6a9d8,1633624250715,13.3940215,52.4796786,6.3494587,-1.448036,2.8464408,1.3345165,on bike mount,cyclo cross,True,concrete plates,good
181827c6-a675-4238-8b16-de520de09d51,284f2f50-9e61-4759-b750-ea4d8a99caf3,a20a0a37-20c0-4b97-b0ba-2a0ce4c9d0ec,1633624250766,13.3940215,52.4796786,6.3494587,0.4410345,1.5485473,-1.9652171,on bike mount,cyclo cross,True,concrete plates,good
181827c6-a675-4238-8b16-de520de09d51,284f2f50-9e61-4759-b750-ea4d8a99caf3,e2d6f7a5-7a58-4d68-8246-df2d111b0660,1633624250832,13.3940215,52.4796786,6.3494587,0.18869776,-0.8447554,0.4441204,on bike mount,cyclo cross,True,concrete plates,good
181827c6-a675-4238-8b16-de520de09d51,284f2f50-9e61-4759-b750-ea4d8a99caf3,b6bcfff7-d713-4acf-b9b6-b29f6876c29a,1633624250883,13.3940215,52.4796786,6.3494587,0.20436393,-2.4360301,6.3431892,on bike mount,cyclo cross,True,concrete plates,good
181827c6-a675-4238-8b16-de520de09d51,284f2f50-9e61-4759-b750-ea4d8a99caf3,01d9af0e-3258-4165-8903-66073abc4bc1,1633624250934,13.3940215,52.4796786,6.3494587,-1.087172,-0.90383434,-0.7213135,on bike mount,cyclo cross,True,concrete plates,good
181827c6-a675-4238-8b16-de520de09d51,284f2f50-9e61-4759-b750-ea4d8a99caf3,1d43a595-e087-42b3-ac26-9880c40fe36c,1633624250999,13.3940215,52.4796786,6.3494587,0.06464021,0.27080917,-0.061896324,on bike mount,cyclo cross,True,concrete plates,good
181827c6-a675-4238-8b16-de520de09d51,284f2f50-9e61-4759-b750-ea4d8a99caf3,570e2fed-d246-4708-b6db-a5f37c7539cf,1633624251050,13.3940215,52.4796786,6.3494587,-0.25701272,2.266769,-0.14944744,on bike mount,cyclo cross,True,concrete plates,good
181827c6-a675-4238-8b16-de520de09d51,284f2f50-9e61-4759-b750-ea4d8a99caf3,70a73de3-db39-4fbc-9da7-73e3066f9eff,1633624251101,13.3940215,52.4796786,6.3494587,0.3230198,1.3094835,-5.1218095,on bike mount,cyclo cross,True,concrete plates,good
181827c6-a675-4238-8b16-de520de09d51,284f2f50-9e61-4759-b750-ea4d8a99caf3,e16457ea-a4d1-4444-a1b1-4d5bae424cb9,1633624251166,13.3940215,52.4796786,6.3494587,-1.0035529,-1.3378066,-2.4775023,on bike mount,cyclo cross,True,concrete plates,good
181827c6-a675-4238-8b16-de520de09d51,284f2f50-9e61-4759-b750-ea4d8a99caf3,b923b204-2e5f-463a-bb07-6bb73e6fc3b9,1633624251217,13.3940215,52.4796786,6.3494587,-0.72829175,0.84774685,0.090950966,on bike mount,cyclo cross,True,concrete plates,good
181827c6-a675-4238-8b16-de520de09d51,284f2f50-9e61-4759-b750-ea4d8a99caf3,154ccaed-b3ef-44b5-b680-03f60cf895a1,1633624251268,13.3940215,52.4796786,6.3494587,0.5090159,-2.9908204,-1.6470113,on bike mount,cyclo cross,True,concrete plates,good
181827c6-a675-4238-8b16-de520de09d51,284f2f50-9e61-4759-b750-ea4d8a99caf3,b3e40430-c888-46d3-adc5-2a156963922d,1633624251334,13.3940215,52.4796786,6.3494587,0.2517111,0.9439857,1.6667118,on bike mount,cyclo cross,True,concrete plates,good
181827c6-a675-4238-8b16-de520de09d51,284f2f50-9e61-4759-b750-ea4d8a99caf3,2de7ddbc-bd1c-464d-b135-281106154f1f,1633624251400,13.3940215,52.4796786,6.3494587,0.69373137,-2.7413387,-2.7090364,on bike mount,cyclo cross,True,concrete plates,good
181827c6-a675-4238-8b16-de520de09d51,284f2f50-9e61-4759-b750-ea4d8a99caf3,8cac35ba-eba5-4438-95c1-4ecef5f3fa21,1633624251451,13.3940215,52.4796786,6.3494587,0.0052667856,0.3999784,-0.6597309,on bike mount,cyclo cross,True,concrete plates,good
181827c6-a675-4238-8b16-de520de09d51,dc6b706d-6552-46d4-a226-b9b6fb5c7233,0a0769c4-acdd-4042-b168-ac4a06e6a9f3,1633624249480,13.3938766,52.4796234,6.4796524,-1.5039961,-0.9036231,-0.27800274,on bike mount,cyclo cross,True,concrete plates,good
181827c6-a675-4238-8b16-de520de09d51,dc6b706d-6552-46d4-a226-b9b6fb5c7233,c811d4af-caf3-4d5a-9fcd-d064f4edf711,1633624249546,13.3938766,52.4796234,6.4796524,2.0717494,1.9937904,-1.5558767,on bike mount,cyclo cross,True,concrete plates,good
181827c6-a675-4238-8b16-de520de09d51,dc6b706d-6552-46d4-a226-b9b6fb5c7233,d80a5674-641b-4438-8105-4d5be48fc7b3,1633624249600,13.3939483,52.4796519,6.351302,-1.7434928,-3.1755977,0.6360569,on bike mount,cyclo cross,True,concrete plates,good
181827c6-a675-4238-8b16-de520de09d51,dc6b706d-6552-46d4-a226-b9b6fb5c7233,6cd97e9e-0e44-43f1-83c3-f3dec200bb54,1633624249664,13.3939483,52.4796519,6.351302,-1.4460856,4.078889,-2.2712603,on bike mount,cyclo cross,True,concrete plates,good
181827c6-a675-4238-8b16-de520de09d51,dc6b706d-6552-46d4-a226-b9b6fb5c7233,b07b3ad5-b091-4f26-8d5f-eda04bb5c67e,1633624249729,13.3939483,52.4796519,6.351302,1.2745692,2.5695457,-3.6329703,on bike mount,cyclo cross,True,concrete plates,good
181827c6-a675-4238-8b16-de520de09d51,dc6b706d-6552-46d4-a226-b9b6fb5c7233,e8693bb6-ae3d-4900-9138-535fb780bb0b,1633624249780,13.3939483,52.4796519,6.351302,-0.9670629,1.362268,1.4588022,on bike mount,cyclo cross,True,concrete plates,good
181827c6-a675-4238-8b16-de520de09d51,dc6b706d-6552-46d4-a226-b9b6fb5c7233,3cba192c-d84a-4a9a-8674-f71c3e93403d,1633624249831,13.3939483,52.4796519,6.351302,1.7050887,-4.1793633,-1.4469147,on bike mount,cyclo cross,True,concrete plates,good
181827c6-a675-4238-8b16-de520de09d51,dc6b706d-6552-46d4-a226-b9b6fb5c7233,20585e31-5bd0-4071-9234-5caceab914ca,1633624249882,13.3939483,52.4796519,6.351302,-0.7722901,-1.7051812,-0.27378368,on bike mount,cyclo cross,True,concrete plates,good
181827c6-a675-4238-8b16-de520de09d51,dc6b706d-6552-46d4-a226-b9b6fb5c7233,b4591d7b-8f5c-42a0-b364-74d4092f50fe,1633624249946,13.3939483,52.4796519,6.351302,-0.5136131,-3.1502094,0.7980242,on bike mount,cyclo cross,True,concrete plates,good
181827c6-a675-4238-8b16-de520de09d51,dc6b706d-6552-46d4-a226-b9b6fb5c7233,878e49d6-7f09-4465-b614-215e801a61c7,1633624249997,13.3939483,52.4796519,6.351302,-0.5860793,-1.6483067,-1.533001,on bike mount,cyclo cross,True,concrete plates,good
181827c6-a675-4238-8b16-de520de09d51,dc6b706d-6552-46d4-a226-b9b6fb5c7233,a353f812-9d74-4bef-be0c-f7f35e7a3637,1633624250048,13.3939483,52.4796519,6.351302,-0.484681,0.49258494,0.19065571,on bike mount,cyclo cross,True,concrete plates,good
181827c6-a675-4238-8b16-de520de09d51,dc6b706d-6552-46d4-a226-b9b6fb5c7233,02e86cc4-b478-46f6-89eb-be1f9b602aca,1633624250097,13.3939483,52.4796519,6.351302,0.59667647,-0.81179833,3.2627106,on bike mount,cyclo cross,True,concrete plates,good
181827c6-a675-4238-8b16-de520de09d51,dc6b706d-6552-46d4-a226-b9b6fb5c7233,07ed2880-5650-47cd-b672-0228bcbc8817,1633624250148,13.3939483,52.4796519,6.351302,-1.6645764,0.9539571,-1.8611364,on bike mount,cyclo cross,True,concrete plates,good
181827c6-a675-4238-8b16-de520de09d51,dc6b706d-6552-46d4-a226-b9b6fb5c7233,e1329a97-68e1-4300-acf9-a3d9467fb59a,1633624250198,13.3939483,52.4796519,6.351302,0.07613894,-1.040766,-1.4626927,on bike mount,cyclo cross,True,concrete plates,good
181827c6-a675-4238-8b16-de520de09d51,dc6b706d-6552-46d4-a226-b9b6fb5c7233,e2a457f1-730b-4aaf-bdfb-0908f20ed41e,1633624250248,13.3939483,52.4796519,6.351302,-0.8001521,1.994998,0.5296259,on bike mount,cyclo cross,True,concrete plates,good
181827c6-a675-4238-8b16-de520de09d51,dc6b706d-6552-46d4-a226-b9b6fb5c7233,474cf9ff-5857-436c-807b-aa26b398cd4c,1633624250299,13.3939483,52.4796519,6.351302,-0.35701758,0.33594894,-0.13912296,on bike mount,cyclo cross,True,concrete plates,good
181827c6-a675-4238-8b16-de520de09d51,dc6b706d-6552-46d4-a226-b9b6fb5c7233,cbf9b6ab-60f9-433a-844b-cab932081bf4,1633624250364,13.3939483,52.4796519,6.351302,-0.0072543696,-0.31177688,0.47504997,on bike mount,cyclo cross,True,concrete plates,good
181827c6-a675-4238-8b16-de520de09d51,dc6b706d-6552-46d4-a226-b9b6fb5c7233,a208ea38-5768-4c21-b52e-8a60d5397def,1633624250414,13.3939483,52.4796519,6.351302,-0.60835016,-3.7401154,1.4307289,on bike mount,cyclo cross,True,concrete plates,good
181827c6-a675-4238-8b16-de520de09d51,dc6b706d-6552-46d4-a226-b9b6fb5c7233,adcd0d2d-d952-4a80-8614-2298cdb75f6b,1633624250465,13.3939483,52.4796519,6.351302,1.1136619,2.6590977,-2.334166,on bike mount,cyclo cross,True,concrete plates,good
181827c6-a675-4238-8b16-de520de09d51,dc6b706d-6552-46d4-a226-b9b6fb5c7233,e875a5e1-e9b7-4487-a793-8ada00fa29ba,1633624250516,13.3939483,52.4796519,6.351302,-2.520632,0.26886368,0.06433487,on bike mount,cyclo cross,True,concrete plates,good
181827c6-a675-4238-8b16-de520de09d51,dc6b706d-6552-46d4-a226-b9b6fb5c7233,e6f7fb86-6bfe-4129-9ad8-8cb2de0ce7d8,1633624250566,13.3940215,52.4796786,6.3494587,-0.6118349,-1.3195937,-0.6624632,on bike mount,cyclo cross,True,concrete plates,good
181827c6-a675-4238-8b16-de520de09d51,dc6b706d-6552-46d4-a226-b9b6fb5c7233,2fc70bce-6d9e-439c-9ed0-e743e402aa2f,1633624250616,13.3940215,52.4796786,6.3494587,-1.3613505,-7.185667,0.43830204,on bike mount,cyclo cross,True,concrete plates,good
181827c6-a675-4238-8b16-de520de09d51,dc6b706d-6552-46d4-a226-b9b6fb5c7233,e54f9e5a-a941-409e-ad28-c487576683c7,1633624250682,13.3940215,52.4796786,6.3494587,0.05845362,0.8418784,-2.877585,on bike mount,cyclo cross,True,concrete plates,good
181827c6-a675-4238-8b16-de520de09d51,dc6b706d-6552-46d4-a226-b9b6fb5c7233,35cf2de2-d361-4293-9625-0204395e4fdc,1633624250733,13.3940215,52.4796786,6.3494587,-1.2160115,-0.9147105,-4.4273615,on bike mount,cyclo cross,True,concrete plates,good
181827c6-a675-4238-8b16-de520de09d51,dc6b706d-6552-46d4-a226-b9b6fb5c7233,a4c4cac3-1f8f-46a8-a536-ba81596b83ce,1633624250799,13.3940215,52.4796786,6.3494587,0.52405477,-0.26115608,0.02618599,on bike mount,cyclo cross,True,concrete plates,good
181827c6-a675-4238-8b16-de520de09d51,dc6b706d-6552-46d4-a226-b9b6fb5c7233,088d8576-d511-40ab-b13f-64c9bc94187d,1633624250849,13.3940215,52.4796786,6.3494587,-0.36357558,-2.51487,4.973048,on bike mount,cyclo cross,True,concrete plates,good
181827c6-a675-4238-8b16-de520de09d51,dc6b706d-6552-46d4-a226-b9b6fb5c7233,23ea5908-5aba-4cf7-b04a-987bc07792a1,1633624250916,13.3940215,52.4796786,6.3494587,0.5917115,2.1248207,1.4230881,on bike mount,cyclo cross,True,concrete plates,good
181827c6-a675-4238-8b16-de520de09d51,dc6b706d-6552-46d4-a226-b9b6fb5c7233,3cdfefda-5d2c-475a-b652-3c4dce8c77a8,1633624250982,13.3940215,52.4796786,6.3494587,-0.3881328,1.3327851,-0.6656351,on bike mount,cyclo cross,True,concrete plates,good
181827c6-a675-4238-8b16-de520de09d51,dc6b706d-6552-46d4-a226-b9b6fb5c7233,13f5f45e-befe-476b-ba34-a9cf66bc908c,1633624251033,13.3940215,52.4796786,6.3494587,-0.14852324,1.3188949,1.8543806,on bike mount,cyclo cross,True,concrete plates,good
181827c6-a675-4238-8b16-de520de09d51,dc6b706d-6552-46d4-a226-b9b6fb5c7233,9d56384e-0b2c-4ba8-b95e-b7cc886d82a3,1633624251099,13.3940215,52.4796786,6.3494587,-0.2531852,-0.098670006,-4.847596,on bike mount,cyclo cross,True,concrete plates,good
181827c6-a675-4238-8b16-de520de09d51,dc6b706d-6552-46d4-a226-b9b6fb5c7233,e6166aba-bc1b-4162-9e33-3c3815263968,1633624251151,13.3940215,52.4796786,6.3494587,-0.980194,-1.2164943,-4.7977233,on bike mount,cyclo cross,True,concrete plates,good
181827c6-a675-4238-8b16-de520de09d51,dc6b706d-6552-46d4-a226-b9b6fb5c7233,e79cb4e2-679a-4953-9504-b78e930e72f3,1633624251217,13.3940215,52.4796786,6.3494587,-0.72829175,0.84774685,0.090950966,on bike mount,cyclo cross,True,concrete plates,good
181827c6-a675-4238-8b16-de520de09d51,dc6b706d-6552-46d4-a226-b9b6fb5c7233,212bc395-19b7-415a-974d-2e30e373f99f,1633624251268,13.3940215,52.4796786,6.3494587,0.5090159,-2.9908204,-1.6470113,on bike mount,cyclo cross,True,concrete plates,good
181827c6-a675-4238-8b16-de520de09d51,dc6b706d-6552-46d4-a226-b9b6fb5c7233,31f5b93a-f872-48c6-abb2-dab5898878a0,1633624251334,13.3940215,52.4796786,6.3494587,0.2517111,0.9439857,1.6667118,on bike mount,cyclo cross,True,concrete plates,good
181827c6-a675-4238-8b16-de520de09d51,dc6b706d-6552-46d4-a226-b9b6fb5c7233,64f1ca03-2abf-4ae1-9b42-ec26dcfd8910,1633624251384,13.3940215,52.4796786,6.3494587,-3.6378415,-0.8795011,-2.757266,on bike mount,cyclo cross,True,concrete plates,good
181827c6-a675-4238-8b16-de520de09d51,dc6b706d-6552-46d4-a226-b9b6fb5c7233,97835663-dd4e-499f-9a0f-4f2e2bc76150,1633624251435,13.3940215,52.4796786,6.3494587,-0.936708,-2.818172,3.0150356,on bike mount,cyclo cross,True,concrete plates,good
181827c6-a675-4238-8b16-de520de09d51,dc6b706d-6552-46d4-a226-b9b6fb5c7233,afe71769-aef4-40ea-8369-6d38e7ab1900,1633624251501,13.3940215,52.4796786,6.3494587,0.039432853,-1.7888062,0.47943306,on bike mount,cyclo cross,True,concrete plates,good
181827c6-a675-4238-8b16-de520de09d51,dc6b706d-6552-46d4-a226-b9b6fb5c7233,6b72677f-c2c7-4c57-8416-09e488151975,1633624251550,13.3940215,52.4796786,6.3494587,-0.277809,-1.0656339,-2.9860158,on bike mount,cyclo cross,True,concrete plates,good
181827c6-a675-4238-8b16-de520de09d51,dc6b706d-6552-46d4-a226-b9b6fb5c7233,58344d13-0938-414e-930a-4cc6b0f91f1b,1633624251600,13.3940967,52.4797039,6.4022117,-1.4426717,4.4257765,-1.6645327,on bike mount,cyclo cross,True,concrete plates,good
181827c6-a675-4238-8b16-de520de09d51,dc6b706d-6552-46d4-a226-b9b6fb5c7233,8347c1d9-fa20-4b2c-ab7b-eb5a908d58d9,1633624251651,13.3940967,52.4797039,6.4022117,1.2019452,-0.8038006,-3.2392716,on bike mount,cyclo cross,True,concrete plates,good
181827c6-a675-4238-8b16-de520de09d51,dc6b706d-6552-46d4-a226-b9b6fb5c7233,ede52385-1b00-472e-8c4e-77db78ccc6b0,1633624251701,13.3940967,52.4797039,6.4022117,-0.0043471605,-2.5637927,1.0456743,on bike mount,cyclo cross,True,concrete plates,good
181827c6-a675-4238-8b16-de520de09d51,dc6b706d-6552-46d4-a226-b9b6fb5c7233,d6136375-4166-4c1a-97cb-7e461792537e,1633624251751,13.3940967,52.4797039,6.4022117,0.0037852228,-0.89615536,1.6313267,on bike mount,cyclo cross,True,concrete plates,good
181827c6-a675-4238-8b16-de520de09d51,dc6b706d-6552-46d4-a226-b9b6fb5c7233,4796ab04-79ed-4e7a-bd0d-68be327a9dc8,1633624251801,13.3940967,52.4797039,6.4022117,0.36964583,0.4171996,0.49700737,on bike mount,cyclo cross,True,concrete plates,good
181827c6-a675-4238-8b16-de520de09d51,dc6b706d-6552-46d4-a226-b9b6fb5c7233,28f2a494-1dba-4d66-a0be-20851afdbf61,1633624251851,13.3940967,52.4797039,6.4022117,0.7587859,0.4386847,1.8391142,on bike mount,cyclo cross,True,concrete plates,good
181827c6-a675-4238-8b16-de520de09d51,dc6b706d-6552-46d4-a226-b9b6fb5c7233,9123321c-35bb-45a4-ab01-5efd74c2c85f,1633624251903,13.3940967,52.4797039,6.4022117,0.2238467,1.3401911,-2.444272,on bike mount,cyclo cross,True,concrete plates,good
181827c6-a675-4238-8b16-de520de09d51,dc6b706d-6552-46d4-a226-b9b6fb5c7233,d51c166d-bad1-4f2d-a4a8-5f00c8008af1,1633624251968,13.3940967,52.4797039,6.4022117,0.6106479,-8.720623,4.9231005,on bike mount,cyclo cross,True,concrete plates,good
181827c6-a675-4238-8b16-de520de09d51,dc6b706d-6552-46d4-a226-b9b6fb5c7233,4d5e7511-bba8-45cd-9645-5a8743b37459,1633624252018,13.3940967,52.4797039,6.4022117,-1.134973,-3.1501455,0.1377697,on bike mount,cyclo cross,True,concrete plates,good
181827c6-a675-4238-8b16-de520de09d51,dc6b706d-6552-46d4-a226-b9b6fb5c7233,42533d37-d6c3-44e0-a715-5887ea6ca6a9,1633624252068,13.3940967,52.4797039,6.4022117,1.1911385,-1.4111887,-1.9304266,on bike mount,cyclo cross,True,concrete plates,good
181827c6-a675-4238-8b16-de520de09d51,dc6b706d-6552-46d4-a226-b9b6fb5c7233,4196d297-63e8-4de6-aed4-43c119351adb,1633624252118,13.3940967,52.4797039,6.4022117,0.06728691,1.4441116,0.34756374,on bike mount,cyclo cross,True,concrete plates,good
181827c6-a675-4238-8b16-de520de09d51,dc6b706d-6552-46d4-a226-b9b6fb5c7233,f552e62f-75f6-4f93-a66d-f9e68d2103ee,1633624252169,13.3940967,52.4797039,6.4022117,-2.4040847,-4.953308,2.4032726,on bike mount,cyclo cross,True,concrete plates,good
181827c6-a675-4238-8b16-de520de09d51,dc6b706d-6552-46d4-a226-b9b6fb5c7233,5c000f87-f0ce-49c6-a805-2a3030a44489,1633624252236,13.3940967,52.4797039,6.4022117,-1.6602287,0.07571888,0.49812698,on bike mount,cyclo cross,True,concrete plates,good
181827c6-a675-4238-8b16-de520de09d51,dc6b706d-6552-46d4-a226-b9b6fb5c7233,fcac8a11-a517-48a1-a07a-4ee02110a8ce,1633624252286,13.3940967,52.4797039,6.4022117,-0.24547108,-1.1493286,0.8320484,on bike mount,cyclo cross,True,concrete plates,good
181827c6-a675-4238-8b16-de520de09d51,dc6b706d-6552-46d4-a226-b9b6fb5c7233,ecbc98f1-6666-491e-bd61-05aed4799b36,1633624252353,13.3940967,52.4797039,6.4022117,-1.5280769,-7.702422,4.8678493,on bike mount,cyclo cross,True,concrete plates,good
181827c6-a675-4238-8b16-de520de09d51,dc6b706d-6552-46d4-a226-b9b6fb5c7233,4a030602-a959-4212-b10a-6f0000d64311,1633624252419,13.3940967,52.4797039,6.4022117,1.8133973,0.3054893,-0.7845831,on bike mount,cyclo cross,True,concrete plates,good
181827c6-a675-4238-8b16-de520de09d51,dc6b706d-6552-46d4-a226-b9b6fb5c7233,f195dba2-a8e1-433e-abb2-59a152a9432f,1633624252470,13.3940967,52.4797039,6.4022117,-0.64122266,-2.5150888,1.6222582,on bike mount,cyclo cross,True,concrete plates,good
181827c6-a675-4238-8b16-de520de09d51,dc6b706d-6552-46d4-a226-b9b6fb5c7233,9e161975-74a8-419f-aeec-fe844df245b0,1633624252521,13.3940967,52.4797039,6.4022117,-0.1730596,4.5149107,-1.9821763,on bike mount,cyclo cross,True,concrete plates,good
181827c6-a675-4238-8b16-de520de09d51,dc6b706d-6552-46d4-a226-b9b6fb5c7233,03376fbb-2820-4c3f-b57b-7565a2bed5cd,1633624252585,13.3941729,52.4797306,6.4480467,-0.42889717,0.33446836,-2.0336666,on bike mount,cyclo cross,True,concrete plates,good
181827c6-a675-4238-8b16-de520de09d51,dc6b706d-6552-46d4-a226-b9b6fb5c7233,524854e9-ffe6-4176-8f66-74bfa5beb651,1633624252635,13.3941729,52.4797306,6.4480467,0.043560743,-1.2224511,0.6741209,on bike mount,cyclo cross,True,concrete plates,good
181827c6-a675-4238-8b16-de520de09d51,dc6b706d-6552-46d4-a226-b9b6fb5c7233,b1bc4737-184a-4724-abd7-c1df2119c201,1633624252685,13.3941729,52.4797306,6.4480467,-0.23420614,1.7658966,0.71618176,on bike mount,cyclo cross,True,concrete plates,good
181827c6-a675-4238-8b16-de520de09d51,dc6b706d-6552-46d4-a226-b9b6fb5c7233,304f3af0-2faa-491f-bd9d-3726eeacee3c,1633624252736,13.3941729,52.4797306,6.4480467,-1.6528232,-0.40735745,-0.19210243,on bike mount,cyclo cross,True,concrete plates,good
181827c6-a675-4238-8b16-de520de09d51,dc6b706d-6552-46d4-a226-b9b6fb5c7233,15610b9b-46d4-44c4-8773-12f7aac0c2b1,1633624252786,13.3941729,52.4797306,6.4480467,0.69541496,0.6169982,-1.5128365,on bike mount,cyclo cross,True,concrete plates,good
181827c6-a675-4238-8b16-de520de09d51,dc6b706d-6552-46d4-a226-b9b6fb5c7233,882e6361-f4b9-43e4-b52c-1bf6ef0996ca,1633624252837,13.3941729,52.4797306,6.4480467,-0.6530236,-0.18591547,1.1043959,on bike mount,cyclo cross,True,concrete plates,good
181827c6-a675-4238-8b16-de520de09d51,dc6b706d-6552-46d4-a226-b9b6fb5c7233,dd950648-36bc-463f-88ca-b2c758be44bd,1633624252887,13.3941729,52.4797306,6.4480467,0.7307543,-4.209092,7.1192513,on bike mount,cyclo cross,True,concrete plates,good
181827c6-a675-4238-8b16-de520de09d51,dc6b706d-6552-46d4-a226-b9b6fb5c7233,53731ee5-a693-4b14-962e-16e39fb419c5,1633624252938,13.3941729,52.4797306,6.4480467,-0.5195334,6.5808315,-4.81209,on bike mount,cyclo cross,True,concrete plates,good
181827c6-a675-4238-8b16-de520de09d51,dc6b706d-6552-46d4-a226-b9b6fb5c7233,d7debd46-c322-4258-8248-c0eec539a59b,1633624253003,13.3941729,52.4797306,6.4480467,-0.96419525,0.82017803,-3.1332746,on bike mount,cyclo cross,True,concrete plates,good
181827c6-a675-4238-8b16-de520de09d51,dc6b706d-6552-46d4-a226-b9b6fb5c7233,9a0f4ff2-591a-4219-bb6e-64b49bcb4e34,1633624253054,13.3941729,52.4797306,6.4480467,0.8990099,2.5684905,-1.0435791,on bike mount,cyclo cross,True,concrete plates,good
181827c6-a675-4238-8b16-de520de09d51,dc6b706d-6552-46d4-a226-b9b6fb5c7233,d26fc955-e1af-4bb3-89c4-8936c4c483f4,1633624253105,13.3941729,52.4797306,6.4480467,-0.60055333,-4.611706,-1.949676,on bike mount,cyclo cross,True,concrete plates,good
181827c6-a675-4238-8b16-de520de09d51,dc6b706d-6552-46d4-a226-b9b6fb5c7233,ecd38697-e6bb-4970-a7a7-51d62ddc5b4b,1633624253170,13.3941729,52.4797306,6.4480467,0.30407894,1.710511,-1.2974515,on bike mount,cyclo cross,True,concrete plates,good
181827c6-a675-4238-8b16-de520de09d51,dc6b706d-6552-46d4-a226-b9b6fb5c7233,3d3c1e53-1065-47a7-9ba7-a4c22eb07eee,1633624253222,13.3941729,52.4797306,6.4480467,-0.746512,-2.1357636,1.9450359,on bike mount,cyclo cross,True,concrete plates,good
181827c6-a675-4238-8b16-de520de09d51,dc6b706d-6552-46d4-a226-b9b6fb5c7233,a4e9dfe4-80b4-4bbe-aecf-0dfdf58a8853,1633624253287,13.3941729,52.4797306,6.4480467,0.17366722,0.9502013,-0.87907314,on bike mount,cyclo cross,True,concrete plates,good
181827c6-a675-4238-8b16-de520de09d51,dc6b706d-6552-46d4-a226-b9b6fb5c7233,9c9b1abf-e6e9-4b7f-9780-082be05444d8,1633624253338,13.3941729,52.4797306,6.4480467,-2.4009275,-0.8601899,0.33711243,on bike mount,cyclo cross,True,concrete plates,good
181827c6-a675-4238-8b16-de520de09d51,dc6b706d-6552-46d4-a226-b9b6fb5c7233,cf6c2f38-0fb6-4459-86d8-6242c2df09b1,1633624253390,13.3941729,52.4797306,6.4480467,-0.08302659,2.1631432,1.9858437,on bike mount,cyclo cross,True,concrete plates,good
181827c6-a675-4238-8b16-de520de09d51,dc6b706d-6552-46d4-a226-b9b6fb5c7233,b183adc4-ea1f-44a5-a29a-cdf4b04a4bf2,1633624253440,13.3941729,52.4797306,6.4480467,-0.39738858,-3.0050764,1.2746038,on bike mount,cyclo cross,True,concrete plates,good
181827c6-a675-4238-8b16-de520de09d51,dc6b706d-6552-46d4-a226-b9b6fb5c7233,509a0469-68f1-497a-bced-570eef622cd3,1633624253505,13.3941729,52.4797306,6.4480467,0.3667487,0.74996567,-0.5489998,on bike mount,cyclo cross,True,concrete plates,good
181827c6-a675-4238-8b16-de520de09d51,dc6b706d-6552-46d4-a226-b9b6fb5c7233,9903499a-7363-49a2-b9b9-dce48fcbebf7,1633624253572,13.3942467,52.4797606,6.5984783,-0.71948934,-0.33384967,1.1567945,on bike mount,cyclo cross,True,concrete plates,good
181827c6-a675-4238-8b16-de520de09d51,dc6b706d-6552-46d4-a226-b9b6fb5c7233,2613d573-6ed6-4208-9319-8270d3f63a8e,1633624253621,13.3942467,52.4797606,6.5984783,0.5442274,-2.057372,2.974657,on bike mount,cyclo cross,True,concrete plates,good
181827c6-a675-4238-8b16-de520de09d51,dc6b706d-6552-46d4-a226-b9b6fb5c7233,7d5e2851-1bcc-4d0c-a5a0-a11e5c3da1f0,1633624253672,13.3942467,52.4797606,6.5984783,-1.3814505,1.1283956,1.641098,on bike mount,cyclo cross,True,concrete plates,good
181827c6-a675-4238-8b16-de520de09d51,dc6b706d-6552-46d4-a226-b9b6fb5c7233,755a8a9a-4571-4a78-9773-a9312dde4cb6,1633624253722,13.3942467,52.4797606,6.5984783,0.45499223,0.33527517,-2.5274873,on bike mount,cyclo cross,True,concrete plates,good
181827c6-a675-4238-8b16-de520de09d51,dc6b706d-6552-46d4-a226-b9b6fb5c7233,d0ec125c-a1b0-4d88-b508-5c077b1d1e38,1633624253771,13.3942467,52.4797606,6.5984783,0.056946635,-2.4257305,-0.5957928,on bike mount,cyclo cross,True,concrete plates,good
181827c6-a675-4238-8b16-de520de09d51,dc6b706d-6552-46d4-a226-b9b6fb5c7233,6e9b3120-f914-43a8-96f7-b384dbe4aaa2,1633624253823,13.3942467,52.4797606,6.5984783,-2.3350496,0.29208446,1.6437254,on bike mount,cyclo cross,True,concrete plates,good
181827c6-a675-4238-8b16-de520de09d51,dc6b706d-6552-46d4-a226-b9b6fb5c7233,c29396d3-b7c7-4c2d-9885-1e38c9c8dc74,1633624253888,13.3942467,52.4797606,6.5984783,2.0120692,0.68323517,2.208313,on bike mount,cyclo cross,True,concrete plates,good
181827c6-a675-4238-8b16-de520de09d51,dc6b706d-6552-46d4-a226-b9b6fb5c7233,c88266bf-b30d-409c-9114-5ccbe6af4fca,1633624253939,13.3942467,52.4797606,6.5984783,-0.541622,-0.23616624,1.4283676,on bike mount,cyclo cross,True,concrete plates,good
181827c6-a675-4238-8b16-de520de09d51,dc6b706d-6552-46d4-a226-b9b6fb5c7233,395e4bbe-c5f1-4307-a514-fc0f7044cbb9,1633624253990,13.3942467,52.4797606,6.5984783,0.6602686,1.1390333,1.3858986,on bike mount,cyclo cross,True,concrete plates,good
181827c6-a675-4238-8b16-de520de09d51,dc6b706d-6552-46d4-a226-b9b6fb5c7233,d9e2c8d8-85ac-4ec2-97df-ac69ed2377d6,1633624254040,13.3942467,52.4797606,6.5984783,0.4548326,0.6283498,1.5516119,on bike mount,cyclo cross,True,concrete plates,good
181827c6-a675-4238-8b16-de520de09d51,dc6b706d-6552-46d4-a226-b9b6fb5c7233,481fea87-e4c2-44cb-9e9f-6ad03b8f6161,1633624254105,13.3942467,52.4797606,6.5984783,-0.10134849,-0.9543512,3.2983418,on bike mount,cyclo cross,True,concrete plates,good
181827c6-a675-4238-8b16-de520de09d51,dc6b706d-6552-46d4-a226-b9b6fb5c7233,d06fb499-889a-4965-8549-9f094d9a8c54,1633624254155,13.3942467,52.4797606,6.5984783,0.8275094,-1.3733898,-1.8986974,on bike mount,cyclo cross,True,concrete plates,good
181827c6-a675-4238-8b16-de520de09d51,dc6b706d-6552-46d4-a226-b9b6fb5c7233,4fafc987-1b5e-4ff5-b931-32d20c7ad2db,1633624254205,13.3942467,52.4797606,6.5984783,1.2201476,1.8698435,0.59831905,on bike mount,cyclo cross,True,concrete plates,good
181827c6-a675-4238-8b16-de520de09d51,dc6b706d-6552-46d4-a226-b9b6fb5c7233,9ff47f10-02c6-475d-8bd0-9719703db1ef,1633624254256,13.3942467,52.4797606,6.5984783,-1.2565889,-3.874822,1.506566,on bike mount,cyclo cross,True,concrete plates,good
181827c6-a675-4238-8b16-de520de09d51,dc6b706d-6552-46d4-a226-b9b6fb5c7233,447b83d5-e8a8-4ac7-a1c7-90f551a0979c,1633624254307,13.3942467,52.4797606,6.5984783,-0.27389824,-4.572875,4.686263,on bike mount,cyclo cross,True,concrete plates,good
181827c6-a675-4238-8b16-de520de09d51,dc6b706d-6552-46d4-a226-b9b6fb5c7233,fbacd381-9082-4b41-84b3-4a177dac99a1,1633624254357,13.3942467,52.4797606,6.5984783,0.32373092,-1.758124,-1.980351,on bike mount,cyclo cross,True,concrete plates,good
181827c6-a675-4238-8b16-de520de09d51,dc6b706d-6552-46d4-a226-b9b6fb5c7233,6ddc294d-e7f0-40d9-bc2d-608dd40f87e4,1633624254407,13.3942467,52.4797606,6.5984783,0.64223665,1.2733915,-1.358387,on bike mount,cyclo cross,True,concrete plates,good
181827c6-a675-4238-8b16-de520de09d51,dc6b706d-6552-46d4-a226-b9b6fb5c7233,12a3fb6d-5989-4a4d-bcd3-5dba7de8b64d,1633624254456,13.3942467,52.4797606,6.5984783,0.31504023,2.1142492,-2.9617,on bike mount,cyclo cross,True,concrete plates,good
181827c6-a675-4238-8b16-de520de09d51,dc6b706d-6552-46d4-a226-b9b6fb5c7233,3ac60773-65fb-47b6-86d3-a34e9db7ea61,1633624254507,13.3942467,52.4797606,6.5984783,1.2185775,-2.7953475,0.82761097,on bike mount,cyclo cross,True,concrete plates,good
181827c6-a675-4238-8b16-de520de09d51,dc6b706d-6552-46d4-a226-b9b6fb5c7233,64b6cfd8-3eee-4622-8527-671e37132633,1633624254558,13.3943241,52.4797894,6.2307324,0.5626227,0.9241793,1.1472435,on bike mount,cyclo cross,True,concrete plates,good
181827c6-a675-4238-8b16-de520de09d51,dc6b706d-6552-46d4-a226-b9b6fb5c7233,02afe6a1-0cdc-4e14-bc79-0735c4a2906f,1633624254611,13.3943241,52.4797894,6.2307324,-0.43689236,3.7876706,1.6678762,on bike mount,cyclo cross,True,concrete plates,good
181827c6-a675-4238-8b16-de520de09d51,dc6b706d-6552-46d4-a226-b9b6fb5c7233,cb0fb70a-4228-453b-9cec-ad47232dd72b,1633624254674,13.3943241,52.4797894,6.2307324,0.45151237,-3.5290813,2.6045313,on bike mount,cyclo cross,True,concrete plates,good
181827c6-a675-4238-8b16-de520de09d51,dc6b706d-6552-46d4-a226-b9b6fb5c7233,ed576ba3-36fc-45fc-9af9-ac85dc1ccd41,1633624254724,13.3943241,52.4797894,6.2307324,-0.86793923,0.0811224,0.83950424,on bike mount,cyclo cross,True,concrete plates,good
181827c6-a675-4238-8b16-de520de09d51,dc6b706d-6552-46d4-a226-b9b6fb5c7233,9798a292-6fdc-4e0e-aac7-56e6223fa61a,1633624254775,13.3943241,52.4797894,6.2307324,0.031954896,-0.75579715,1.2518282,on bike mount,cyclo cross,True,concrete plates,good
181827c6-a675-4238-8b16-de520de09d51,dc6b706d-6552-46d4-a226-b9b6fb5c7233,9cb06a84-7fe8-40ee-a763-0c0e298914db,1633624254842,13.3943241,52.4797894,6.2307324,-0.22347078,-2.2575052,-1.5356102,on bike mount,cyclo cross,True,concrete plates,good
181827c6-a675-4238-8b16-de520de09d51,dc6b706d-6552-46d4-a226-b9b6fb5c7233,4814b483-86da-4606-bd9f-b37413fbbd63,1633624254908,13.3943241,52.4797894,6.2307324,-0.052660927,-0.3034916,-0.89051056,on bike mount,cyclo cross,True,concrete plates,good
181827c6-a675-4238-8b16-de520de09d51,dc6b706d-6552-46d4-a226-b9b6fb5c7233,3fdf01ba-e517-47fe-9cd1-f2bfa645c530,1633624254959,13.3943241,52.4797894,6.2307324,-0.7813477,-5.048605,-0.48334026,on bike mount,cyclo cross,True,concrete plates,good
181827c6-a675-4238-8b16-de520de09d51,dc6b706d-6552-46d4-a226-b9b6fb5c7233,874cc171-c4be-4481-9d10-070283a9dabf,1633624255009,13.3943241,52.4797894,6.2307324,-0.06842938,-1.4864014,0.55004025,on bike mount,cyclo cross,True,concrete plates,good
181827c6-a675-4238-8b16-de520de09d51,dc6b706d-6552-46d4-a226-b9b6fb5c7233,259d6b7e-c1a6-4f86-b59b-15c98f3c115d,1633624255058,13.3943241,52.4797894,6.2307324,0.2579931,-1.3882265,-0.12515926,on bike mount,cyclo cross,True,concrete plates,good
181827c6-a675-4238-8b16-de520de09d51,dc6b706d-6552-46d4-a226-b9b6fb5c7233,bcfd4c71-1df9-42ef-bb12-64898a7d0fb6,1633624255109,13.3943241,52.4797894,6.2307324,0.5710989,-0.25207925,0.36228848,on bike mount,cyclo cross,True,concrete plates,good
181827c6-a675-4238-8b16-de520de09d51,dc6b706d-6552-46d4-a226-b9b6fb5c7233,6680faa2-3f09-4af0-b812-fa92ccc74c14,1633624255160,13.3943241,52.4797894,6.2307324,-0.94329834,1.1225657,0.40674973,on bike mount,cyclo cross,True,concrete plates,good
181827c6-a675-4238-8b16-de520de09d51,dc6b706d-6552-46d4-a226-b9b6fb5c7233,0e9b587a-b4e4-417e-970a-12ec71fedb20,1633624255224,13.3943241,52.4797894,6.2307324,0.19804847,-0.28995228,-0.8943672,on bike mount,cyclo cross,True,concrete plates,good
181827c6-a675-4238-8b16-de520de09d51,dc6b706d-6552-46d4-a226-b9b6fb5c7233,978fbc3f-3844-43db-a968-ea0a36ac216c,1633624255275,13.3943241,52.4797894,6.2307324,0.2139031,-0.38571167,0.6938505,on bike mount,cyclo cross,True,concrete plates,good
181827c6-a675-4238-8b16-de520de09d51,dc6b706d-6552-46d4-a226-b9b6fb5c7233,76b57f90-45ac-4443-a274-2ad2f6218902,1633624255325,13.3943241,52.4797894,6.2307324,0.41228306,-3.1701822,3.519102,on bike mount,cyclo cross,True,concrete plates,good
181827c6-a675-4238-8b16-de520de09d51,dc6b706d-6552-46d4-a226-b9b6fb5c7233,0f1a3922-ad47-4c0e-8f3c-9f5d67b75ee9,1633624255376,13.3943241,52.4797894,6.2307324,-1.183434,0.1541071,-0.24899006,on bike mount,cyclo cross,True,concrete plates,good
181827c6-a675-4238-8b16-de520de09d51,dc6b706d-6552-46d4-a226-b9b6fb5c7233,4d95b2b4-1eb0-441e-9669-cd503eecf20a,1633624255426,13.3943241,52.4797894,6.2307324,0.9424464,-1.5447417,0.35783768,on bike mount,cyclo cross,True,concrete plates,good
181827c6-a675-4238-8b16-de520de09d51,dc6b706d-6552-46d4-a226-b9b6fb5c7233,3c275c43-c9b6-4a58-a964-ebf894b0339d,1633624255476,13.3943241,52.4797894,6.2307324,-0.35222208,0.14472222,2.8924007,on bike mount,cyclo cross,True,concrete plates,good
181827c6-a675-4238-8b16-de520de09d51,dc6b706d-6552-46d4-a226-b9b6fb5c7233,12ae7a4b-53fc-4236-8479-dcb4d8dea377,1633624255526,13.3943241,52.4797894,6.2307324,-0.34258592,-0.91748476,-1.9557676,on bike mount,cyclo cross,True,concrete plates,good
181827c6-a675-4238-8b16-de520de09d51,dc6b706d-6552-46d4-a226-b9b6fb5c7233,56ade7fe-b110-4d54-bcad-3c82da187ca8,1633624255576,13.3944009,52.4798183,6.5005746,-0.28550887,2.0258274,0.2273531,on bike mount,cyclo cross,True,concrete plates,good
181827c6-a675-4238-8b16-de520de09d51,dc6b706d-6552-46d4-a226-b9b6fb5c7233,1c377c91-72e5-49be-8daa-f397b7b6b3f2,1633624255642,13.3944009,52.4798183,6.5005746,0.6192903,0.8663602,-1.7282295,on bike mount,cyclo cross,True,concrete plates,good
181827c6-a675-4238-8b16-de520de09d51,dc6b706d-6552-46d4-a226-b9b6fb5c7233,da35e8f2-6bf9-4727-8242-5adcfdb2cfec,1633624255694,13.3944009,52.4798183,6.5005746,0.43791693,1.1015656,1.0858221,on bike mount,cyclo cross,True,concrete plates,good
181827c6-a675-4238-8b16-de520de09d51,dc6b706d-6552-46d4-a226-b9b6fb5c7233,37623ede-094a-4387-8e6e-bc504b8b013e,1633624255743,13.3944009,52.4798183,6.5005746,0.037522733,-3.45179,-3.7732358,on bike mount,cyclo cross,True,concrete plates,good
181827c6-a675-4238-8b16-de520de09d51,dc6b706d-6552-46d4-a226-b9b6fb5c7233,590ee597-1227-4a92-8d4d-315d0660033a,1633624255794,13.3944009,52.4798183,6.5005746,-0.3560652,-3.171228,-1.6151218,on bike mount,cyclo cross,True,concrete plates,good
181827c6-a675-4238-8b16-de520de09d51,dc6b706d-6552-46d4-a226-b9b6fb5c7233,daf91869-375a-41f4-8065-7389ca64e2a0,1633624255860,13.3944009,52.4798183,6.5005746,-0.51403314,1.2117484,-0.7030201,on bike mount,cyclo cross,True,concrete plates,good
181827c6-a675-4238-8b16-de520de09d51,dc6b706d-6552-46d4-a226-b9b6fb5c7233,bc6ee452-d11b-4973-bfec-4ad3f409f92e,1633624255911,13.3944009,52.4798183,6.5005746,-1.0491061,2.879996,0.0009317398,on bike mount,cyclo cross,True,concrete plates,good
181827c6-a675-4238-8b16-de520de09d51,dc6b706d-6552-46d4-a226-b9b6fb5c7233,5c14b393-ecd5-4e94-b47f-bb1c3f47e3d9,1633624255960,13.3944009,52.4798183,6.5005746,0.8917178,-1.8375204,0.63065624,on bike mount,cyclo cross,True,concrete plates,good
181827c6-a675-4238-8b16-de520de09d51,dc6b706d-6552-46d4-a226-b9b6fb5c7233,e57c8fa0-f0ee-4271-a461-1de68eceacd0,1633624256011,13.3944009,52.4798183,6.5005746,1.1259527,2.4952288,-2.0377321,on bike mount,cyclo cross,True,concrete plates,good
181827c6-a675-4238-8b16-de520de09d51,dc6b706d-6552-46d4-a226-b9b6fb5c7233,832bf0d3-a488-48cc-8855-a7b38e911884,1633624256062,13.3944009,52.4798183,6.5005746,-1.0135888,0.5133083,0.8877077,on bike mount,cyclo cross,True,concrete plates,good
181827c6-a675-4238-8b16-de520de09d51,dc6b706d-6552-46d4-a226-b9b6fb5c7233,92cdb90d-1c96-4a29-b6f8-8150042a78db,1633624256111,13.3944009,52.4798183,6.5005746,-0.78446645,-2.4013433,1.6816416,on bike mount,cyclo cross,True,concrete plates,good
181827c6-a675-4238-8b16-de520de09d51,dc6b706d-6552-46d4-a226-b9b6fb5c7233,2c31e44a-ee30-4939-aff9-4af6b5f2f4a9,1633624256161,13.3944009,52.4798183,6.5005746,1.0631111,-1.5734551,1.4556017,on bike mount,cyclo cross,True,concrete plates,good
181827c6-a675-4238-8b16-de520de09d51,dc6b706d-6552-46d4-a226-b9b6fb5c7233,90abec21-89f9-41da-90c8-c255c14ff569,1633624256212,13.3944009,52.4798183,6.5005746,0.29073143,-0.66577387,2.515585,on bike mount,cyclo cross,True,concrete plates,good
181827c6-a675-4238-8b16-de520de09d51,dc6b706d-6552-46d4-a226-b9b6fb5c7233,526a9c81-a89d-4114-b2ce-795b6c849b88,1633624256277,13.3944009,52.4798183,6.5005746,-0.45519236,1.0294981,0.36735916,on bike mount,cyclo cross,True,concrete plates,good
181827c6-a675-4238-8b16-de520de09d51,dc6b706d-6552-46d4-a226-b9b6fb5c7233,3f655780-5818-4b13-b4cc-7c43bb158554,1633624256328,13.3944009,52.4798183,6.5005746,1.412101,-3.1939569,0.74508,on bike mount,cyclo cross,True,concrete plates,good
181827c6-a675-4238-8b16-de520de09d51,dc6b706d-6552-46d4-a226-b9b6fb5c7233,e02af037-d974-405d-9f86-623cb131735a,1633624256379,13.3944009,52.4798183,6.5005746,-0.0524337,3.0813112,0.011123657,on bike mount,cyclo cross,True,concrete plates,good
181827c6-a675-4238-8b16-de520de09d51,dc6b706d-6552-46d4-a226-b9b6fb5c7233,76d1af9d-9b9b-429b-8620-d5844eded496,1633624256429,13.3944009,52.4798183,6.5005746,-0.61828095,-0.14979124,0.45784378,on bike mount,cyclo cross,True,concrete plates,good
181827c6-a675-4238-8b16-de520de09d51,dc6b706d-6552-46d4-a226-b9b6fb5c7233,4cb65cb3-2402-4ce4-aa59-c8cb1b612108,1633624256495,13.3944009,52.4798183,6.5005746,0.32096526,-0.96703315,-0.552104,on bike mount,cyclo cross,True,concrete plates,good
181827c6-a675-4238-8b16-de520de09d51,dc6b706d-6552-46d4-a226-b9b6fb5c7233,e7c86226-a9e9-4d4c-a248-bad537301bc9,1633624256545,13.3944009,52.4798183,6.5005746,1.5592394,-2.6289945,3.1237411,on bike mount,cyclo cross,True,concrete plates,good
181827c6-a675-4238-8b16-de520de09d51,dc6b706d-6552-46d4-a226-b9b6fb5c7233,25793cae-00ff-45b4-8020-9abc979e876c,1633624256595,13.3944851,52.479848,6.5241656,-0.5327701,-3.914615,0.57996655,on bike mount,cyclo cross,True,concrete plates,good
181827c6-a675-4238-8b16-de520de09d51,dc6b706d-6552-46d4-a226-b9b6fb5c7233,fd775535-e7dc-4b4f-89c6-97f0f2eaab82,1633624256646,13.3944851,52.479848,6.5241656,1.300263,3.0809517,-2.7696424,on bike mount,cyclo cross,True,concrete plates,good
181827c6-a675-4238-8b16-de520de09d51,dc6b706d-6552-46d4-a226-b9b6fb5c7233,384311c6-9330-486a-be2e-43bdc7ffd6d8,1633624256712,13.3944851,52.479848,6.5241656,-1.651714,2.1710575,-3.260665,on bike mount,cyclo cross,True,concrete plates,good
181827c6-a675-4238-8b16-de520de09d51,dc6b706d-6552-46d4-a226-b9b6fb5c7233,a2649ea6-d9f2-42a0-8c24-38f86800a071,1633624256778,13.3944851,52.479848,6.5241656,0.9543617,2.354032,-1.5980511,on bike mount,cyclo cross,True,concrete plates,good
181827c6-a675-4238-8b16-de520de09d51,dc6b706d-6552-46d4-a226-b9b6fb5c7233,4e48f541-9839-464d-9ac4-b3cd3b4371ea,1633624256829,13.3944851,52.479848,6.5241656,-0.68998754,-0.98025703,-3.2014723,on bike mount,cyclo cross,True,concrete plates,good
181827c6-a675-4238-8b16-de520de09d51,dc6b706d-6552-46d4-a226-b9b6fb5c7233,b9f9894b-b62f-41e5-bcfb-6b63a4f9b188,1633624256895,13.3944851,52.479848,6.5241656,0.56899446,4.231582,-2.1190438,on bike mount,cyclo cross,True,concrete plates,good
181827c6-a675-4238-8b16-de520de09d51,dc6b706d-6552-46d4-a226-b9b6fb5c7233,b1021f23-b70d-46d9-8df7-08a27ddaf9bf,1633624256946,13.3944851,52.479848,6.5241656,-2.731503,1.765079,-2.9677172,on bike mount,cyclo cross,True,concrete plates,good
181827c6-a675-4238-8b16-de520de09d51,dc6b706d-6552-46d4-a226-b9b6fb5c7233,e0724264-9759-4019-9600-fcd0e50e6d0e,1633624257014,13.3944851,52.479848,6.5241656,1.0371099,-1.038099,-5.793023,on bike mount,cyclo cross,True,concrete plates,good
181827c6-a675-4238-8b16-de520de09d51,dc6b706d-6552-46d4-a226-b9b6fb5c7233,dcb40cbd-5474-4025-8c50-7c80be39a8ae,1633624257063,13.3944851,52.479848,6.5241656,0.31645542,1.3565235,1.1777296,on bike mount,cyclo cross,True,concrete plates,good
181827c6-a675-4238-8b16-de520de09d51,dc6b706d-6552-46d4-a226-b9b6fb5c7233,88ca97a3-bd4f-49f0-87ca-2621fa9a1a5b,1633624257113,13.3944851,52.479848,6.5241656,0.1609968,-1.8400474,2.3116102,on bike mount,cyclo cross,True,concrete plates,good
181827c6-a675-4238-8b16-de520de09d51,dc6b706d-6552-46d4-a226-b9b6fb5c7233,afc357ff-fde8-439b-83bd-3ae137838d75,1633624257164,13.3944851,52.479848,6.5241656,-1.4905509,1.6792688,0.36403465,on bike mount,cyclo cross,True,concrete plates,good
181827c6-a675-4238-8b16-de520de09d51,dc6b706d-6552-46d4-a226-b9b6fb5c7233,043602b6-3eaf-49df-918a-491075d8643f,1633624257214,13.3944851,52.479848,6.5241656,0.26493305,-2.1127799,2.799286,on bike mount,cyclo cross,True,concrete plates,good
181827c6-a675-4238-8b16-de520de09d51,dc6b706d-6552-46d4-a226-b9b6fb5c7233,6c4df579-b1df-46e2-978b-de34d7967666,1633624257280,13.3944851,52.479848,6.5241656,-0.15505502,1.9167309,0.9840822,on bike mount,cyclo cross,True,concrete plates,good
181827c6-a675-4238-8b16-de520de09d51,dc6b706d-6552-46d4-a226-b9b6fb5c7233,a7cfeaa7-0436-42f7-bf98-5bdc29b96128,1633624257330,13.3944851,52.479848,6.5241656,0.18825915,-0.5060849,1.2482643,on bike mount,cyclo cross,True,concrete plates,good
181827c6-a675-4238-8b16-de520de09d51,dc6b706d-6552-46d4-a226-b9b6fb5c7233,9505199d-92cf-44ba-8ec2-183288c5c167,1633624257380,13.3944851,52.479848,6.5241656,-0.0047228485,0.5098977,-1.879664,on bike mount,cyclo cross,True,concrete plates,good
181827c6-a675-4238-8b16-de520de09d51,dc6b706d-6552-46d4-a226-b9b6fb5c7233,8639f073-7e81-4d90-b60a-2dbad1221e81,1633624257431,13.3944851,52.479848,6.5241656,-0.28238678,-1.3948208,-0.3444805,on bike mount,cyclo cross,True,concrete plates,good
181827c6-a675-4238-8b16-de520de09d51,dc6b706d-6552-46d4-a226-b9b6fb5c7233,155f4954-4d2f-46d6-906d-e5350c72739e,1633624257497,13.3944851,52.479848,6.5241656,-0.25870666,-2.3000097,0.20601654,on bike mount,cyclo cross,True,concrete plates,good
181827c6-a675-4238-8b16-de520de09d51,dc6b706d-6552-46d4-a226-b9b6fb5c7233,0033a828-f54f-4ee1-afbb-1b2bd8ff0ad9,1633624257547,13.3945838,52.4798812,6.590761,1.059598,1.9644656,1.0065794,on bike mount,cyclo cross,True,concrete plates,good
181827c6-a675-4238-8b16-de520de09d51,dc6b706d-6552-46d4-a226-b9b6fb5c7233,136aada6-4209-40fc-9ee8-d068e513d3cf,1633624257598,13.3945838,52.4798812,6.590761,-0.13655469,-2.5256627,-0.03081894,on bike mount,cyclo cross,True,concrete plates,good
181827c6-a675-4238-8b16-de520de09d51,dc6b706d-6552-46d4-a226-b9b6fb5c7233,97d74a48-739d-4001-a063-4c95f7bb3dad,1633624257649,13.3945838,52.4798812,6.590761,2.7113683,0.7217078,6.3231544,on bike mount,cyclo cross,True,concrete plates,good
181827c6-a675-4238-8b16-de520de09d51,dc6b706d-6552-46d4-a226-b9b6fb5c7233,e62c6add-70f5-4f06-8bb8-b3c6d45ba4e8,1633624257714,13.3945838,52.4798812,6.590761,0.9592064,1.5944109,-0.82363653,on bike mount,cyclo cross,True,concrete plates,good
181827c6-a675-4238-8b16-de520de09d51,dc6b706d-6552-46d4-a226-b9b6fb5c7233,1e1e1b8d-5e70-44e6-8351-9d4df0fce261,1633624257764,13.3945838,52.4798812,6.590761,2.5349302,2.3006802,-0.43631554,on bike mount,cyclo cross,True,concrete plates,good
181827c6-a675-4238-8b16-de520de09d51,dc6b706d-6552-46d4-a226-b9b6fb5c7233,b552fed1-4e8d-4387-8162-23801ef9b676,1633624257815,13.3945838,52.4798812,6.590761,1.2555552,1.1975305,0.35696507,on bike mount,cyclo cross,True,concrete plates,good
181827c6-a675-4238-8b16-de520de09d51,dc6b706d-6552-46d4-a226-b9b6fb5c7233,4f2be627-1ba9-4ad5-ab17-8554461e2255,1633624257865,13.3945838,52.4798812,6.590761,1.3205001,-0.080286026,0.9785013,on bike mount,cyclo cross,True,concrete plates,good
181827c6-a675-4238-8b16-de520de09d51,dc6b706d-6552-46d4-a226-b9b6fb5c7233,1411c1bb-1a87-45eb-b859-0147f5b36262,1633624257916,13.3945838,52.4798812,6.590761,0.41425717,3.1215367,-1.9177508,on bike mount,cyclo cross,True,concrete plates,good
181827c6-a675-4238-8b16-de520de09d51,dc6b706d-6552-46d4-a226-b9b6fb5c7233,e52ea2d2-aca6-4c98-b0cf-f06b9fbfe0b6,1633624257966,13.3945838,52.4798812,6.590761,0.39017987,-1.4848847,4.4955244,on bike mount,cyclo cross,True,concrete plates,good
181827c6-a675-4238-8b16-de520de09d51,dc6b706d-6552-46d4-a226-b9b6fb5c7233,1369dfe2-f806-4ce5-87fe-90437d4e6c65,1633624258015,13.3945838,52.4798812,6.590761,-0.7683407,-2.8757915,-1.1287408,on bike mount,cyclo cross,True,concrete plates,good
181827c6-a675-4238-8b16-de520de09d51,dc6b706d-6552-46d4-a226-b9b6fb5c7233,3bd88c26-e6be-44f8-a493-6078e9aebe03,1633624258065,13.3945838,52.4798812,6.590761,-0.5898341,3.671114,-3.9098024,on bike mount,cyclo cross,True,concrete plates,good
181827c6-a675-4238-8b16-de520de09d51,dc6b706d-6552-46d4-a226-b9b6fb5c7233,3147d31d-8518-4bcf-a00e-1bfb2e923408,1633624258114,13.3945838,52.4798812,6.590761,2.4883318,3.9881372,-4.56246,on bike mount,cyclo cross,True,concrete plates,good
181827c6-a675-4238-8b16-de520de09d51,dc6b706d-6552-46d4-a226-b9b6fb5c7233,81626466-d61b-47f7-bb91-f1c098ebbe97,1633624258165,13.3945838,52.4798812,6.590761,-2.1340208,-3.286177,-1.3890986,on bike mount,cyclo cross,True,concrete plates,good
181827c6-a675-4238-8b16-de520de09d51,dc6b706d-6552-46d4-a226-b9b6fb5c7233,8ddf1180-815d-4220-b9db-bab5e88ec7ca,1633624258216,13.3945838,52.4798812,6.590761,0.7525203,0.048598528,-3.154214,on bike mount,cyclo cross,True,concrete plates,good
181827c6-a675-4238-8b16-de520de09d51,dc6b706d-6552-46d4-a226-b9b6fb5c7233,1a0c8c8e-d11c-45c2-b17f-27af73b51458,1633624258281,13.3945838,52.4798812,6.590761,0.41195893,-0.09694505,-0.015414238,on bike mount,cyclo cross,True,concrete plates,good
181827c6-a675-4238-8b16-de520de09d51,dc6b706d-6552-46d4-a226-b9b6fb5c7233,f70bce46-7657-4087-b474-a233449ba8f0,1633624258332,13.3945838,52.4798812,6.590761,2.0197926,3.008134,0.7849436,on bike mount,cyclo cross,True,concrete plates,good
181827c6-a675-4238-8b16-de520de09d51,dc6b706d-6552-46d4-a226-b9b6fb5c7233,b926173b-a150-4d2d-ae4d-4b1feab922a2,1633624258383,13.3945838,52.4798812,6.590761,-1.8458438,-1.4214084,2.569704,on bike mount,cyclo cross,True,concrete plates,good
181827c6-a675-4238-8b16-de520de09d51,dc6b706d-6552-46d4-a226-b9b6fb5c7233,f73b475d-08aa-4ee2-b430-4daf36203a6f,1633624258449,13.3945838,52.4798812,6.590761,-0.5677956,-0.30246687,-1.3194237,on bike mount,cyclo cross,True,concrete plates,good
181827c6-a675-4238-8b16-de520de09d51,dc6b706d-6552-46d4-a226-b9b6fb5c7233,49a5044a-0545-4093-9775-7ba126347501,1633624258499,13.3945838,52.4798812,6.590761,-0.023106515,2.4556656,-0.52892494,on bike mount,cyclo cross,True,concrete plates,good
181827c6-a675-4238-8b16-de520de09d51,dc6b706d-6552-46d4-a226-b9b6fb5c7233,cf5850ec-235e-4200-be29-40425c97accf,1633624258551,13.3946755,52.4799137,6.5576205,0.16555588,0.8926637,0.75028896,on bike mount,cyclo cross,True,concrete plates,good
181827c6-a675-4238-8b16-de520de09d51,dc6b706d-6552-46d4-a226-b9b6fb5c7233,fcfba8ab-c5c8-438a-b3e9-9780c3779511,1633624258616,13.3946755,52.4799137,6.5576205,-0.29261664,4.3031693,-2.6229248,on bike mount,cyclo cross,True,concrete plates,good
181827c6-a675-4238-8b16-de520de09d51,dc6b706d-6552-46d4-a226-b9b6fb5c7233,122091f7-c512-4cee-9219-409c23925f08,1633624258666,13.3946755,52.4799137,6.5576205,-0.5315127,0.4070747,-1.8556933,on bike mount,cyclo cross,True,concrete plates,good
181827c6-a675-4238-8b16-de520de09d51,dc6b706d-6552-46d4-a226-b9b6fb5c7233,476bf477-ae5f-4094-bf29-9186b7bb2305,1633624258716,13.3946755,52.4799137,6.5576205,0.48416156,-6.731736,1.7487259,on bike mount,cyclo cross,True,concrete plates,good
181827c6-a675-4238-8b16-de520de09d51,dc6b706d-6552-46d4-a226-b9b6fb5c7233,96167bf0-86f0-47cb-a5d9-106013068b86,1633624258766,13.3946755,52.4799137,6.5576205,-0.6173404,2.91147,2.2016249,on bike mount,cyclo cross,True,concrete plates,good
181827c6-a675-4238-8b16-de520de09d51,dc6b706d-6552-46d4-a226-b9b6fb5c7233,aa894172-ce14-4ec3-948d-020a44cff9f4,1633624258816,13.3946755,52.4799137,6.5576205,1.2640231,1.618537,0.49365234,on bike mount,cyclo cross,True,concrete plates,good
181827c6-a675-4238-8b16-de520de09d51,dc6b706d-6552-46d4-a226-b9b6fb5c7233,0355196c-92cd-41f9-b0a9-20f8e3aa816a,1633624258866,13.3946755,52.4799137,6.5576205,0.94842035,1.8528008,-0.22596931,on bike mount,cyclo cross,True,concrete plates,good
181827c6-a675-4238-8b16-de520de09d51,dc6b706d-6552-46d4-a226-b9b6fb5c7233,63b1d252-09e4-4adc-b116-b0b5233b64cb,1633624258916,13.3946755,52.4799137,6.5576205,-1.0748806,1.3924451,3.1230354,on bike mount,cyclo cross,True,concrete plates,good
181827c6-a675-4238-8b16-de520de09d51,dc6b706d-6552-46d4-a226-b9b6fb5c7233,10022209-fdad-4543-8e00-13a68dbdf990,1633624258966,13.3946755,52.4799137,6.5576205,-0.15611686,-8.558465,2.0509396,on bike mount,cyclo cross,True,concrete plates,good
181827c6-a675-4238-8b16-de520de09d51,dc6b706d-6552-46d4-a226-b9b6fb5c7233,c363a1b4-e0e2-4edd-944d-8ee227fee0fe,1633624259017,13.3946755,52.4799137,6.5576205,-0.97212124,3.0959673,0.3931446,on bike mount,cyclo cross,True,concrete plates,good
181827c6-a675-4238-8b16-de520de09d51,dc6b706d-6552-46d4-a226-b9b6fb5c7233,40497ca2-964d-4ac6-ad89-96ba37b4b570,1633624259068,13.3946755,52.4799137,6.5576205,-0.34380105,-2.2317178,-3.5160303,on bike mount,cyclo cross,True,concrete plates,good
181827c6-a675-4238-8b16-de520de09d51,dc6b706d-6552-46d4-a226-b9b6fb5c7233,5f9537ed-27dc-4024-aa93-8cd03e0df03f,1633624259134,13.3946755,52.4799137,6.5576205,0.16237475,-0.66707706,3.8297749,on bike mount,cyclo cross,True,concrete plates,good
181827c6-a675-4238-8b16-de520de09d51,dc6b706d-6552-46d4-a226-b9b6fb5c7233,c2ab0f61-4ae1-4267-b86e-e500cf1dc69b,1633624259185,13.3946755,52.4799137,6.5576205,0.80041254,-0.6315646,3.706709,on bike mount,cyclo cross,True,concrete plates,good
181827c6-a675-4238-8b16-de520de09d51,dc6b706d-6552-46d4-a226-b9b6fb5c7233,f82fb2c2-a9c3-4db0-85d9-5a5ca3b4d616,1633624259235,13.3946755,52.4799137,6.5576205,-0.97260803,1.6808379,1.8400793,on bike mount,cyclo cross,True,concrete plates,good
181827c6-a675-4238-8b16-de520de09d51,dc6b706d-6552-46d4-a226-b9b6fb5c7233,ea80eb2c-31f9-41e1-aac9-98b523257aa0,1633624259285,13.3946755,52.4799137,6.5576205,1.3676906,-0.84640765,2.1292677,on bike mount,cyclo cross,True,concrete plates,good
181827c6-a675-4238-8b16-de520de09d51,dc6b706d-6552-46d4-a226-b9b6fb5c7233,99203550-3830-480c-bcff-1bcbf11c26db,1633624259334,13.3946755,52.4799137,6.5576205,0.59569335,1.9951963,1.0160294,on bike mount,cyclo cross,True,concrete plates,good
181827c6-a675-4238-8b16-de520de09d51,dc6b706d-6552-46d4-a226-b9b6fb5c7233,a3d102c8-13cb-4e94-b39b-545a854fa3f6,1633624259383,13.3946755,52.4799137,6.5576205,-0.120147154,2.062922,0.78478146,on bike mount,cyclo cross,True,concrete plates,good
181827c6-a675-4238-8b16-de520de09d51,dc6b706d-6552-46d4-a226-b9b6fb5c7233,d08db247-6e83-4b79-8c58-e16a536a3b41,1633624259433,13.3946755,52.4799137,6.5576205,-1.5922458,2.5992942,-1.7805362,on bike mount,cyclo cross,True,concrete plates,good
181827c6-a675-4238-8b16-de520de09d51,dc6b706d-6552-46d4-a226-b9b6fb5c7233,945a0d05-2c99-4276-80e7-edd78b176fbe,1633624259485,13.3946755,52.4799137,6.5576205,-1.2349238,-5.3339944,2.9967756,on bike mount,cyclo cross,True,concrete plates,good
181827c6-a675-4238-8b16-de520de09d51,dc6b706d-6552-46d4-a226-b9b6fb5c7233,4b3ae7b9-5011-499d-9e4a-6e407f0acbb8,1633624259537,13.3946755,52.4799137,6.5576205,-0.6442942,0.40315676,0.16990185,on bike mount,cyclo cross,True,concrete plates,good
181827c6-a675-4238-8b16-de520de09d51,dc6b706d-6552-46d4-a226-b9b6fb5c7233,23a5b314-2d4a-4138-871a-07c79c79ea80,1633624259600,13.3947636,52.4799397,6.633099,-0.9512417,-5.0350637,0.5168352,on bike mount,cyclo cross,True,concrete plates,good
181827c6-a675-4238-8b16-de520de09d51,dc6b706d-6552-46d4-a226-b9b6fb5c7233,da292833-6c82-44f7-9236-5027b1ed5ac0,1633624259651,13.3947636,52.4799397,6.633099,2.1073842,-0.6251323,-1.5347223,on bike mount,cyclo cross,True,concrete plates,good
181827c6-a675-4238-8b16-de520de09d51,dc6b706d-6552-46d4-a226-b9b6fb5c7233,df2018c3-3d91-47c0-92ed-da3783f875c4,1633624259703,13.3947636,52.4799397,6.633099,0.0005404502,1.3449483,3.1929865,on bike mount,cyclo cross,True,concrete plates,good
181827c6-a675-4238-8b16-de520de09d51,dc6b706d-6552-46d4-a226-b9b6fb5c7233,9215e79a-6e8a-4f4b-b6b6-0a182f53920f,1633624259768,13.3947636,52.4799397,6.633099,-0.84668374,1.8109369,0.19919872,on bike mount,cyclo cross,True,concrete plates,good
181827c6-a675-4238-8b16-de520de09d51,dc6b706d-6552-46d4-a226-b9b6fb5c7233,51197ed2-6373-4b86-b54c-50492e37b3d5,1633624259818,13.3947636,52.4799397,6.633099,0.18757653,0.40149784,2.9067135,on bike mount,cyclo cross,True,concrete plates,good
181827c6-a675-4238-8b16-de520de09d51,dc6b706d-6552-46d4-a226-b9b6fb5c7233,247e1d74-9686-4b43-9f6b-aabcddee8ee5,1633624259868,13.3947636,52.4799397,6.633099,-1.7404561,1.7532,-3.936379,on bike mount,cyclo cross,True,concrete plates,good
181827c6-a675-4238-8b16-de520de09d51,dc6b706d-6552-46d4-a226-b9b6fb5c7233,0dfcacfc-c8af-40f9-86b5-84b211b544ff,1633624259918,13.3947636,52.4799397,6.633099,-2.1830132,5.7815266,-2.6089668,on bike mount,cyclo cross,True,concrete plates,good
181827c6-a675-4238-8b16-de520de09d51,dc6b706d-6552-46d4-a226-b9b6fb5c7233,bc26263d-9510-4031-b8ec-25d064930d20,1633624259968,13.3947636,52.4799397,6.633099,0.86278254,-3.527082,-2.0491252,on bike mount,cyclo cross,True,concrete plates,good
181827c6-a675-4238-8b16-de520de09d51,dc6b706d-6552-46d4-a226-b9b6fb5c7233,e4126eca-8027-4c5c-867d-585663125f44,1633624260020,13.3947636,52.4799397,6.633099,0.80578077,0.5879102,-2.4843235,on bike mount,cyclo cross,True,concrete plates,good
181827c6-a675-4238-8b16-de520de09d51,dc6b706d-6552-46d4-a226-b9b6fb5c7233,11a77670-fd68-4ad3-8993-6b3e38366482,1633624260071,13.3947636,52.4799397,6.633099,-0.79295224,0.2037015,0.5783005,on bike mount,cyclo cross,True,concrete plates,good
181827c6-a675-4238-8b16-de520de09d51,dc6b706d-6552-46d4-a226-b9b6fb5c7233,0e17677d-0fd6-48e0-914d-d07e4c4ea714,1633624260136,13.3947636,52.4799397,6.633099,0.14351168,-0.24642086,-0.4863205,on bike mount,cyclo cross,True,concrete plates,good
181827c6-a675-4238-8b16-de520de09d51,dc6b706d-6552-46d4-a226-b9b6fb5c7233,84d910ad-e30a-43d5-931f-1b07c221c195,1633624260187,13.3947636,52.4799397,6.633099,-0.2408478,-3.1633499,0.8194494,on bike mount,cyclo cross,True,concrete plates,good
181827c6-a675-4238-8b16-de520de09d51,dc6b706d-6552-46d4-a226-b9b6fb5c7233,269abe82-4aa0-4b51-a5e4-38383219fc0c,1633624260237,13.3947636,52.4799397,6.633099,-1.5761577,0.043519497,-2.448186,on bike mount,cyclo cross,True,concrete plates,good
181827c6-a675-4238-8b16-de520de09d51,dc6b706d-6552-46d4-a226-b9b6fb5c7233,84cfa01c-d03c-4a86-9fa3-c7f0d704441e,1633624260286,13.3947636,52.4799397,6.633099,0.32702404,-1.3898748,-2.0619693,on bike mount,cyclo cross,True,concrete plates,good
181827c6-a675-4238-8b16-de520de09d51,dc6b706d-6552-46d4-a226-b9b6fb5c7233,cfd761d9-4abb-4039-a30d-7199e4b42883,1633624260337,13.3947636,52.4799397,6.633099,-0.7554125,-5.709523,1.6068697,on bike mount,cyclo cross,True,concrete plates,good
181827c6-a675-4238-8b16-de520de09d51,dc6b706d-6552-46d4-a226-b9b6fb5c7233,34965db0-441d-44c6-b85c-7ea485945664,1633624260402,13.3947636,52.4799397,6.633099,-0.32042158,-0.6989856,0.10243034,on bike mount,cyclo cross,True,concrete plates,good
181827c6-a675-4238-8b16-de520de09d51,dc6b706d-6552-46d4-a226-b9b6fb5c7233,9ecf702b-7f35-4289-9bf9-60b5873bad6a,1633624260454,13.3947636,52.4799397,6.633099,-1.5808319,-1.6636484,2.0716314,on bike mount,cyclo cross,True,concrete plates,good
181827c6-a675-4238-8b16-de520de09d51,dc6b706d-6552-46d4-a226-b9b6fb5c7233,f0d4f0d4-a4a0-4e71-b1be-f8cec2af752c,1633624260503,13.3947636,52.4799397,6.633099,-0.47717023,-2.5058167,0.02135849,on bike mount,cyclo cross,True,concrete plates,good
181827c6-a675-4238-8b16-de520de09d51,dc6b706d-6552-46d4-a226-b9b6fb5c7233,ac5043b2-097e-41da-a288-3ba17c538804,1633624260553,13.3948506,52.4799655,6.63211,0.3084092,-1.5980734,-0.093790054,on bike mount,cyclo cross,True,concrete plates,good
181827c6-a675-4238-8b16-de520de09d51,dc6b706d-6552-46d4-a226-b9b6fb5c7233,095c374c-1083-40d5-a2aa-cabe7b40f43d,1633624260605,13.3948506,52.4799655,6.63211,-0.48964155,1.2201936,-0.37756824,on bike mount,cyclo cross,True,concrete plates,good
181827c6-a675-4238-8b16-de520de09d51,dc6b706d-6552-46d4-a226-b9b6fb5c7233,9c18af4c-1ad6-480f-9d01-6635d6b8f596,1633624260670,13.3948506,52.4799655,6.63211,-1.065738,1.5209312,1.7910519,on bike mount,cyclo cross,True,concrete plates,good
181827c6-a675-4238-8b16-de520de09d51,dc6b706d-6552-46d4-a226-b9b6fb5c7233,31fd5d37-280a-4a91-bea8-17c8434f271b,1633624260720,13.3948506,52.4799655,6.63211,-0.6008692,-0.30078268,1.8965874,on bike mount,cyclo cross,True,concrete plates,good
181827c6-a675-4238-8b16-de520de09d51,dc6b706d-6552-46d4-a226-b9b6fb5c7233,6baad2f8-6b33-4aec-aaa3-58c5ef3eced7,1633624260770,13.3948506,52.4799655,6.63211,-0.09645507,0.4160354,-0.16937828,on bike mount,cyclo cross,True,concrete plates,good
181827c6-a675-4238-8b16-de520de09d51,dc6b706d-6552-46d4-a226-b9b6fb5c7233,c8060f40-2ec2-44a9-aca8-489df1c34e3e,1633624260821,13.3948506,52.4799655,6.63211,0.6059299,2.3517418,-0.016346931,on bike mount,cyclo cross,True,concrete plates,good
181827c6-a675-4238-8b16-de520de09d51,dc6b706d-6552-46d4-a226-b9b6fb5c7233,0423722e-765c-4e9a-9d76-2ffeeba94ea6,1633624260872,13.3948506,52.4799655,6.63211,0.9962772,-0.6827419,-1.6265254,on bike mount,cyclo cross,True,concrete plates,good
181827c6-a675-4238-8b16-de520de09d51,dc6b706d-6552-46d4-a226-b9b6fb5c7233,9854bbdf-7c9f-4086-9bfd-80d7f1ebee6a,1633624260938,13.3948506,52.4799655,6.63211,-0.017027855,-1.2860358,-2.0381522,on bike mount,cyclo cross,True,concrete plates,good
181827c6-a675-4238-8b16-de520de09d51,dc6b706d-6552-46d4-a226-b9b6fb5c7233,c94aeb74-e3bf-49e3-b42b-c2d5314b7241,1633624261005,13.3948506,52.4799655,6.63211,0.28396028,-1.8086458,2.2239304,on bike mount,cyclo cross,True,concrete plates,good
181827c6-a675-4238-8b16-de520de09d51,dc6b706d-6552-46d4-a226-b9b6fb5c7233,0bdf8bdc-93a8-4a6c-9d65-612e691c0acc,1633624261055,13.3948506,52.4799655,6.63211,0.2474083,-0.8631551,1.4793015,on bike mount,cyclo cross,True,concrete plates,good
181827c6-a675-4238-8b16-de520de09d51,dc6b706d-6552-46d4-a226-b9b6fb5c7233,59a45c60-82e4-4c3f-93db-744a69d6572e,1633624261104,13.3948506,52.4799655,6.63211,-0.6428179,2.1487288,1.8723135,on bike mount,cyclo cross,True,concrete plates,good
181827c6-a675-4238-8b16-de520de09d51,dc6b706d-6552-46d4-a226-b9b6fb5c7233,179ac04a-02d1-4388-8391-9cd0c663a794,1633624261154,13.3948506,52.4799655,6.63211,-0.47234416,2.4435396,-0.31352997,on bike mount,cyclo cross,True,concrete plates,good
181827c6-a675-4238-8b16-de520de09d51,dc6b706d-6552-46d4-a226-b9b6fb5c7233,5f0ed9fa-f60d-4f5e-a169-b2374e835914,1633624261205,13.3948506,52.4799655,6.63211,1.0440708,5.8681107,-0.010500908,on bike mount,cyclo cross,True,concrete plates,good
181827c6-a675-4238-8b16-de520de09d51,dc6b706d-6552-46d4-a226-b9b6fb5c7233,7460ebfa-78e5-47ce-8ff8-1a1c9baaa3dd,1633624261256,13.3948506,52.4799655,6.63211,-1.3447175,1.6849895,1.2335634,on bike mount,cyclo cross,True,concrete plates,good
181827c6-a675-4238-8b16-de520de09d51,dc6b706d-6552-46d4-a226-b9b6fb5c7233,9190ce4b-7040-4aec-bd4e-a3548e628f6b,1633624261305,13.3948506,52.4799655,6.63211,0.7780393,-2.5761852,2.9956942,on bike mount,cyclo cross,True,concrete plates,good
181827c6-a675-4238-8b16-de520de09d51,dc6b706d-6552-46d4-a226-b9b6fb5c7233,be458489-6538-4b68-b557-82dde6185630,1633624261355,13.3948506,52.4799655,6.63211,1.3568875,-1.1090009,-2.0142078,on bike mount,cyclo cross,True,concrete plates,good
181827c6-a675-4238-8b16-de520de09d51,dc6b706d-6552-46d4-a226-b9b6fb5c7233,641dfb43-a4ef-49cd-bcbd-b2d6ef671cc0,1633624261405,13.3948506,52.4799655,6.63211,0.91215754,1.3360767,-3.8050394,on bike mount,cyclo cross,True,concrete plates,good
181827c6-a675-4238-8b16-de520de09d51,dc6b706d-6552-46d4-a226-b9b6fb5c7233,21459921-ba4a-4549-8dc0-94c27b3f4472,1633624261455,13.3948506,52.4799655,6.63211,-0.59826463,1.2116346,3.0045118,on bike mount,cyclo cross,True,concrete plates,good
181827c6-a675-4238-8b16-de520de09d51,dc6b706d-6552-46d4-a226-b9b6fb5c7233,b52a5a95-98b1-4972-a450-6c64d84c86ba,1633624261505,13.3948506,52.4799655,6.63211,1.1793829,1.1049533,3.6081667,on bike mount,cyclo cross,True,concrete plates,good
181827c6-a675-4238-8b16-de520de09d51,dc6b706d-6552-46d4-a226-b9b6fb5c7233,ce8ed6b8-bb97-4c2b-ab42-ac1f64b439ce,1633624261555,13.3949352,52.4799911,6.7010903,1.8097914,-3.0875807,2.0914392,on bike mount,cyclo cross,True,concrete plates,good
181827c6-a675-4238-8b16-de520de09d51,dc6b706d-6552-46d4-a226-b9b6fb5c7233,56dda5b3-ed18-4084-a4e0-6f27a2a2863f,1633624261605,13.3949352,52.4799911,6.7010903,-0.5901932,3.8727884,-0.012495041,on bike mount,cyclo cross,True,concrete plates,good
181827c6-a675-4238-8b16-de520de09d51,dc6b706d-6552-46d4-a226-b9b6fb5c7233,0a62f1e8-814a-4acb-9f05-e04cce5b28cf,1633624261656,13.3949352,52.4799911,6.7010903,-1.503058,3.708305,-4.3227468,on bike mount,cyclo cross,True,concrete plates,good
181827c6-a675-4238-8b16-de520de09d51,dc6b706d-6552-46d4-a226-b9b6fb5c7233,edc19640-a1c4-4238-8406-27e35e6316f1,1633624261707,13.3949352,52.4799911,6.7010903,-0.72502214,-3.1910968,-5.5434437,on bike mount,cyclo cross,True,concrete plates,good
181827c6-a675-4238-8b16-de520de09d51,dc6b706d-6552-46d4-a226-b9b6fb5c7233,abe5d3af-6119-402d-9b43-93b1fd66f0ae,1633624261757,13.3949352,52.4799911,6.7010903,-0.31437647,-2.3303988,-1.106225,on bike mount,cyclo cross,True,concrete plates,good
181827c6-a675-4238-8b16-de520de09d51,dc6b706d-6552-46d4-a226-b9b6fb5c7233,e1acaf1f-fb5a-44c0-9495-c4e4a9000a1e,1633624261824,13.3949352,52.4799911,6.7010903,0.07166231,-0.6119039,5.041107,on bike mount,cyclo cross,True,concrete plates,good
181827c6-a675-4238-8b16-de520de09d51,dc6b706d-6552-46d4-a226-b9b6fb5c7233,734b6bf6-80c3-46f1-9f8d-013107d17b62,1633624261874,13.3949352,52.4799911,6.7010903,0.19897589,-0.6910541,1.8912382,on bike mount,cyclo cross,True,concrete plates,good
181827c6-a675-4238-8b16-de520de09d51,dc6b706d-6552-46d4-a226-b9b6fb5c7233,31c31e3c-aef3-490c-a989-fd0956bf06f7,1633624261939,13.3949352,52.4799911,6.7010903,-0.43184018,-0.7568784,0.641634,on bike mount,cyclo cross,True,concrete plates,good
181827c6-a675-4238-8b16-de520de09d51,dc6b706d-6552-46d4-a226-b9b6fb5c7233,7a34d84f-d205-49f1-a368-83189184e709,1633624261990,13.3949352,52.4799911,6.7010903,-1.1614511,1.7670717,-2.2254405,on bike mount,cyclo cross,True,concrete plates,good
181827c6-a675-4238-8b16-de520de09d51,dc6b706d-6552-46d4-a226-b9b6fb5c7233,7476f7a9-d842-4ad1-b588-23f8909dc736,1633624262056,13.3949352,52.4799911,6.7010903,-1.2370825,6.5450344,-4.003296,on bike mount,cyclo cross,True,concrete plates,good
181827c6-a675-4238-8b16-de520de09d51,dc6b706d-6552-46d4-a226-b9b6fb5c7233,e592525d-5bab-4321-9432-d3e54e0013ed,1633624262107,13.3949352,52.4799911,6.7010903,1.3308237,0.4151373,0.02899456,on bike mount,cyclo cross,True,concrete plates,good
181827c6-a675-4238-8b16-de520de09d51,dc6b706d-6552-46d4-a226-b9b6fb5c7233,ac135b6c-7810-4752-b6dc-223e091df24b,1633624262173,13.3949352,52.4799911,6.7010903,-0.537171,0.22876549,0.9735079,on bike mount,cyclo cross,True,concrete plates,good
181827c6-a675-4238-8b16-de520de09d51,dc6b706d-6552-46d4-a226-b9b6fb5c7233,d160b4fd-5685-4a07-a9e8-4a5a81fda806,1633624262223,13.3949352,52.4799911,6.7010903,-1.9721199,-3.3124664,-6.1459723,on bike mount,cyclo cross,True,concrete plates,good
181827c6-a675-4238-8b16-de520de09d51,dc6b706d-6552-46d4-a226-b9b6fb5c7233,0b392dba-657c-47d8-a0bd-1cb547922c67,1633624262274,13.3949352,52.4799911,6.7010903,1.7274475,-2.9469259,0.41797638,on bike mount,cyclo cross,True,concrete plates,good
181827c6-a675-4238-8b16-de520de09d51,dc6b706d-6552-46d4-a226-b9b6fb5c7233,6fd75872-f5ec-4599-bd1a-1b18eec9d0e2,1633624262324,13.3949352,52.4799911,6.7010903,0.47262475,1.1774607,1.1231136,on bike mount,cyclo cross,True,concrete plates,good
181827c6-a675-4238-8b16-de520de09d51,dc6b706d-6552-46d4-a226-b9b6fb5c7233,1df8f579-3491-48c6-8be7-6c7995992666,1633624262373,13.3949352,52.4799911,6.7010903,-1.0907313,-1.0005516,0.17254543,on bike mount,cyclo cross,True,concrete plates,good
181827c6-a675-4238-8b16-de520de09d51,dc6b706d-6552-46d4-a226-b9b6fb5c7233,c4e388aa-1081-46ab-b291-c5ce60778d60,1633624262424,13.3949352,52.4799911,6.7010903,0.61298895,1.1842439,-3.5222669,on bike mount,cyclo cross,True,concrete plates,good
181827c6-a675-4238-8b16-de520de09d51,dc6b706d-6552-46d4-a226-b9b6fb5c7233,9c733c3f-2a43-4286-8d6f-2a3976be9663,1633624262475,13.3949352,52.4799911,6.7010903,-0.39308465,-3.2944841,-3.4835095,on bike mount,cyclo cross,True,concrete plates,good
181827c6-a675-4238-8b16-de520de09d51,dc6b706d-6552-46d4-a226-b9b6fb5c7233,7671f6c8-7576-4739-9222-7d08bc28aa10,1633624262548,13.3949352,52.4799911,6.7010903,0.13683537,6.0478253,-3.79675,on bike mount,cyclo cross,True,concrete plates,good
181827c6-a675-4238-8b16-de520de09d51,dc6b706d-6552-46d4-a226-b9b6fb5c7233,5c4e563b-ace5-4e6c-a3fc-3a7c51efb062,1633624262607,13.395025,52.4800144,6.708832,0.011781052,-6.034706,1.8329849,on bike mount,cyclo cross,True,concrete plates,good
181827c6-a675-4238-8b16-de520de09d51,dc6b706d-6552-46d4-a226-b9b6fb5c7233,30352c0b-306e-4fce-b7a0-7d50589a5de3,1633624262657,13.395025,52.4800144,6.708832,-0.8292576,1.9734299,-4.0994797,on bike mount,cyclo cross,True,concrete plates,good
181827c6-a675-4238-8b16-de520de09d51,dc6b706d-6552-46d4-a226-b9b6fb5c7233,0e44b7d3-950b-49d2-afc9-8af06f3f995a,1633624262708,13.395025,52.4800144,6.708832,-0.9236038,-2.3459675,-1.9011497,on bike mount,cyclo cross,True,concrete plates,good
181827c6-a675-4238-8b16-de520de09d51,dc6b706d-6552-46d4-a226-b9b6fb5c7233,8b3820c9-409c-4efb-aabe-c0506e9828dc,1633624262759,13.395025,52.4800144,6.708832,-0.6449675,0.496804,-2.6104875,on bike mount,cyclo cross,True,concrete plates,good
181827c6-a675-4238-8b16-de520de09d51,dc6b706d-6552-46d4-a226-b9b6fb5c7233,d4117e2f-a29b-4835-843c-4cb6a9bbbf99,1633624262809,13.395025,52.4800144,6.708832,-0.6807655,-3.4381714,0.26710033,on bike mount,cyclo cross,True,concrete plates,good
181827c6-a675-4238-8b16-de520de09d51,dc6b706d-6552-46d4-a226-b9b6fb5c7233,24137e78-ce0b-41c5-ba9f-06d09012bd79,1633624262859,13.395025,52.4800144,6.708832,-1.0886408,2.9176736,-0.02589798,on bike mount,cyclo cross,True,concrete plates,good
181827c6-a675-4238-8b16-de520de09d51,dc6b706d-6552-46d4-a226-b9b6fb5c7233,dbba335a-4da5-49a0-a459-226c703a3342,1633624262909,13.395025,52.4800144,6.708832,-1.4462506,-0.6486919,3.4288464,on bike mount,cyclo cross,True,concrete plates,good
181827c6-a675-4238-8b16-de520de09d51,dc6b706d-6552-46d4-a226-b9b6fb5c7233,51b4ddb5-7a99-41af-a1b9-721cf95da5fb,1633624262959,13.395025,52.4800144,6.708832,1.0926794,1.7753229,-0.61828995,on bike mount,cyclo cross,True,concrete plates,good
181827c6-a675-4238-8b16-de520de09d51,dc6b706d-6552-46d4-a226-b9b6fb5c7233,154df386-7c84-4eda-9e09-a4ed2379cde0,1633624263009,13.395025,52.4800144,6.708832,-0.6070395,-3.7777715,1.7846575,on bike mount,cyclo cross,True,concrete plates,good
181827c6-a675-4238-8b16-de520de09d51,dc6b706d-6552-46d4-a226-b9b6fb5c7233,a7041b94-0c34-4125-a3a7-38a6f25f2da8,1633624263059,13.395025,52.4800144,6.708832,-1.8608198,0.8504405,6.621208,on bike mount,cyclo cross,True,concrete plates,good
181827c6-a675-4238-8b16-de520de09d51,dc6b706d-6552-46d4-a226-b9b6fb5c7233,fce35b36-c841-4573-8527-5320a4088478,1633624263109,13.395025,52.4800144,6.708832,-2.1742833,2.8710346,1.682581,on bike mount,cyclo cross,True,concrete plates,good
181827c6-a675-4238-8b16-de520de09d51,dc6b706d-6552-46d4-a226-b9b6fb5c7233,a3c6f3f0-964c-49fd-a7ee-5029db338a9a,1633624263159,13.395025,52.4800144,6.708832,0.116642,-0.31188846,1.9347868,on bike mount,cyclo cross,True,concrete plates,good
181827c6-a675-4238-8b16-de520de09d51,dc6b706d-6552-46d4-a226-b9b6fb5c7233,d1e3a9c4-5819-4d26-9e9b-1d9650a53626,1633624263225,13.395025,52.4800144,6.708832,-4.580364,-1.9830744,0.87609196,on bike mount,cyclo cross,True,concrete plates,good
181827c6-a675-4238-8b16-de520de09d51,dc6b706d-6552-46d4-a226-b9b6fb5c7233,baa4c6f7-e594-4c0d-9de5-7ced325d5f58,1633624263276,13.395025,52.4800144,6.708832,-0.75535136,1.4586816,-4.191041,on bike mount,cyclo cross,True,concrete plates,good
181827c6-a675-4238-8b16-de520de09d51,dc6b706d-6552-46d4-a226-b9b6fb5c7233,d19bd0d1-3ee3-45ab-bfe9-edd067cc7f02,1633624263342,13.395025,52.4800144,6.708832,0.3187827,-2.7184548,-0.34465218,on bike mount,cyclo cross,True,concrete plates,good
181827c6-a675-4238-8b16-de520de09d51,dc6b706d-6552-46d4-a226-b9b6fb5c7233,4d8c4e37-8f02-4f73-baf6-ff3e36b43357,1633624263392,13.395025,52.4800144,6.708832,-1.2044892,-1.6009969,-2.6730566,on bike mount,cyclo cross,True,concrete plates,good
181827c6-a675-4238-8b16-de520de09d51,dc6b706d-6552-46d4-a226-b9b6fb5c7233,e4d61ffb-cc1f-4af2-8920-989b82be73dd,1633624263442,13.395025,52.4800144,6.708832,-0.0785692,-3.9020207,2.4475393,on bike mount,cyclo cross,True,concrete plates,good
181827c6-a675-4238-8b16-de520de09d51,dc6b706d-6552-46d4-a226-b9b6fb5c7233,000c0a1f-e15e-49e4-a645-6b019152425d,1633624263498,13.395025,52.4800144,6.708832,1.8233032,1.0307508,1.4016752,on bike mount,cyclo cross,True,concrete plates,good
181827c6-a675-4238-8b16-de520de09d51,dc6b706d-6552-46d4-a226-b9b6fb5c7233,9bfddfb0-0dd2-46c1-bb74-3029ce6a7a3b,1633624263560,13.3951197,52.4800372,6.7675157,3.2619433,3.5826297,-0.739645,on bike mount,cyclo cross,True,concrete plates,good
181827c6-a675-4238-8b16-de520de09d51,dc6b706d-6552-46d4-a226-b9b6fb5c7233,11fe7e36-fe0b-42bc-94fd-59a2534e0037,1633624263626,13.3951197,52.4800372,6.7675157,0.39991736,-1.3671435,-1.9623218,on bike mount,cyclo cross,True,concrete plates,good
181827c6-a675-4238-8b16-de520de09d51,dc6b706d-6552-46d4-a226-b9b6fb5c7233,6f961d4d-88e4-4463-b948-e60ef56ccddb,1633624263676,13.3951197,52.4800372,6.7675157,0.66464335,-2.0961769,1.2628727,on bike mount,cyclo cross,True,concrete plates,good
181827c6-a675-4238-8b16-de520de09d51,dc6b706d-6552-46d4-a226-b9b6fb5c7233,0cca8e79-0617-403c-bbca-a2068081375b,1633624263727,13.3951197,52.4800372,6.7675157,1.5351751,2.338595,3.429411,on bike mount,cyclo cross,True,concrete plates,good
181827c6-a675-4238-8b16-de520de09d51,dc6b706d-6552-46d4-a226-b9b6fb5c7233,6c1ee0d4-f153-4a31-a32d-12fd5e7fb13a,1633624263777,13.3951197,52.4800372,6.7675157,1.5057502,-4.083632,-1.4496393,on bike mount,cyclo cross,True,concrete plates,good
181827c6-a675-4238-8b16-de520de09d51,dc6b706d-6552-46d4-a226-b9b6fb5c7233,da87953c-edf3-4b67-ab2e-8091dbc178ab,1633624263827,13.3951197,52.4800372,6.7675157,0.8412192,0.41672468,-2.1318564,on bike mount,cyclo cross,True,concrete plates,good
181827c6-a675-4238-8b16-de520de09d51,dc6b706d-6552-46d4-a226-b9b6fb5c7233,2472eaef-b077-4f79-9d11-e048eac10f2a,1633624263877,13.3951197,52.4800372,6.7675157,-2.6113656,-5.7052507,-0.21534348,on bike mount,cyclo cross,True,concrete plates,good
181827c6-a675-4238-8b16-de520de09d51,dc6b706d-6552-46d4-a226-b9b6fb5c7233,201f933a-d1b7-441f-a321-4381604ce7ec,1633624263928,13.3951197,52.4800372,6.7675157,0.9482994,-0.8335657,1.9900694,on bike mount,cyclo cross,True,concrete plates,good
181827c6-a675-4238-8b16-de520de09d51,dc6b706d-6552-46d4-a226-b9b6fb5c7233,bb8c4229-2a0a-4980-9857-0012fb9ea8cc,1633624263979,13.3951197,52.4800372,6.7675157,-0.36073744,0.44310355,4.64007,on bike mount,cyclo cross,True,concrete plates,good
181827c6-a675-4238-8b16-de520de09d51,dc6b706d-6552-46d4-a226-b9b6fb5c7233,f7c4ce48-a5b7-4384-b264-b0ad7b9823dc,1633624264029,13.3951197,52.4800372,6.7675157,1.233435,-1.7474424,-2.8462858,on bike mount,cyclo cross,True,concrete plates,good
181827c6-a675-4238-8b16-de520de09d51,dc6b706d-6552-46d4-a226-b9b6fb5c7233,f4051696-5e38-4278-bbda-7a14613baa55,1633624264078,13.3951197,52.4800372,6.7675157,-0.027861208,0.11520386,3.3129292,on bike mount,cyclo cross,True,concrete plates,good
181827c6-a675-4238-8b16-de520de09d51,dc6b706d-6552-46d4-a226-b9b6fb5c7233,08797093-9bb9-41c0-822f-0382099dc721,1633624264128,13.3951197,52.4800372,6.7675157,-0.26163155,3.8070464,-1.9775882,on bike mount,cyclo cross,True,concrete plates,good
181827c6-a675-4238-8b16-de520de09d51,dc6b706d-6552-46d4-a226-b9b6fb5c7233,a906ecfe-f154-427e-a1b6-3a131945826a,1633624264179,13.3951197,52.4800372,6.7675157,-0.53960574,1.4090943,0.8561144,on bike mount,cyclo cross,True,concrete plates,good
181827c6-a675-4238-8b16-de520de09d51,dc6b706d-6552-46d4-a226-b9b6fb5c7233,9eec4c61-8bec-4dd4-b485-060563cfcde8,1633624264228,13.3951197,52.4800372,6.7675157,-0.33014727,-0.4045248,0.46210384,on bike mount,cyclo cross,True,concrete plates,good
181827c6-a675-4238-8b16-de520de09d51,dc6b706d-6552-46d4-a226-b9b6fb5c7233,b4d3420c-2e35-4e0c-976a-4508597f39ad,1633624264277,13.3951197,52.4800372,6.7675157,-0.5682069,-1.2219095,4.977228,on bike mount,cyclo cross,True,concrete plates,good
181827c6-a675-4238-8b16-de520de09d51,dc6b706d-6552-46d4-a226-b9b6fb5c7233,242cb794-077f-422e-a5ae-bc97b4f4ccb1,1633624264327,13.3951197,52.4800372,6.7675157,-1.7220964,2.2345347,-2.262107,on bike mount,cyclo cross,True,concrete plates,good
181827c6-a675-4238-8b16-de520de09d51,dc6b706d-6552-46d4-a226-b9b6fb5c7233,50270e49-614e-4c7a-9246-b059c97c39cc,1633624264379,13.3951197,52.4800372,6.7675157,1.1318572,-1.4093221,2.3290653,on bike mount,cyclo cross,True,concrete plates,good
181827c6-a675-4238-8b16-de520de09d51,dc6b706d-6552-46d4-a226-b9b6fb5c7233,97830b42-f3c6-4e79-9205-7ee525710b23,1633624264444,13.3951197,52.4800372,6.7675157,-0.7033824,4.2287016,0.3880844,on bike mount,cyclo cross,True,concrete plates,good
181827c6-a675-4238-8b16-de520de09d51,dc6b706d-6552-46d4-a226-b9b6fb5c7233,6f01eb19-46eb-4f09-8232-df25d3e0946d,1633624264497,13.3951197,52.4800372,6.7675157,-0.21936154,-6.340401,3.9547195,on bike mount,cyclo cross,True,concrete plates,good
181827c6-a675-4238-8b16-de520de09d51,dc6b706d-6552-46d4-a226-b9b6fb5c7233,97248636-5cad-4b20-be29-33c31a509a3c,1633624264563,13.3952106,52.4800592,6.544426,3.503023,2.331327,-3.5313663,on bike mount,cyclo cross,True,concrete plates,good
181827c6-a675-4238-8b16-de520de09d51,dc6b706d-6552-46d4-a226-b9b6fb5c7233,f200dad8-576f-4e43-90b0-7f41375a11a2,1633624264628,13.3952106,52.4800592,6.544426,-0.71596146,1.1836369,-6.9862456,on bike mount,cyclo cross,True,concrete plates,good
181827c6-a675-4238-8b16-de520de09d51,dc6b706d-6552-46d4-a226-b9b6fb5c7233,396430bc-71e9-473e-940e-e387191d24c2,1633624264679,13.3952106,52.4800592,6.544426,-0.011161566,0.252872,-3.5053368,on bike mount,cyclo cross,True,concrete plates,good
181827c6-a675-4238-8b16-de520de09d51,dc6b706d-6552-46d4-a226-b9b6fb5c7233,16ab9f49-c910-4250-b5c5-8dbeb1e602ae,1633624264729,13.3952106,52.4800592,6.544426,0.494987,0.31393242,0.97295094,on bike mount,cyclo cross,True,concrete plates,good
181827c6-a675-4238-8b16-de520de09d51,dc6b706d-6552-46d4-a226-b9b6fb5c7233,a23e5dd1-4c59-4111-972b-c6a524ba88b1,1633624264796,13.3952106,52.4800592,6.544426,0.08253229,-0.18749857,3.273676,on bike mount,cyclo cross,True,concrete plates,good
181827c6-a675-4238-8b16-de520de09d51,dc6b706d-6552-46d4-a226-b9b6fb5c7233,80edda26-7e54-4a78-bb8f-86796cb27772,1633624264864,13.3952106,52.4800592,6.544426,0.75578743,-1.7117491,1.5396872,on bike mount,cyclo cross,True,concrete plates,good
181827c6-a675-4238-8b16-de520de09d51,dc6b706d-6552-46d4-a226-b9b6fb5c7233,0dae84a1-f444-4669-875a-88478c1a9899,1633624264930,13.3952106,52.4800592,6.544426,-2.335605,1.9666414,-3.4365191,on bike mount,cyclo cross,True,concrete plates,good
181827c6-a675-4238-8b16-de520de09d51,dc6b706d-6552-46d4-a226-b9b6fb5c7233,df8c5c97-4a96-44e2-aff7-70dbb260a5b0,1633624264997,13.3952106,52.4800592,6.544426,0.8911568,-2.4947324,-2.237846,on bike mount,cyclo cross,True,concrete plates,good
181827c6-a675-4238-8b16-de520de09d51,dc6b706d-6552-46d4-a226-b9b6fb5c7233,5788a7a8-0a6d-4e50-84b6-1381a18017ad,1633624265047,13.3952106,52.4800592,6.544426,1.0410243,0.80844426,-0.7442465,on bike mount,cyclo cross,True,concrete plates,good
181827c6-a675-4238-8b16-de520de09d51,dc6b706d-6552-46d4-a226-b9b6fb5c7233,4a032c9f-7383-4c0d-bf3e-adf79ba310df,1633624265114,13.3952106,52.4800592,6.544426,-1.7599133,2.6710877,1.8058672,on bike mount,cyclo cross,True,concrete plates,good
181827c6-a675-4238-8b16-de520de09d51,dc6b706d-6552-46d4-a226-b9b6fb5c7233,0083e950-c227-4066-a3a6-22c5f9b9e2f3,1633624265164,13.3952106,52.4800592,6.544426,1.2857603,0.1727581,-2.982997,on bike mount,cyclo cross,True,concrete plates,good
181827c6-a675-4238-8b16-de520de09d51,dc6b706d-6552-46d4-a226-b9b6fb5c7233,9c161650-62dd-4b49-ac11-f1d4653d745d,1633624265214,13.3952106,52.4800592,6.544426,0.9418918,-1.4851692,-1.3422809,on bike mount,cyclo cross,True,concrete plates,good
181827c6-a675-4238-8b16-de520de09d51,dc6b706d-6552-46d4-a226-b9b6fb5c7233,d5c93897-ca2b-4afd-9275-bdf64bcdabb6,1633624265280,13.3952106,52.4800592,6.544426,0.4161622,4.3205037,2.3079653,on bike mount,cyclo cross,True,concrete plates,good
181827c6-a675-4238-8b16-de520de09d51,dc6b706d-6552-46d4-a226-b9b6fb5c7233,67c5ede9-2996-480f-ae33-f68d148b9aa0,1633624265331,13.3952106,52.4800592,6.544426,-1.7408726,0.21477842,2.5588417,on bike mount,cyclo cross,True,concrete plates,good
181827c6-a675-4238-8b16-de520de09d51,dc6b706d-6552-46d4-a226-b9b6fb5c7233,354ee6e8-3817-4de1-a747-407c6ab2c554,1633624265382,13.3952106,52.4800592,6.544426,0.30624408,-2.2725894,-1.1339369,on bike mount,cyclo cross,True,concrete plates,good
181827c6-a675-4238-8b16-de520de09d51,dc6b706d-6552-46d4-a226-b9b6fb5c7233,3ba490c1-9d36-44fa-9a42-741493544bdf,1633624265447,13.3952106,52.4800592,6.544426,-1.0804523,-0.7701956,1.2448025,on bike mount,cyclo cross,True,concrete plates,good
181827c6-a675-4238-8b16-de520de09d51,dc6b706d-6552-46d4-a226-b9b6fb5c7233,f1536479-34b6-4824-a160-896b76dcc2e6,1633624265498,13.3952106,52.4800592,6.544426,-0.08571184,0.84306335,-0.26143742,on bike mount,cyclo cross,True,concrete plates,good
181827c6-a675-4238-8b16-de520de09d51,dc6b706d-6552-46d4-a226-b9b6fb5c7233,d3d82ae5-0284-4d23-8d9c-8844c257eb7e,1633624265564,13.3952945,52.4800826,6.5571413,2.4157815,-2.0308318,-1.2302547,on bike mount,cyclo cross,True,concrete plates,good
181827c6-a675-4238-8b16-de520de09d51,dc6b706d-6552-46d4-a226-b9b6fb5c7233,b7fdbcea-e4ef-4628-a41f-b2622e103955,1633624265614,13.3952945,52.4800826,6.5571413,-0.8127383,-1.005991,0.87354374,on bike mount,cyclo cross,True,concrete plates,good
181827c6-a675-4238-8b16-de520de09d51,dc6b706d-6552-46d4-a226-b9b6fb5c7233,09788504-221f-4cbf-b72b-c047f2ea1c5e,1633624265664,13.3952945,52.4800826,6.5571413,0.45642245,0.2688856,-0.6024084,on bike mount,cyclo cross,True,concrete plates,good
181827c6-a675-4238-8b16-de520de09d51,dc6b706d-6552-46d4-a226-b9b6fb5c7233,b06657ce-666a-4180-b387-721c4baf19e2,1633624265715,13.3952945,52.4800826,6.5571413,1.3591553,-1.6836282,0.92291737,on bike mount,cyclo cross,True,concrete plates,good
181827c6-a675-4238-8b16-de520de09d51,dc6b706d-6552-46d4-a226-b9b6fb5c7233,444cac1a-0263-4875-a19d-b29de37a9c84,1633624265765,13.3952945,52.4800826,6.5571413,0.9485964,-1.2138145,-0.70997477,on bike mount,cyclo cross,True,concrete plates,good
181827c6-a675-4238-8b16-de520de09d51,dc6b706d-6552-46d4-a226-b9b6fb5c7233,e9ef8ed7-3580-4adc-9df9-8929abd0b8c3,1633624265814,13.3952945,52.4800826,6.5571413,-0.42402458,2.8725863,-1.9486637,on bike mount,cyclo cross,True,concrete plates,good
181827c6-a675-4238-8b16-de520de09d51,dc6b706d-6552-46d4-a226-b9b6fb5c7233,9f79779c-8470-4b4a-b0e8-74e7c1fc5127,1633624265864,13.3952945,52.4800826,6.5571413,0.61561656,1.5504713,-1.8467727,on bike mount,cyclo cross,True,concrete plates,good
181827c6-a675-4238-8b16-de520de09d51,dc6b706d-6552-46d4-a226-b9b6fb5c7233,30cfa2ee-5ad8-4205-a29a-28ca710326fa,1633624265914,13.3952945,52.4800826,6.5571413,-0.16290459,1.4550037,-1.2225556,on bike mount,cyclo cross,True,concrete plates,good
181827c6-a675-4238-8b16-de520de09d51,dc6b706d-6552-46d4-a226-b9b6fb5c7233,f927fbda-5458-474a-9a46-dac80db55f59,1633624265966,13.3952945,52.4800826,6.5571413,0.27401912,-3.8172526,-0.9289503,on bike mount,cyclo cross,True,concrete plates,good
181827c6-a675-4238-8b16-de520de09d51,dc6b706d-6552-46d4-a226-b9b6fb5c7233,5e7da4b7-bd21-4438-a099-df04ed527198,1633624266033,13.3952945,52.4800826,6.5571413,0.742174,-1.6819841,-0.23400402,on bike mount,cyclo cross,True,concrete plates,good
181827c6-a675-4238-8b16-de520de09d51,dc6b706d-6552-46d4-a226-b9b6fb5c7233,2fb8b097-76f1-4a91-8a69-f1b6a2a5a879,1633624266083,13.3952945,52.4800826,6.5571413,0.7288457,-1.389505,-0.38071918,on bike mount,cyclo cross,True,concrete plates,good
181827c6-a675-4238-8b16-de520de09d51,dc6b706d-6552-46d4-a226-b9b6fb5c7233,dca5fc07-7ae0-4987-8f9b-74ae1f8500f3,1633624266133,13.3952945,52.4800826,6.5571413,-0.31566888,0.15871596,0.76150036,on bike mount,cyclo cross,True,concrete plates,good
181827c6-a675-4238-8b16-de520de09d51,dc6b706d-6552-46d4-a226-b9b6fb5c7233,3510e753-07db-4b30-a541-345b5e5d50e9,1633624266183,13.3952945,52.4800826,6.5571413,-0.39009556,1.131464,-1.3330426,on bike mount,cyclo cross,True,concrete plates,good
181827c6-a675-4238-8b16-de520de09d51,dc6b706d-6552-46d4-a226-b9b6fb5c7233,adbce7ef-0519-4db8-b30a-816b8cd6a7c3,1633624266233,13.3952945,52.4800826,6.5571413,0.11843903,-1.2291719,3.239749,on bike mount,cyclo cross,True,concrete plates,good
181827c6-a675-4238-8b16-de520de09d51,dc6b706d-6552-46d4-a226-b9b6fb5c7233,5d181251-2bd3-4016-a7e6-bf0cecafb107,1633624266283,13.3952945,52.4800826,6.5571413,-0.100153506,-2.6145604,-0.09958267,on bike mount,cyclo cross,True,concrete plates,good
181827c6-a675-4238-8b16-de520de09d51,dc6b706d-6552-46d4-a226-b9b6fb5c7233,ddd07233-831c-4bfe-93a7-f5db356e83ac,1633624266333,13.3952945,52.4800826,6.5571413,0.4591328,-0.13385558,-2.6199656,on bike mount,cyclo cross,True,concrete plates,good
181827c6-a675-4238-8b16-de520de09d51,dc6b706d-6552-46d4-a226-b9b6fb5c7233,bc20674c-1cbf-42c4-9574-3c6c762aff8d,1633624266383,13.3952945,52.4800826,6.5571413,-0.23389244,-1.8271134,0.38037395,on bike mount,cyclo cross,True,concrete plates,good
181827c6-a675-4238-8b16-de520de09d51,dc6b706d-6552-46d4-a226-b9b6fb5c7233,65764e38-1014-4bdc-a95f-3ce2e327ae02,1633624266449,13.3952945,52.4800826,6.5571413,0.5966496,-0.89749026,-0.79866123,on bike mount,cyclo cross,True,concrete plates,good
181827c6-a675-4238-8b16-de520de09d51,dc6b706d-6552-46d4-a226-b9b6fb5c7233,7fc45bc9-6f0b-4fe2-bebb-5de10abcca7f,1633624266501,13.3952945,52.4800826,6.5571413,1.7042699,2.6936417,-6.10006,on bike mount,cyclo cross,True,concrete plates,good
181827c6-a675-4238-8b16-de520de09d51,dc6b706d-6552-46d4-a226-b9b6fb5c7233,da6186ec-01c7-422f-8a70-9492ce2bd2f6,1633624266566,13.3953896,52.480099,6.803985,-3.9976797,-0.6898346,-6.444921,on bike mount,cyclo cross,True,concrete plates,good
181827c6-a675-4238-8b16-de520de09d51,dc6b706d-6552-46d4-a226-b9b6fb5c7233,986e2981-00b3-4bd6-8a09-f082cac79af0,1633624266616,13.3953896,52.480099,6.803985,0.5280032,-2.7467957,-0.70108795,on bike mount,cyclo cross,True,concrete plates,good
181827c6-a675-4238-8b16-de520de09d51,dc6b706d-6552-46d4-a226-b9b6fb5c7233,9c95f83a-36da-46ba-917e-a28bc524f3aa,1633624266666,13.3953896,52.480099,6.803985,-1.3436134,-8.034711,-3.1902628,on bike mount,cyclo cross,True,concrete plates,good
181827c6-a675-4238-8b16-de520de09d51,dc6b706d-6552-46d4-a226-b9b6fb5c7233,977e4137-7cf9-45a1-978e-3da573ea4982,1633624266717,13.3953896,52.480099,6.803985,0.5702841,-4.8353605,-2.9868865,on bike mount,cyclo cross,True,concrete plates,good
181827c6-a675-4238-8b16-de520de09d51,dc6b706d-6552-46d4-a226-b9b6fb5c7233,a8d8fb8b-ef36-405d-a7aa-b9bd0314adf6,1633624266767,13.3953896,52.480099,6.803985,-1.2238986,-5.7191615,-2.979671,on bike mount,cyclo cross,True,concrete plates,good
181827c6-a675-4238-8b16-de520de09d51,dc6b706d-6552-46d4-a226-b9b6fb5c7233,7bcf1857-c58e-4b3c-9375-e7016e83a58d,1633624266817,13.3953896,52.480099,6.803985,1.6856354,-1.4438795,2.7454185,on bike mount,cyclo cross,True,concrete plates,good
181827c6-a675-4238-8b16-de520de09d51,dc6b706d-6552-46d4-a226-b9b6fb5c7233,ff616636-b95b-4c46-b02d-ee60582739a8,1633624266867,13.3953896,52.480099,6.803985,-1.6655651,2.6878572,-3.1080418,on bike mount,cyclo cross,True,concrete plates,good
181827c6-a675-4238-8b16-de520de09d51,dc6b706d-6552-46d4-a226-b9b6fb5c7233,f6229090-8663-409d-9097-a719fbd690c3,1633624266916,13.3953896,52.480099,6.803985,-1.4609072,1.3963561,-2.5435004,on bike mount,cyclo cross,True,concrete plates,good
181827c6-a675-4238-8b16-de520de09d51,dc6b706d-6552-46d4-a226-b9b6fb5c7233,8b3066e0-870d-49e8-9e5c-9c982622cde4,1633624266967,13.3953896,52.480099,6.803985,1.5072162,-0.27172875,3.972993,on bike mount,cyclo cross,True,concrete plates,good
181827c6-a675-4238-8b16-de520de09d51,dc6b706d-6552-46d4-a226-b9b6fb5c7233,d5c01191-50e7-4247-9c82-2c361e56419b,1633624267018,13.3953896,52.480099,6.803985,-0.6586312,-1.3032591,-0.38634777,on bike mount,cyclo cross,True,concrete plates,good
181827c6-a675-4238-8b16-de520de09d51,dc6b706d-6552-46d4-a226-b9b6fb5c7233,739a52a5-57a1-4ee9-b776-d354d8b736c5,1633624267083,13.3953896,52.480099,6.803985,0.09063923,2.2985973,-4.7645016,on bike mount,cyclo cross,True,concrete plates,good
181827c6-a675-4238-8b16-de520de09d51,dc6b706d-6552-46d4-a226-b9b6fb5c7233,a222c1b8-df81-4e8d-990f-9d079d59e9d2,1633624267134,13.3953896,52.480099,6.803985,0.7178564,-3.5294008,4.9790087,on bike mount,cyclo cross,True,concrete plates,good
181827c6-a675-4238-8b16-de520de09d51,dc6b706d-6552-46d4-a226-b9b6fb5c7233,aaf09735-ac43-45ac-836c-b259440e2229,1633624267184,13.3953896,52.480099,6.803985,0.11629185,1.3144145,-3.7669396,on bike mount,cyclo cross,True,concrete plates,good
181827c6-a675-4238-8b16-de520de09d51,dc6b706d-6552-46d4-a226-b9b6fb5c7233,d6de7f52-66f9-4409-990c-8a2d282536de,1633624267235,13.3953896,52.480099,6.803985,-1.9119565,2.7898755,2.9227648,on bike mount,cyclo cross,True,concrete plates,good
181827c6-a675-4238-8b16-de520de09d51,dc6b706d-6552-46d4-a226-b9b6fb5c7233,ecb9a173-8b83-430a-9b08-d2517cbec12c,1633624267302,13.3953896,52.480099,6.803985,-1.1441673,-0.5881002,-3.3328094,on bike mount,cyclo cross,True,concrete plates,good
181827c6-a675-4238-8b16-de520de09d51,dc6b706d-6552-46d4-a226-b9b6fb5c7233,511b5afa-4868-4a36-9151-67d7f60aa474,1633624267353,13.3953896,52.480099,6.803985,-0.9269606,4.6502714,-2.3166814,on bike mount,cyclo cross,True,concrete plates,good
181827c6-a675-4238-8b16-de520de09d51,dc6b706d-6552-46d4-a226-b9b6fb5c7233,94b46974-c4c3-497c-8d8c-fd351fad1745,1633624267418,13.3953896,52.480099,6.803985,1.0262549,-3.678598,4.2372828,on bike mount,cyclo cross,True,concrete plates,good
181827c6-a675-4238-8b16-de520de09d51,dc6b706d-6552-46d4-a226-b9b6fb5c7233,8f98685d-7dff-402c-a333-fd601cbfc607,1633624267468,13.3953896,52.480099,6.803985,0.36895764,-2.3519228,-2.2478604,on bike mount,cyclo cross,True,concrete plates,good
181827c6-a675-4238-8b16-de520de09d51,dc6b706d-6552-46d4-a226-b9b6fb5c7233,56996d52-97ca-4af6-9980-0dfa26c5b9c6,1633624267519,13.3953896,52.480099,6.803985,-0.58085513,-2.1305797,3.42208,on bike mount,cyclo cross,True,concrete plates,good
181827c6-a675-4238-8b16-de520de09d51,dc6b706d-6552-46d4-a226-b9b6fb5c7233,62eccb01-b56f-4d18-ba55-622e9c5c3d82,1633624267569,13.3954848,52.4801118,6.6919,-1.6661617,3.9949875,-3.8770614,on bike mount,cyclo cross,True,concrete plates,good
181827c6-a675-4238-8b16-de520de09d51,dc6b706d-6552-46d4-a226-b9b6fb5c7233,b1d281d5-0abb-49df-a534-b46a7df58fd9,1633624267635,13.3954848,52.4801118,6.6919,8.26745,-8.639616,7.5347176,on bike mount,cyclo cross,True,concrete plates,good
181827c6-a675-4238-8b16-de520de09d51,dc6b706d-6552-46d4-a226-b9b6fb5c7233,201160ee-074c-4719-be72-45baf2d634a5,1633624267686,13.3954848,52.4801118,6.6919,-2.9264772,13.512963,0.2216692,on bike mount,cyclo cross,True,concrete plates,good
181827c6-a675-4238-8b16-de520de09d51,dc6b706d-6552-46d4-a226-b9b6fb5c7233,6c816c74-d06a-47cc-80a0-dc5ee9b51b68,1633624267753,13.3954848,52.4801118,6.6919,2.5834298,-6.0057354,-0.20444298,on bike mount,cyclo cross,True,concrete plates,good
181827c6-a675-4238-8b16-de520de09d51,dc6b706d-6552-46d4-a226-b9b6fb5c7233,d15446e5-0988-45c6-94b1-81028b41c399,1633624267804,13.3954848,52.4801118,6.6919,2.5277,-15.088426,-5.213137,on bike mount,cyclo cross,True,concrete plates,good
181827c6-a675-4238-8b16-de520de09d51,dc6b706d-6552-46d4-a226-b9b6fb5c7233,10ba06d0-8a7e-41be-b4b6-fda4f76f90e7,1633624267868,13.3954848,52.4801118,6.6919,-5.084012,-6.908583,2.4427624,on bike mount,cyclo cross,True,concrete plates,good
181827c6-a675-4238-8b16-de520de09d51,dc6b706d-6552-46d4-a226-b9b6fb5c7233,ca365067-bc7d-4b67-a4af-82a771a351e0,1633624267918,13.3954848,52.4801118,6.6919,-0.10956031,-2.2898812,-1.465352,on bike mount,cyclo cross,True,concrete plates,good
181827c6-a675-4238-8b16-de520de09d51,dc6b706d-6552-46d4-a226-b9b6fb5c7233,1b43e7a6-d1e7-4a71-9c69-f46951ed1f6f,1633624267968,13.3954848,52.4801118,6.6919,-0.12416983,-2.0026217,0.31082058,on bike mount,cyclo cross,True,concrete plates,good
181827c6-a675-4238-8b16-de520de09d51,dc6b706d-6552-46d4-a226-b9b6fb5c7233,571820a4-7ff1-4711-9b8e-5fd9fc665b19,1633624268019,13.3954848,52.4801118,6.6919,0.3895332,0.51815367,0.8255873,on bike mount,cyclo cross,True,concrete plates,good
181827c6-a675-4238-8b16-de520de09d51,dc6b706d-6552-46d4-a226-b9b6fb5c7233,8fcf5630-974b-4e3a-a268-0302a0dcdd62,1633624268070,13.3954848,52.4801118,6.6919,-0.9184274,0.7020216,-4.1360254,on bike mount,cyclo cross,True,concrete plates,good
181827c6-a675-4238-8b16-de520de09d51,dc6b706d-6552-46d4-a226-b9b6fb5c7233,c48e8314-92b8-466c-afbb-5996dfd5004d,1633624268120,13.3954848,52.4801118,6.6919,0.37377563,-0.6089952,0.9917774,on bike mount,cyclo cross,True,concrete plates,good
181827c6-a675-4238-8b16-de520de09d51,dc6b706d-6552-46d4-a226-b9b6fb5c7233,592a7999-8907-41bf-a92b-e80d13a7d492,1633624268185,13.3954848,52.4801118,6.6919,1.7501724,1.2868633,0.86001205,on bike mount,cyclo cross,True,concrete plates,good
181827c6-a675-4238-8b16-de520de09d51,dc6b706d-6552-46d4-a226-b9b6fb5c7233,b359fcc7-590a-42b0-b0c0-6877eec532cb,1633624268236,13.3954848,52.4801118,6.6919,-1.1145335,-7.868956,8.177343,on bike mount,cyclo cross,True,concrete plates,good
181827c6-a675-4238-8b16-de520de09d51,dc6b706d-6552-46d4-a226-b9b6fb5c7233,327db8e4-6a82-4c78-9996-ecd12c626625,1633624268287,13.3954848,52.4801118,6.6919,-0.12201299,2.977065,2.5559502,on bike mount,cyclo cross,True,concrete plates,good
181827c6-a675-4238-8b16-de520de09d51,dc6b706d-6552-46d4-a226-b9b6fb5c7233,5d14a4b6-af42-4fd4-b1f8-ff6f0fe9c01f,1633624268336,13.3954848,52.4801118,6.6919,-0.2314329,0.56840014,5.138398,on bike mount,cyclo cross,True,concrete plates,good
181827c6-a675-4238-8b16-de520de09d51,dc6b706d-6552-46d4-a226-b9b6fb5c7233,624c5674-0233-4eaf-80ca-1b33ea57a86e,1633624268387,13.3954848,52.4801118,6.6919,0.067536324,0.48770785,-2.216044,on bike mount,cyclo cross,True,concrete plates,good
181827c6-a675-4238-8b16-de520de09d51,dc6b706d-6552-46d4-a226-b9b6fb5c7233,a9be9199-e75a-4044-ba7f-4dc7770fb138,1633624268437,13.3954848,52.4801118,6.6919,-0.25594437,1.711906,-1.4701548,on bike mount,cyclo cross,True,concrete plates,good
181827c6-a675-4238-8b16-de520de09d51,dc6b706d-6552-46d4-a226-b9b6fb5c7233,d3837538-6882-4f60-8e0b-fdc1e937345e,1633624268487,13.3954848,52.4801118,6.6919,0.1279887,6.1489305,-3.2094884,on bike mount,cyclo cross,True,concrete plates,good
181827c6-a675-4238-8b16-de520de09d51,dc6b706d-6552-46d4-a226-b9b6fb5c7233,ab2ef37a-dceb-4c53-a1af-f282fa5b0031,1633624268546,13.3954848,52.4801118,6.6919,0.22162044,-10.393343,1.6292515,on bike mount,cyclo cross,True,concrete plates,good
181827c6-a675-4238-8b16-de520de09d51,dc6b706d-6552-46d4-a226-b9b6fb5c7233,fd35f1bd-f578-4300-825a-0b5db48078ee,1633624268605,13.3955774,52.4801253,6.625486,0.6407623,2.8243072,-0.032798767,on bike mount,cyclo cross,True,concrete plates,good
181827c6-a675-4238-8b16-de520de09d51,dc6b706d-6552-46d4-a226-b9b6fb5c7233,f446d41a-b7c5-431a-9123-f218fba3bbd5,1633624268670,13.3955774,52.4801253,6.625486,-1.7438459,-4.4185104,4.0774746,on bike mount,cyclo cross,True,concrete plates,good
181827c6-a675-4238-8b16-de520de09d51,dc6b706d-6552-46d4-a226-b9b6fb5c7233,ac7809e1-3d7c-46be-96e9-3933566e056f,1633624268722,13.3955774,52.4801253,6.625486,1.7280141,3.123157,-0.32621956,on bike mount,cyclo cross,True,concrete plates,good
181827c6-a675-4238-8b16-de520de09d51,dc6b706d-6552-46d4-a226-b9b6fb5c7233,2f17a530-bc7c-4c97-897c-3e3fec3b58b9,1633624268771,13.3955774,52.4801253,6.625486,0.0745213,3.1277056,0.43975735,on bike mount,cyclo cross,True,concrete plates,good
181827c6-a675-4238-8b16-de520de09d51,dc6b706d-6552-46d4-a226-b9b6fb5c7233,782b3285-4fb9-4898-a389-0200c9dd3197,1633624268822,13.3955774,52.4801253,6.625486,0.08143449,-0.9516573,0.95897007,on bike mount,cyclo cross,True,concrete plates,good
181827c6-a675-4238-8b16-de520de09d51,dc6b706d-6552-46d4-a226-b9b6fb5c7233,2dd4ceac-ba17-41db-8230-6de34e1c1adc,1633624268888,13.3955774,52.4801253,6.625486,-0.59616715,-6.2008963,2.7652025,on bike mount,cyclo cross,True,concrete plates,good
