bike_activity_uid,bike_activity_sample_uid,bike_activity_measurement,bike_activity_measurement_timestamp,bike_activity_measurement_lon,bike_activity_measurement_lat,bike_activity_measurement_speed,bike_activity_measurement_accelerometer_x,bike_activity_measurement_accelerometer_y,bike_activity_measurement_accelerometer_z,bike_activity_phone_position,bike_activity_bike_type,bike_activity_flagged_lab_conditions,bike_activity_surface_type,bike_activity_smoothness_type
1a520d19-bb78-48b7-aa5a-9a7c6c8de73b,2cdadef0-de5b-4091-850a-b6d85e330405,bc8e4e53-03e6-448e-ad19-afda82c0f540,1630562165501,13.4011737,52.4800481,9.069251,0.56709224,1.2180686,-1.5022697,on bike mount,cyclo cross,False,asphalt,good
1a520d19-bb78-48b7-aa5a-9a7c6c8de73b,2cdadef0-de5b-4091-850a-b6d85e330405,d1d6f2ad-325c-41e5-8411-a3b1875dd5f3,1630562165552,13.4011737,52.4800481,9.069251,-3.6257806,-0.355891,6.9364786,on bike mount,cyclo cross,False,asphalt,good
1a520d19-bb78-48b7-aa5a-9a7c6c8de73b,2cdadef0-de5b-4091-850a-b6d85e330405,a997abe7-1f26-4b05-8732-5e7cf2559c93,1630562165603,13.4011737,52.4800481,9.069251,2.7933645,-3.7659576,4.209132,on bike mount,cyclo cross,False,asphalt,good
1a520d19-bb78-48b7-aa5a-9a7c6c8de73b,2cdadef0-de5b-4091-850a-b6d85e330405,a69e98b4-885c-43b5-994f-bef79015e075,1630562165652,13.4011737,52.4800481,9.069251,0.8889532,2.7586613,-2.1728964,on bike mount,cyclo cross,False,asphalt,good
1a520d19-bb78-48b7-aa5a-9a7c6c8de73b,2cdadef0-de5b-4091-850a-b6d85e330405,0f63759e-3a4d-4768-acf4-a9d109260e47,1630562165703,13.4011737,52.4800481,9.069251,-1.8001407,-1.9901338,5.05632,on bike mount,cyclo cross,False,asphalt,good
1a520d19-bb78-48b7-aa5a-9a7c6c8de73b,2cdadef0-de5b-4091-850a-b6d85e330405,98553b88-e205-437f-8bca-4dd8321d7ed4,1630562165753,13.4011737,52.4800481,9.069251,0.5584207,2.1888165,-1.7044353,on bike mount,cyclo cross,False,asphalt,good
1a520d19-bb78-48b7-aa5a-9a7c6c8de73b,2cdadef0-de5b-4091-850a-b6d85e330405,9ff6b3c3-1798-4e6d-b929-fda33c949366,1630562165843,13.4011737,52.4800481,9.069251,0.9042438,-2.2199848,-0.6861925,on bike mount,cyclo cross,False,asphalt,good
1a520d19-bb78-48b7-aa5a-9a7c6c8de73b,2cdadef0-de5b-4091-850a-b6d85e330405,e4c357cc-3e22-4fd8-a84b-aebfe9e36034,1630562165894,13.4011737,52.4800481,9.069251,-0.3583952,-3.4083087,-0.20481205,on bike mount,cyclo cross,False,asphalt,good
1a520d19-bb78-48b7-aa5a-9a7c6c8de73b,2cdadef0-de5b-4091-850a-b6d85e330405,41006517-e1ea-4409-a4b7-7dcd3c9d1393,1630562165944,13.4011737,52.4800481,9.069251,0.52919656,1.046814,-1.8151984,on bike mount,cyclo cross,False,asphalt,good
1a520d19-bb78-48b7-aa5a-9a7c6c8de73b,2cdadef0-de5b-4091-850a-b6d85e330405,4c75edb6-c3b2-4e14-96b2-dc41e2ee8a68,1630562165995,13.4011737,52.4800481,9.069251,1.2359691,-3.492947,1.9242449,on bike mount,cyclo cross,False,asphalt,good
1a520d19-bb78-48b7-aa5a-9a7c6c8de73b,2cdadef0-de5b-4091-850a-b6d85e330405,9f99a1d3-f2ac-4cdf-9af7-44e60d3d5627,1630562166044,13.4011737,52.4800481,9.069251,-1.5955889,3.1385784,1.975543,on bike mount,cyclo cross,False,asphalt,good
1a520d19-bb78-48b7-aa5a-9a7c6c8de73b,2cdadef0-de5b-4091-850a-b6d85e330405,df0eb9e1-2239-4ce5-b836-810341b565ff,1630562166094,13.4011737,52.4800481,9.069251,1.0076927,2.3108726,-3.1002555,on bike mount,cyclo cross,False,asphalt,good
1a520d19-bb78-48b7-aa5a-9a7c6c8de73b,2cdadef0-de5b-4091-850a-b6d85e330405,8ca68f28-ab05-4f9c-8e20-3ca9250fbcd0,1630562166144,13.4011737,52.4800481,9.069251,0.89429057,2.5382085,-5.612178,on bike mount,cyclo cross,False,asphalt,good
1a520d19-bb78-48b7-aa5a-9a7c6c8de73b,2cdadef0-de5b-4091-850a-b6d85e330405,0952d8c3-6385-47ec-8049-6a41bcaf1db2,1630562166193,13.4011737,52.4800481,9.069251,-0.35006896,-1.4457475,2.5389652,on bike mount,cyclo cross,False,asphalt,good
1a520d19-bb78-48b7-aa5a-9a7c6c8de73b,2cdadef0-de5b-4091-850a-b6d85e330405,07ebfcbf-5663-45d8-8e0c-89c5753fbe20,1630562166245,13.4011737,52.4800481,9.069251,1.7888294,-2.155717,-5.020804,on bike mount,cyclo cross,False,asphalt,good
1a520d19-bb78-48b7-aa5a-9a7c6c8de73b,2cdadef0-de5b-4091-850a-b6d85e330405,1ef25157-bb08-41e8-986c-3c6661339bbb,1630562166294,13.4011737,52.4800481,9.069251,0.9920043,1.4573121,-1.5998154,on bike mount,cyclo cross,False,asphalt,good
1a520d19-bb78-48b7-aa5a-9a7c6c8de73b,2cdadef0-de5b-4091-850a-b6d85e330405,0d70ad21-0e1d-4297-97d0-ef35afc4861c,1630562166344,13.4011737,52.4800481,9.069251,-2.600897,-2.64997,-4.17023,on bike mount,cyclo cross,False,asphalt,good
1a520d19-bb78-48b7-aa5a-9a7c6c8de73b,2cdadef0-de5b-4091-850a-b6d85e330405,8faea36e-aca1-4f8a-b564-b7452dbeaf50,1630562166394,13.4010383,52.4800553,8.860351,2.0718184,-8.285673,9.682401,on bike mount,cyclo cross,False,asphalt,good
1a520d19-bb78-48b7-aa5a-9a7c6c8de73b,2cdadef0-de5b-4091-850a-b6d85e330405,80e43da0-568c-4539-afa1-f6eeeef7e01b,1630562166444,13.4010383,52.4800553,8.860351,2.105772,2.4921713,-0.23672199,on bike mount,cyclo cross,False,asphalt,good
1a520d19-bb78-48b7-aa5a-9a7c6c8de73b,2cdadef0-de5b-4091-850a-b6d85e330405,29be049a-d4cd-4180-a8b2-ffd268403215,1630562166493,13.4010383,52.4800553,8.860351,-3.5564947,6.0158772,-4.784985,on bike mount,cyclo cross,False,asphalt,good
1a520d19-bb78-48b7-aa5a-9a7c6c8de73b,2cdadef0-de5b-4091-850a-b6d85e330405,200a6e29-767f-4496-a5e1-929e37971cfc,1630562166545,13.4010383,52.4800553,8.860351,-3.00848,-2.6238842,-0.7471247,on bike mount,cyclo cross,False,asphalt,good
1a520d19-bb78-48b7-aa5a-9a7c6c8de73b,2cdadef0-de5b-4091-850a-b6d85e330405,85f1b855-2eac-414f-b3ff-bb69725b6640,1630562166611,13.4010383,52.4800553,8.860351,0.61343384,-6.5570197,1.5582848,on bike mount,cyclo cross,False,asphalt,good
1a520d19-bb78-48b7-aa5a-9a7c6c8de73b,2cdadef0-de5b-4091-850a-b6d85e330405,6bafa95a-971c-44fb-a894-9e89e8077581,1630562166661,13.4010383,52.4800553,8.860351,-0.30789244,1.28055,1.1738405,on bike mount,cyclo cross,False,asphalt,good
1a520d19-bb78-48b7-aa5a-9a7c6c8de73b,2cdadef0-de5b-4091-850a-b6d85e330405,0c8dab10-e06a-426f-878e-c4fc7637b70d,1630562166710,13.4010383,52.4800553,8.860351,-0.23962572,-0.7061894,-2.5971484,on bike mount,cyclo cross,False,asphalt,good
1a520d19-bb78-48b7-aa5a-9a7c6c8de73b,2cdadef0-de5b-4091-850a-b6d85e330405,f0b38c2d-d657-41d2-9ec9-b31aa5748aec,1630562166761,13.4010383,52.4800553,8.860351,-2.1756983,-2.3644145,-1.1860523,on bike mount,cyclo cross,False,asphalt,good
1a520d19-bb78-48b7-aa5a-9a7c6c8de73b,2cdadef0-de5b-4091-850a-b6d85e330405,b66cb191-cd18-4071-9077-4f6d5b1ef189,1630562166811,13.4010383,52.4800553,8.860351,2.2157178,2.0435448,-1.0466833,on bike mount,cyclo cross,False,asphalt,good
1a520d19-bb78-48b7-aa5a-9a7c6c8de73b,2cdadef0-de5b-4091-850a-b6d85e330405,e89ef872-071f-4bf9-944e-35ca7d57fa97,1630562166861,13.4010383,52.4800553,8.860351,-0.15291947,-1.766609,-1.3756762,on bike mount,cyclo cross,False,asphalt,good
1a520d19-bb78-48b7-aa5a-9a7c6c8de73b,2cdadef0-de5b-4091-850a-b6d85e330405,2461972c-624b-4172-b288-849b6c2bc035,1630562166911,13.4010383,52.4800553,8.860351,-0.5486584,-2.2855606,2.5373974,on bike mount,cyclo cross,False,asphalt,good
1a520d19-bb78-48b7-aa5a-9a7c6c8de73b,2cdadef0-de5b-4091-850a-b6d85e330405,ac21643d-abba-418d-b73a-677b49dd6157,1630562166961,13.4010383,52.4800553,8.860351,2.478366,2.9108105,-2.6892786,on bike mount,cyclo cross,False,asphalt,good
1a520d19-bb78-48b7-aa5a-9a7c6c8de73b,2cdadef0-de5b-4091-850a-b6d85e330405,fca9f162-404a-4be2-b6de-df057b774bc0,1630562167012,13.4010383,52.4800553,8.860351,-1.0997612,-3.2741618,-0.118169785,on bike mount,cyclo cross,False,asphalt,good
1a520d19-bb78-48b7-aa5a-9a7c6c8de73b,2cdadef0-de5b-4091-850a-b6d85e330405,3261d85a-0f4e-408c-b73a-880eb83ea0ae,1630562167061,13.4010383,52.4800553,8.860351,0.84273636,1.6238384,-4.15337,on bike mount,cyclo cross,False,asphalt,good
1a520d19-bb78-48b7-aa5a-9a7c6c8de73b,2cdadef0-de5b-4091-850a-b6d85e330405,c28ae11c-abc7-4774-8dae-a0847c9cb240,1630562167112,13.4010383,52.4800553,8.860351,-0.35497195,-2.4241219,2.1753178,on bike mount,cyclo cross,False,asphalt,good
1a520d19-bb78-48b7-aa5a-9a7c6c8de73b,2cdadef0-de5b-4091-850a-b6d85e330405,43869858-a7a3-4e59-8aaf-119a44b30117,1630562167163,13.4010383,52.4800553,8.860351,1.1966372,2.2903314,-0.15521717,on bike mount,cyclo cross,False,asphalt,good
1a520d19-bb78-48b7-aa5a-9a7c6c8de73b,2cdadef0-de5b-4091-850a-b6d85e330405,554b0957-b8e6-4bf7-b0df-54f2b7b2d402,1630562167243,13.4010383,52.4800553,8.860351,-2.760685,2.2585964,-7.8949404,on bike mount,cyclo cross,False,asphalt,good
1a520d19-bb78-48b7-aa5a-9a7c6c8de73b,2cdadef0-de5b-4091-850a-b6d85e330405,b55ab00b-e96e-44be-ad0b-726be1eb7320,1630562167293,13.4010383,52.4800553,8.860351,-0.052440464,-0.60747385,0.34840393,on bike mount,cyclo cross,False,asphalt,good
1a520d19-bb78-48b7-aa5a-9a7c6c8de73b,2cdadef0-de5b-4091-850a-b6d85e330405,2f6b80f0-b173-4d59-834c-e7b73bbd7f52,1630562167343,13.4010383,52.4800553,8.860351,0.9187589,-1.2394435,0.9746609,on bike mount,cyclo cross,False,asphalt,good
1a520d19-bb78-48b7-aa5a-9a7c6c8de73b,2cdadef0-de5b-4091-850a-b6d85e330405,693c3995-c9cf-4ed1-9197-e11ff3e7d42a,1630562167395,13.4009032,52.4800617,9.382365,-0.6237945,-0.6057589,1.6484194,on bike mount,cyclo cross,False,asphalt,good
1a520d19-bb78-48b7-aa5a-9a7c6c8de73b,2cdadef0-de5b-4091-850a-b6d85e330405,3999f124-0919-4bad-bd93-19c33f33958f,1630562167445,13.4009032,52.4800617,9.382365,1.1819013,4.227643,-1.5653539,on bike mount,cyclo cross,False,asphalt,good
1a520d19-bb78-48b7-aa5a-9a7c6c8de73b,2cdadef0-de5b-4091-850a-b6d85e330405,d17e4401-dd11-4d3b-9b6b-cf6e27fdaf19,1630562167496,13.4009032,52.4800617,9.382365,-1.7613002,-1.6072493,1.6867418,on bike mount,cyclo cross,False,asphalt,good
1a520d19-bb78-48b7-aa5a-9a7c6c8de73b,2cdadef0-de5b-4091-850a-b6d85e330405,bea46a27-72bd-4014-8e7e-640c6d4cc2f6,1630562167546,13.4009032,52.4800617,9.382365,-0.87874556,3.6392188,-5.3347607,on bike mount,cyclo cross,False,asphalt,good
1a520d19-bb78-48b7-aa5a-9a7c6c8de73b,2cdadef0-de5b-4091-850a-b6d85e330405,b5fbc1e5-8a78-4eb7-a6a5-1872a731025e,1630562167596,13.4009032,52.4800617,9.382365,-1.4448949,3.1480656,-0.13036728,on bike mount,cyclo cross,False,asphalt,good
1a520d19-bb78-48b7-aa5a-9a7c6c8de73b,2cdadef0-de5b-4091-850a-b6d85e330405,a63550f1-aa9f-4dae-a39d-3e3e15fb4970,1630562167647,13.4009032,52.4800617,9.382365,1.1795875,0.9646497,1.9176531,on bike mount,cyclo cross,False,asphalt,good
1a520d19-bb78-48b7-aa5a-9a7c6c8de73b,2cdadef0-de5b-4091-850a-b6d85e330405,aaf5ba55-1fa9-4878-8670-8e85e66637ea,1630562167697,13.4009032,52.4800617,9.382365,-0.6294402,-3.2101912,4.198573,on bike mount,cyclo cross,False,asphalt,good
1a520d19-bb78-48b7-aa5a-9a7c6c8de73b,2cdadef0-de5b-4091-850a-b6d85e330405,ef7d3f67-65ea-4701-8641-cb2e9f27d5ce,1630562167748,13.4009032,52.4800617,9.382365,1.2095715,0.6000469,0.9310751,on bike mount,cyclo cross,False,asphalt,good
1a520d19-bb78-48b7-aa5a-9a7c6c8de73b,2cdadef0-de5b-4091-850a-b6d85e330405,2f7b0326-d476-4f00-8ed2-330a18b71ae8,1630562167799,13.4009032,52.4800617,9.382365,0.38428718,-1.00819,-3.4739766,on bike mount,cyclo cross,False,asphalt,good
1a520d19-bb78-48b7-aa5a-9a7c6c8de73b,2cdadef0-de5b-4091-850a-b6d85e330405,db9d0b7d-b9cb-4237-9eda-1c4e8bd13838,1630562167848,13.4009032,52.4800617,9.382365,-0.9911187,2.6449761,1.496666,on bike mount,cyclo cross,False,asphalt,good
1a520d19-bb78-48b7-aa5a-9a7c6c8de73b,2cdadef0-de5b-4091-850a-b6d85e330405,9a1cea1d-8de1-4141-9928-079388e5e356,1630562167898,13.4009032,52.4800617,9.382365,1.6586537,2.9032865,2.39003,on bike mount,cyclo cross,False,asphalt,good
1a520d19-bb78-48b7-aa5a-9a7c6c8de73b,2cdadef0-de5b-4091-850a-b6d85e330405,187e5733-1d34-468c-810c-5ddd30a364a2,1630562167948,13.4009032,52.4800617,9.382365,-3.8560705,1.491076,2.3205853,on bike mount,cyclo cross,False,asphalt,good
1a520d19-bb78-48b7-aa5a-9a7c6c8de73b,2cdadef0-de5b-4091-850a-b6d85e330405,f9c4f90f-954d-4e2f-9073-bd1e367ed4d8,1630562168005,13.4009032,52.4800617,9.382365,-1.0563039,-0.099621296,0.37800884,on bike mount,cyclo cross,False,asphalt,good
1a520d19-bb78-48b7-aa5a-9a7c6c8de73b,2cdadef0-de5b-4091-850a-b6d85e330405,c74ceb3f-ab8f-4ac8-8fc3-e9bcec853138,1630562168055,13.4009032,52.4800617,9.382365,0.72961724,1.5234971,-4.1391206,on bike mount,cyclo cross,False,asphalt,good
1a520d19-bb78-48b7-aa5a-9a7c6c8de73b,2cdadef0-de5b-4091-850a-b6d85e330405,f1ad6360-c2fb-43e2-b36d-62ec62a64858,1630562168104,13.4009032,52.4800617,9.382365,1.0459285,2.328804,-0.57218647,on bike mount,cyclo cross,False,asphalt,good
1a520d19-bb78-48b7-aa5a-9a7c6c8de73b,2cdadef0-de5b-4091-850a-b6d85e330405,54b495f2-6e3a-44d6-b1ee-116b5b457517,1630562168154,13.4009032,52.4800617,9.382365,-3.4627686,-4.0768514,0.09938431,on bike mount,cyclo cross,False,asphalt,good
1a520d19-bb78-48b7-aa5a-9a7c6c8de73b,2cdadef0-de5b-4091-850a-b6d85e330405,9ff6135d-bdbd-42b6-9cea-8805191f9d12,1630562168204,13.4009032,52.4800617,9.382365,2.2046661,1.2486119,-0.8124914,on bike mount,cyclo cross,False,asphalt,good
1a520d19-bb78-48b7-aa5a-9a7c6c8de73b,2cdadef0-de5b-4091-850a-b6d85e330405,ed4e9e0d-1ba0-430d-9607-c9cde80a7cc7,1630562168254,13.4009032,52.4800617,9.382365,-2.2162776,-0.19350886,1.0499372,on bike mount,cyclo cross,False,asphalt,good
1a520d19-bb78-48b7-aa5a-9a7c6c8de73b,2cdadef0-de5b-4091-850a-b6d85e330405,c46eb560-f009-4413-8606-9dd29898780d,1630562168304,13.4009032,52.4800617,9.382365,-3.2032607,-1.2137709,2.5249357,on bike mount,cyclo cross,False,asphalt,good
1a520d19-bb78-48b7-aa5a-9a7c6c8de73b,2cdadef0-de5b-4091-850a-b6d85e330405,69153720-f5e5-430e-a61b-b2ebfa300f45,1630562168355,13.4009032,52.4800617,9.382365,3.8550587,2.5002193,-0.90172005,on bike mount,cyclo cross,False,asphalt,good
1a520d19-bb78-48b7-aa5a-9a7c6c8de73b,2cdadef0-de5b-4091-850a-b6d85e330405,e0ae75ad-add5-4fa9-be28-2baef23ea298,1630562168405,13.4007692,52.480067,8.649015,-4.115501,1.2420683,1.3451443,on bike mount,cyclo cross,False,asphalt,good
1a520d19-bb78-48b7-aa5a-9a7c6c8de73b,2cdadef0-de5b-4091-850a-b6d85e330405,667a854c-3d27-4a1e-b086-2f4a9b016648,1630562168456,13.4007692,52.480067,8.649015,-1.998229,2.661347,0.8318081,on bike mount,cyclo cross,False,asphalt,good
1a520d19-bb78-48b7-aa5a-9a7c6c8de73b,2cdadef0-de5b-4091-850a-b6d85e330405,d180db02-e03b-4189-a18b-9accd1a1caf8,1630562168506,13.4007692,52.480067,8.649015,1.1231757,-1.2691848,1.1914654,on bike mount,cyclo cross,False,asphalt,good
1a520d19-bb78-48b7-aa5a-9a7c6c8de73b,2cdadef0-de5b-4091-850a-b6d85e330405,21d27c70-3739-4a38-80d1-a907c7ddba1c,1630562168556,13.4007692,52.480067,8.649015,-0.9331449,1.4197795,0.7679939,on bike mount,cyclo cross,False,asphalt,good
1a520d19-bb78-48b7-aa5a-9a7c6c8de73b,2cdadef0-de5b-4091-850a-b6d85e330405,a50a484c-dfbf-4699-be0d-9e5dffbf78b2,1630562168606,13.4007692,52.480067,8.649015,1.6123573,1.009892,-0.7394266,on bike mount,cyclo cross,False,asphalt,good
1a520d19-bb78-48b7-aa5a-9a7c6c8de73b,2cdadef0-de5b-4091-850a-b6d85e330405,e99d980e-752e-413d-9789-2e9c46253603,1630562168656,13.4007692,52.480067,8.649015,-0.5444357,1.8574233,0.46240425,on bike mount,cyclo cross,False,asphalt,good
1a520d19-bb78-48b7-aa5a-9a7c6c8de73b,2cdadef0-de5b-4091-850a-b6d85e330405,e9dbd7d8-63e3-4e66-8a39-ec8034bcd2a7,1630562168706,13.4007692,52.480067,8.649015,-3.935739,4.271388,-2.6946998,on bike mount,cyclo cross,False,asphalt,good
1a520d19-bb78-48b7-aa5a-9a7c6c8de73b,2cdadef0-de5b-4091-850a-b6d85e330405,c18cd553-ab9a-4297-a8ed-55aab4c6feac,1630562168757,13.4007692,52.480067,8.649015,-0.21750352,-0.5636132,-0.7577028,on bike mount,cyclo cross,False,asphalt,good
1a520d19-bb78-48b7-aa5a-9a7c6c8de73b,2cdadef0-de5b-4091-850a-b6d85e330405,59c58c91-95ec-43e1-89ce-6040b4cf7841,1630562168807,13.4007692,52.480067,8.649015,0.89597297,-1.5048568,0.11209774,on bike mount,cyclo cross,False,asphalt,good
1a520d19-bb78-48b7-aa5a-9a7c6c8de73b,2cdadef0-de5b-4091-850a-b6d85e330405,87a8fdeb-c016-4f32-9bfd-8cf2e402aebd,1630562168858,13.4007692,52.480067,8.649015,-1.6050091,-1.8118144,-1.5644689,on bike mount,cyclo cross,False,asphalt,good
1a520d19-bb78-48b7-aa5a-9a7c6c8de73b,2cdadef0-de5b-4091-850a-b6d85e330405,284fb1f3-b980-491f-a0af-f3f6afc23b62,1630562168908,13.4007692,52.480067,8.649015,0.06257586,-1.0734684,2.4358454,on bike mount,cyclo cross,False,asphalt,good
1a520d19-bb78-48b7-aa5a-9a7c6c8de73b,2cdadef0-de5b-4091-850a-b6d85e330405,67405900-66af-459e-b78b-44f58c84bd50,1630562168958,13.4007692,52.480067,8.649015,-0.0034570545,-3.449254,0.7347479,on bike mount,cyclo cross,False,asphalt,good
1a520d19-bb78-48b7-aa5a-9a7c6c8de73b,2cdadef0-de5b-4091-850a-b6d85e330405,5e6f84c7-e815-4aff-b367-632f5d14566f,1630562169008,13.4007692,52.480067,8.649015,-0.4911415,2.1685166,-2.8785024,on bike mount,cyclo cross,False,asphalt,good
1a520d19-bb78-48b7-aa5a-9a7c6c8de73b,2cdadef0-de5b-4091-850a-b6d85e330405,6bc8eb80-9773-4617-927f-7558dece8572,1630562169059,13.4007692,52.480067,8.649015,1.7840585,0.69684505,-4.050208,on bike mount,cyclo cross,False,asphalt,good
1a520d19-bb78-48b7-aa5a-9a7c6c8de73b,2cdadef0-de5b-4091-850a-b6d85e330405,839affdd-d151-410b-b272-3f7151c0ddab,1630562169109,13.4007692,52.480067,8.649015,0.56032586,-5.3931947,5.111105,on bike mount,cyclo cross,False,asphalt,good
1a520d19-bb78-48b7-aa5a-9a7c6c8de73b,2cdadef0-de5b-4091-850a-b6d85e330405,3f4bc887-c170-44b4-adc9-6c1facb7afe4,1630562169159,13.4007692,52.480067,8.649015,-0.75466335,-0.17087746,-4.9500036,on bike mount,cyclo cross,False,asphalt,good
1a520d19-bb78-48b7-aa5a-9a7c6c8de73b,2cdadef0-de5b-4091-850a-b6d85e330405,d3401ae9-d448-4a1d-8475-8f8b65d58ad2,1630562169209,13.4007692,52.480067,8.649015,0.64798766,-2.2623365,-1.2452941,on bike mount,cyclo cross,False,asphalt,good
1a520d19-bb78-48b7-aa5a-9a7c6c8de73b,2cdadef0-de5b-4091-850a-b6d85e330405,bad8639b-f080-4713-bed8-0b74d2f0bfe2,1630562169259,13.4007692,52.480067,8.649015,0.012967329,-2.368477,2.568719,on bike mount,cyclo cross,False,asphalt,good
1a520d19-bb78-48b7-aa5a-9a7c6c8de73b,2cdadef0-de5b-4091-850a-b6d85e330405,357fa5db-b4f5-4e48-8167-daffca581746,1630562169310,13.4007692,52.480067,8.649015,-1.0907612,1.3052044,-4.480846,on bike mount,cyclo cross,False,asphalt,good
1a520d19-bb78-48b7-aa5a-9a7c6c8de73b,2cdadef0-de5b-4091-850a-b6d85e330405,3f8d7f60-0539-4ffe-958d-5cb29c176f06,1630562169360,13.4007692,52.480067,8.649015,1.278443,-8.886108,10.562608,on bike mount,cyclo cross,False,asphalt,good
1a520d19-bb78-48b7-aa5a-9a7c6c8de73b,2cdadef0-de5b-4091-850a-b6d85e330405,12eba176-c1bc-480b-b545-09e726085a0a,1630562169410,13.4006422,52.4800728,8.640014,-1.6592311,-1.9392307,-0.065989494,on bike mount,cyclo cross,False,asphalt,good
1a520d19-bb78-48b7-aa5a-9a7c6c8de73b,2cdadef0-de5b-4091-850a-b6d85e330405,fdcccf7e-064e-41c6-8b87-887c2bb7a48f,1630562169460,13.4006422,52.4800728,8.640014,-0.5488868,-3.9859967,6.5126734,on bike mount,cyclo cross,False,asphalt,good
1a520d19-bb78-48b7-aa5a-9a7c6c8de73b,2cdadef0-de5b-4091-850a-b6d85e330405,c4097b44-d5c7-4b22-bc03-02f2c5b3892c,1630562169514,13.4006422,52.4800728,8.640014,0.7566918,-0.2312522,-1.9902253,on bike mount,cyclo cross,False,asphalt,good
1a520d19-bb78-48b7-aa5a-9a7c6c8de73b,2cdadef0-de5b-4091-850a-b6d85e330405,6178b0d2-8ca5-4c43-b43f-b7eeac26bf0c,1630562169564,13.4006422,52.4800728,8.640014,-1.6339222,-3.0744095,1.7636881,on bike mount,cyclo cross,False,asphalt,good
1a520d19-bb78-48b7-aa5a-9a7c6c8de73b,2cdadef0-de5b-4091-850a-b6d85e330405,30608990-357d-4e31-b881-a767e994253d,1630562169614,13.4006422,52.4800728,8.640014,-0.263802,-1.3585674,-1.7344346,on bike mount,cyclo cross,False,asphalt,good
1a520d19-bb78-48b7-aa5a-9a7c6c8de73b,2cdadef0-de5b-4091-850a-b6d85e330405,ad8dd163-c952-4ccb-9a10-15830616b0de,1630562169665,13.4006422,52.4800728,8.640014,-1.2878436,-0.7976012,1.4692364,on bike mount,cyclo cross,False,asphalt,good
1a520d19-bb78-48b7-aa5a-9a7c6c8de73b,2cdadef0-de5b-4091-850a-b6d85e330405,5f9a1d62-874c-456f-8edb-8ba1797ba34e,1630562169717,13.4006422,52.4800728,8.640014,-0.88005775,0.5974219,-2.9380822,on bike mount,cyclo cross,False,asphalt,good
1a520d19-bb78-48b7-aa5a-9a7c6c8de73b,2cdadef0-de5b-4091-850a-b6d85e330405,16116026-d81c-4f9d-80d6-edefaaf93bf8,1630562169766,13.4006422,52.4800728,8.640014,-0.8818029,1.9015265,-0.1487627,on bike mount,cyclo cross,False,asphalt,good
1a520d19-bb78-48b7-aa5a-9a7c6c8de73b,2cdadef0-de5b-4091-850a-b6d85e330405,2ea10393-02de-4db0-9557-1736e17df8ae,1630562169816,13.4006422,52.4800728,8.640014,0.88729745,1.7404566,-2.3404608,on bike mount,cyclo cross,False,asphalt,good
1a520d19-bb78-48b7-aa5a-9a7c6c8de73b,2cdadef0-de5b-4091-850a-b6d85e330405,ba3c26a2-87b0-4dd1-9666-1de2df388529,1630562169866,13.4006422,52.4800728,8.640014,0.32920337,-2.1817498,-3.4989297,on bike mount,cyclo cross,False,asphalt,good
1a520d19-bb78-48b7-aa5a-9a7c6c8de73b,2cdadef0-de5b-4091-850a-b6d85e330405,135e4ff7-0840-4863-b646-e9852a8f929e,1630562169916,13.4006422,52.4800728,8.640014,0.81018174,-1.9915767,3.1515636,on bike mount,cyclo cross,False,asphalt,good
1a520d19-bb78-48b7-aa5a-9a7c6c8de73b,2cdadef0-de5b-4091-850a-b6d85e330405,223c2e34-73db-4ea3-8943-09edff46de75,1630562169965,13.4006422,52.4800728,8.640014,-0.6635214,2.7878838,0.4212885,on bike mount,cyclo cross,False,asphalt,good
1a520d19-bb78-48b7-aa5a-9a7c6c8de73b,2cdadef0-de5b-4091-850a-b6d85e330405,383134f0-24a4-4abc-9f0b-e9389b6dfaa0,1630562170015,13.4006422,52.4800728,8.640014,-1.3700726,2.2458768,1.6895647,on bike mount,cyclo cross,False,asphalt,good
1a520d19-bb78-48b7-aa5a-9a7c6c8de73b,2cdadef0-de5b-4091-850a-b6d85e330405,a185e253-eb35-4f8e-bb61-9ef4f3cbb1f4,1630562170065,13.4006422,52.4800728,8.640014,-0.094769835,1.396697,-2.3664346,on bike mount,cyclo cross,False,asphalt,good
1a520d19-bb78-48b7-aa5a-9a7c6c8de73b,2cdadef0-de5b-4091-850a-b6d85e330405,9857b0be-be6e-4eb8-b50e-2cc1872daed2,1630562170115,13.4006422,52.4800728,8.640014,0.47994787,-1.836585,4.4680176,on bike mount,cyclo cross,False,asphalt,good
1a520d19-bb78-48b7-aa5a-9a7c6c8de73b,2cdadef0-de5b-4091-850a-b6d85e330405,827c8877-44e1-4fa6-a91f-cecbd4afdbe8,1630562170168,13.4006422,52.4800728,8.640014,0.06703563,4.6901193,-2.7946749,on bike mount,cyclo cross,False,asphalt,good
1a520d19-bb78-48b7-aa5a-9a7c6c8de73b,2cdadef0-de5b-4091-850a-b6d85e330405,c107ee5e-ef2a-496b-adc5-7b55974a2050,1630562170218,13.4006422,52.4800728,8.640014,0.90516424,3.4154077,-0.40654945,on bike mount,cyclo cross,False,asphalt,good
1a520d19-bb78-48b7-aa5a-9a7c6c8de73b,2cdadef0-de5b-4091-850a-b6d85e330405,ff8c9760-ca2e-4873-9b0c-84e7af3bae8d,1630562170268,13.4006422,52.4800728,8.640014,1.6563492,0.0588634,3.8125305,on bike mount,cyclo cross,False,asphalt,good
1a520d19-bb78-48b7-aa5a-9a7c6c8de73b,2cdadef0-de5b-4091-850a-b6d85e330405,e4a869d1-dc10-4c78-86a0-3ec34f6781c8,1630562170318,13.4006422,52.4800728,8.640014,-0.4418528,0.41813207,-1.3661714,on bike mount,cyclo cross,False,asphalt,good
1a520d19-bb78-48b7-aa5a-9a7c6c8de73b,2cdadef0-de5b-4091-850a-b6d85e330405,3d26e13f-53d8-4185-8889-902fd8a4f9ab,1630562170368,13.4006422,52.4800728,8.640014,1.1661826,-1.625721,-5.183957,on bike mount,cyclo cross,False,asphalt,good
1a520d19-bb78-48b7-aa5a-9a7c6c8de73b,2cdadef0-de5b-4091-850a-b6d85e330405,bb2f3c0d-b449-48f6-b961-b119efc630b0,1630562170418,13.4005208,52.4800778,8.84956,0.14964257,-0.6881149,0.42966557,on bike mount,cyclo cross,False,asphalt,good
1a520d19-bb78-48b7-aa5a-9a7c6c8de73b,2cdadef0-de5b-4091-850a-b6d85e330405,fef6d7ac-148a-431a-a35b-1f1755e571a0,1630562170468,13.4005208,52.4800778,8.84956,-0.051037025,-3.0592144,-3.6485898,on bike mount,cyclo cross,False,asphalt,good
1a520d19-bb78-48b7-aa5a-9a7c6c8de73b,2cdadef0-de5b-4091-850a-b6d85e330405,ea2382de-9917-4daa-ad5f-12156d85b9b8,1630562170518,13.4005208,52.4800778,8.84956,0.7668982,0.117961645,-5.2182865,on bike mount,cyclo cross,False,asphalt,good
1a520d19-bb78-48b7-aa5a-9a7c6c8de73b,2cdadef0-de5b-4091-850a-b6d85e330405,8f7b8d9e-3659-42d0-8eaf-62b7c734b1de,1630562170567,13.4005208,52.4800778,8.84956,0.9812944,-0.45183158,-1.0429978,on bike mount,cyclo cross,False,asphalt,good
1a520d19-bb78-48b7-aa5a-9a7c6c8de73b,2cdadef0-de5b-4091-850a-b6d85e330405,987ee04a-7cf8-467f-be13-5fc153b0062d,1630562170617,13.4005208,52.4800778,8.84956,1.6508123,0.7789097,0.20916939,on bike mount,cyclo cross,False,asphalt,good
1a520d19-bb78-48b7-aa5a-9a7c6c8de73b,2cdadef0-de5b-4091-850a-b6d85e330405,17d7441b-3483-4989-b6da-ac279c36a5d0,1630562170667,13.4005208,52.4800778,8.84956,-1.6985614,-0.7630179,1.2760868,on bike mount,cyclo cross,False,asphalt,good
1a520d19-bb78-48b7-aa5a-9a7c6c8de73b,2cdadef0-de5b-4091-850a-b6d85e330405,2cf5c540-1bd5-4572-86ef-773323ee5f83,1630562170718,13.4005208,52.4800778,8.84956,0.16431428,-1.514509,5.860363,on bike mount,cyclo cross,False,asphalt,good
1a520d19-bb78-48b7-aa5a-9a7c6c8de73b,2cdadef0-de5b-4091-850a-b6d85e330405,301e1bb3-f637-4ed6-8bee-a3fb4dacba28,1630562170770,13.4005208,52.4800778,8.84956,1.6476686,-3.8695006,0.75634384,on bike mount,cyclo cross,False,asphalt,good
1a520d19-bb78-48b7-aa5a-9a7c6c8de73b,2cdadef0-de5b-4091-850a-b6d85e330405,15f1b356-82a5-4816-80b6-91308d31f403,1630562170819,13.4005208,52.4800778,8.84956,-0.62671316,3.1913452,-0.20327663,on bike mount,cyclo cross,False,asphalt,good
1a520d19-bb78-48b7-aa5a-9a7c6c8de73b,2cdadef0-de5b-4091-850a-b6d85e330405,1b0f34cb-a2f8-46a0-8583-982713bbe3c4,1630562170869,13.4005208,52.4800778,8.84956,0.3807088,-1.956078,-0.5372591,on bike mount,cyclo cross,False,asphalt,good
1a520d19-bb78-48b7-aa5a-9a7c6c8de73b,2cdadef0-de5b-4091-850a-b6d85e330405,ec619795-681b-473d-a634-4d247dd0ee92,1630562170919,13.4005208,52.4800778,8.84956,-1.8260105,-1.6378895,3.491456,on bike mount,cyclo cross,False,asphalt,good
1a520d19-bb78-48b7-aa5a-9a7c6c8de73b,2cdadef0-de5b-4091-850a-b6d85e330405,7a24c214-3f8d-48af-87ad-6d442fce2b9c,1630562170969,13.4005208,52.4800778,8.84956,-1.7505357,1.1159134,-0.5837984,on bike mount,cyclo cross,False,asphalt,good
1a520d19-bb78-48b7-aa5a-9a7c6c8de73b,2cdadef0-de5b-4091-850a-b6d85e330405,fc679238-e774-4b42-88f7-9fa9cc2d8bf9,1630562171019,13.4005208,52.4800778,8.84956,-0.0648188,2.5322251,3.711379,on bike mount,cyclo cross,False,asphalt,good
1a520d19-bb78-48b7-aa5a-9a7c6c8de73b,2cdadef0-de5b-4091-850a-b6d85e330405,481a2942-cdb3-42e0-b2e5-c55d5892d751,1630562171069,13.4005208,52.4800778,8.84956,0.7713308,-0.12415719,1.5428963,on bike mount,cyclo cross,False,asphalt,good
1a520d19-bb78-48b7-aa5a-9a7c6c8de73b,2cdadef0-de5b-4091-850a-b6d85e330405,2c9fc20c-d65a-43c7-a201-b6a41d733e6c,1630562171119,13.4005208,52.4800778,8.84956,-0.039283454,-1.3624051,-0.7424946,on bike mount,cyclo cross,False,asphalt,good
1a520d19-bb78-48b7-aa5a-9a7c6c8de73b,2cdadef0-de5b-4091-850a-b6d85e330405,7b04239f-3144-4eb0-a635-f3550433f3d9,1630562171169,13.4005208,52.4800778,8.84956,0.022049442,-2.8466947,-2.1209035,on bike mount,cyclo cross,False,asphalt,good
1a520d19-bb78-48b7-aa5a-9a7c6c8de73b,2cdadef0-de5b-4091-850a-b6d85e330405,e2479825-a5e5-4f71-b974-9375c0682ef9,1630562171219,13.4005208,52.4800778,8.84956,-1.776447,-0.21603107,-1.4026313,on bike mount,cyclo cross,False,asphalt,good
1a520d19-bb78-48b7-aa5a-9a7c6c8de73b,2cdadef0-de5b-4091-850a-b6d85e330405,0713a9f6-02ce-4c1a-8e90-7430e3d65af5,1630562171270,13.4005208,52.4800778,8.84956,0.46367404,0.24815154,-6.0523896,on bike mount,cyclo cross,False,asphalt,good
1a520d19-bb78-48b7-aa5a-9a7c6c8de73b,2cdadef0-de5b-4091-850a-b6d85e330405,ecb86744-3a29-4013-a057-65ed8774e108,1630562171319,13.4005208,52.4800778,8.84956,-0.92760134,-0.780838,-0.23369408,on bike mount,cyclo cross,False,asphalt,good
1a520d19-bb78-48b7-aa5a-9a7c6c8de73b,2cdadef0-de5b-4091-850a-b6d85e330405,1f04f46d-fe0a-4205-a829-dfd3254bfe0e,1630562171369,13.4005208,52.4800778,8.84956,2.4168706,2.6004424,-1.204483,on bike mount,cyclo cross,False,asphalt,good
1a520d19-bb78-48b7-aa5a-9a7c6c8de73b,2cdadef0-de5b-4091-850a-b6d85e330405,e2e00417-4971-4b94-a74c-5443902818a6,1630562171419,13.4003931,52.4800827,8.760431,-0.45028782,0.5285516,-2.3944054,on bike mount,cyclo cross,False,asphalt,good
1a520d19-bb78-48b7-aa5a-9a7c6c8de73b,2cdadef0-de5b-4091-850a-b6d85e330405,f3b0722c-c056-4fe8-b4f4-478ea671c989,1630562171470,13.4003931,52.4800827,8.760431,0.94501877,-3.7486942,3.702242,on bike mount,cyclo cross,False,asphalt,good
1a520d19-bb78-48b7-aa5a-9a7c6c8de73b,2cdadef0-de5b-4091-850a-b6d85e330405,1216e57b-f00c-4931-981f-3be44b32ec9b,1630562171520,13.4003931,52.4800827,8.760431,-1.4230361,-3.9187899,4.337178,on bike mount,cyclo cross,False,asphalt,good
1a520d19-bb78-48b7-aa5a-9a7c6c8de73b,2cdadef0-de5b-4091-850a-b6d85e330405,e840616d-c4ab-4a9d-b5f2-31e229844278,1630562171570,13.4003931,52.4800827,8.760431,-0.2409811,1.3419058,-1.549653,on bike mount,cyclo cross,False,asphalt,good
1a520d19-bb78-48b7-aa5a-9a7c6c8de73b,2cdadef0-de5b-4091-850a-b6d85e330405,c5bda261-8780-4bec-bf70-3a3d6083c692,1630562171620,13.4003931,52.4800827,8.760431,0.4520756,-4.1163306,3.060893,on bike mount,cyclo cross,False,asphalt,good
1a520d19-bb78-48b7-aa5a-9a7c6c8de73b,2cdadef0-de5b-4091-850a-b6d85e330405,da30eeff-bf81-44f4-99c4-138170eea704,1630562171671,13.4003931,52.4800827,8.760431,-0.8754562,-9.905784,5.024804,on bike mount,cyclo cross,False,asphalt,good
1a520d19-bb78-48b7-aa5a-9a7c6c8de73b,2cdadef0-de5b-4091-850a-b6d85e330405,2a2c73d1-e96a-4438-91bd-c7873b8cbf2b,1630562171721,13.4003931,52.4800827,8.760431,-0.5295226,3.6449966,4.3947525,on bike mount,cyclo cross,False,asphalt,good
1a520d19-bb78-48b7-aa5a-9a7c6c8de73b,2cdadef0-de5b-4091-850a-b6d85e330405,6eb0480f-25c5-4839-84f3-1b659b59162a,1630562171771,13.4003931,52.4800827,8.760431,-1.4517449,1.3316278,0.9173784,on bike mount,cyclo cross,False,asphalt,good
1a520d19-bb78-48b7-aa5a-9a7c6c8de73b,2cdadef0-de5b-4091-850a-b6d85e330405,796c482d-43bc-47eb-9e35-95e6313fbed3,1630562171821,13.4003931,52.4800827,8.760431,-0.42946008,2.1518083,-2.8074903,on bike mount,cyclo cross,False,asphalt,good
1a520d19-bb78-48b7-aa5a-9a7c6c8de73b,2cdadef0-de5b-4091-850a-b6d85e330405,c6917cf2-cae4-49d6-a01c-ca61985633a2,1630562171870,13.4003931,52.4800827,8.760431,-0.31931242,-2.1844704,1.7601805,on bike mount,cyclo cross,False,asphalt,good
1a520d19-bb78-48b7-aa5a-9a7c6c8de73b,2cdadef0-de5b-4091-850a-b6d85e330405,f075a060-a86f-47d1-be67-30b4918417a5,1630562171920,13.4003931,52.4800827,8.760431,1.8995466,-0.20387483,-2.3421688,on bike mount,cyclo cross,False,asphalt,good
1a520d19-bb78-48b7-aa5a-9a7c6c8de73b,2cdadef0-de5b-4091-850a-b6d85e330405,c92bd612-ae07-4d93-922a-3e1539641c7f,1630562171970,13.4003931,52.4800827,8.760431,-1.7694507,-0.55058885,4.86499,on bike mount,cyclo cross,False,asphalt,good
1a520d19-bb78-48b7-aa5a-9a7c6c8de73b,2cdadef0-de5b-4091-850a-b6d85e330405,e5964179-478c-413c-9a4c-f1d4e5a95182,1630562172020,13.4003931,52.4800827,8.760431,1.8842971,-2.425993,1.1610804,on bike mount,cyclo cross,False,asphalt,good
1a520d19-bb78-48b7-aa5a-9a7c6c8de73b,2cdadef0-de5b-4091-850a-b6d85e330405,f6374848-6680-4251-a157-6a2b3cc3c77c,1630562172070,13.4003931,52.4800827,8.760431,0.21964307,-3.468589,-1.9550838,on bike mount,cyclo cross,False,asphalt,good
1a520d19-bb78-48b7-aa5a-9a7c6c8de73b,2cdadef0-de5b-4091-850a-b6d85e330405,561a9d31-c30e-434d-9e06-e08e892b3a02,1630562172120,13.4003931,52.4800827,8.760431,0.58370554,-0.4181726,0.2649889,on bike mount,cyclo cross,False,asphalt,good
1a520d19-bb78-48b7-aa5a-9a7c6c8de73b,2cdadef0-de5b-4091-850a-b6d85e330405,cb64ad1c-0a17-46e0-a55c-96b5c6c72ee6,1630562172170,13.4003931,52.4800827,8.760431,1.4093121,0.31391668,-3.6317792,on bike mount,cyclo cross,False,asphalt,good
1a520d19-bb78-48b7-aa5a-9a7c6c8de73b,2cdadef0-de5b-4091-850a-b6d85e330405,5c6661e6-4d34-4788-a61f-5c4d491fea88,1630562172220,13.4003931,52.4800827,8.760431,-1.1458876,-1.4691796,2.7843027,on bike mount,cyclo cross,False,asphalt,good
1a520d19-bb78-48b7-aa5a-9a7c6c8de73b,2cdadef0-de5b-4091-850a-b6d85e330405,e0fcf3d3-badb-46b8-a723-8ee5b9e6463e,1630562172274,13.4003931,52.4800827,8.760431,-2.1302776,0.6289358,-0.31982613,on bike mount,cyclo cross,False,asphalt,good
1a520d19-bb78-48b7-aa5a-9a7c6c8de73b,2cdadef0-de5b-4091-850a-b6d85e330405,f15989eb-9059-4697-b6cf-5cf850fd8c35,1630562172325,13.4003931,52.4800827,8.760431,0.008263346,-0.2391622,-0.42306232,on bike mount,cyclo cross,False,asphalt,good
1a520d19-bb78-48b7-aa5a-9a7c6c8de73b,2cdadef0-de5b-4091-850a-b6d85e330405,052d2236-7b72-4318-9094-522ab2e88d68,1630562172375,13.4003931,52.4800827,8.760431,0.6026591,1.218924,-1.310648,on bike mount,cyclo cross,False,asphalt,good
1a520d19-bb78-48b7-aa5a-9a7c6c8de73b,2cdadef0-de5b-4091-850a-b6d85e330405,7706c65b-8871-4c8c-977b-c51180c2b7e3,1630562172424,13.4002682,52.480091,8.393411,-1.6699264,-1.2297456,2.360201,on bike mount,cyclo cross,False,asphalt,good
1a520d19-bb78-48b7-aa5a-9a7c6c8de73b,2cdadef0-de5b-4091-850a-b6d85e330405,f174e9f5-308f-4ddf-af81-cb30ef831012,1630562172476,13.4002682,52.480091,8.393411,0.24204132,1.4737115,-0.2025404,on bike mount,cyclo cross,False,asphalt,good
1a520d19-bb78-48b7-aa5a-9a7c6c8de73b,2cdadef0-de5b-4091-850a-b6d85e330405,aaf57f57-acae-4a2c-adae-d3952f45520d,1630562172526,13.4002682,52.480091,8.393411,0.021057222,1.4193335,-1.0811596,on bike mount,cyclo cross,False,asphalt,good
1a520d19-bb78-48b7-aa5a-9a7c6c8de73b,2cdadef0-de5b-4091-850a-b6d85e330405,c4f70be3-84f1-4030-b167-c916ebf7acc0,1630562172576,13.4002682,52.480091,8.393411,-1.7708468,-0.82415676,-0.39044285,on bike mount,cyclo cross,False,asphalt,good
1a520d19-bb78-48b7-aa5a-9a7c6c8de73b,2cdadef0-de5b-4091-850a-b6d85e330405,1a5176e1-e97a-4362-b450-743617b6c138,1630562172626,13.4002682,52.480091,8.393411,0.1076556,0.48185968,0.7205324,on bike mount,cyclo cross,False,asphalt,good
1a520d19-bb78-48b7-aa5a-9a7c6c8de73b,2cdadef0-de5b-4091-850a-b6d85e330405,a9a7e5f6-124f-4742-a73c-921d10253257,1630562172676,13.4002682,52.480091,8.393411,0.9763495,-0.8740413,-1.0765934,on bike mount,cyclo cross,False,asphalt,good
1a520d19-bb78-48b7-aa5a-9a7c6c8de73b,2cdadef0-de5b-4091-850a-b6d85e330405,3d54117a-d8f8-4d40-a9b2-7df5212ce533,1630562172727,13.4002682,52.480091,8.393411,-0.60021365,0.81245804,-1.4843931,on bike mount,cyclo cross,False,asphalt,good
1a520d19-bb78-48b7-aa5a-9a7c6c8de73b,2cdadef0-de5b-4091-850a-b6d85e330405,b038122c-2db9-4714-89cd-1d4f8b6d663b,1630562172777,13.4002682,52.480091,8.393411,-0.91414523,1.2300801,2.0724745,on bike mount,cyclo cross,False,asphalt,good
1a520d19-bb78-48b7-aa5a-9a7c6c8de73b,2cdadef0-de5b-4091-850a-b6d85e330405,d2154e79-19f4-43e7-bb6e-33657371cedc,1630562172826,13.4002682,52.480091,8.393411,3.2822337,0.098838806,0.19144249,on bike mount,cyclo cross,False,asphalt,good
1a520d19-bb78-48b7-aa5a-9a7c6c8de73b,2cdadef0-de5b-4091-850a-b6d85e330405,c861e380-8099-49c5-808a-b175895e4979,1630562172877,13.4002682,52.480091,8.393411,-0.07334489,-0.612257,0.15397644,on bike mount,cyclo cross,False,asphalt,good
1a520d19-bb78-48b7-aa5a-9a7c6c8de73b,2cdadef0-de5b-4091-850a-b6d85e330405,72a19f2c-4062-482b-9af5-8120abfaccb4,1630562172927,13.4002682,52.480091,8.393411,-0.57788897,-2.0765276,0.252223,on bike mount,cyclo cross,False,asphalt,good
1a520d19-bb78-48b7-aa5a-9a7c6c8de73b,2cdadef0-de5b-4091-850a-b6d85e330405,9c3fed81-688f-4880-9c70-4327ad6b5829,1630562172976,13.4002682,52.480091,8.393411,1.4552877,-1.2167966,0.270751,on bike mount,cyclo cross,False,asphalt,good
1a520d19-bb78-48b7-aa5a-9a7c6c8de73b,2cdadef0-de5b-4091-850a-b6d85e330405,03ab3265-a47e-4855-8d13-0ced402e9dab,1630562173027,13.4002682,52.480091,8.393411,0.43058908,-0.6640389,0.5989294,on bike mount,cyclo cross,False,asphalt,good
1a520d19-bb78-48b7-aa5a-9a7c6c8de73b,2cdadef0-de5b-4091-850a-b6d85e330405,e9b87a5d-487b-41e2-ad31-67d4c8a7602d,1630562173077,13.4002682,52.480091,8.393411,0.49115017,-2.224002,-1.777533,on bike mount,cyclo cross,False,asphalt,good
1a520d19-bb78-48b7-aa5a-9a7c6c8de73b,2cdadef0-de5b-4091-850a-b6d85e330405,f437ac63-2773-4e1f-adbd-e6bc6a998d68,1630562173127,13.4002682,52.480091,8.393411,0.55554557,1.6491776,-0.15356255,on bike mount,cyclo cross,False,asphalt,good
1a520d19-bb78-48b7-aa5a-9a7c6c8de73b,2cdadef0-de5b-4091-850a-b6d85e330405,19772827-a0c4-48fd-ab5b-9d4c1675bdbd,1630562173177,13.4002682,52.480091,8.393411,-0.6282389,1.3881259,-2.044465,on bike mount,cyclo cross,False,asphalt,good
1a520d19-bb78-48b7-aa5a-9a7c6c8de73b,2cdadef0-de5b-4091-850a-b6d85e330405,bd10c34e-bb22-4b18-bd8d-b19ec40fe369,1630562173227,13.4002682,52.480091,8.393411,0.12352675,1.9645743,-0.49625015,on bike mount,cyclo cross,False,asphalt,good
1a520d19-bb78-48b7-aa5a-9a7c6c8de73b,2cdadef0-de5b-4091-850a-b6d85e330405,035d1200-4632-4816-ba4d-dd95bff96b3a,1630562173277,13.4002682,52.480091,8.393411,-0.42755812,-2.064393,1.6464748,on bike mount,cyclo cross,False,asphalt,good
1a520d19-bb78-48b7-aa5a-9a7c6c8de73b,2cdadef0-de5b-4091-850a-b6d85e330405,e789bcca-3163-4ffc-9da7-a2d69203768c,1630562173326,13.4002682,52.480091,8.393411,-0.36224338,-0.56153846,-2.7134352,on bike mount,cyclo cross,False,asphalt,good
1a520d19-bb78-48b7-aa5a-9a7c6c8de73b,2cdadef0-de5b-4091-850a-b6d85e330405,e17087cd-d7f8-4f78-a4f3-eefcf11cb4c3,1630562173376,13.4002682,52.480091,8.393411,-0.6225834,1.8662615,1.530365,on bike mount,cyclo cross,False,asphalt,good
1a520d19-bb78-48b7-aa5a-9a7c6c8de73b,2cdadef0-de5b-4091-850a-b6d85e330405,4e92bcb1-c4ea-4d46-9244-96da9b707208,1630562173427,13.400146,52.4801015,8.747585,0.72874486,-0.17604947,-2.03195,on bike mount,cyclo cross,False,asphalt,good
1a520d19-bb78-48b7-aa5a-9a7c6c8de73b,2cdadef0-de5b-4091-850a-b6d85e330405,36433f5f-7f89-44cc-a421-ec9192062c0e,1630562173477,13.400146,52.4801015,8.747585,0.01664967,-0.11187363,5.5731907,on bike mount,cyclo cross,False,asphalt,good
1a520d19-bb78-48b7-aa5a-9a7c6c8de73b,2cdadef0-de5b-4091-850a-b6d85e330405,cd82962c-953d-4675-9afa-bd5fb0f78248,1630562173528,13.400146,52.4801015,8.747585,-1.4930731,2.096075,-3.2199702,on bike mount,cyclo cross,False,asphalt,good
1a520d19-bb78-48b7-aa5a-9a7c6c8de73b,2cdadef0-de5b-4091-850a-b6d85e330405,c12928f7-126d-4a65-bf82-286108354b64,1630562173578,13.400146,52.4801015,8.747585,0.6908462,-0.7558532,0.914937,on bike mount,cyclo cross,False,asphalt,good
1a520d19-bb78-48b7-aa5a-9a7c6c8de73b,2cdadef0-de5b-4091-850a-b6d85e330405,c3915c70-5057-41d3-8010-0958eb4f7f53,1630562173627,13.400146,52.4801015,8.747585,0.5251057,-1.0890079,-2.3797202,on bike mount,cyclo cross,False,asphalt,good
1a520d19-bb78-48b7-aa5a-9a7c6c8de73b,2cdadef0-de5b-4091-850a-b6d85e330405,b455a3a6-7422-4873-90fc-867f2317f38a,1630562173690,13.400146,52.4801015,8.747585,1.3952982,1.1416912,-2.0961547,on bike mount,cyclo cross,False,asphalt,good
1a520d19-bb78-48b7-aa5a-9a7c6c8de73b,2cdadef0-de5b-4091-850a-b6d85e330405,1da30cf2-195c-4c73-98cd-b1a26d5a75f2,1630562173740,13.400146,52.4801015,8.747585,1.2267027,-2.5509484,1.2091875,on bike mount,cyclo cross,False,asphalt,good
1a520d19-bb78-48b7-aa5a-9a7c6c8de73b,2cdadef0-de5b-4091-850a-b6d85e330405,1c7ee0c4-7ca9-4ce9-891a-f02a0ccd426f,1630562173790,13.400146,52.4801015,8.747585,-0.77919626,1.3530452,-0.6720171,on bike mount,cyclo cross,False,asphalt,good
1a520d19-bb78-48b7-aa5a-9a7c6c8de73b,2cdadef0-de5b-4091-850a-b6d85e330405,eeb86180-4b5f-41c0-8910-bee5bb07e51f,1630562173842,13.400146,52.4801015,8.747585,0.084085405,-1.5562087,1.3346605,on bike mount,cyclo cross,False,asphalt,good
1a520d19-bb78-48b7-aa5a-9a7c6c8de73b,2cdadef0-de5b-4091-850a-b6d85e330405,d5112e0e-ea07-4eb0-a027-452543b22e9f,1630562173995,13.400146,52.4801015,8.747585,-0.08851275,0.83540726,0.19989204,on bike mount,cyclo cross,False,asphalt,good
1a520d19-bb78-48b7-aa5a-9a7c6c8de73b,2cdadef0-de5b-4091-850a-b6d85e330405,d7015e30-69ae-4258-a369-f9c1c68c6903,1630562174044,13.400146,52.4801015,8.747585,1.8381127,0.8949363,-0.81797314,on bike mount,cyclo cross,False,asphalt,good
1a520d19-bb78-48b7-aa5a-9a7c6c8de73b,2cdadef0-de5b-4091-850a-b6d85e330405,b0f57ac8-ba85-42af-9555-ffb7cfdc8d96,1630562174094,13.400146,52.4801015,8.747585,0.90413797,0.22104001,1.854743,on bike mount,cyclo cross,False,asphalt,good
1a520d19-bb78-48b7-aa5a-9a7c6c8de73b,2cdadef0-de5b-4091-850a-b6d85e330405,4d4f74e9-7c62-442a-bd86-f188b0bcf190,1630562174144,13.400146,52.4801015,8.747585,0.3660172,1.069443,0.53751945,on bike mount,cyclo cross,False,asphalt,good
1a520d19-bb78-48b7-aa5a-9a7c6c8de73b,2cdadef0-de5b-4091-850a-b6d85e330405,46d8c192-cc81-4caa-83fb-1a0b03a48754,1630562174194,13.400146,52.4801015,8.747585,1.3918014,-0.025989532,-1.124002,on bike mount,cyclo cross,False,asphalt,good
1a520d19-bb78-48b7-aa5a-9a7c6c8de73b,2cdadef0-de5b-4091-850a-b6d85e330405,153f794c-06c9-4f4e-879a-85f01339e9fc,1630562174266,13.400146,52.4801015,8.747585,0.21094362,0.45696187,1.2824488,on bike mount,cyclo cross,False,asphalt,good
1a520d19-bb78-48b7-aa5a-9a7c6c8de73b,2cdadef0-de5b-4091-850a-b6d85e330405,f3d00c86-ca2d-48d2-983a-c38ca2087849,1630562174317,13.400146,52.4801015,8.747585,-0.5466002,-1.0647458,-2.954393,on bike mount,cyclo cross,False,asphalt,good
1a520d19-bb78-48b7-aa5a-9a7c6c8de73b,2cdadef0-de5b-4091-850a-b6d85e330405,27a52917-695f-454b-aafc-1a34b62ba7e4,1630562174367,13.400146,52.4801015,8.747585,2.7378209,2.7957964,-1.8409929,on bike mount,cyclo cross,False,asphalt,good
1a520d19-bb78-48b7-aa5a-9a7c6c8de73b,2cdadef0-de5b-4091-850a-b6d85e330405,aa1899b9-341a-4c4b-8d74-ebe2f8e07e11,1630562174417,13.4000245,52.4801124,7.6574984,-0.15654981,0.814507,0.44791603,on bike mount,cyclo cross,False,asphalt,good
1a520d19-bb78-48b7-aa5a-9a7c6c8de73b,2cdadef0-de5b-4091-850a-b6d85e330405,a09f07e1-e96d-442d-b729-db745aa4c9f6,1630562174467,13.4000245,52.4801124,7.6574984,0.3517074,2.465641,-5.0538244,on bike mount,cyclo cross,False,asphalt,good
1a520d19-bb78-48b7-aa5a-9a7c6c8de73b,2cdadef0-de5b-4091-850a-b6d85e330405,becde3cb-5aa8-45a0-99f0-f96b83001824,1630562174517,13.4000245,52.4801124,7.6574984,-0.5680429,-0.8251512,1.1070538,on bike mount,cyclo cross,False,asphalt,good
1a520d19-bb78-48b7-aa5a-9a7c6c8de73b,2cdadef0-de5b-4091-850a-b6d85e330405,7db98e05-3346-4c76-b062-c614855b8414,1630562174568,13.4000245,52.4801124,7.6574984,-0.49468106,0.9007628,0.18052387,on bike mount,cyclo cross,False,asphalt,good
1a520d19-bb78-48b7-aa5a-9a7c6c8de73b,2cdadef0-de5b-4091-850a-b6d85e330405,8c6a589e-6cfa-4fff-aee8-f8a7a085a74c,1630562174619,13.4000245,52.4801124,7.6574984,-0.85873485,-2.2016249,-3.3396869,on bike mount,cyclo cross,False,asphalt,good
1a520d19-bb78-48b7-aa5a-9a7c6c8de73b,2cdadef0-de5b-4091-850a-b6d85e330405,e9c00928-f169-4cd9-b87e-0a939f2f172d,1630562174668,13.4000245,52.4801124,7.6574984,0.44610545,-0.0928967,-3.2421412,on bike mount,cyclo cross,False,asphalt,good
1a520d19-bb78-48b7-aa5a-9a7c6c8de73b,2cdadef0-de5b-4091-850a-b6d85e330405,42a3fc31-279a-4bb2-9af2-e87b502da999,1630562174718,13.4000245,52.4801124,7.6574984,-0.3232215,-0.44065642,0.5257788,on bike mount,cyclo cross,False,asphalt,good
1a520d19-bb78-48b7-aa5a-9a7c6c8de73b,2cdadef0-de5b-4091-850a-b6d85e330405,828fc40c-cb31-47b5-96bc-c83199723e99,1630562174768,13.4000245,52.4801124,7.6574984,-0.026344687,-2.3062437,-0.28695774,on bike mount,cyclo cross,False,asphalt,good
1a520d19-bb78-48b7-aa5a-9a7c6c8de73b,2cdadef0-de5b-4091-850a-b6d85e330405,bfc9bcd9-66d6-4ddf-9b5f-0b07bbc53b21,1630562174818,13.4000245,52.4801124,7.6574984,0.8276472,-3.8639312,-0.31529713,on bike mount,cyclo cross,False,asphalt,good
1a520d19-bb78-48b7-aa5a-9a7c6c8de73b,2cdadef0-de5b-4091-850a-b6d85e330405,43bc67f8-19e4-4ecf-8698-dd8fe3cbeab8,1630562174868,13.4000245,52.4801124,7.6574984,1.209004,-4.756523,1.594099,on bike mount,cyclo cross,False,asphalt,good
1a520d19-bb78-48b7-aa5a-9a7c6c8de73b,2cdadef0-de5b-4091-850a-b6d85e330405,609e5d7e-322c-4d51-9e60-415c81484f4b,1630562174918,13.4000245,52.4801124,7.6574984,-2.4662163,2.0578327,1.3038197,on bike mount,cyclo cross,False,asphalt,good
1a520d19-bb78-48b7-aa5a-9a7c6c8de73b,2cdadef0-de5b-4091-850a-b6d85e330405,39667744-8870-443d-a210-6237a3310511,1630562174968,13.4000245,52.4801124,7.6574984,1.2318735,-0.7918942,3.4323702,on bike mount,cyclo cross,False,asphalt,good
1a520d19-bb78-48b7-aa5a-9a7c6c8de73b,2cdadef0-de5b-4091-850a-b6d85e330405,df61161b-0603-45bd-81a9-cff14e15e6ed,1630562175019,13.4000245,52.4801124,7.6574984,-0.36963353,-0.31178713,0.675581,on bike mount,cyclo cross,False,asphalt,good
1a520d19-bb78-48b7-aa5a-9a7c6c8de73b,2cdadef0-de5b-4091-850a-b6d85e330405,190a4059-ca7c-4c88-99b0-e4d19649240f,1630562175122,13.4000245,52.4801124,7.6574984,4.33336,3.7388334,-7.5430703,on bike mount,cyclo cross,False,asphalt,good
1a520d19-bb78-48b7-aa5a-9a7c6c8de73b,2cdadef0-de5b-4091-850a-b6d85e330405,517b86c3-2eb3-4059-b781-760f700e6337,1630562175172,13.4000245,52.4801124,7.6574984,0.83531094,-3.9324791,4.3763866,on bike mount,cyclo cross,False,asphalt,good
1a520d19-bb78-48b7-aa5a-9a7c6c8de73b,2cdadef0-de5b-4091-850a-b6d85e330405,f03dee97-955f-46e5-9e49-4ccfad394963,1630562175223,13.4000245,52.4801124,7.6574984,2.266188,3.0625782,-2.3253617,on bike mount,cyclo cross,False,asphalt,good
1a520d19-bb78-48b7-aa5a-9a7c6c8de73b,2cdadef0-de5b-4091-850a-b6d85e330405,2529c2da-20a2-4f06-a963-16ccaf54a2b2,1630562175273,13.4000245,52.4801124,7.6574984,1.9780793,2.5200624,-2.8754168,on bike mount,cyclo cross,False,asphalt,good
1a520d19-bb78-48b7-aa5a-9a7c6c8de73b,2cdadef0-de5b-4091-850a-b6d85e330405,87706a5b-f393-4640-8206-05e41953945b,1630562175323,13.4000245,52.4801124,7.6574984,-0.6155885,-0.62909937,-2.8581028,on bike mount,cyclo cross,False,asphalt,good
1a520d19-bb78-48b7-aa5a-9a7c6c8de73b,2cdadef0-de5b-4091-850a-b6d85e330405,96106f88-41f3-4db8-b5e1-9e3660200951,1630562175373,13.4000245,52.4801124,7.6574984,-2.1819282,0.101653576,3.3646202,on bike mount,cyclo cross,False,asphalt,good
1a520d19-bb78-48b7-aa5a-9a7c6c8de73b,2cdadef0-de5b-4091-850a-b6d85e330405,b4c310af-36ca-4fbc-be8f-f5ef3e72a6eb,1630562175424,13.3999075,52.4801232,8.598402,0.47884917,0.29691815,0.47653484,on bike mount,cyclo cross,False,asphalt,good
1a520d19-bb78-48b7-aa5a-9a7c6c8de73b,2cdadef0-de5b-4091-850a-b6d85e330405,9a9f172c-cc81-4f24-9a72-b393897d817f,1630562175474,13.3999075,52.4801232,8.598402,-0.535906,0.66788864,-0.94488716,on bike mount,cyclo cross,False,asphalt,good
1a520d19-bb78-48b7-aa5a-9a7c6c8de73b,2cdadef0-de5b-4091-850a-b6d85e330405,528069bb-009f-4391-ac7d-a6b310ac0b17,1630562175524,13.3999075,52.4801232,8.598402,-0.9692491,-2.8385584,3.3052616,on bike mount,cyclo cross,False,asphalt,good
1a520d19-bb78-48b7-aa5a-9a7c6c8de73b,2cdadef0-de5b-4091-850a-b6d85e330405,bd6680c8-6091-472a-a6a5-1f7774964631,1630562175574,13.3999075,52.4801232,8.598402,-0.7645002,2.0300562,-0.49559498,on bike mount,cyclo cross,False,asphalt,good
1a520d19-bb78-48b7-aa5a-9a7c6c8de73b,2cdadef0-de5b-4091-850a-b6d85e330405,43563cf1-e592-47fe-8244-83c3944d6071,1630562175625,13.3999075,52.4801232,8.598402,-1.0028033,3.84453,-0.46554852,on bike mount,cyclo cross,False,asphalt,good
1a520d19-bb78-48b7-aa5a-9a7c6c8de73b,2cdadef0-de5b-4091-850a-b6d85e330405,37313bc2-9dd0-4a72-91c7-b0e15207787a,1630562175676,13.3999075,52.4801232,8.598402,-1.0487008,-1.8239256,0.22957706,on bike mount,cyclo cross,False,asphalt,good
1a520d19-bb78-48b7-aa5a-9a7c6c8de73b,2cdadef0-de5b-4091-850a-b6d85e330405,63bfa2aa-08d2-4bd8-bb3d-3db026321a7d,1630562175726,13.3999075,52.4801232,8.598402,0.10319542,0.059760332,0.361475,on bike mount,cyclo cross,False,asphalt,good
1a520d19-bb78-48b7-aa5a-9a7c6c8de73b,2cdadef0-de5b-4091-850a-b6d85e330405,7efcdd08-2762-4d14-a0b0-7cc5d36d512d,1630562175776,13.3999075,52.4801232,8.598402,0.08654238,0.085773945,2.5747995,on bike mount,cyclo cross,False,asphalt,good
1a520d19-bb78-48b7-aa5a-9a7c6c8de73b,2cdadef0-de5b-4091-850a-b6d85e330405,5e6e4390-375a-4619-b7da-47ebc716b8f2,1630562175826,13.3999075,52.4801232,8.598402,-0.86132824,0.44925046,-0.21473503,on bike mount,cyclo cross,False,asphalt,good
1a520d19-bb78-48b7-aa5a-9a7c6c8de73b,2cdadef0-de5b-4091-850a-b6d85e330405,0cf37a4f-b73f-435a-9670-47678e4dc71c,1630562175893,13.3999075,52.4801232,8.598402,1.7845881,-0.88842726,0.15603638,on bike mount,cyclo cross,False,asphalt,good
1a520d19-bb78-48b7-aa5a-9a7c6c8de73b,2cdadef0-de5b-4091-850a-b6d85e330405,11fe82b9-c1d8-400d-9cd6-979de2e33629,1630562175943,13.3999075,52.4801232,8.598402,0.56846577,-1.3564452,-0.7065296,on bike mount,cyclo cross,False,asphalt,good
1a520d19-bb78-48b7-aa5a-9a7c6c8de73b,2cdadef0-de5b-4091-850a-b6d85e330405,534ed708-46df-40c7-8ff5-b1065791914c,1630562175994,13.3999075,52.4801232,8.598402,-1.2562115,0.81648016,2.5520058,on bike mount,cyclo cross,False,asphalt,good
1a520d19-bb78-48b7-aa5a-9a7c6c8de73b,2cdadef0-de5b-4091-850a-b6d85e330405,b2741bd6-daa5-4f09-97a3-c6b0c32ca691,1630562176044,13.3999075,52.4801232,8.598402,1.0233078,-2.885983,1.9312181,on bike mount,cyclo cross,False,asphalt,good
1a520d19-bb78-48b7-aa5a-9a7c6c8de73b,2cdadef0-de5b-4091-850a-b6d85e330405,e5ac86ca-8130-4c72-91fc-f8e024470300,1630562176094,13.3999075,52.4801232,8.598402,0.9141613,-2.3014297,2.1630688,on bike mount,cyclo cross,False,asphalt,good
1a520d19-bb78-48b7-aa5a-9a7c6c8de73b,2cdadef0-de5b-4091-850a-b6d85e330405,36c6c4f4-c294-4bdd-8152-2e32bbf5422d,1630562176144,13.3999075,52.4801232,8.598402,0.6871303,-0.56662595,-4.5405397,on bike mount,cyclo cross,False,asphalt,good
1a520d19-bb78-48b7-aa5a-9a7c6c8de73b,2cdadef0-de5b-4091-850a-b6d85e330405,6503a3e2-81ad-4063-9b06-0b7e63c2590a,1630562176193,13.3999075,52.4801232,8.598402,0.89407957,-1.8361902,0.75055695,on bike mount,cyclo cross,False,asphalt,good
1a520d19-bb78-48b7-aa5a-9a7c6c8de73b,2cdadef0-de5b-4091-850a-b6d85e330405,337eb1dc-ee22-4fb6-ba88-a62ed56c94a4,1630562176244,13.3999075,52.4801232,8.598402,0.20133592,-0.6126199,0.21616173,on bike mount,cyclo cross,False,asphalt,good
1a520d19-bb78-48b7-aa5a-9a7c6c8de73b,2cdadef0-de5b-4091-850a-b6d85e330405,d552a93e-3baf-41c1-bd41-d4e6795f265a,1630562176294,13.3999075,52.4801232,8.598402,-0.6645668,0.022462606,2.4476166,on bike mount,cyclo cross,False,asphalt,good
1a520d19-bb78-48b7-aa5a-9a7c6c8de73b,2cdadef0-de5b-4091-850a-b6d85e330405,6a62bcfe-1a83-4751-b06f-bb9f31f6bb02,1630562176344,13.3999075,52.4801232,8.598402,-0.39980754,-1.1677331,-0.68359375,on bike mount,cyclo cross,False,asphalt,good
1a520d19-bb78-48b7-aa5a-9a7c6c8de73b,2cdadef0-de5b-4091-850a-b6d85e330405,b28a0b86-54cb-4b6c-b705-7f09ee2419d5,1630562176395,13.3997801,52.4801315,8.672314,0.5977185,-0.3066473,0.6974058,on bike mount,cyclo cross,False,asphalt,good
1a520d19-bb78-48b7-aa5a-9a7c6c8de73b,2cdadef0-de5b-4091-850a-b6d85e330405,8c9e81a5-dbd0-41e3-8be4-11bd56c03374,1630562176446,13.3997801,52.4801315,8.672314,1.7740911,-0.3285036,1.4038258,on bike mount,cyclo cross,False,asphalt,good
1a520d19-bb78-48b7-aa5a-9a7c6c8de73b,2cdadef0-de5b-4091-850a-b6d85e330405,b1ad660e-74c9-4a53-b9e1-6f0f4a6a0c7f,1630562176496,13.3997801,52.4801315,8.672314,-1.708403,-4.125614,2.2067099,on bike mount,cyclo cross,False,asphalt,good
1a520d19-bb78-48b7-aa5a-9a7c6c8de73b,2cdadef0-de5b-4091-850a-b6d85e330405,c25f8c72-51b3-4f05-8e7f-a87fcc4bf1bd,1630562176546,13.3997801,52.4801315,8.672314,0.72224027,2.0643299,-1.7085285,on bike mount,cyclo cross,False,asphalt,good
1a520d19-bb78-48b7-aa5a-9a7c6c8de73b,2cdadef0-de5b-4091-850a-b6d85e330405,688cea77-bf94-4bb1-9a1c-80737f389afc,1630562176596,13.3997801,52.4801315,8.672314,-1.7569083,-2.3711655,-3.9398513,on bike mount,cyclo cross,False,asphalt,good
1a520d19-bb78-48b7-aa5a-9a7c6c8de73b,2cdadef0-de5b-4091-850a-b6d85e330405,1051eb9d-d3c5-4735-b4b2-f1aecfb520a4,1630562176646,13.3997801,52.4801315,8.672314,-2.5290515,2.4370756,2.848009,on bike mount,cyclo cross,False,asphalt,good
1a520d19-bb78-48b7-aa5a-9a7c6c8de73b,2cdadef0-de5b-4091-850a-b6d85e330405,b7c82db4-c7e6-41d8-8f13-18be26057745,1630562176695,13.3997801,52.4801315,8.672314,0.33551788,-4.1638584,2.7268171,on bike mount,cyclo cross,False,asphalt,good
1a520d19-bb78-48b7-aa5a-9a7c6c8de73b,2cdadef0-de5b-4091-850a-b6d85e330405,746564aa-7bab-4056-a915-0fa19bc0ddfc,1630562176746,13.3997801,52.4801315,8.672314,2.7718503,-2.7338123,-2.2310824,on bike mount,cyclo cross,False,asphalt,good
1a520d19-bb78-48b7-aa5a-9a7c6c8de73b,2cdadef0-de5b-4091-850a-b6d85e330405,1d94d156-d52f-47eb-9640-3f8221f079bf,1630562176797,13.3997801,52.4801315,8.672314,0.8428009,3.4596748,-1.064179,on bike mount,cyclo cross,False,asphalt,good
1a520d19-bb78-48b7-aa5a-9a7c6c8de73b,e00c1d1e-272c-446e-867a-2a6fdff1ccfe,ab98b452-e43f-4419-84a0-1464724bcb33,1630562173849,13.400146,52.4801015,8.747585,1.0100108,-2.8488476,-1.666439,on bike mount,cyclo cross,False,asphalt,good
1a520d19-bb78-48b7-aa5a-9a7c6c8de73b,e00c1d1e-272c-446e-867a-2a6fdff1ccfe,5014420a-1421-4150-a3b7-8e6b2f1e9e15,1630562173997,13.400146,52.4801015,8.747585,-1.9047064,-2.9718013,-1.2651191,on bike mount,cyclo cross,False,asphalt,good
1a520d19-bb78-48b7-aa5a-9a7c6c8de73b,e00c1d1e-272c-446e-867a-2a6fdff1ccfe,b44dfdcc-2fc7-4f42-a0a8-94dcf8d0cbe8,1630562174047,13.400146,52.4801015,8.747585,-0.26730064,4.160346,0.93302155,on bike mount,cyclo cross,False,asphalt,good
1a520d19-bb78-48b7-aa5a-9a7c6c8de73b,e00c1d1e-272c-446e-867a-2a6fdff1ccfe,68436a41-25f0-4558-ac62-f27935614985,1630562174097,13.400146,52.4801015,8.747585,-0.14284529,3.0423098,-1.7755361,on bike mount,cyclo cross,False,asphalt,good
1a520d19-bb78-48b7-aa5a-9a7c6c8de73b,e00c1d1e-272c-446e-867a-2a6fdff1ccfe,69dcca49-15a6-4df5-b1c4-6a24cfb9a604,1630562174147,13.400146,52.4801015,8.747585,0.10672043,2.7246995,0.024045944,on bike mount,cyclo cross,False,asphalt,good
1a520d19-bb78-48b7-aa5a-9a7c6c8de73b,e00c1d1e-272c-446e-867a-2a6fdff1ccfe,98fa94be-7086-4b02-b17e-da93c75ee40b,1630562174196,13.400146,52.4801015,8.747585,1.3918014,-0.025989532,-1.124002,on bike mount,cyclo cross,False,asphalt,good
1a520d19-bb78-48b7-aa5a-9a7c6c8de73b,e00c1d1e-272c-446e-867a-2a6fdff1ccfe,15a1b2a1-a3ad-450b-b97d-cf3f9b5b591f,1630562174267,13.400146,52.4801015,8.747585,0.21094362,0.45696187,1.2824488,on bike mount,cyclo cross,False,asphalt,good
1a520d19-bb78-48b7-aa5a-9a7c6c8de73b,e00c1d1e-272c-446e-867a-2a6fdff1ccfe,c4f9d16b-799c-4f9b-aa35-e002d39b1125,1630562174318,13.400146,52.4801015,8.747585,-0.5466002,-1.0647458,-2.954393,on bike mount,cyclo cross,False,asphalt,good
1a520d19-bb78-48b7-aa5a-9a7c6c8de73b,e00c1d1e-272c-446e-867a-2a6fdff1ccfe,49fbd163-786c-4043-bc86-11e7bf29e805,1630562174368,13.400146,52.4801015,8.747585,2.7378209,2.7957964,-1.8409929,on bike mount,cyclo cross,False,asphalt,good
1a520d19-bb78-48b7-aa5a-9a7c6c8de73b,e00c1d1e-272c-446e-867a-2a6fdff1ccfe,b62ad498-0f3c-4307-b1a3-b5eee48aab48,1630562174418,13.4000245,52.4801124,7.6574984,-0.79651415,-1.4585483,2.5802202,on bike mount,cyclo cross,False,asphalt,good
1a520d19-bb78-48b7-aa5a-9a7c6c8de73b,e00c1d1e-272c-446e-867a-2a6fdff1ccfe,66911e20-d74f-4bb6-8e7b-7e00e1a87dee,1630562174467,13.4000245,52.4801124,7.6574984,0.3517074,2.465641,-5.0538244,on bike mount,cyclo cross,False,asphalt,good
1a520d19-bb78-48b7-aa5a-9a7c6c8de73b,e00c1d1e-272c-446e-867a-2a6fdff1ccfe,16cc66f1-3f6f-46f3-9c04-a309a6b02fe8,1630562174517,13.4000245,52.4801124,7.6574984,-0.5680429,-0.8251512,1.1070538,on bike mount,cyclo cross,False,asphalt,good
1a520d19-bb78-48b7-aa5a-9a7c6c8de73b,e00c1d1e-272c-446e-867a-2a6fdff1ccfe,aa9f4e2c-78b9-4cbe-b649-cf953f614c79,1630562174568,13.4000245,52.4801124,7.6574984,-0.49468106,0.9007628,0.18052387,on bike mount,cyclo cross,False,asphalt,good
1a520d19-bb78-48b7-aa5a-9a7c6c8de73b,e00c1d1e-272c-446e-867a-2a6fdff1ccfe,fec3160f-9fb7-4b80-b921-38fe589e5aca,1630562174618,13.4000245,52.4801124,7.6574984,-0.3170462,-0.34038305,1.674551,on bike mount,cyclo cross,False,asphalt,good
1a520d19-bb78-48b7-aa5a-9a7c6c8de73b,e00c1d1e-272c-446e-867a-2a6fdff1ccfe,450e48bf-133d-4ac0-8e8d-72422c63a7ba,1630562174668,13.4000245,52.4801124,7.6574984,0.44610545,-0.0928967,-3.2421412,on bike mount,cyclo cross,False,asphalt,good
1a520d19-bb78-48b7-aa5a-9a7c6c8de73b,e00c1d1e-272c-446e-867a-2a6fdff1ccfe,20f7b858-6343-43c6-808f-8c4c0f0f6e9a,1630562174719,13.4000245,52.4801124,7.6574984,-1.3106713,-0.40235114,3.2458506,on bike mount,cyclo cross,False,asphalt,good
1a520d19-bb78-48b7-aa5a-9a7c6c8de73b,e00c1d1e-272c-446e-867a-2a6fdff1ccfe,f9c91ab4-6a27-42ec-83c7-8344d36c8650,1630562174769,13.4000245,52.4801124,7.6574984,-0.15713894,-0.11114764,-0.47103024,on bike mount,cyclo cross,False,asphalt,good
1a520d19-bb78-48b7-aa5a-9a7c6c8de73b,e00c1d1e-272c-446e-867a-2a6fdff1ccfe,1c0e0cae-dbd6-494c-8797-448d28642fba,1630562174819,13.4000245,52.4801124,7.6574984,-0.2840963,0.5140505,3.0492105,on bike mount,cyclo cross,False,asphalt,good
1a520d19-bb78-48b7-aa5a-9a7c6c8de73b,e00c1d1e-272c-446e-867a-2a6fdff1ccfe,2de4a6ac-9177-4a8f-a38f-ae2ed04ffa8d,1630562174869,13.4000245,52.4801124,7.6574984,0.65539324,-4.765951,-0.50734997,on bike mount,cyclo cross,False,asphalt,good
1a520d19-bb78-48b7-aa5a-9a7c6c8de73b,e00c1d1e-272c-446e-867a-2a6fdff1ccfe,684f4773-5268-4706-a466-8953eb0b0457,1630562174919,13.4000245,52.4801124,7.6574984,-1.3980582,2.202496,-0.016225815,on bike mount,cyclo cross,False,asphalt,good
1a520d19-bb78-48b7-aa5a-9a7c6c8de73b,e00c1d1e-272c-446e-867a-2a6fdff1ccfe,8f1a8649-7b6c-4f56-ae4c-3e3b3f57b14a,1630562174968,13.4000245,52.4801124,7.6574984,1.2318735,-0.7918942,3.4323702,on bike mount,cyclo cross,False,asphalt,good
1a520d19-bb78-48b7-aa5a-9a7c6c8de73b,e00c1d1e-272c-446e-867a-2a6fdff1ccfe,569f6b38-c4ec-452e-9ba6-ea2547366314,1630562175018,13.4000245,52.4801124,7.6574984,0.99920005,0.28639007,-1.8809795,on bike mount,cyclo cross,False,asphalt,good
1a520d19-bb78-48b7-aa5a-9a7c6c8de73b,e00c1d1e-272c-446e-867a-2a6fdff1ccfe,01f4ea03-8ad6-4c0e-940a-fa2dbe68cce1,1630562175121,13.4000245,52.4801124,7.6574984,4.995695,6.8887606,-6.406343,on bike mount,cyclo cross,False,asphalt,good
1a520d19-bb78-48b7-aa5a-9a7c6c8de73b,e00c1d1e-272c-446e-867a-2a6fdff1ccfe,72e460f6-4d2d-4779-aafc-e641360f5c35,1630562175171,13.4000245,52.4801124,7.6574984,0.83531094,-3.9324791,4.3763866,on bike mount,cyclo cross,False,asphalt,good
1a520d19-bb78-48b7-aa5a-9a7c6c8de73b,e00c1d1e-272c-446e-867a-2a6fdff1ccfe,b2f0eecd-4932-485e-9e7d-a0c48a9fde35,1630562175221,13.4000245,52.4801124,7.6574984,2.266188,3.0625782,-2.3253617,on bike mount,cyclo cross,False,asphalt,good
1a520d19-bb78-48b7-aa5a-9a7c6c8de73b,e00c1d1e-272c-446e-867a-2a6fdff1ccfe,6fe0dd77-fe35-4558-95f2-c60b20353100,1630562175271,13.4000245,52.4801124,7.6574984,1.9780793,2.5200624,-2.8754168,on bike mount,cyclo cross,False,asphalt,good
1a520d19-bb78-48b7-aa5a-9a7c6c8de73b,e00c1d1e-272c-446e-867a-2a6fdff1ccfe,577e1e98-77c1-42d1-9e07-643f400e8c11,1630562175322,13.4000245,52.4801124,7.6574984,-1.5689765,0.17720675,-1.2556024,on bike mount,cyclo cross,False,asphalt,good
1a520d19-bb78-48b7-aa5a-9a7c6c8de73b,e00c1d1e-272c-446e-867a-2a6fdff1ccfe,e9e4304f-36ee-4d56-ac88-cf7da050952f,1630562175371,13.4000245,52.4801124,7.6574984,-1.7646573,-1.4233848,0.9861431,on bike mount,cyclo cross,False,asphalt,good
1a520d19-bb78-48b7-aa5a-9a7c6c8de73b,e00c1d1e-272c-446e-867a-2a6fdff1ccfe,6ea93d32-6768-4fb6-b4e0-489f6af550c5,1630562175421,13.3999075,52.4801232,8.598402,0.17755611,-0.8038347,3.0426502,on bike mount,cyclo cross,False,asphalt,good
1a520d19-bb78-48b7-aa5a-9a7c6c8de73b,e00c1d1e-272c-446e-867a-2a6fdff1ccfe,bcda1551-e501-4ae8-84dc-cc6c74e588bd,1630562175472,13.3999075,52.4801232,8.598402,-0.535906,0.66788864,-0.94488716,on bike mount,cyclo cross,False,asphalt,good
1a520d19-bb78-48b7-aa5a-9a7c6c8de73b,e00c1d1e-272c-446e-867a-2a6fdff1ccfe,024f9ab8-e958-46d0-be6e-2ce80d93cb42,1630562175523,13.3999075,52.4801232,8.598402,-1.2774371,-5.2986937,3.507554,on bike mount,cyclo cross,False,asphalt,good
1a520d19-bb78-48b7-aa5a-9a7c6c8de73b,e00c1d1e-272c-446e-867a-2a6fdff1ccfe,442b4bff-a902-4080-8e7d-101238c4dcfe,1630562175574,13.3999075,52.4801232,8.598402,-0.7645002,2.0300562,-0.49559498,on bike mount,cyclo cross,False,asphalt,good
1a520d19-bb78-48b7-aa5a-9a7c6c8de73b,e00c1d1e-272c-446e-867a-2a6fdff1ccfe,8836e033-a4a3-4c11-aa79-4ace0aec5d40,1630562175625,13.3999075,52.4801232,8.598402,-1.0028033,3.84453,-0.46554852,on bike mount,cyclo cross,False,asphalt,good
1a520d19-bb78-48b7-aa5a-9a7c6c8de73b,e00c1d1e-272c-446e-867a-2a6fdff1ccfe,faba92fd-46c6-480d-9ed6-9c83d7c146ee,1630562175675,13.3999075,52.4801232,8.598402,-1.0487008,-1.8239256,0.22957706,on bike mount,cyclo cross,False,asphalt,good
1a520d19-bb78-48b7-aa5a-9a7c6c8de73b,e00c1d1e-272c-446e-867a-2a6fdff1ccfe,23ea49fd-0819-4871-9238-d6e18a324f6c,1630562175725,13.3999075,52.4801232,8.598402,0.08972235,1.1272802,-1.9575772,on bike mount,cyclo cross,False,asphalt,good
1a520d19-bb78-48b7-aa5a-9a7c6c8de73b,e00c1d1e-272c-446e-867a-2a6fdff1ccfe,3d73b89e-1f91-4fd3-94bd-60041be235b2,1630562175775,13.3999075,52.4801232,8.598402,0.08654238,0.085773945,2.5747995,on bike mount,cyclo cross,False,asphalt,good
1a520d19-bb78-48b7-aa5a-9a7c6c8de73b,e00c1d1e-272c-446e-867a-2a6fdff1ccfe,4d8ec832-419b-4745-9e51-ed5490b4fb3b,1630562175825,13.3999075,52.4801232,8.598402,-1.1850557,-0.6996565,-0.49838543,on bike mount,cyclo cross,False,asphalt,good
1a520d19-bb78-48b7-aa5a-9a7c6c8de73b,e00c1d1e-272c-446e-867a-2a6fdff1ccfe,6bbb3690-697d-4295-a73d-1fa97615227e,1630562175892,13.3999075,52.4801232,8.598402,1.7845881,-0.88842726,0.15603638,on bike mount,cyclo cross,False,asphalt,good
1a520d19-bb78-48b7-aa5a-9a7c6c8de73b,e00c1d1e-272c-446e-867a-2a6fdff1ccfe,fdc08c21-530f-40ab-8ea5-5692763d3610,1630562175943,13.3999075,52.4801232,8.598402,1.0369662,-3.5460634,3.7993984,on bike mount,cyclo cross,False,asphalt,good
1a520d19-bb78-48b7-aa5a-9a7c6c8de73b,e00c1d1e-272c-446e-867a-2a6fdff1ccfe,2a601fbe-1348-4ffb-b903-1e6fadd259d0,1630562175994,13.3999075,52.4801232,8.598402,-1.2562115,0.81648016,2.5520058,on bike mount,cyclo cross,False,asphalt,good
1a520d19-bb78-48b7-aa5a-9a7c6c8de73b,e00c1d1e-272c-446e-867a-2a6fdff1ccfe,802a8b9c-533e-4567-ad5e-724d02e2295d,1630562176043,13.3999075,52.4801232,8.598402,1.5141546,0.59768987,-0.21833992,on bike mount,cyclo cross,False,asphalt,good
1a520d19-bb78-48b7-aa5a-9a7c6c8de73b,e00c1d1e-272c-446e-867a-2a6fdff1ccfe,0990595b-fb78-4fee-baa2-b7e4330401e7,1630562176094,13.3999075,52.4801232,8.598402,2.2212658,2.1531186,1.6097021,on bike mount,cyclo cross,False,asphalt,good
1a520d19-bb78-48b7-aa5a-9a7c6c8de73b,e00c1d1e-272c-446e-867a-2a6fdff1ccfe,2cd8c87f-30d0-4e98-9fca-53cc08858456,1630562176143,13.3999075,52.4801232,8.598402,0.25824663,-2.9905746,-1.3045254,on bike mount,cyclo cross,False,asphalt,good
1a520d19-bb78-48b7-aa5a-9a7c6c8de73b,e00c1d1e-272c-446e-867a-2a6fdff1ccfe,d5241cb2-bbd4-438e-9fc2-afd5dc58b403,1630562176193,13.3999075,52.4801232,8.598402,0.4648315,-2.3096106,2.0083761,on bike mount,cyclo cross,False,asphalt,good
1a520d19-bb78-48b7-aa5a-9a7c6c8de73b,e00c1d1e-272c-446e-867a-2a6fdff1ccfe,d236f514-c101-4a12-b9aa-b0ffa608d923,1630562176244,13.3999075,52.4801232,8.598402,0.20133592,-0.6126199,0.21616173,on bike mount,cyclo cross,False,asphalt,good
1a520d19-bb78-48b7-aa5a-9a7c6c8de73b,e00c1d1e-272c-446e-867a-2a6fdff1ccfe,2c60d450-01ef-4dd7-9837-76ebb9db8778,1630562176294,13.3999075,52.4801232,8.598402,-0.6645668,0.022462606,2.4476166,on bike mount,cyclo cross,False,asphalt,good
1a520d19-bb78-48b7-aa5a-9a7c6c8de73b,e00c1d1e-272c-446e-867a-2a6fdff1ccfe,8602bdb7-2d66-46b3-b314-7d3098b8233d,1630562176344,13.3999075,52.4801232,8.598402,-0.39980754,-1.1677331,-0.68359375,on bike mount,cyclo cross,False,asphalt,good
1a520d19-bb78-48b7-aa5a-9a7c6c8de73b,e00c1d1e-272c-446e-867a-2a6fdff1ccfe,8139a370-0a17-4654-8b00-3f7eee6d6c07,1630562176395,13.3997801,52.4801315,8.672314,0.5977185,-0.3066473,0.6974058,on bike mount,cyclo cross,False,asphalt,good
1a520d19-bb78-48b7-aa5a-9a7c6c8de73b,e00c1d1e-272c-446e-867a-2a6fdff1ccfe,be3bc2fb-6c86-438a-b9af-f8a19081c64d,1630562176446,13.3997801,52.4801315,8.672314,1.7740911,-0.3285036,1.4038258,on bike mount,cyclo cross,False,asphalt,good
1a520d19-bb78-48b7-aa5a-9a7c6c8de73b,e00c1d1e-272c-446e-867a-2a6fdff1ccfe,e4cb1cbb-bab4-4ffd-9178-a69a04e26661,1630562176496,13.3997801,52.4801315,8.672314,-0.83148587,0.09104872,0.05546856,on bike mount,cyclo cross,False,asphalt,good
1a520d19-bb78-48b7-aa5a-9a7c6c8de73b,e00c1d1e-272c-446e-867a-2a6fdff1ccfe,a998f5b2-f5a4-482d-a611-84c0bfd4d171,1630562176546,13.3997801,52.4801315,8.672314,0.72224027,2.0643299,-1.7085285,on bike mount,cyclo cross,False,asphalt,good
1a520d19-bb78-48b7-aa5a-9a7c6c8de73b,e00c1d1e-272c-446e-867a-2a6fdff1ccfe,13550687-de8c-4447-a503-cb4a97ac4623,1630562176596,13.3997801,52.4801315,8.672314,-1.7569083,-2.3711655,-3.9398513,on bike mount,cyclo cross,False,asphalt,good
1a520d19-bb78-48b7-aa5a-9a7c6c8de73b,e00c1d1e-272c-446e-867a-2a6fdff1ccfe,0e10b124-54aa-43e1-9faf-66f2c925097f,1630562176645,13.3997801,52.4801315,8.672314,-0.94802046,1.5912538,0.8893528,on bike mount,cyclo cross,False,asphalt,good
1a520d19-bb78-48b7-aa5a-9a7c6c8de73b,e00c1d1e-272c-446e-867a-2a6fdff1ccfe,dd708f55-7d6c-4b08-a9f7-b437d236fb04,1630562176695,13.3997801,52.4801315,8.672314,0.33551788,-4.1638584,2.7268171,on bike mount,cyclo cross,False,asphalt,good
1a520d19-bb78-48b7-aa5a-9a7c6c8de73b,e00c1d1e-272c-446e-867a-2a6fdff1ccfe,ffb47a73-395c-4ba0-abbf-baefeeed138d,1630562176746,13.3997801,52.4801315,8.672314,2.7718503,-2.7338123,-2.2310824,on bike mount,cyclo cross,False,asphalt,good
1a520d19-bb78-48b7-aa5a-9a7c6c8de73b,e00c1d1e-272c-446e-867a-2a6fdff1ccfe,94cbc3e4-45ea-485e-b578-92d04ec1645c,1630562176796,13.3997801,52.4801315,8.672314,-0.22317219,0.9540987,1.037777,on bike mount,cyclo cross,False,asphalt,good
1a520d19-bb78-48b7-aa5a-9a7c6c8de73b,e00c1d1e-272c-446e-867a-2a6fdff1ccfe,b170d2f8-2bea-411f-a74c-3e386d955c81,1630562176846,13.3997801,52.4801315,8.672314,3.5234597,-0.67306924,-3.1006517,on bike mount,cyclo cross,False,asphalt,good
1a520d19-bb78-48b7-aa5a-9a7c6c8de73b,e00c1d1e-272c-446e-867a-2a6fdff1ccfe,f99f77f7-6353-47b2-9853-c21ad709ac59,1630562176897,13.3997801,52.4801315,8.672314,0.3543457,0.34429145,-0.52554035,on bike mount,cyclo cross,False,asphalt,good
1a520d19-bb78-48b7-aa5a-9a7c6c8de73b,e00c1d1e-272c-446e-867a-2a6fdff1ccfe,5af1ce0e-55e6-4da2-891d-11345aed356b,1630562176947,13.3997801,52.4801315,8.672314,-1.9527112,0.14314651,-3.5240035,on bike mount,cyclo cross,False,asphalt,good
1a520d19-bb78-48b7-aa5a-9a7c6c8de73b,e00c1d1e-272c-446e-867a-2a6fdff1ccfe,d4171cae-0c48-4357-9cdd-1d08ae73aad8,1630562176997,13.3997801,52.4801315,8.672314,0.6712024,2.2711978,-2.7399278,on bike mount,cyclo cross,False,asphalt,good
1a520d19-bb78-48b7-aa5a-9a7c6c8de73b,e00c1d1e-272c-446e-867a-2a6fdff1ccfe,df74e70e-566f-486c-916b-d43311379481,1630562177047,13.3997801,52.4801315,8.672314,2.6589513,-2.3422844,3.3766336,on bike mount,cyclo cross,False,asphalt,good
1a520d19-bb78-48b7-aa5a-9a7c6c8de73b,e00c1d1e-272c-446e-867a-2a6fdff1ccfe,98182d0d-eb10-480a-adb8-08123d0b1fb1,1630562177097,13.3997801,52.4801315,8.672314,-2.9429786,4.918985,0.45710087,on bike mount,cyclo cross,False,asphalt,good
1a520d19-bb78-48b7-aa5a-9a7c6c8de73b,e00c1d1e-272c-446e-867a-2a6fdff1ccfe,11084d30-cf85-48aa-ab00-6073d303ca7a,1630562177147,13.3997801,52.4801315,8.672314,-0.51648873,0.30177975,-4.674468,on bike mount,cyclo cross,False,asphalt,good
1a520d19-bb78-48b7-aa5a-9a7c6c8de73b,e00c1d1e-272c-446e-867a-2a6fdff1ccfe,7d1ff062-4bfd-4b2e-b33f-67b4a4b9a7aa,1630562177197,13.3997801,52.4801315,8.672314,-1.8610737,-4.154436,0.59859276,on bike mount,cyclo cross,False,asphalt,good
1a520d19-bb78-48b7-aa5a-9a7c6c8de73b,e00c1d1e-272c-446e-867a-2a6fdff1ccfe,3b228bef-8f2c-4ace-a37c-34592aeea643,1630562177247,13.3997801,52.4801315,8.672314,-1.2487165,-1.7200822,4.6703205,on bike mount,cyclo cross,False,asphalt,good
1a520d19-bb78-48b7-aa5a-9a7c6c8de73b,e00c1d1e-272c-446e-867a-2a6fdff1ccfe,c6ada0a8-c420-4418-a125-c6288404c82c,1630562177297,13.3997801,52.4801315,8.672314,-0.19172263,-0.12577415,-4.105937,on bike mount,cyclo cross,False,asphalt,good
1a520d19-bb78-48b7-aa5a-9a7c6c8de73b,e00c1d1e-272c-446e-867a-2a6fdff1ccfe,394f0f2b-7320-4829-bbb9-f13351988280,1630562177347,13.3997801,52.4801315,8.672314,2.1624653,1.0500417,1.3196259,on bike mount,cyclo cross,False,asphalt,good
1a520d19-bb78-48b7-aa5a-9a7c6c8de73b,e00c1d1e-272c-446e-867a-2a6fdff1ccfe,6485b56c-2ffc-4460-9135-e5e92956f399,1630562177397,13.3996572,52.4801388,8.00448,0.041305043,-1.1151528,1.5107784,on bike mount,cyclo cross,False,asphalt,good
1a520d19-bb78-48b7-aa5a-9a7c6c8de73b,e00c1d1e-272c-446e-867a-2a6fdff1ccfe,e2bca05d-41ae-440a-8712-a05a68af169d,1630562177447,13.3996572,52.4801388,8.00448,-1.3304915,0.22660041,0.2295723,on bike mount,cyclo cross,False,asphalt,good
1a520d19-bb78-48b7-aa5a-9a7c6c8de73b,e00c1d1e-272c-446e-867a-2a6fdff1ccfe,74c3d62d-5294-43ec-b81c-de816b1123ac,1630562177497,13.3996572,52.4801388,8.00448,1.8906473,-2.908659,-0.9543886,on bike mount,cyclo cross,False,asphalt,good
1a520d19-bb78-48b7-aa5a-9a7c6c8de73b,e00c1d1e-272c-446e-867a-2a6fdff1ccfe,fc7b42e9-52be-4981-9707-0f0e1022109a,1630562177547,13.3996572,52.4801388,8.00448,0.16349918,-2.6282017,4.1348457,on bike mount,cyclo cross,False,asphalt,good
1a520d19-bb78-48b7-aa5a-9a7c6c8de73b,e00c1d1e-272c-446e-867a-2a6fdff1ccfe,9b2fe435-703a-4de1-b6f1-20ac3e7d8d7e,1630562177597,13.3996572,52.4801388,8.00448,0.8870487,1.2585042,-3.9167595,on bike mount,cyclo cross,False,asphalt,good
1a520d19-bb78-48b7-aa5a-9a7c6c8de73b,e00c1d1e-272c-446e-867a-2a6fdff1ccfe,5f854d8c-4cc3-47cb-affb-f6cf0ddd5d09,1630562177647,13.3996572,52.4801388,8.00448,0.5256462,-2.3332996,-1.6143746,on bike mount,cyclo cross,False,asphalt,good
1a520d19-bb78-48b7-aa5a-9a7c6c8de73b,e00c1d1e-272c-446e-867a-2a6fdff1ccfe,62f266c9-0c51-43a7-8e5d-88f07c0a0891,1630562177697,13.3996572,52.4801388,8.00448,1.4705578,-4.0635567,3.1914358,on bike mount,cyclo cross,False,asphalt,good
1a520d19-bb78-48b7-aa5a-9a7c6c8de73b,e00c1d1e-272c-446e-867a-2a6fdff1ccfe,01df8412-fafc-442d-99bd-9430620d9cee,1630562177748,13.3996572,52.4801388,8.00448,-0.3050756,-2.48531,1.0604954,on bike mount,cyclo cross,False,asphalt,good
1a520d19-bb78-48b7-aa5a-9a7c6c8de73b,e00c1d1e-272c-446e-867a-2a6fdff1ccfe,a0315c9a-e3b9-4575-9a7e-e0c10791e570,1630562177799,13.3996572,52.4801388,8.00448,0.62117386,0.583349,-2.6438618,on bike mount,cyclo cross,False,asphalt,good
1a520d19-bb78-48b7-aa5a-9a7c6c8de73b,e00c1d1e-272c-446e-867a-2a6fdff1ccfe,b2eb7ca5-35b7-446a-9f5b-ff98ba4e38d5,1630562177849,13.3996572,52.4801388,8.00448,1.1924345,-4.127236,1.213624,on bike mount,cyclo cross,False,asphalt,good
1a520d19-bb78-48b7-aa5a-9a7c6c8de73b,e00c1d1e-272c-446e-867a-2a6fdff1ccfe,b19c565f-be62-4df9-9c4d-12e750b9384d,1630562177899,13.3996572,52.4801388,8.00448,-1.936463,5.466071,-3.7443476,on bike mount,cyclo cross,False,asphalt,good
1a520d19-bb78-48b7-aa5a-9a7c6c8de73b,e00c1d1e-272c-446e-867a-2a6fdff1ccfe,2fd51792-97ea-4b99-8756-7bc05bb9cbd2,1630562177949,13.3996572,52.4801388,8.00448,0.5712997,-3.2023897,-0.7845707,on bike mount,cyclo cross,False,asphalt,good
1a520d19-bb78-48b7-aa5a-9a7c6c8de73b,e00c1d1e-272c-446e-867a-2a6fdff1ccfe,6e5702f6-1899-4221-bc58-00ee7d0c613c,1630562177999,13.3996572,52.4801388,8.00448,1.2872833,-0.7920532,-1.6321244,on bike mount,cyclo cross,False,asphalt,good
1a520d19-bb78-48b7-aa5a-9a7c6c8de73b,e00c1d1e-272c-446e-867a-2a6fdff1ccfe,bdf14690-8457-459e-9aa7-d86d44473457,1630562178049,13.3996572,52.4801388,8.00448,-0.42289037,2.56947,-3.6735744,on bike mount,cyclo cross,False,asphalt,good
1a520d19-bb78-48b7-aa5a-9a7c6c8de73b,e00c1d1e-272c-446e-867a-2a6fdff1ccfe,fd7707f1-b12e-4a89-b671-d549707c2aeb,1630562178100,13.3996572,52.4801388,8.00448,-0.7023309,-0.41772103,-0.90079975,on bike mount,cyclo cross,False,asphalt,good
1a520d19-bb78-48b7-aa5a-9a7c6c8de73b,e00c1d1e-272c-446e-867a-2a6fdff1ccfe,cae28f8c-74e9-47a1-9b01-f988895d1be2,1630562178150,13.3996572,52.4801388,8.00448,2.1703727,-1.9271364,2.272071,on bike mount,cyclo cross,False,asphalt,good
1a520d19-bb78-48b7-aa5a-9a7c6c8de73b,e00c1d1e-272c-446e-867a-2a6fdff1ccfe,711b4126-e42b-4ac0-a860-b2842edee5fe,1630562178201,13.3996572,52.4801388,8.00448,-0.7411589,-0.34850574,0.54776573,on bike mount,cyclo cross,False,asphalt,good
1a520d19-bb78-48b7-aa5a-9a7c6c8de73b,e00c1d1e-272c-446e-867a-2a6fdff1ccfe,42f3a99c-8b9e-4f6e-983b-db79bbe809c0,1630562178251,13.3996572,52.4801388,8.00448,-2.2493176,5.0608406,-0.4949999,on bike mount,cyclo cross,False,asphalt,good
1a520d19-bb78-48b7-aa5a-9a7c6c8de73b,e00c1d1e-272c-446e-867a-2a6fdff1ccfe,364b48af-3801-4b5d-ada0-9f7ca37b5b2f,1630562178302,13.3996572,52.4801388,8.00448,0.39026904,-0.09683013,-0.0244627,on bike mount,cyclo cross,False,asphalt,good
1a520d19-bb78-48b7-aa5a-9a7c6c8de73b,e00c1d1e-272c-446e-867a-2a6fdff1ccfe,bfc5d1c6-f93f-4b8b-9738-a81ae8ec8bab,1630562178352,13.3996572,52.4801388,8.00448,-0.6141575,-1.4789028,-1.6173759,on bike mount,cyclo cross,False,asphalt,good
1a520d19-bb78-48b7-aa5a-9a7c6c8de73b,e00c1d1e-272c-446e-867a-2a6fdff1ccfe,fc7acca2-9ee0-4e51-8a3c-e73fa414045b,1630562178402,13.3995433,52.4801454,7.6047983,-0.11511699,0.9601102,0.07975006,on bike mount,cyclo cross,False,asphalt,good
1a520d19-bb78-48b7-aa5a-9a7c6c8de73b,e00c1d1e-272c-446e-867a-2a6fdff1ccfe,95cd7a27-ca7d-4f9a-a136-612ac7b3a76a,1630562178452,13.3995433,52.4801454,7.6047983,-0.6647326,1.5840392,-0.9933691,on bike mount,cyclo cross,False,asphalt,good
1a520d19-bb78-48b7-aa5a-9a7c6c8de73b,e00c1d1e-272c-446e-867a-2a6fdff1ccfe,04f92cbe-cf14-4b5b-b539-def9b6812247,1630562178503,13.3995433,52.4801454,7.6047983,-1.1625853,-0.66312957,-0.79506874,on bike mount,cyclo cross,False,asphalt,good
1a520d19-bb78-48b7-aa5a-9a7c6c8de73b,e00c1d1e-272c-446e-867a-2a6fdff1ccfe,7c4fde7e-8b5f-4790-bebd-7d7e2fc9b280,1630562178553,13.3995433,52.4801454,7.6047983,-0.83312625,1.2055063,-3.7465258,on bike mount,cyclo cross,False,asphalt,good
1a520d19-bb78-48b7-aa5a-9a7c6c8de73b,e00c1d1e-272c-446e-867a-2a6fdff1ccfe,24f45f8b-79bd-4ba3-8797-926761abecb2,1630562178603,13.3995433,52.4801454,7.6047983,0.29830617,0.99398756,1.1467361,on bike mount,cyclo cross,False,asphalt,good
1a520d19-bb78-48b7-aa5a-9a7c6c8de73b,e00c1d1e-272c-446e-867a-2a6fdff1ccfe,5dc51a52-c782-4dcb-86b1-44e2381d6896,1630562178653,13.3995433,52.4801454,7.6047983,0.7972553,0.9653897,-1.2208943,on bike mount,cyclo cross,False,asphalt,good
1a520d19-bb78-48b7-aa5a-9a7c6c8de73b,e00c1d1e-272c-446e-867a-2a6fdff1ccfe,ed0bfd1e-bc26-4f0b-82f8-632aaf5a23c2,1630562178703,13.3995433,52.4801454,7.6047983,-0.4233701,1.4298065,-1.2599859,on bike mount,cyclo cross,False,asphalt,good
1a520d19-bb78-48b7-aa5a-9a7c6c8de73b,e00c1d1e-272c-446e-867a-2a6fdff1ccfe,4c943cdf-2c49-480e-96c3-05c748c6435c,1630562178752,13.3995433,52.4801454,7.6047983,-0.6348692,-2.2580733,1.6548109,on bike mount,cyclo cross,False,asphalt,good
1a520d19-bb78-48b7-aa5a-9a7c6c8de73b,e00c1d1e-272c-446e-867a-2a6fdff1ccfe,b874ab6c-feab-427f-9080-0621d350744a,1630562178802,13.3995433,52.4801454,7.6047983,2.1487355,-0.9925147,-0.9050007,on bike mount,cyclo cross,False,asphalt,good
1a520d19-bb78-48b7-aa5a-9a7c6c8de73b,e00c1d1e-272c-446e-867a-2a6fdff1ccfe,cd5d0c53-9120-4d97-842f-349e29f39f20,1630562178852,13.3995433,52.4801454,7.6047983,-0.8291749,0.48588204,1.337614,on bike mount,cyclo cross,False,asphalt,good
1a520d19-bb78-48b7-aa5a-9a7c6c8de73b,e00c1d1e-272c-446e-867a-2a6fdff1ccfe,c371087d-e783-4578-b745-392149d5380e,1630562178902,13.3995433,52.4801454,7.6047983,-2.059957,-0.3749745,0.03327465,on bike mount,cyclo cross,False,asphalt,good
1a520d19-bb78-48b7-aa5a-9a7c6c8de73b,e00c1d1e-272c-446e-867a-2a6fdff1ccfe,45002b99-3292-46d0-89a5-666cedfdda5f,1630562178952,13.3995433,52.4801454,7.6047983,0.33282608,-1.1137897,0.45093822,on bike mount,cyclo cross,False,asphalt,good
1a520d19-bb78-48b7-aa5a-9a7c6c8de73b,e00c1d1e-272c-446e-867a-2a6fdff1ccfe,5f887bf6-49d3-4874-8959-29f1dc7bef09,1630562179002,13.3995433,52.4801454,7.6047983,0.095373444,-0.4977455,-0.5327015,on bike mount,cyclo cross,False,asphalt,good
1a520d19-bb78-48b7-aa5a-9a7c6c8de73b,e00c1d1e-272c-446e-867a-2a6fdff1ccfe,4418bbbd-43fe-4066-b107-70287073e72d,1630562179052,13.3995433,52.4801454,7.6047983,-2.1299486,2.2081833,0.7883816,on bike mount,cyclo cross,False,asphalt,good
1a520d19-bb78-48b7-aa5a-9a7c6c8de73b,e00c1d1e-272c-446e-867a-2a6fdff1ccfe,062a6977-9fd9-4930-81a4-d85e89b33193,1630562179102,13.3995433,52.4801454,7.6047983,-0.043633223,-2.8818827,1.6321859,on bike mount,cyclo cross,False,asphalt,good
1a520d19-bb78-48b7-aa5a-9a7c6c8de73b,e00c1d1e-272c-446e-867a-2a6fdff1ccfe,3c8a73a9-917d-455d-8f6f-53946ebe5149,1630562179152,13.3995433,52.4801454,7.6047983,2.9717822,1.3839784,-2.242384,on bike mount,cyclo cross,False,asphalt,good
1a520d19-bb78-48b7-aa5a-9a7c6c8de73b,e00c1d1e-272c-446e-867a-2a6fdff1ccfe,761e5956-cbda-4c7a-94a9-dbc6ce01a92e,1630562179202,13.3995433,52.4801454,7.6047983,-0.43101358,-0.36478186,0.8021984,on bike mount,cyclo cross,False,asphalt,good
1a520d19-bb78-48b7-aa5a-9a7c6c8de73b,e00c1d1e-272c-446e-867a-2a6fdff1ccfe,2fae8663-2402-4f48-a9dc-01101f0839b1,1630562179252,13.3995433,52.4801454,7.6047983,-0.11078004,1.5209684,-1.4674411,on bike mount,cyclo cross,False,asphalt,good
1a520d19-bb78-48b7-aa5a-9a7c6c8de73b,e00c1d1e-272c-446e-867a-2a6fdff1ccfe,b0da6c5f-7861-412a-9418-32bf0a43e545,1630562179313,13.3995433,52.4801454,7.6047983,-0.7118553,-0.48007154,0.6758299,on bike mount,cyclo cross,False,asphalt,good
1a520d19-bb78-48b7-aa5a-9a7c6c8de73b,e00c1d1e-272c-446e-867a-2a6fdff1ccfe,3dfbcb57-5ebe-4f51-afe0-97361b8b664f,1630562179363,13.3995433,52.4801454,7.6047983,-0.0818402,2.0911732,-2.6705074,on bike mount,cyclo cross,False,asphalt,good
1a520d19-bb78-48b7-aa5a-9a7c6c8de73b,e00c1d1e-272c-446e-867a-2a6fdff1ccfe,51ad5dae-6876-4d3f-ba95-61b965c63bff,1630562179413,13.3994243,52.48015,8.042506,1.0691592,0.83071995,-0.93300915,on bike mount,cyclo cross,False,asphalt,good
1a520d19-bb78-48b7-aa5a-9a7c6c8de73b,e00c1d1e-272c-446e-867a-2a6fdff1ccfe,656b1601-9f31-4811-beed-3d51fc337af0,1630562179462,13.3994243,52.48015,8.042506,1.166857,-0.719198,-0.9566784,on bike mount,cyclo cross,False,asphalt,good
1a520d19-bb78-48b7-aa5a-9a7c6c8de73b,e00c1d1e-272c-446e-867a-2a6fdff1ccfe,6790451f-4100-491b-9f0f-b6a350448597,1630562179512,13.3994243,52.48015,8.042506,-1.5366467,1.2463398,-4.684229,on bike mount,cyclo cross,False,asphalt,good
1a520d19-bb78-48b7-aa5a-9a7c6c8de73b,e00c1d1e-272c-446e-867a-2a6fdff1ccfe,ffdb7460-2df7-42bf-b384-84030c515b20,1630562179562,13.3994243,52.48015,8.042506,-0.29846197,3.3764973,-1.023426,on bike mount,cyclo cross,False,asphalt,good
1a520d19-bb78-48b7-aa5a-9a7c6c8de73b,e00c1d1e-272c-446e-867a-2a6fdff1ccfe,cca1c171-c01a-4d77-a4b9-cfbe303c8217,1630562179613,13.3994243,52.48015,8.042506,1.704036,-6.4977274,1.3801718,on bike mount,cyclo cross,False,asphalt,good
1a520d19-bb78-48b7-aa5a-9a7c6c8de73b,e00c1d1e-272c-446e-867a-2a6fdff1ccfe,6acf2c71-35c9-4285-9b5e-f465149507e4,1630562179663,13.3994243,52.48015,8.042506,-1.1192472,3.329095,-3.1628413,on bike mount,cyclo cross,False,asphalt,good
1a520d19-bb78-48b7-aa5a-9a7c6c8de73b,e00c1d1e-272c-446e-867a-2a6fdff1ccfe,46fd7577-6e18-4535-bd51-f6e1bdde6bf3,1630562179713,13.3994243,52.48015,8.042506,-0.8276701,-0.12450576,0.02811718,on bike mount,cyclo cross,False,asphalt,good
1a520d19-bb78-48b7-aa5a-9a7c6c8de73b,e00c1d1e-272c-446e-867a-2a6fdff1ccfe,12e15c0b-8ba4-4e88-beea-283cfda16c00,1630562179764,13.3994243,52.48015,8.042506,1.6215994,-0.7379043,-0.31247902,on bike mount,cyclo cross,False,asphalt,good
1a520d19-bb78-48b7-aa5a-9a7c6c8de73b,e00c1d1e-272c-446e-867a-2a6fdff1ccfe,188f8501-3048-468f-ac4d-5373923faa44,1630562179813,13.3994243,52.48015,8.042506,-0.7010884,-1.1589991,-0.08624077,on bike mount,cyclo cross,False,asphalt,good
1a520d19-bb78-48b7-aa5a-9a7c6c8de73b,e00c1d1e-272c-446e-867a-2a6fdff1ccfe,2aa80bf0-cbb9-4d4a-b534-3135669bd9a3,1630562179863,13.3994243,52.48015,8.042506,-0.59740186,-0.3899126,-0.025636673,on bike mount,cyclo cross,False,asphalt,good
1a520d19-bb78-48b7-aa5a-9a7c6c8de73b,e00c1d1e-272c-446e-867a-2a6fdff1ccfe,01d9304f-ce03-4953-be5b-4d34598f95be,1630562179913,13.3994243,52.48015,8.042506,-0.113507554,-1.4948853,1.9778013,on bike mount,cyclo cross,False,asphalt,good
1a520d19-bb78-48b7-aa5a-9a7c6c8de73b,e00c1d1e-272c-446e-867a-2a6fdff1ccfe,ff02ae0d-2c7b-45cd-aa77-9f769fd98f19,1630562179964,13.3994243,52.48015,8.042506,-0.56550014,-0.36656785,-0.46722507,on bike mount,cyclo cross,False,asphalt,good
1a520d19-bb78-48b7-aa5a-9a7c6c8de73b,e00c1d1e-272c-446e-867a-2a6fdff1ccfe,214f66f9-eebc-4b5f-b714-f3e09e788d9a,1630562180019,13.3994243,52.48015,8.042506,-0.6003158,-3.5376885,2.3437738,on bike mount,cyclo cross,False,asphalt,good
1a520d19-bb78-48b7-aa5a-9a7c6c8de73b,e00c1d1e-272c-446e-867a-2a6fdff1ccfe,da332975-bb23-42bf-aff1-6971004a5e56,1630562180069,13.3994243,52.48015,8.042506,-0.38576943,-3.870626,3.0282078,on bike mount,cyclo cross,False,asphalt,good
1a520d19-bb78-48b7-aa5a-9a7c6c8de73b,e00c1d1e-272c-446e-867a-2a6fdff1ccfe,cdcc4950-7ee4-4808-aed2-e8845db03e86,1630562180119,13.3994243,52.48015,8.042506,1.4256544,-1.0269775,-0.2769413,on bike mount,cyclo cross,False,asphalt,good
1a520d19-bb78-48b7-aa5a-9a7c6c8de73b,e00c1d1e-272c-446e-867a-2a6fdff1ccfe,cbf54ccf-d63c-42e2-9125-7397d4d77dbf,1630562180169,13.3994243,52.48015,8.042506,-0.24387306,-0.45294166,0.22960854,on bike mount,cyclo cross,False,asphalt,good
1a520d19-bb78-48b7-aa5a-9a7c6c8de73b,e00c1d1e-272c-446e-867a-2a6fdff1ccfe,343e94ad-3719-4749-8139-82dfc05a8daa,1630562180219,13.3994243,52.48015,8.042506,0.65699846,1.3448896,-0.42814732,on bike mount,cyclo cross,False,asphalt,good
1a520d19-bb78-48b7-aa5a-9a7c6c8de73b,e00c1d1e-272c-446e-867a-2a6fdff1ccfe,0466a36d-f05a-43c8-abd1-273cdfd9dcce,1630562180268,13.3994243,52.48015,8.042506,1.3469429,-0.99551666,-2.4694495,on bike mount,cyclo cross,False,asphalt,good
1a520d19-bb78-48b7-aa5a-9a7c6c8de73b,e00c1d1e-272c-446e-867a-2a6fdff1ccfe,4536cced-72b0-4982-9aaf-0d3503cac2fd,1630562180319,13.3994243,52.48015,8.042506,-0.39132452,1.9342265,-0.5818691,on bike mount,cyclo cross,False,asphalt,good
1a520d19-bb78-48b7-aa5a-9a7c6c8de73b,e00c1d1e-272c-446e-867a-2a6fdff1ccfe,5f6fed09-8ae2-4e23-8d82-709ba4c60058,1630562180369,13.3994243,52.48015,8.042506,-0.49782342,-1.2458667,-1.286994,on bike mount,cyclo cross,False,asphalt,good
1a520d19-bb78-48b7-aa5a-9a7c6c8de73b,e00c1d1e-272c-446e-867a-2a6fdff1ccfe,67dfdaac-c8d7-4d0b-b5ba-5d7eae6a533e,1630562180420,13.3993047,52.4801554,8.010398,0.6614204,-0.651386,-1.1560907,on bike mount,cyclo cross,False,asphalt,good
1a520d19-bb78-48b7-aa5a-9a7c6c8de73b,e00c1d1e-272c-446e-867a-2a6fdff1ccfe,7a309c1f-7e18-46e3-aef8-a6f4f1ffe844,1630562180470,13.3993047,52.4801554,8.010398,-1.9108888,1.8663921,-1.8564258,on bike mount,cyclo cross,False,asphalt,good
1a520d19-bb78-48b7-aa5a-9a7c6c8de73b,e00c1d1e-272c-446e-867a-2a6fdff1ccfe,2cfce1b5-d89a-42b2-a13e-49be6593f295,1630562180520,13.3993047,52.4801554,8.010398,-0.5108867,0.19835639,3.5664244,on bike mount,cyclo cross,False,asphalt,good
1a520d19-bb78-48b7-aa5a-9a7c6c8de73b,e00c1d1e-272c-446e-867a-2a6fdff1ccfe,a7907a67-f53d-4b89-b026-0393dad4fa92,1630562180570,13.3993047,52.4801554,8.010398,1.7242184,0.54579306,0.7650995,on bike mount,cyclo cross,False,asphalt,good
1a520d19-bb78-48b7-aa5a-9a7c6c8de73b,e00c1d1e-272c-446e-867a-2a6fdff1ccfe,f48d9532-c535-47bc-b78b-68468c40f71d,1630562180620,13.3993047,52.4801554,8.010398,0.30190167,-0.057100296,-2.13167,on bike mount,cyclo cross,False,asphalt,good
1a520d19-bb78-48b7-aa5a-9a7c6c8de73b,e00c1d1e-272c-446e-867a-2a6fdff1ccfe,6ea82308-c969-4a44-9e7b-5d432842739f,1630562180696,13.3993047,52.4801554,8.010398,0.29049158,0.7776005,-1.2655134,on bike mount,cyclo cross,False,asphalt,good
1a520d19-bb78-48b7-aa5a-9a7c6c8de73b,e00c1d1e-272c-446e-867a-2a6fdff1ccfe,6d3784bd-a700-46cf-babd-42be148dc73b,1630562180746,13.3993047,52.4801554,8.010398,1.689409,2.516436,-0.45674706,on bike mount,cyclo cross,False,asphalt,good
1a520d19-bb78-48b7-aa5a-9a7c6c8de73b,e00c1d1e-272c-446e-867a-2a6fdff1ccfe,61173592-135a-4f18-813a-b82ba4a149e3,1630562180796,13.3993047,52.4801554,8.010398,-1.1372733,0.8514111,0.3703804,on bike mount,cyclo cross,False,asphalt,good
1a520d19-bb78-48b7-aa5a-9a7c6c8de73b,e00c1d1e-272c-446e-867a-2a6fdff1ccfe,c32a359b-1928-415f-bb74-2c0f1e4e55e5,1630562180847,13.3993047,52.4801554,8.010398,-2.4674296,-1.9256767,3.2744207,on bike mount,cyclo cross,False,asphalt,good
1a520d19-bb78-48b7-aa5a-9a7c6c8de73b,e00c1d1e-272c-446e-867a-2a6fdff1ccfe,7877ef90-e78a-4521-abd4-dd3611331e0a,1630562180897,13.3993047,52.4801554,8.010398,0.45865548,-1.0304424,0.21289062,on bike mount,cyclo cross,False,asphalt,good
1a520d19-bb78-48b7-aa5a-9a7c6c8de73b,e00c1d1e-272c-446e-867a-2a6fdff1ccfe,d25d23a2-026e-44f8-a06e-cd0be0072670,1630562180948,13.3993047,52.4801554,8.010398,1.3167522,0.06104064,-1.7899604,on bike mount,cyclo cross,False,asphalt,good
1a520d19-bb78-48b7-aa5a-9a7c6c8de73b,e00c1d1e-272c-446e-867a-2a6fdff1ccfe,87028df5-7d6d-40fa-a322-0f28fb8ce22d,1630562180999,13.3993047,52.4801554,8.010398,-0.76026684,0.3266878,-0.4827013,on bike mount,cyclo cross,False,asphalt,good
1a520d19-bb78-48b7-aa5a-9a7c6c8de73b,e00c1d1e-272c-446e-867a-2a6fdff1ccfe,082f60c1-f32a-473a-bbc5-964a846c9ab9,1630562181050,13.3993047,52.4801554,8.010398,1.2765126,0.9269047,0.10672474,on bike mount,cyclo cross,False,asphalt,good
1a520d19-bb78-48b7-aa5a-9a7c6c8de73b,e00c1d1e-272c-446e-867a-2a6fdff1ccfe,e0762454-a991-4fd4-8c57-b80969b10d0d,1630562181099,13.3993047,52.4801554,8.010398,-0.18189989,-3.6637225,2.7828302,on bike mount,cyclo cross,False,asphalt,good
1a520d19-bb78-48b7-aa5a-9a7c6c8de73b,e00c1d1e-272c-446e-867a-2a6fdff1ccfe,4bd12d89-bbd5-47b9-8026-e6971131102a,1630562181149,13.3993047,52.4801554,8.010398,-0.46208793,1.0820122,1.9329357,on bike mount,cyclo cross,False,asphalt,good
1a520d19-bb78-48b7-aa5a-9a7c6c8de73b,e00c1d1e-272c-446e-867a-2a6fdff1ccfe,027587da-ede4-4e66-8361-b74e83cb4441,1630562181199,13.3993047,52.4801554,8.010398,0.4973132,1.1173987,0.029473305,on bike mount,cyclo cross,False,asphalt,good
1a520d19-bb78-48b7-aa5a-9a7c6c8de73b,e00c1d1e-272c-446e-867a-2a6fdff1ccfe,84d09b23-84d2-4087-974b-e6f517b88353,1630562181249,13.3993047,52.4801554,8.010398,0.037512213,-1.0588899,0.6648998,on bike mount,cyclo cross,False,asphalt,good
1a520d19-bb78-48b7-aa5a-9a7c6c8de73b,e00c1d1e-272c-446e-867a-2a6fdff1ccfe,9a233753-2cf7-41cd-b2c6-ba52109b930d,1630562181299,13.3993047,52.4801554,8.010398,-3.4150352,-0.4713843,-0.9133587,on bike mount,cyclo cross,False,asphalt,good
1a520d19-bb78-48b7-aa5a-9a7c6c8de73b,e00c1d1e-272c-446e-867a-2a6fdff1ccfe,636989d7-9b28-4e92-9eb3-94722545c86a,1630562181350,13.3993047,52.4801554,8.010398,1.9983416,1.2188416,2.6178684,on bike mount,cyclo cross,False,asphalt,good
1a520d19-bb78-48b7-aa5a-9a7c6c8de73b,e00c1d1e-272c-446e-867a-2a6fdff1ccfe,9cf66b3f-8260-43f0-a604-638145fb3988,1630562181399,13.3991872,52.4801637,8.149048,-1.0344205,-3.5309005,-2.1194243,on bike mount,cyclo cross,False,asphalt,good
1a520d19-bb78-48b7-aa5a-9a7c6c8de73b,e00c1d1e-272c-446e-867a-2a6fdff1ccfe,bd49c904-21e4-4ebb-b2b4-c0784d4cfaa2,1630562181449,13.3991872,52.4801637,8.149048,-1.7257273,0.95922613,-0.7391596,on bike mount,cyclo cross,False,asphalt,good
1a520d19-bb78-48b7-aa5a-9a7c6c8de73b,e00c1d1e-272c-446e-867a-2a6fdff1ccfe,43e96e91-d170-4319-8b38-5ea3dc853d82,1630562181499,13.3991872,52.4801637,8.149048,1.2162,-0.42757082,1.9244471,on bike mount,cyclo cross,False,asphalt,good
1a520d19-bb78-48b7-aa5a-9a7c6c8de73b,e00c1d1e-272c-446e-867a-2a6fdff1ccfe,aed6aae5-8a50-4217-9f32-e160d5650e4e,1630562181548,13.3991872,52.4801637,8.149048,2.163096,-0.9375957,-3.492351,on bike mount,cyclo cross,False,asphalt,good
1a520d19-bb78-48b7-aa5a-9a7c6c8de73b,e00c1d1e-272c-446e-867a-2a6fdff1ccfe,41c7a671-5e72-4814-a379-0d9ec888206c,1630562181598,13.3991872,52.4801637,8.149048,1.3117449,0.91496277,0.33094883,on bike mount,cyclo cross,False,asphalt,good
1a520d19-bb78-48b7-aa5a-9a7c6c8de73b,e00c1d1e-272c-446e-867a-2a6fdff1ccfe,11fefaf6-fa68-47d5-b95e-bcb9ccd4ea9f,1630562181648,13.3991872,52.4801637,8.149048,-3.089184,-2.5386045,0.04110241,on bike mount,cyclo cross,False,asphalt,good
1a520d19-bb78-48b7-aa5a-9a7c6c8de73b,e00c1d1e-272c-446e-867a-2a6fdff1ccfe,8cd8caa8-800f-4dae-a97d-66b618c00b07,1630562181698,13.3991872,52.4801637,8.149048,1.9180019,-2.9951925,-0.6756182,on bike mount,cyclo cross,False,asphalt,good
1a520d19-bb78-48b7-aa5a-9a7c6c8de73b,e00c1d1e-272c-446e-867a-2a6fdff1ccfe,b2819284-acb7-4688-b3b0-0615be155fc1,1630562181748,13.3991872,52.4801637,8.149048,-0.7798325,1.7589145,-3.7094102,on bike mount,cyclo cross,False,asphalt,good
1a520d19-bb78-48b7-aa5a-9a7c6c8de73b,e00c1d1e-272c-446e-867a-2a6fdff1ccfe,7013e86d-94ea-454a-b857-ad2623ad0ff4,1630562181798,13.3991872,52.4801637,8.149048,-0.3048249,0.39265227,3.6295023,on bike mount,cyclo cross,False,asphalt,good
1a520d19-bb78-48b7-aa5a-9a7c6c8de73b,e00c1d1e-272c-446e-867a-2a6fdff1ccfe,1c80996c-2e09-4edc-838c-d984ef0f7456,1630562181848,13.3991872,52.4801637,8.149048,-0.41878983,3.1383681,-2.2295523,on bike mount,cyclo cross,False,asphalt,good
1a520d19-bb78-48b7-aa5a-9a7c6c8de73b,e00c1d1e-272c-446e-867a-2a6fdff1ccfe,9adfc8ff-8781-42c6-b7e1-0590390940c2,1630562181899,13.3991872,52.4801637,8.149048,-0.8697868,0.007757187,1.4834089,on bike mount,cyclo cross,False,asphalt,good
1a520d19-bb78-48b7-aa5a-9a7c6c8de73b,e00c1d1e-272c-446e-867a-2a6fdff1ccfe,38a6463a-f10f-4a12-bbda-4cd599715972,1630562181948,13.3991872,52.4801637,8.149048,0.6724747,-2.043818,1.9220791,on bike mount,cyclo cross,False,asphalt,good
1a520d19-bb78-48b7-aa5a-9a7c6c8de73b,e00c1d1e-272c-446e-867a-2a6fdff1ccfe,ced3e30c-bb72-4c04-9706-bba77870d7f9,1630562181999,13.3991872,52.4801637,8.149048,0.43579882,1.2835999,-0.23251247,on bike mount,cyclo cross,False,asphalt,good
1a520d19-bb78-48b7-aa5a-9a7c6c8de73b,e00c1d1e-272c-446e-867a-2a6fdff1ccfe,16062db8-67b9-46a5-9b78-778913fa00e5,1630562182048,13.3991872,52.4801637,8.149048,0.6021628,-0.4593451,-2.2812977,on bike mount,cyclo cross,False,asphalt,good
1a520d19-bb78-48b7-aa5a-9a7c6c8de73b,e00c1d1e-272c-446e-867a-2a6fdff1ccfe,49bdc0bb-abb8-4dd3-95cc-ec23fb42a854,1630562182098,13.3991872,52.4801637,8.149048,1.173348,-2.8782418,1.642889,on bike mount,cyclo cross,False,asphalt,good
1a520d19-bb78-48b7-aa5a-9a7c6c8de73b,e00c1d1e-272c-446e-867a-2a6fdff1ccfe,d01860bb-f54e-4f51-8655-eb062c842df0,1630562182156,13.3991872,52.4801637,8.149048,-1.9220161,0.2685814,-0.26902485,on bike mount,cyclo cross,False,asphalt,good
1a520d19-bb78-48b7-aa5a-9a7c6c8de73b,e00c1d1e-272c-446e-867a-2a6fdff1ccfe,51de51a9-eb74-4ab5-98e2-3bcf560d304d,1630562182206,13.3991872,52.4801637,8.149048,1.0973835,-0.35145545,-3.6224756,on bike mount,cyclo cross,False,asphalt,good
1a520d19-bb78-48b7-aa5a-9a7c6c8de73b,e00c1d1e-272c-446e-867a-2a6fdff1ccfe,09500fcc-2562-467e-967d-236bba3781f2,1630562182256,13.3991872,52.4801637,8.149048,-0.853682,-1.8673108,-1.2555518,on bike mount,cyclo cross,False,asphalt,good
1a520d19-bb78-48b7-aa5a-9a7c6c8de73b,e00c1d1e-272c-446e-867a-2a6fdff1ccfe,975c8b97-4bda-4e7a-8a5d-9c206cc08563,1630562182307,13.3991872,52.4801637,8.149048,0.505896,1.7090912,-2.7614183,on bike mount,cyclo cross,False,asphalt,good
1a520d19-bb78-48b7-aa5a-9a7c6c8de73b,e00c1d1e-272c-446e-867a-2a6fdff1ccfe,73dc2702-526a-4d1c-a2d4-37a26c3d104a,1630562182356,13.3991872,52.4801637,8.149048,0.18195738,-0.6795206,6.391325,on bike mount,cyclo cross,False,asphalt,good
1a520d19-bb78-48b7-aa5a-9a7c6c8de73b,e00c1d1e-272c-446e-867a-2a6fdff1ccfe,d4e15c7b-59ec-47b8-b81c-2e57f39babac,1630562182406,13.3990686,52.4801741,8.37786,0.29823494,-5.679765,1.9373064,on bike mount,cyclo cross,False,asphalt,good
1a520d19-bb78-48b7-aa5a-9a7c6c8de73b,e00c1d1e-272c-446e-867a-2a6fdff1ccfe,343ac830-1285-4fc7-95fc-a59819b91a5b,1630562182457,13.3990686,52.4801741,8.37786,0.42122537,1.0462079,-1.1767769,on bike mount,cyclo cross,False,asphalt,good
1a520d19-bb78-48b7-aa5a-9a7c6c8de73b,e00c1d1e-272c-446e-867a-2a6fdff1ccfe,f63fb80d-7eaa-47d6-8b25-d6171ad934b1,1630562182507,13.3990686,52.4801741,8.37786,0.5266575,-5.157818,-2.6003332,on bike mount,cyclo cross,False,asphalt,good
1a520d19-bb78-48b7-aa5a-9a7c6c8de73b,e00c1d1e-272c-446e-867a-2a6fdff1ccfe,adcf9519-112f-4d81-937c-2cd3d5cdb0be,1630562182558,13.3990686,52.4801741,8.37786,-1.4227794,0.500108,-2.362362,on bike mount,cyclo cross,False,asphalt,good
1a520d19-bb78-48b7-aa5a-9a7c6c8de73b,e00c1d1e-272c-446e-867a-2a6fdff1ccfe,44fea8f7-8a1b-4837-a9a8-14447b43ff8c,1630562182609,13.3990686,52.4801741,8.37786,0.9621217,-0.73976636,1.1988297,on bike mount,cyclo cross,False,asphalt,good
1a520d19-bb78-48b7-aa5a-9a7c6c8de73b,e00c1d1e-272c-446e-867a-2a6fdff1ccfe,b53598b0-c82f-4c64-b2c8-3acd15e5c9e1,1630562182659,13.3990686,52.4801741,8.37786,-0.78970253,-1.7858943,2.2640371,on bike mount,cyclo cross,False,asphalt,good
1a520d19-bb78-48b7-aa5a-9a7c6c8de73b,e00c1d1e-272c-446e-867a-2a6fdff1ccfe,6e914275-606a-4213-91d3-a6166cddbead,1630562182709,13.3990686,52.4801741,8.37786,-1.4429309,-0.4425254,0.26728916,on bike mount,cyclo cross,False,asphalt,good
1a520d19-bb78-48b7-aa5a-9a7c6c8de73b,e00c1d1e-272c-446e-867a-2a6fdff1ccfe,12b16f98-10c0-41c4-a07d-581f72d363a7,1630562182759,13.3990686,52.4801741,8.37786,0.057459276,0.57778573,0.44813633,on bike mount,cyclo cross,False,asphalt,good
1a520d19-bb78-48b7-aa5a-9a7c6c8de73b,e00c1d1e-272c-446e-867a-2a6fdff1ccfe,fba0ffe8-2816-4e0f-b3c4-58daa9c2eed4,1630562182809,13.3990686,52.4801741,8.37786,0.53188115,-2.4353094,1.5642271,on bike mount,cyclo cross,False,asphalt,good
1a520d19-bb78-48b7-aa5a-9a7c6c8de73b,e00c1d1e-272c-446e-867a-2a6fdff1ccfe,8e9b5a79-c96d-4e24-b7ea-36dfa4ea36de,1630562182859,13.3990686,52.4801741,8.37786,-0.029960737,-0.37755895,-0.8201952,on bike mount,cyclo cross,False,asphalt,good
1a520d19-bb78-48b7-aa5a-9a7c6c8de73b,e00c1d1e-272c-446e-867a-2a6fdff1ccfe,40f1ac04-3966-4cfd-836d-6aa1a108bb72,1630562182909,13.3990686,52.4801741,8.37786,-0.5308834,2.866722,-2.4877138,on bike mount,cyclo cross,False,asphalt,good
1a520d19-bb78-48b7-aa5a-9a7c6c8de73b,e00c1d1e-272c-446e-867a-2a6fdff1ccfe,474b41ef-a3bc-45fa-9d39-0544495a6df5,1630562182959,13.3990686,52.4801741,8.37786,0.4925668,-0.7589016,0.69050884,on bike mount,cyclo cross,False,asphalt,good
1a520d19-bb78-48b7-aa5a-9a7c6c8de73b,e00c1d1e-272c-446e-867a-2a6fdff1ccfe,ff3ecda0-2a07-4948-876a-fb3dbc26436f,1630562183009,13.3990686,52.4801741,8.37786,0.023644775,-1.8560891,-0.1932497,on bike mount,cyclo cross,False,asphalt,good
1a520d19-bb78-48b7-aa5a-9a7c6c8de73b,e00c1d1e-272c-446e-867a-2a6fdff1ccfe,71d75bd6-365c-4f19-9859-4e685ca69481,1630562183074,13.3990686,52.4801741,8.37786,-1.5562264,-1.5968237,-1.3246903,on bike mount,cyclo cross,False,asphalt,good
1a520d19-bb78-48b7-aa5a-9a7c6c8de73b,e00c1d1e-272c-446e-867a-2a6fdff1ccfe,5166e3a4-cb74-406a-a8a3-e872d6752ad6,1630562183124,13.3990686,52.4801741,8.37786,3.1154156,0.6088879,3.7492113,on bike mount,cyclo cross,False,asphalt,good
1a520d19-bb78-48b7-aa5a-9a7c6c8de73b,e00c1d1e-272c-446e-867a-2a6fdff1ccfe,889952e1-841b-4d1a-94d8-153b214bb410,1630562183174,13.3990686,52.4801741,8.37786,0.42263612,-2.2931428,-1.8222094,on bike mount,cyclo cross,False,asphalt,good
1a520d19-bb78-48b7-aa5a-9a7c6c8de73b,e00c1d1e-272c-446e-867a-2a6fdff1ccfe,2cb4b34e-79a4-40d1-925a-70b03a6f46e3,1630562183224,13.3990686,52.4801741,8.37786,0.99054,2.2232862,-1.3979454,on bike mount,cyclo cross,False,asphalt,good
1a520d19-bb78-48b7-aa5a-9a7c6c8de73b,e00c1d1e-272c-446e-867a-2a6fdff1ccfe,c344a8fe-c0d3-4ad9-8b6e-9e0e253b615b,1630562183274,13.3990686,52.4801741,8.37786,-2.213583,2.3057113,1.8213959,on bike mount,cyclo cross,False,asphalt,good
1a520d19-bb78-48b7-aa5a-9a7c6c8de73b,e00c1d1e-272c-446e-867a-2a6fdff1ccfe,4723acfb-7e95-4535-a3ba-7de7937ae221,1630562183324,13.3990686,52.4801741,8.37786,-1.6382465,1.0714517,-1.2890987,on bike mount,cyclo cross,False,asphalt,good
1a520d19-bb78-48b7-aa5a-9a7c6c8de73b,e00c1d1e-272c-446e-867a-2a6fdff1ccfe,8d2abfad-8a98-4c68-84cc-6f728adb0353,1630562183374,13.3990686,52.4801741,8.37786,0.50214523,-3.3299975,-0.15062428,on bike mount,cyclo cross,False,asphalt,good
1a520d19-bb78-48b7-aa5a-9a7c6c8de73b,e00c1d1e-272c-446e-867a-2a6fdff1ccfe,dd1a3c32-5461-447d-b9c4-16520b88ce55,1630562183424,13.39895,52.4801843,7.527481,-1.1321753,-1.5159894,3.8288622,on bike mount,cyclo cross,False,asphalt,good
1a520d19-bb78-48b7-aa5a-9a7c6c8de73b,e00c1d1e-272c-446e-867a-2a6fdff1ccfe,00078e96-d70e-4686-9574-a12a47cc5f78,1630562183475,13.39895,52.4801843,7.527481,2.293005,8.759695,-5.8955655,on bike mount,cyclo cross,False,asphalt,good
1a520d19-bb78-48b7-aa5a-9a7c6c8de73b,e00c1d1e-272c-446e-867a-2a6fdff1ccfe,f6852b5e-adbb-4e7b-9ca1-8314ecd43e40,1630562183547,13.39895,52.4801843,7.527481,2.323439,0.7816529,-1.6728382,on bike mount,cyclo cross,False,asphalt,good
1a520d19-bb78-48b7-aa5a-9a7c6c8de73b,e00c1d1e-272c-446e-867a-2a6fdff1ccfe,64edc0d3-ad7f-45d9-984c-86216a0ada44,1630562183596,13.39895,52.4801843,7.527481,-1.8471893,1.8384862,-0.43157387,on bike mount,cyclo cross,False,asphalt,good
1a520d19-bb78-48b7-aa5a-9a7c6c8de73b,e00c1d1e-272c-446e-867a-2a6fdff1ccfe,513499a2-0d10-49f6-8272-ebcbbeb3e6ed,1630562183646,13.39895,52.4801843,7.527481,2.083899,-0.5416348,2.4843493,on bike mount,cyclo cross,False,asphalt,good
1a520d19-bb78-48b7-aa5a-9a7c6c8de73b,e00c1d1e-272c-446e-867a-2a6fdff1ccfe,2ed721a9-6949-466f-9f58-97cf1167a8d1,1630562183697,13.39895,52.4801843,7.527481,-0.095060825,-3.504312,4.0840263,on bike mount,cyclo cross,False,asphalt,good
1a520d19-bb78-48b7-aa5a-9a7c6c8de73b,e00c1d1e-272c-446e-867a-2a6fdff1ccfe,f3924205-bddd-41f8-9eda-59f5d398fc03,1630562183747,13.39895,52.4801843,7.527481,-2.798767,1.4063144,0.6986761,on bike mount,cyclo cross,False,asphalt,good
1a520d19-bb78-48b7-aa5a-9a7c6c8de73b,e00c1d1e-272c-446e-867a-2a6fdff1ccfe,0e2ed47b-d438-4be4-8962-b707b94ab32c,1630562183796,13.39895,52.4801843,7.527481,-1.1721764,-1.2858008,3.987485,on bike mount,cyclo cross,False,asphalt,good
1a520d19-bb78-48b7-aa5a-9a7c6c8de73b,e00c1d1e-272c-446e-867a-2a6fdff1ccfe,6f7a98ac-a6a4-48cb-883b-317d01ef8208,1630562183846,13.39895,52.4801843,7.527481,-1.0229325,-2.5369954,-2.9191065,on bike mount,cyclo cross,False,asphalt,good
1a520d19-bb78-48b7-aa5a-9a7c6c8de73b,e00c1d1e-272c-446e-867a-2a6fdff1ccfe,90e5601f-516b-4d8b-b1ea-9f86dd08f9d6,1630562183896,13.39895,52.4801843,7.527481,0.19753285,3.0761485,-2.8441992,on bike mount,cyclo cross,False,asphalt,good
1a520d19-bb78-48b7-aa5a-9a7c6c8de73b,e00c1d1e-272c-446e-867a-2a6fdff1ccfe,a3b6e4b1-8f02-4339-9602-1f309cfb2a35,1630562183946,13.39895,52.4801843,7.527481,0.9033763,-0.9600017,-3.1108046,on bike mount,cyclo cross,False,asphalt,good
1a520d19-bb78-48b7-aa5a-9a7c6c8de73b,e00c1d1e-272c-446e-867a-2a6fdff1ccfe,e1e71c56-0208-41c6-8450-9fc72bf704f1,1630562183997,13.39895,52.4801843,7.527481,-2.5283556,0.77535105,-3.0477672,on bike mount,cyclo cross,False,asphalt,good
1a520d19-bb78-48b7-aa5a-9a7c6c8de73b,e00c1d1e-272c-446e-867a-2a6fdff1ccfe,19574c07-e95b-4c32-9276-1a53b4c08c54,1630562184046,13.39895,52.4801843,7.527481,-1.0317646,-3.6059406,-1.6092029,on bike mount,cyclo cross,False,asphalt,good
1a520d19-bb78-48b7-aa5a-9a7c6c8de73b,e00c1d1e-272c-446e-867a-2a6fdff1ccfe,699e72f6-a337-4c05-b2dd-bb2726be3c8f,1630562184096,13.39895,52.4801843,7.527481,0.34892324,0.43152857,4.8372345,on bike mount,cyclo cross,False,asphalt,good
1a520d19-bb78-48b7-aa5a-9a7c6c8de73b,e00c1d1e-272c-446e-867a-2a6fdff1ccfe,077c843f-cd17-421b-856d-60908ebc5075,1630562184147,13.39895,52.4801843,7.527481,-0.03946048,0.120146275,0.08880997,on bike mount,cyclo cross,False,asphalt,good
1a520d19-bb78-48b7-aa5a-9a7c6c8de73b,e00c1d1e-272c-446e-867a-2a6fdff1ccfe,d0fdc7cf-70cf-4823-981b-6ec2db17fb0d,1630562184198,13.39895,52.4801843,7.527481,-0.315469,1.8399858,-0.6683645,on bike mount,cyclo cross,False,asphalt,good
1a520d19-bb78-48b7-aa5a-9a7c6c8de73b,e00c1d1e-272c-446e-867a-2a6fdff1ccfe,0162ce66-9d7c-4d4b-8fb0-04744f5a7ec6,1630562184247,13.39895,52.4801843,7.527481,0.6026205,-0.53427696,-3.1462893,on bike mount,cyclo cross,False,asphalt,good
1a520d19-bb78-48b7-aa5a-9a7c6c8de73b,e00c1d1e-272c-446e-867a-2a6fdff1ccfe,e6a59335-3f3a-4098-8104-d468fbbd203a,1630562184296,13.39895,52.4801843,7.527481,-0.26178405,0.7224755,0.82526016,on bike mount,cyclo cross,False,asphalt,good
1a520d19-bb78-48b7-aa5a-9a7c6c8de73b,e00c1d1e-272c-446e-867a-2a6fdff1ccfe,1b1fcbbf-2f42-4302-8ef6-5a52c1b92b9c,1630562184346,13.39895,52.4801843,7.527481,-0.51009476,1.2152109,-0.67712975,on bike mount,cyclo cross,False,asphalt,good
1a520d19-bb78-48b7-aa5a-9a7c6c8de73b,e00c1d1e-272c-446e-867a-2a6fdff1ccfe,ce40bdfb-0f63-41be-a50c-cb16b1edbb61,1630562184396,13.3988421,52.4801913,7.204205,2.1971123,-0.4687338,1.035861,on bike mount,cyclo cross,False,asphalt,good
1a520d19-bb78-48b7-aa5a-9a7c6c8de73b,e00c1d1e-272c-446e-867a-2a6fdff1ccfe,5b23a5e4-d093-4532-9e99-4cb5e9611fc4,1630562184446,13.3988421,52.4801913,7.204205,0.77214515,-3.3680854,3.4380474,on bike mount,cyclo cross,False,asphalt,good
1a520d19-bb78-48b7-aa5a-9a7c6c8de73b,e00c1d1e-272c-446e-867a-2a6fdff1ccfe,5ae0a936-359f-4292-ace6-d16d78c27abd,1630562184496,13.3988421,52.4801913,7.204205,-0.4256019,0.81620884,-2.7621331,on bike mount,cyclo cross,False,asphalt,good
1a520d19-bb78-48b7-aa5a-9a7c6c8de73b,e00c1d1e-272c-446e-867a-2a6fdff1ccfe,8dec084f-c9e8-4a2f-8cd6-fcde3c695f78,1630562184546,13.3988421,52.4801913,7.204205,-0.13641423,1.8638854,0.54490566,on bike mount,cyclo cross,False,asphalt,good
1a520d19-bb78-48b7-aa5a-9a7c6c8de73b,e00c1d1e-272c-446e-867a-2a6fdff1ccfe,e63e215b-edfb-4eaa-9b8c-c378df8e4cf1,1630562184596,13.3988421,52.4801913,7.204205,-1.6834643,-0.7376623,2.7861233,on bike mount,cyclo cross,False,asphalt,good
1a520d19-bb78-48b7-aa5a-9a7c6c8de73b,e00c1d1e-272c-446e-867a-2a6fdff1ccfe,1cb179e5-e4d1-40ba-8cbe-11368182ae92,1630562184646,13.3988421,52.4801913,7.204205,0.263582,0.5260186,-2.5870967,on bike mount,cyclo cross,False,asphalt,good
1a520d19-bb78-48b7-aa5a-9a7c6c8de73b,e00c1d1e-272c-446e-867a-2a6fdff1ccfe,f182bbba-44c5-4ccf-a5a4-f9fa5695dca0,1630562184696,13.3988421,52.4801913,7.204205,-0.6026782,-3.0019307,0.26838875,on bike mount,cyclo cross,False,asphalt,good
1a520d19-bb78-48b7-aa5a-9a7c6c8de73b,e00c1d1e-272c-446e-867a-2a6fdff1ccfe,f9862399-568e-4817-a713-3d5955dcf305,1630562184747,13.3988421,52.4801913,7.204205,0.35432965,3.9158568,-2.2858362,on bike mount,cyclo cross,False,asphalt,good
1a520d19-bb78-48b7-aa5a-9a7c6c8de73b,e00c1d1e-272c-446e-867a-2a6fdff1ccfe,ee6f4629-6824-4963-a61f-474edd2c9f96,1630562184797,13.3988421,52.4801913,7.204205,0.3113744,-3.422368,2.0197077,on bike mount,cyclo cross,False,asphalt,good
1a520d19-bb78-48b7-aa5a-9a7c6c8de73b,e00c1d1e-272c-446e-867a-2a6fdff1ccfe,43cad42a-3c7e-475d-894b-eaed530cf23c,1630562184848,13.3988421,52.4801913,7.204205,0.2399984,-3.6174126,-0.6401825,on bike mount,cyclo cross,False,asphalt,good
1a520d19-bb78-48b7-aa5a-9a7c6c8de73b,e00c1d1e-272c-446e-867a-2a6fdff1ccfe,610de113-9872-4228-84e9-696994b9f248,1630562184899,13.3988421,52.4801913,7.204205,-2.9536066,-1.7599893,1.7279043,on bike mount,cyclo cross,False,asphalt,good
1a520d19-bb78-48b7-aa5a-9a7c6c8de73b,e00c1d1e-272c-446e-867a-2a6fdff1ccfe,b9b1b487-baca-4bba-a239-73a60be0ca3f,1630562184949,13.3988421,52.4801913,7.204205,0.7938389,2.624156,-0.98826313,on bike mount,cyclo cross,False,asphalt,good
1a520d19-bb78-48b7-aa5a-9a7c6c8de73b,e00c1d1e-272c-446e-867a-2a6fdff1ccfe,20a76adc-4833-46b5-822c-68d1808e944f,1630562184999,13.3988421,52.4801913,7.204205,2.5901747,-0.33585238,-2.5946074,on bike mount,cyclo cross,False,asphalt,good
1a520d19-bb78-48b7-aa5a-9a7c6c8de73b,e00c1d1e-272c-446e-867a-2a6fdff1ccfe,42e96d7d-ee0d-43c0-a483-52b3f90f59d7,1630562185049,13.3988421,52.4801913,7.204205,-1.990271,-0.5666506,4.552644,on bike mount,cyclo cross,False,asphalt,good
1a520d19-bb78-48b7-aa5a-9a7c6c8de73b,e00c1d1e-272c-446e-867a-2a6fdff1ccfe,ea45ea09-a07c-416e-95f6-f8a62350998c,1630562185098,13.3988421,52.4801913,7.204205,3.6652973,3.065649,-3.6505847,on bike mount,cyclo cross,False,asphalt,good
1a520d19-bb78-48b7-aa5a-9a7c6c8de73b,e00c1d1e-272c-446e-867a-2a6fdff1ccfe,7cc3b81b-54da-4ba7-a606-1449d7142e5a,1630562185149,13.3988421,52.4801913,7.204205,-0.34076416,-0.400815,1.0286417,on bike mount,cyclo cross,False,asphalt,good
1a520d19-bb78-48b7-aa5a-9a7c6c8de73b,e00c1d1e-272c-446e-867a-2a6fdff1ccfe,50188f3b-15d4-4456-bcdb-f187574be72b,1630562185199,13.3988421,52.4801913,7.204205,1.5953343,-2.339494,3.4417572,on bike mount,cyclo cross,False,asphalt,good
1a520d19-bb78-48b7-aa5a-9a7c6c8de73b,e00c1d1e-272c-446e-867a-2a6fdff1ccfe,18fb1b58-27ef-4d1a-9471-734fc368a0ac,1630562185249,13.3988421,52.4801913,7.204205,0.26766708,1.7953,1.8568754,on bike mount,cyclo cross,False,asphalt,good
1a520d19-bb78-48b7-aa5a-9a7c6c8de73b,e00c1d1e-272c-446e-867a-2a6fdff1ccfe,63e2f44d-352f-43fd-b365-182c1dbd94e6,1630562185299,13.3988421,52.4801913,7.204205,-0.23223124,1.3542516,-2.4943376,on bike mount,cyclo cross,False,asphalt,good
1a520d19-bb78-48b7-aa5a-9a7c6c8de73b,e00c1d1e-272c-446e-867a-2a6fdff1ccfe,a1687f30-8def-48b7-ad01-f129c19b75f1,1630562185349,13.3988421,52.4801913,7.204205,0.40122414,-1.8554795,2.7073965,on bike mount,cyclo cross,False,asphalt,good
1a520d19-bb78-48b7-aa5a-9a7c6c8de73b,e00c1d1e-272c-446e-867a-2a6fdff1ccfe,3aae4cc4-834b-4854-a9c5-845c4d6acdab,1630562185400,13.3987365,52.4801943,7.307547,0.9586501,-0.017642021,5.5988016,on bike mount,cyclo cross,False,asphalt,good
1a520d19-bb78-48b7-aa5a-9a7c6c8de73b,e00c1d1e-272c-446e-867a-2a6fdff1ccfe,631bbe01-a326-4758-a662-d78d698d3b02,1630562185449,13.3987365,52.4801943,7.307547,-1.5358998,2.0219517,-0.78029156,on bike mount,cyclo cross,False,asphalt,good
1a520d19-bb78-48b7-aa5a-9a7c6c8de73b,e00c1d1e-272c-446e-867a-2a6fdff1ccfe,963326e3-dee8-42d4-9cb2-9b7b021372b8,1630562185499,13.3987365,52.4801943,7.307547,-1.5908021,-0.9964678,0.15259361,on bike mount,cyclo cross,False,asphalt,good
1a520d19-bb78-48b7-aa5a-9a7c6c8de73b,e00c1d1e-272c-446e-867a-2a6fdff1ccfe,79511e15-5c95-4172-8ab5-9486bcfee9da,1630562185548,13.3987365,52.4801943,7.307547,2.0097413,-2.2125227,-0.22518349,on bike mount,cyclo cross,False,asphalt,good
1a520d19-bb78-48b7-aa5a-9a7c6c8de73b,e00c1d1e-272c-446e-867a-2a6fdff1ccfe,b9395485-bf25-4df7-af13-54ea849c0990,1630562185598,13.3987365,52.4801943,7.307547,-0.6214353,0.39414263,1.1529703,on bike mount,cyclo cross,False,asphalt,good
1a520d19-bb78-48b7-aa5a-9a7c6c8de73b,e00c1d1e-272c-446e-867a-2a6fdff1ccfe,4328c3b5-2528-454a-a171-454daf56e04b,1630562185648,13.3987365,52.4801943,7.307547,-2.1730244,-2.541987,2.6751575,on bike mount,cyclo cross,False,asphalt,good
1a520d19-bb78-48b7-aa5a-9a7c6c8de73b,e00c1d1e-272c-446e-867a-2a6fdff1ccfe,88bcbc5f-7d75-4763-b1bd-66239cf37d3d,1630562185699,13.3987365,52.4801943,7.307547,-0.29206693,-4.667019,3.690072,on bike mount,cyclo cross,False,asphalt,good
1a520d19-bb78-48b7-aa5a-9a7c6c8de73b,e00c1d1e-272c-446e-867a-2a6fdff1ccfe,decdb014-d95c-4e4c-9a8f-eac21d0c171a,1630562185748,13.3987365,52.4801943,7.307547,0.18771614,-2.992819,0.2574997,on bike mount,cyclo cross,False,asphalt,good
1a520d19-bb78-48b7-aa5a-9a7c6c8de73b,e00c1d1e-272c-446e-867a-2a6fdff1ccfe,e7031a1a-ba90-4d41-9477-42b513a78af8,1630562185798,13.3987365,52.4801943,7.307547,-0.10499072,-0.7362702,-2.182179,on bike mount,cyclo cross,False,asphalt,good
1a520d19-bb78-48b7-aa5a-9a7c6c8de73b,e00c1d1e-272c-446e-867a-2a6fdff1ccfe,cb237151-a1a9-400b-a2bb-877b5fb204a3,1630562185848,13.3987365,52.4801943,7.307547,2.6294303,3.636714,-0.82476807,on bike mount,cyclo cross,False,asphalt,good
1a520d19-bb78-48b7-aa5a-9a7c6c8de73b,e00c1d1e-272c-446e-867a-2a6fdff1ccfe,8739ddd8-d77f-4240-a9e6-6c09c7523f1a,1630562185899,13.3987365,52.4801943,7.307547,-1.3121136,0.6242018,-0.41906738,on bike mount,cyclo cross,False,asphalt,good
1a520d19-bb78-48b7-aa5a-9a7c6c8de73b,e00c1d1e-272c-446e-867a-2a6fdff1ccfe,323f67da-a3aa-4de4-920f-5b27086db7c8,1630562185949,13.3987365,52.4801943,7.307547,-0.6159363,-1.5281886,3.3692951,on bike mount,cyclo cross,False,asphalt,good
1a520d19-bb78-48b7-aa5a-9a7c6c8de73b,e00c1d1e-272c-446e-867a-2a6fdff1ccfe,bd34aac6-133e-43ab-81d1-ce8671d4d3a2,1630562185999,13.3987365,52.4801943,7.307547,0.52460104,-2.0740342,12.211405,on bike mount,cyclo cross,False,asphalt,good
1a520d19-bb78-48b7-aa5a-9a7c6c8de73b,e00c1d1e-272c-446e-867a-2a6fdff1ccfe,2656e5b7-4b86-4a1b-bb22-c4597042bc5f,1630562186048,13.3987365,52.4801943,7.307547,-1.0716789,-4.6320167,2.315464,on bike mount,cyclo cross,False,asphalt,good
1a520d19-bb78-48b7-aa5a-9a7c6c8de73b,e00c1d1e-272c-446e-867a-2a6fdff1ccfe,f15e31d3-a544-42b6-92a2-8f18a766b551,1630562186098,13.3987365,52.4801943,7.307547,-1.017155,-1.8071916,0.2623167,on bike mount,cyclo cross,False,asphalt,good
1a520d19-bb78-48b7-aa5a-9a7c6c8de73b,e00c1d1e-272c-446e-867a-2a6fdff1ccfe,480dea7f-5c1e-48d7-be3f-f2dc12c1c249,1630562186148,13.3987365,52.4801943,7.307547,0.5796532,4.0774646,-1.1956844,on bike mount,cyclo cross,False,asphalt,good
1a520d19-bb78-48b7-aa5a-9a7c6c8de73b,e00c1d1e-272c-446e-867a-2a6fdff1ccfe,9efe76ca-55f6-45cc-83cd-23a61fcf50a3,1630562186198,13.3987365,52.4801943,7.307547,-0.98582494,0.92196107,5.6746616,on bike mount,cyclo cross,False,asphalt,good
1a520d19-bb78-48b7-aa5a-9a7c6c8de73b,e00c1d1e-272c-446e-867a-2a6fdff1ccfe,b12ef623-96b6-487d-9155-21e0904507e2,1630562186248,13.3987365,52.4801943,7.307547,-0.35202205,0.23017669,-0.7191572,on bike mount,cyclo cross,False,asphalt,good
1a520d19-bb78-48b7-aa5a-9a7c6c8de73b,e00c1d1e-272c-446e-867a-2a6fdff1ccfe,521f5111-ecac-4de5-9443-f92af2a9a704,1630562186298,13.3987365,52.4801943,7.307547,1.4619672,0.5355053,-0.33953953,on bike mount,cyclo cross,False,asphalt,good
1a520d19-bb78-48b7-aa5a-9a7c6c8de73b,e00c1d1e-272c-446e-867a-2a6fdff1ccfe,b260ba4e-1d8b-4db9-968d-faa93577dd73,1630562186348,13.3987365,52.4801943,7.307547,-1.2232289,-2.7050443,-0.59093,on bike mount,cyclo cross,False,asphalt,good
1a520d19-bb78-48b7-aa5a-9a7c6c8de73b,e00c1d1e-272c-446e-867a-2a6fdff1ccfe,82add7ed-471e-41c0-aa98-16535d59e546,1630562186398,13.3986262,52.4801985,7.8066735,-0.31811008,-1.8274667,0.066679,on bike mount,cyclo cross,False,asphalt,good
1a520d19-bb78-48b7-aa5a-9a7c6c8de73b,e00c1d1e-272c-446e-867a-2a6fdff1ccfe,b36d9e7e-a1df-4c0d-adb3-bb4c3878fd5d,1630562186448,13.3986262,52.4801985,7.8066735,1.6641644,1.2650504,-0.15676689,on bike mount,cyclo cross,False,asphalt,good
1a520d19-bb78-48b7-aa5a-9a7c6c8de73b,e00c1d1e-272c-446e-867a-2a6fdff1ccfe,684dca56-6a1a-46a5-9b79-c53783ec1cfd,1630562186498,13.3986262,52.4801985,7.8066735,-0.17981225,2.3744292,1.1620064,on bike mount,cyclo cross,False,asphalt,good
1a520d19-bb78-48b7-aa5a-9a7c6c8de73b,e00c1d1e-272c-446e-867a-2a6fdff1ccfe,248fc79a-abee-4f01-ab49-8d615e9b362d,1630562186549,13.3986262,52.4801985,7.8066735,1.4688355,1.4390173,-1.9755282,on bike mount,cyclo cross,False,asphalt,good
1a520d19-bb78-48b7-aa5a-9a7c6c8de73b,e00c1d1e-272c-446e-867a-2a6fdff1ccfe,a513e045-1db2-4532-82dc-550b6f6856ac,1630562186599,13.3986262,52.4801985,7.8066735,2.1327517,-3.3483813,-0.4746704,on bike mount,cyclo cross,False,asphalt,good
1a520d19-bb78-48b7-aa5a-9a7c6c8de73b,e00c1d1e-272c-446e-867a-2a6fdff1ccfe,d583b10d-4a24-4584-8117-312ebd5aebf5,1630562186649,13.3986262,52.4801985,7.8066735,1.3017603,3.3063912,-1.0073767,on bike mount,cyclo cross,False,asphalt,good
1a520d19-bb78-48b7-aa5a-9a7c6c8de73b,e00c1d1e-272c-446e-867a-2a6fdff1ccfe,d28b0c47-0837-4364-b68a-ce15e060c394,1630562186699,13.3986262,52.4801985,7.8066735,-0.5491339,-0.16241193,3.6292772,on bike mount,cyclo cross,False,asphalt,good
1a520d19-bb78-48b7-aa5a-9a7c6c8de73b,e00c1d1e-272c-446e-867a-2a6fdff1ccfe,d0b2963f-2d4c-4bc3-983b-a3a636adfbd9,1630562186750,13.3986262,52.4801985,7.8066735,-0.18464321,-0.7776289,0.95728683,on bike mount,cyclo cross,False,asphalt,good
1a520d19-bb78-48b7-aa5a-9a7c6c8de73b,e00c1d1e-272c-446e-867a-2a6fdff1ccfe,5e2b3ec3-e3bc-4e00-ab49-f7c3db6e26b1,1630562186800,13.3986262,52.4801985,7.8066735,-0.9634516,1.7484503,-0.67294216,on bike mount,cyclo cross,False,asphalt,good
1a520d19-bb78-48b7-aa5a-9a7c6c8de73b,e00c1d1e-272c-446e-867a-2a6fdff1ccfe,5342a37d-69d5-4509-aa83-5ba0ccd63111,1630562186850,13.3986262,52.4801985,7.8066735,1.5322777,0.7265394,1.9639359,on bike mount,cyclo cross,False,asphalt,good
1a520d19-bb78-48b7-aa5a-9a7c6c8de73b,e00c1d1e-272c-446e-867a-2a6fdff1ccfe,b2a8a1fb-5586-4900-bc36-a806a117aa37,1630562186900,13.3986262,52.4801985,7.8066735,-0.53684247,0.9919019,0.66739845,on bike mount,cyclo cross,False,asphalt,good
1a520d19-bb78-48b7-aa5a-9a7c6c8de73b,e00c1d1e-272c-446e-867a-2a6fdff1ccfe,152ffcea-c108-4411-b066-56849778a1fe,1630562186949,13.3986262,52.4801985,7.8066735,-0.19962084,0.107094765,-3.8835912,on bike mount,cyclo cross,False,asphalt,good
1a520d19-bb78-48b7-aa5a-9a7c6c8de73b,e00c1d1e-272c-446e-867a-2a6fdff1ccfe,810484a8-79da-47cb-b3a3-43aa15676b42,1630562187000,13.3986262,52.4801985,7.8066735,0.6390811,-1.3555176,3.8624582,on bike mount,cyclo cross,False,asphalt,good
1a520d19-bb78-48b7-aa5a-9a7c6c8de73b,e00c1d1e-272c-446e-867a-2a6fdff1ccfe,88a80810-54f3-4112-8364-c712f5854107,1630562187050,13.3986262,52.4801985,7.8066735,0.3903225,-1.3104448,3.84412,on bike mount,cyclo cross,False,asphalt,good
1a520d19-bb78-48b7-aa5a-9a7c6c8de73b,e00c1d1e-272c-446e-867a-2a6fdff1ccfe,c85672ea-9804-4392-a9fa-15d27311d312,1630562187100,13.3986262,52.4801985,7.8066735,-0.5892071,-1.4975872,0.07286167,on bike mount,cyclo cross,False,asphalt,good
1a520d19-bb78-48b7-aa5a-9a7c6c8de73b,e00c1d1e-272c-446e-867a-2a6fdff1ccfe,5c0a07cb-04fd-4e63-9ea9-64d953b82b39,1630562187150,13.3986262,52.4801985,7.8066735,0.94521606,1.4808807,-3.3246078,on bike mount,cyclo cross,False,asphalt,good
1a520d19-bb78-48b7-aa5a-9a7c6c8de73b,e00c1d1e-272c-446e-867a-2a6fdff1ccfe,423623f0-099a-482f-a120-77b1337768c9,1630562187200,13.3986262,52.4801985,7.8066735,0.005718142,0.48828363,5.635109,on bike mount,cyclo cross,False,asphalt,good
1a520d19-bb78-48b7-aa5a-9a7c6c8de73b,e00c1d1e-272c-446e-867a-2a6fdff1ccfe,99ba8d4a-c72f-4627-abbe-6c8328ade56c,1630562187250,13.3986262,52.4801985,7.8066735,1.6067328,5.6805525,-1.4372854,on bike mount,cyclo cross,False,asphalt,good
1a520d19-bb78-48b7-aa5a-9a7c6c8de73b,e00c1d1e-272c-446e-867a-2a6fdff1ccfe,4d4fa90a-45dd-4958-ada3-05a7c270c990,1630562187300,13.3986262,52.4801985,7.8066735,-0.25645864,2.7203155,-2.865335,on bike mount,cyclo cross,False,asphalt,good
1a520d19-bb78-48b7-aa5a-9a7c6c8de73b,e00c1d1e-272c-446e-867a-2a6fdff1ccfe,d95cd226-4933-4b38-822a-40a671eb4d14,1630562187350,13.3986262,52.4801985,7.8066735,1.0466678,-1.6313564,-1.1717291,on bike mount,cyclo cross,False,asphalt,good
1a520d19-bb78-48b7-aa5a-9a7c6c8de73b,e00c1d1e-272c-446e-867a-2a6fdff1ccfe,d053bb3b-18d1-46da-b351-75f827cd8bf6,1630562187400,13.3985154,52.4802042,7.2257967,-1.26826,-2.6733742,-1.9174495,on bike mount,cyclo cross,False,asphalt,good
1a520d19-bb78-48b7-aa5a-9a7c6c8de73b,e00c1d1e-272c-446e-867a-2a6fdff1ccfe,363adcb1-3016-4f3c-9cc3-18185060a0c6,1630562187450,13.3985154,52.4802042,7.2257967,3.2693233,0.16704512,1.9305,on bike mount,cyclo cross,False,asphalt,good
1a520d19-bb78-48b7-aa5a-9a7c6c8de73b,e00c1d1e-272c-446e-867a-2a6fdff1ccfe,ccc16993-e182-47cb-8f57-c6b8e6c9b52a,1630562187501,13.3985154,52.4802042,7.2257967,-0.01801315,-3.6573787,4.817128,on bike mount,cyclo cross,False,asphalt,good
1a520d19-bb78-48b7-aa5a-9a7c6c8de73b,e00c1d1e-272c-446e-867a-2a6fdff1ccfe,607b3224-d7d8-4520-bedb-4559bdb1a8c5,1630562187551,13.3985154,52.4802042,7.2257967,-1.5949693,-1.482868,-0.6778116,on bike mount,cyclo cross,False,asphalt,good
1a520d19-bb78-48b7-aa5a-9a7c6c8de73b,e00c1d1e-272c-446e-867a-2a6fdff1ccfe,b48f5001-8209-47a7-ab3b-982e21b8e25c,1630562187600,13.3985154,52.4802042,7.2257967,0.7380093,-0.7894397,-1.3610787,on bike mount,cyclo cross,False,asphalt,good
1a520d19-bb78-48b7-aa5a-9a7c6c8de73b,e00c1d1e-272c-446e-867a-2a6fdff1ccfe,2af2c611-a74c-4673-a452-df45eb725064,1630562187662,13.3985154,52.4802042,7.2257967,-1.1691511,1.5368066,1.500453,on bike mount,cyclo cross,False,asphalt,good
1a520d19-bb78-48b7-aa5a-9a7c6c8de73b,e00c1d1e-272c-446e-867a-2a6fdff1ccfe,78f31cad-bdc9-4bfa-a9c0-fe7096656cf7,1630562187713,13.3985154,52.4802042,7.2257967,-0.28713572,0.1733594,1.1823006,on bike mount,cyclo cross,False,asphalt,good
1a520d19-bb78-48b7-aa5a-9a7c6c8de73b,e00c1d1e-272c-446e-867a-2a6fdff1ccfe,ae832215-8abf-4da0-b18b-4940786353be,1630562187762,13.3985154,52.4802042,7.2257967,-1.1026179,-4.8397155,6.7330933,on bike mount,cyclo cross,False,asphalt,good
1a520d19-bb78-48b7-aa5a-9a7c6c8de73b,e00c1d1e-272c-446e-867a-2a6fdff1ccfe,2af88093-3107-46b4-bad7-04afabeaf49d,1630562187812,13.3985154,52.4802042,7.2257967,-0.83467114,-3.4227474,2.2514496,on bike mount,cyclo cross,False,asphalt,good
1a520d19-bb78-48b7-aa5a-9a7c6c8de73b,e00c1d1e-272c-446e-867a-2a6fdff1ccfe,e761951b-4087-44f1-a1d1-21ec9bb7ffbd,1630562187863,13.3985154,52.4802042,7.2257967,-0.3859752,0.6381378,-3.8044682,on bike mount,cyclo cross,False,asphalt,good
1a520d19-bb78-48b7-aa5a-9a7c6c8de73b,e00c1d1e-272c-446e-867a-2a6fdff1ccfe,2aba29a3-226c-42ac-9940-d293070b0b0c,1630562187913,13.3985154,52.4802042,7.2257967,1.7053792,1.7923279,-1.8168211,on bike mount,cyclo cross,False,asphalt,good
1a520d19-bb78-48b7-aa5a-9a7c6c8de73b,e00c1d1e-272c-446e-867a-2a6fdff1ccfe,0b599250-27ba-4464-96b7-88d796988155,1630562187963,13.3985154,52.4802042,7.2257967,0.19128887,0.17751813,2.0483637,on bike mount,cyclo cross,False,asphalt,good
1a520d19-bb78-48b7-aa5a-9a7c6c8de73b,e00c1d1e-272c-446e-867a-2a6fdff1ccfe,940d704d-5d25-4396-84e7-2bf369269a72,1630562188013,13.3985154,52.4802042,7.2257967,0.87279457,2.140005,-3.370573,on bike mount,cyclo cross,False,asphalt,good
1a520d19-bb78-48b7-aa5a-9a7c6c8de73b,e00c1d1e-272c-446e-867a-2a6fdff1ccfe,b98b79e0-db92-4f43-b485-7b4d2632540c,1630562188063,13.3985154,52.4802042,7.2257967,0.27441245,1.4259453,-1.673852,on bike mount,cyclo cross,False,asphalt,good
1a520d19-bb78-48b7-aa5a-9a7c6c8de73b,e00c1d1e-272c-446e-867a-2a6fdff1ccfe,a5c97244-b65d-4c36-bc62-0fc4c48f3ba6,1630562188113,13.3985154,52.4802042,7.2257967,1.296503,1.1196458,-2.7207227,on bike mount,cyclo cross,False,asphalt,good
