bike_activity_uid,bike_activity_sample_uid,bike_activity_measurement,bike_activity_measurement_timestamp,bike_activity_measurement_lon,bike_activity_measurement_lat,bike_activity_measurement_speed,bike_activity_measurement_accelerometer_x,bike_activity_measurement_accelerometer_y,bike_activity_measurement_accelerometer_z,bike_activity_phone_position,bike_activity_bike_type,bike_activity_flagged_lab_conditions,bike_activity_surface_type,bike_activity_smoothness_type
1fcf81f2-b692-47a9-9e31-e97c644fa9f6,01be3371-396a-4702-8877-77961aaf20fe,1e4f6eeb-075a-4cca-a743-8eddd57afe84,1633859819410,13.430853,52.4953752,5.263127,7.2912617,-50.28011,22.033482,on bike mount,cyclo cross,True,sett,intermediate
1fcf81f2-b692-47a9-9e31-e97c644fa9f6,01be3371-396a-4702-8877-77961aaf20fe,673eaca4-1071-4719-abcd-61a2234a91aa,1633859819460,13.430853,52.4953752,5.263127,-1.4042705,-17.724855,9.609854,on bike mount,cyclo cross,True,sett,intermediate
1fcf81f2-b692-47a9-9e31-e97c644fa9f6,01be3371-396a-4702-8877-77961aaf20fe,f8b4cfb2-0490-4ebc-9788-280d93943b57,1633859819511,13.430853,52.4953752,5.263127,4.36603,-18.881695,18.371838,on bike mount,cyclo cross,True,sett,intermediate
1fcf81f2-b692-47a9-9e31-e97c644fa9f6,01be3371-396a-4702-8877-77961aaf20fe,7c0bbe5c-53bb-4697-97fe-51dbae90322d,1633859819562,13.430853,52.4953752,5.263127,1.3636572,6.0565224,14.0987015,on bike mount,cyclo cross,True,sett,intermediate
1fcf81f2-b692-47a9-9e31-e97c644fa9f6,01be3371-396a-4702-8877-77961aaf20fe,55b10a24-7380-408b-a3b0-b205e9c48cd6,1633859819612,13.430853,52.4953752,5.263127,-0.3097744,-7.432255,-2.167719,on bike mount,cyclo cross,True,sett,intermediate
1fcf81f2-b692-47a9-9e31-e97c644fa9f6,01be3371-396a-4702-8877-77961aaf20fe,323c193c-27ee-47b5-bf17-79327af9b720,1633859819662,13.430853,52.4953752,5.263127,-0.7040286,2.73322,-3.9685502,on bike mount,cyclo cross,True,sett,intermediate
1fcf81f2-b692-47a9-9e31-e97c644fa9f6,01be3371-396a-4702-8877-77961aaf20fe,1a0bc738-810e-4c75-9d5d-88e8c0340438,1633859819712,13.430853,52.4953752,5.263127,-0.23453212,-10.794744,3.3557682,on bike mount,cyclo cross,True,sett,intermediate
1fcf81f2-b692-47a9-9e31-e97c644fa9f6,01be3371-396a-4702-8877-77961aaf20fe,cb3db456-8e2d-44b4-854a-90ad3dcd6f03,1633859819762,13.430853,52.4953752,5.263127,0.2828979,-3.435807,0.98253155,on bike mount,cyclo cross,True,sett,intermediate
1fcf81f2-b692-47a9-9e31-e97c644fa9f6,01be3371-396a-4702-8877-77961aaf20fe,39a48753-7709-4c9c-bcb6-c3bb887435e1,1633859819812,13.430853,52.4953752,5.263127,1.037408,-8.769588,13.933241,on bike mount,cyclo cross,True,sett,intermediate
1fcf81f2-b692-47a9-9e31-e97c644fa9f6,01be3371-396a-4702-8877-77961aaf20fe,ac80bdfa-f4b2-4211-b8b3-516801d684d5,1633859819862,13.430853,52.4953752,5.263127,-3.114623,-13.590006,5.454502,on bike mount,cyclo cross,True,sett,intermediate
1fcf81f2-b692-47a9-9e31-e97c644fa9f6,01be3371-396a-4702-8877-77961aaf20fe,9582b43a-9b75-449c-b2fa-fd619da4c1ee,1633859819912,13.4309228,52.4953604,4.664015,1.7754192,-8.757825,0.8982363,on bike mount,cyclo cross,True,sett,intermediate
1fcf81f2-b692-47a9-9e31-e97c644fa9f6,01be3371-396a-4702-8877-77961aaf20fe,dab26ead-23ec-4e17-b21d-caa14ba69634,1633859819964,13.4309228,52.4953604,4.664015,-10.747919,11.791983,3.4311562,on bike mount,cyclo cross,True,sett,intermediate
1fcf81f2-b692-47a9-9e31-e97c644fa9f6,01be3371-396a-4702-8877-77961aaf20fe,37129bf5-3236-458e-8ff6-504c02bb8c70,1633859820014,13.4309228,52.4953604,4.664015,6.7442884,-6.7667866,7.6383314,on bike mount,cyclo cross,True,sett,intermediate
1fcf81f2-b692-47a9-9e31-e97c644fa9f6,01be3371-396a-4702-8877-77961aaf20fe,7143dc98-186b-4212-9a95-a3423d78d321,1633859820063,13.4309228,52.4953604,4.664015,1.2358396,0.66872597,19.699306,on bike mount,cyclo cross,True,sett,intermediate
1fcf81f2-b692-47a9-9e31-e97c644fa9f6,01be3371-396a-4702-8877-77961aaf20fe,85441f76-f45a-46bf-adcf-462d22c31a30,1633859820113,13.4309228,52.4953604,4.664015,-5.7328634,-15.610061,-0.77987385,on bike mount,cyclo cross,True,sett,intermediate
1fcf81f2-b692-47a9-9e31-e97c644fa9f6,01be3371-396a-4702-8877-77961aaf20fe,083fdfdb-7f14-408c-8c43-150761b4eec9,1633859820162,13.4309228,52.4953604,4.664015,-7.84896,16.118822,-2.723911,on bike mount,cyclo cross,True,sett,intermediate
1fcf81f2-b692-47a9-9e31-e97c644fa9f6,01be3371-396a-4702-8877-77961aaf20fe,a3df85f8-f9fa-472e-9f0e-dfc8b8d3cfc6,1633859820213,13.4309228,52.4953604,4.664015,6.5211983,1.0892305,-4.91553,on bike mount,cyclo cross,True,sett,intermediate
1fcf81f2-b692-47a9-9e31-e97c644fa9f6,01be3371-396a-4702-8877-77961aaf20fe,fadf55aa-4cde-4f78-9215-916627879cc5,1633859820262,13.4309228,52.4953604,4.664015,-9.107393,13.019094,-14.090991,on bike mount,cyclo cross,True,sett,intermediate
1fcf81f2-b692-47a9-9e31-e97c644fa9f6,01be3371-396a-4702-8877-77961aaf20fe,5a2ca931-9ab0-410f-9c85-20009198f769,1633859820312,13.4309228,52.4953604,4.664015,3.7720397,-15.307302,17.148724,on bike mount,cyclo cross,True,sett,intermediate
1fcf81f2-b692-47a9-9e31-e97c644fa9f6,01be3371-396a-4702-8877-77961aaf20fe,15f54dc5-9168-4225-bc3b-b8d455d61d36,1633859820363,13.4309228,52.4953604,4.664015,13.989492,0.83244133,-0.93677855,on bike mount,cyclo cross,True,sett,intermediate
1fcf81f2-b692-47a9-9e31-e97c644fa9f6,01be3371-396a-4702-8877-77961aaf20fe,d8a6a5cc-36bd-4fe2-9d0e-7e196802af60,1633859820413,13.4309228,52.4953604,4.664015,-6.766966,2.4534283,-8.178869,on bike mount,cyclo cross,True,sett,intermediate
1fcf81f2-b692-47a9-9e31-e97c644fa9f6,01be3371-396a-4702-8877-77961aaf20fe,2793c358-128f-4e73-beb4-67015abeff31,1633859820464,13.4309228,52.4953604,4.664015,1.219949,-3.6750655,30.272552,on bike mount,cyclo cross,True,sett,intermediate
1fcf81f2-b692-47a9-9e31-e97c644fa9f6,01be3371-396a-4702-8877-77961aaf20fe,cc75012b-9c38-4d77-b6b9-39ee3e5d5cba,1633859820515,13.4309228,52.4953604,4.664015,-10.296025,-1.5564961,-18.36277,on bike mount,cyclo cross,True,sett,intermediate
1fcf81f2-b692-47a9-9e31-e97c644fa9f6,01be3371-396a-4702-8877-77961aaf20fe,08768f81-5de9-4414-9850-afae47006bed,1633859820566,13.4309228,52.4953604,4.664015,13.101699,-16.412018,19.210445,on bike mount,cyclo cross,True,sett,intermediate
1fcf81f2-b692-47a9-9e31-e97c644fa9f6,01be3371-396a-4702-8877-77961aaf20fe,c0f4ef1a-344d-43f8-bb33-d8c46c0a4ad7,1633859820617,13.4309228,52.4953604,4.664015,-7.019979,9.4583025,5.990877,on bike mount,cyclo cross,True,sett,intermediate
1fcf81f2-b692-47a9-9e31-e97c644fa9f6,01be3371-396a-4702-8877-77961aaf20fe,37e186bf-937f-46a1-bc63-4c91e1deacfc,1633859820667,13.4309228,52.4953604,4.664015,-9.834225,13.442929,-18.002304,on bike mount,cyclo cross,True,sett,intermediate
1fcf81f2-b692-47a9-9e31-e97c644fa9f6,01be3371-396a-4702-8877-77961aaf20fe,9fa0c2c4-25e7-4975-9e70-5661a893f59c,1633859820718,13.4309228,52.4953604,4.664015,3.1736383,6.390787,-4.794838,on bike mount,cyclo cross,True,sett,intermediate
1fcf81f2-b692-47a9-9e31-e97c644fa9f6,01be3371-396a-4702-8877-77961aaf20fe,82947b08-17e4-4633-9e5a-7430fb2420f9,1633859820767,13.4309228,52.4953604,4.664015,1.6414807,-5.854286,10.554694,on bike mount,cyclo cross,True,sett,intermediate
1fcf81f2-b692-47a9-9e31-e97c644fa9f6,01be3371-396a-4702-8877-77961aaf20fe,2954d607-1d0b-4cdd-841d-c302f87db955,1633859820819,13.4309654,52.4953511,4.6079626,-1.6099173,-2.3783655,-21.059385,on bike mount,cyclo cross,True,sett,intermediate
1fcf81f2-b692-47a9-9e31-e97c644fa9f6,01be3371-396a-4702-8877-77961aaf20fe,9c9391e8-e419-43b6-8d04-9e411578185c,1633859820870,13.4309654,52.4953511,4.6079626,1.6645687,0.9770093,-7.968381,on bike mount,cyclo cross,True,sett,intermediate
1fcf81f2-b692-47a9-9e31-e97c644fa9f6,01be3371-396a-4702-8877-77961aaf20fe,63897bc6-f45b-4797-aa49-127ac37b8e2d,1633859820919,13.4309654,52.4953511,4.6079626,-6.4660673,2.0193095,-6.6982985,on bike mount,cyclo cross,True,sett,intermediate
1fcf81f2-b692-47a9-9e31-e97c644fa9f6,01be3371-396a-4702-8877-77961aaf20fe,2b2cbe7f-409e-4460-9763-bf07b51b5d09,1633859820969,13.4309654,52.4953511,4.6079626,7.021807,-16.30627,16.197989,on bike mount,cyclo cross,True,sett,intermediate
1fcf81f2-b692-47a9-9e31-e97c644fa9f6,01be3371-396a-4702-8877-77961aaf20fe,9caf531e-44ef-4b9c-869a-15e6ad8f8c00,1633859821019,13.4309654,52.4953511,4.6079626,-5.4381247,21.288784,-3.3934426,on bike mount,cyclo cross,True,sett,intermediate
1fcf81f2-b692-47a9-9e31-e97c644fa9f6,01be3371-396a-4702-8877-77961aaf20fe,a6d58cae-ccf6-4d9b-821d-5c585ddce55c,1633859821070,13.4309654,52.4953511,4.6079626,3.4540591,5.342517,-8.059942,on bike mount,cyclo cross,True,sett,intermediate
1fcf81f2-b692-47a9-9e31-e97c644fa9f6,01be3371-396a-4702-8877-77961aaf20fe,630e6e19-c343-4f9b-99f1-70dc153b9c8a,1633859821120,13.4309654,52.4953511,4.6079626,9.048647,-13.54731,11.14629,on bike mount,cyclo cross,True,sett,intermediate
1fcf81f2-b692-47a9-9e31-e97c644fa9f6,01be3371-396a-4702-8877-77961aaf20fe,50d64572-1dca-4e04-b188-4a1702aca79c,1633859821168,13.4309654,52.4953511,4.6079626,-18.704256,12.650698,-7.8717656,on bike mount,cyclo cross,True,sett,intermediate
1fcf81f2-b692-47a9-9e31-e97c644fa9f6,01be3371-396a-4702-8877-77961aaf20fe,4ffb22ad-c5af-4268-9087-2a8d6d154bd2,1633859821219,13.4309654,52.4953511,4.6079626,3.4199057,2.4682808,0.42642593,on bike mount,cyclo cross,True,sett,intermediate
1fcf81f2-b692-47a9-9e31-e97c644fa9f6,01be3371-396a-4702-8877-77961aaf20fe,6532a9e1-93c6-4451-aa98-9cfce0fdf870,1633859821268,13.4309654,52.4953511,4.6079626,3.822333,17.270382,5.684786,on bike mount,cyclo cross,True,sett,intermediate
1fcf81f2-b692-47a9-9e31-e97c644fa9f6,01be3371-396a-4702-8877-77961aaf20fe,d2252a1b-e566-464e-bfe3-7d84a549da7e,1633859821317,13.4309654,52.4953511,4.6079626,5.8785887,-4.876965,13.44417,on bike mount,cyclo cross,True,sett,intermediate
1fcf81f2-b692-47a9-9e31-e97c644fa9f6,01be3371-396a-4702-8877-77961aaf20fe,e971f1b3-ca31-4d1b-80b0-d6c4fd5a467f,1633859821368,13.4309654,52.4953511,4.6079626,2.6469805,-2.7862787,0.9384537,on bike mount,cyclo cross,True,sett,intermediate
1fcf81f2-b692-47a9-9e31-e97c644fa9f6,01be3371-396a-4702-8877-77961aaf20fe,f5ba536d-c4f8-4d6b-944a-6af46cad5a7b,1633859821417,13.4309654,52.4953511,4.6079626,-0.22334003,-1.784832,-2.437841,on bike mount,cyclo cross,True,sett,intermediate
1fcf81f2-b692-47a9-9e31-e97c644fa9f6,01be3371-396a-4702-8877-77961aaf20fe,a6ef249a-7597-4380-ae73-17ce86f59c11,1633859821468,13.4309654,52.4953511,4.6079626,-2.9299045,4.849084,-7.3060217,on bike mount,cyclo cross,True,sett,intermediate
1fcf81f2-b692-47a9-9e31-e97c644fa9f6,01be3371-396a-4702-8877-77961aaf20fe,b242fd8f-cfba-4396-92bf-ca7ee0a75eb2,1633859821519,13.4309654,52.4953511,4.6079626,4.6032796,7.042863,-2.3300862,on bike mount,cyclo cross,True,sett,intermediate
1fcf81f2-b692-47a9-9e31-e97c644fa9f6,01be3371-396a-4702-8877-77961aaf20fe,c43eecbe-3ddf-4825-8f29-6c584d628cbd,1633859821568,13.4309654,52.4953511,4.6079626,6.049958,5.66469,-9.18585,on bike mount,cyclo cross,True,sett,intermediate
1fcf81f2-b692-47a9-9e31-e97c644fa9f6,01be3371-396a-4702-8877-77961aaf20fe,3bf6ccfd-3ada-441c-8b97-3450abdccb05,1633859821620,13.4309654,52.4953511,4.6079626,3.050107,-12.756981,-1.8655515,on bike mount,cyclo cross,True,sett,intermediate
1fcf81f2-b692-47a9-9e31-e97c644fa9f6,01be3371-396a-4702-8877-77961aaf20fe,07651cf6-bb72-4f00-a715-b338d2274dc1,1633859821669,13.4309654,52.4953511,4.6079626,2.3672059,5.0396557,-13.683746,on bike mount,cyclo cross,True,sett,intermediate
1fcf81f2-b692-47a9-9e31-e97c644fa9f6,01be3371-396a-4702-8877-77961aaf20fe,d0b5afd9-75ee-42da-99f0-9e51bf7f08da,1633859821719,13.4309654,52.4953511,4.6079626,7.172447,8.639233,-8.729937,on bike mount,cyclo cross,True,sett,intermediate
1fcf81f2-b692-47a9-9e31-e97c644fa9f6,01be3371-396a-4702-8877-77961aaf20fe,bd3f75ba-b385-44a2-9b66-ef834c9df741,1633859821770,13.4309654,52.4953511,4.6079626,3.6786475,15.923082,-5.8332047,on bike mount,cyclo cross,True,sett,intermediate
1fcf81f2-b692-47a9-9e31-e97c644fa9f6,01be3371-396a-4702-8877-77961aaf20fe,bc723754-a938-47be-8860-342ed708565e,1633859821819,13.4309654,52.4953511,4.6079626,-0.98036027,-7.983981,3.2071867,on bike mount,cyclo cross,True,sett,intermediate
1fcf81f2-b692-47a9-9e31-e97c644fa9f6,01be3371-396a-4702-8877-77961aaf20fe,d3981855-5a20-4206-834a-bb5f52f1e182,1633859821870,13.4309654,52.4953511,4.6079626,1.7941937,7.860286,11.948291,on bike mount,cyclo cross,True,sett,intermediate
1fcf81f2-b692-47a9-9e31-e97c644fa9f6,01be3371-396a-4702-8877-77961aaf20fe,20c510c1-83f7-427b-b09f-ea2ec28e4a75,1633859821921,13.4310596,52.4953253,5.522229,-2.968598,19.422535,2.8590345,on bike mount,cyclo cross,True,sett,intermediate
1fcf81f2-b692-47a9-9e31-e97c644fa9f6,01be3371-396a-4702-8877-77961aaf20fe,3fbe84db-be4b-4184-93ef-9d542aa904e4,1633859821971,13.4310596,52.4953253,5.522229,-5.6419315,8.715559,-13.657142,on bike mount,cyclo cross,True,sett,intermediate
1fcf81f2-b692-47a9-9e31-e97c644fa9f6,01be3371-396a-4702-8877-77961aaf20fe,002e6603-b1cb-4d94-a7ce-c4d7a1b60033,1633859822021,13.4310596,52.4953253,5.522229,-2.1217215,-2.1182346,39.332146,on bike mount,cyclo cross,True,sett,intermediate
1fcf81f2-b692-47a9-9e31-e97c644fa9f6,01be3371-396a-4702-8877-77961aaf20fe,e4659970-29dc-4eec-9b9e-4dcf8a6cf206,1633859822072,13.4310596,52.4953253,5.522229,2.0250778,-14.526564,0.38479328,on bike mount,cyclo cross,True,sett,intermediate
1fcf81f2-b692-47a9-9e31-e97c644fa9f6,01be3371-396a-4702-8877-77961aaf20fe,bbb24ba7-d926-4e79-bbfe-75860f0c3345,1633859822122,13.4310596,52.4953253,5.522229,5.7191563,-10.823592,3.0567198,on bike mount,cyclo cross,True,sett,intermediate
1fcf81f2-b692-47a9-9e31-e97c644fa9f6,01be3371-396a-4702-8877-77961aaf20fe,28020d20-3340-483f-adcf-3f59b7737b08,1633859822172,13.4310596,52.4953253,5.522229,-2.802804,53.766922,-24.385529,on bike mount,cyclo cross,True,sett,intermediate
1fcf81f2-b692-47a9-9e31-e97c644fa9f6,01be3371-396a-4702-8877-77961aaf20fe,f05f99f6-7a22-4ea1-bc80-5c8f62988dc1,1633859822221,13.4310596,52.4953253,5.522229,-11.146911,17.773653,-12.696352,on bike mount,cyclo cross,True,sett,intermediate
1fcf81f2-b692-47a9-9e31-e97c644fa9f6,01be3371-396a-4702-8877-77961aaf20fe,e865738c-5deb-4a8c-8998-530af4c9600c,1633859822271,13.4310596,52.4953253,5.522229,-5.413413,11.032522,16.580544,on bike mount,cyclo cross,True,sett,intermediate
1fcf81f2-b692-47a9-9e31-e97c644fa9f6,01be3371-396a-4702-8877-77961aaf20fe,1fb8a2ea-51f4-4737-81c7-959f4ecee559,1633859822322,13.4310596,52.4953253,5.522229,-0.5652456,-5.2924023,-17.266397,on bike mount,cyclo cross,True,sett,intermediate
1fcf81f2-b692-47a9-9e31-e97c644fa9f6,01be3371-396a-4702-8877-77961aaf20fe,b5e99e51-6db2-481a-adc6-081d097f56f9,1633859822373,13.4310596,52.4953253,5.522229,0.616336,-5.2005043,-8.921066,on bike mount,cyclo cross,True,sett,intermediate
1fcf81f2-b692-47a9-9e31-e97c644fa9f6,01be3371-396a-4702-8877-77961aaf20fe,00298442-073d-47f0-aafe-0979f5cca918,1633859822422,13.4310596,52.4953253,5.522229,1.4684803,11.835612,-15.867127,on bike mount,cyclo cross,True,sett,intermediate
1fcf81f2-b692-47a9-9e31-e97c644fa9f6,01be3371-396a-4702-8877-77961aaf20fe,0516276f-c34e-48f4-9b7a-218af7d3ff21,1633859822472,13.4310596,52.4953253,5.522229,0.9589546,-10.368847,0.19618034,on bike mount,cyclo cross,True,sett,intermediate
1fcf81f2-b692-47a9-9e31-e97c644fa9f6,01be3371-396a-4702-8877-77961aaf20fe,4330a454-6af5-4f6d-9904-49fec5294294,1633859822522,13.4310596,52.4953253,5.522229,-3.1348119,12.360909,5.814848,on bike mount,cyclo cross,True,sett,intermediate
1fcf81f2-b692-47a9-9e31-e97c644fa9f6,01be3371-396a-4702-8877-77961aaf20fe,26637112-5cef-4095-893a-afe459b3d527,1633859822572,13.4310596,52.4953253,5.522229,-3.4376817,-13.742096,-0.2973709,on bike mount,cyclo cross,True,sett,intermediate
1fcf81f2-b692-47a9-9e31-e97c644fa9f6,01be3371-396a-4702-8877-77961aaf20fe,ef05aa77-e194-4792-8253-5b29db3e53f7,1633859822622,13.4310596,52.4953253,5.522229,-4.1320376,10.253048,8.109768,on bike mount,cyclo cross,True,sett,intermediate
1fcf81f2-b692-47a9-9e31-e97c644fa9f6,01be3371-396a-4702-8877-77961aaf20fe,0fb814ee-f479-4fd7-b7ec-ecc6f95e08fd,1633859822671,13.4310596,52.4953253,5.522229,-5.811524,15.509421,5.448374,on bike mount,cyclo cross,True,sett,intermediate
1fcf81f2-b692-47a9-9e31-e97c644fa9f6,01be3371-396a-4702-8877-77961aaf20fe,2c919faf-8149-4f7f-a0e0-fa3b58221201,1633859822722,13.4310596,52.4953253,5.522229,-5.1107454,5.9645042,-11.643017,on bike mount,cyclo cross,True,sett,intermediate
1fcf81f2-b692-47a9-9e31-e97c644fa9f6,01be3371-396a-4702-8877-77961aaf20fe,e855ab3b-a3b2-4b4c-a6a9-b2ae78080ae9,1633859822771,13.4310596,52.4953253,5.522229,-2.3253436,-6.7003684,5.6066256,on bike mount,cyclo cross,True,sett,intermediate
1fcf81f2-b692-47a9-9e31-e97c644fa9f6,01be3371-396a-4702-8877-77961aaf20fe,2aae32c7-d5dd-42e4-acc9-d6c0ec02e906,1633859822822,13.4310596,52.4953253,5.522229,-1.7807703,15.809011,-10.394764,on bike mount,cyclo cross,True,sett,intermediate
1fcf81f2-b692-47a9-9e31-e97c644fa9f6,01be3371-396a-4702-8877-77961aaf20fe,06b50f06-5e7a-4b07-a38b-e6a585aa6889,1633859822873,13.4310596,52.4953253,5.522229,7.5802426,3.3719606,-19.568169,on bike mount,cyclo cross,True,sett,intermediate
1fcf81f2-b692-47a9-9e31-e97c644fa9f6,01be3371-396a-4702-8877-77961aaf20fe,1631eada-a639-4ce8-b87a-e7392e710683,1633859822922,13.4311395,52.4953101,5.5852427,-0.31875625,-3.8310251,-8.210438,on bike mount,cyclo cross,True,sett,intermediate
1fcf81f2-b692-47a9-9e31-e97c644fa9f6,01be3371-396a-4702-8877-77961aaf20fe,48a1928d-206b-47ab-9312-963df1a7467a,1633859822972,13.4311395,52.4953101,5.5852427,-11.857647,12.769504,-15.901151,on bike mount,cyclo cross,True,sett,intermediate
1fcf81f2-b692-47a9-9e31-e97c644fa9f6,01be3371-396a-4702-8877-77961aaf20fe,6169bee1-2bef-4f08-b4b1-f9bd5de31889,1633859823023,13.4311395,52.4953101,5.5852427,1.5138888,21.996624,22.711636,on bike mount,cyclo cross,True,sett,intermediate
1fcf81f2-b692-47a9-9e31-e97c644fa9f6,01be3371-396a-4702-8877-77961aaf20fe,01c1ded1-0dc0-4f8b-99ed-21f78e51b5b1,1633859823074,13.4311395,52.4953101,5.5852427,-0.24490601,7.8463087,-10.242209,on bike mount,cyclo cross,True,sett,intermediate
1fcf81f2-b692-47a9-9e31-e97c644fa9f6,01be3371-396a-4702-8877-77961aaf20fe,a45eb7b1-cb36-44a7-8cb0-740506030e02,1633859823124,13.4311395,52.4953101,5.5852427,1.3149662,3.7475176,9.564299,on bike mount,cyclo cross,True,sett,intermediate
1fcf81f2-b692-47a9-9e31-e97c644fa9f6,01be3371-396a-4702-8877-77961aaf20fe,2ee05f91-77e0-4c28-ad80-0626c766569c,1633859823175,13.4311395,52.4953101,5.5852427,5.054948,-37.05437,15.087595,on bike mount,cyclo cross,True,sett,intermediate
1fcf81f2-b692-47a9-9e31-e97c644fa9f6,01be3371-396a-4702-8877-77961aaf20fe,06bec013-115f-4ee5-b04f-f568c5709a9c,1633859823225,13.4311395,52.4953101,5.5852427,3.3500443,-11.19136,-2.1550975,on bike mount,cyclo cross,True,sett,intermediate
1fcf81f2-b692-47a9-9e31-e97c644fa9f6,01be3371-396a-4702-8877-77961aaf20fe,6cf096fa-0da0-4587-8eb8-71a73123ac6a,1633859823274,13.4311395,52.4953101,5.5852427,-6.4101353,17.4753,-13.42449,on bike mount,cyclo cross,True,sett,intermediate
1fcf81f2-b692-47a9-9e31-e97c644fa9f6,01be3371-396a-4702-8877-77961aaf20fe,86156c87-3f04-42b5-bd5c-cdc2677feb1c,1633859823324,13.4311395,52.4953101,5.5852427,1.8140827,-6.017439,-12.36098,on bike mount,cyclo cross,True,sett,intermediate
1fcf81f2-b692-47a9-9e31-e97c644fa9f6,01be3371-396a-4702-8877-77961aaf20fe,18950f21-5792-4b50-8f22-eb20fd56b662,1633859823374,13.4311395,52.4953101,5.5852427,5.6874733,-4.4755907,-6.1461334,on bike mount,cyclo cross,True,sett,intermediate
1fcf81f2-b692-47a9-9e31-e97c644fa9f6,01be3371-396a-4702-8877-77961aaf20fe,b7f1a30f-e038-46be-b84b-b706353809ef,1633859823425,13.4311395,52.4953101,5.5852427,2.4993265,12.258465,-19.277163,on bike mount,cyclo cross,True,sett,intermediate
1fcf81f2-b692-47a9-9e31-e97c644fa9f6,01be3371-396a-4702-8877-77961aaf20fe,57742274-55ef-4840-b0c8-baa3a7523159,1633859823474,13.4311395,52.4953101,5.5852427,0.18709663,-16.65644,-0.13203907,on bike mount,cyclo cross,True,sett,intermediate
1fcf81f2-b692-47a9-9e31-e97c644fa9f6,01be3371-396a-4702-8877-77961aaf20fe,5910599f-e638-4631-9a3b-2548b5d8b224,1633859823524,13.4311395,52.4953101,5.5852427,-0.10708609,24.592947,-1.8443599,on bike mount,cyclo cross,True,sett,intermediate
1fcf81f2-b692-47a9-9e31-e97c644fa9f6,01be3371-396a-4702-8877-77961aaf20fe,52c7badb-e3da-49bb-b934-1a742a6c744c,1633859823575,13.4311395,52.4953101,5.5852427,4.3339205,-19.479336,5.1066017,on bike mount,cyclo cross,True,sett,intermediate
1fcf81f2-b692-47a9-9e31-e97c644fa9f6,01be3371-396a-4702-8877-77961aaf20fe,7a789547-d79f-413f-9b5f-2b04dd7372cb,1633859823626,13.4311395,52.4953101,5.5852427,-5.305359,-0.3046651,-10.800745,on bike mount,cyclo cross,True,sett,intermediate
1fcf81f2-b692-47a9-9e31-e97c644fa9f6,01be3371-396a-4702-8877-77961aaf20fe,feffdc55-304a-458c-a062-709c60fb3f4e,1633859823677,13.4311395,52.4953101,5.5852427,1.0075531,17.524338,-9.672543,on bike mount,cyclo cross,True,sett,intermediate
1fcf81f2-b692-47a9-9e31-e97c644fa9f6,01be3371-396a-4702-8877-77961aaf20fe,55d0b729-4d03-4865-bee4-6c7f5905a122,1633859823728,13.4311395,52.4953101,5.5852427,-10.199377,4.432356,-0.7604208,on bike mount,cyclo cross,True,sett,intermediate
1fcf81f2-b692-47a9-9e31-e97c644fa9f6,01be3371-396a-4702-8877-77961aaf20fe,148e15a5-0076-4121-b35f-62cec8a83bc6,1633859823777,13.4311395,52.4953101,5.5852427,-2.7651777,-6.9750524,14.656464,on bike mount,cyclo cross,True,sett,intermediate
1fcf81f2-b692-47a9-9e31-e97c644fa9f6,01be3371-396a-4702-8877-77961aaf20fe,ba9a200f-27ce-44b4-8377-4265d2203149,1633859823827,13.4311395,52.4953101,5.5852427,-8.029336,-7.3797255,33.732037,on bike mount,cyclo cross,True,sett,intermediate
1fcf81f2-b692-47a9-9e31-e97c644fa9f6,01be3371-396a-4702-8877-77961aaf20fe,b686e9fc-6f1b-47c6-90be-b26bf8623a8a,1633859823876,13.4311395,52.4953101,5.5852427,-2.8094602,2.0974612,-6.1604123,on bike mount,cyclo cross,True,sett,intermediate
1fcf81f2-b692-47a9-9e31-e97c644fa9f6,01be3371-396a-4702-8877-77961aaf20fe,ed44bbdc-f476-4860-94f5-7f67f2d15f32,1633859823926,13.431221,52.4952897,6.245091,2.9641936,-14.326998,9.290529,on bike mount,cyclo cross,True,sett,intermediate
1fcf81f2-b692-47a9-9e31-e97c644fa9f6,01be3371-396a-4702-8877-77961aaf20fe,cabacb4e-502d-417f-bc51-5aa0990fff7b,1633859823975,13.431221,52.4952897,6.245091,2.061499,-2.8354464,-11.8617935,on bike mount,cyclo cross,True,sett,intermediate
1fcf81f2-b692-47a9-9e31-e97c644fa9f6,01be3371-396a-4702-8877-77961aaf20fe,659d5136-c0d9-48b7-97c1-c3d7c5076908,1633859824026,13.431221,52.4952897,6.245091,8.969641,-24.869232,4.980424,on bike mount,cyclo cross,True,sett,intermediate
1fcf81f2-b692-47a9-9e31-e97c644fa9f6,01be3371-396a-4702-8877-77961aaf20fe,f4347720-0b6b-4f93-892d-ab71da8bfcad,1633859824076,13.431221,52.4952897,6.245091,1.8152585,8.743388,-9.104779,on bike mount,cyclo cross,True,sett,intermediate
1fcf81f2-b692-47a9-9e31-e97c644fa9f6,01be3371-396a-4702-8877-77961aaf20fe,9ec1b249-159d-49f0-aca1-95f6c0f6e02d,1633859824126,13.431221,52.4952897,6.245091,2.9992766,-29.04587,15.12109,on bike mount,cyclo cross,True,sett,intermediate
1fcf81f2-b692-47a9-9e31-e97c644fa9f6,01be3371-396a-4702-8877-77961aaf20fe,e8ffba60-ff42-4d23-8381-af441ede902e,1633859824178,13.431221,52.4952897,6.245091,-1.082274,-19.604979,9.361085,on bike mount,cyclo cross,True,sett,intermediate
1fcf81f2-b692-47a9-9e31-e97c644fa9f6,01be3371-396a-4702-8877-77961aaf20fe,1b5d1048-18db-40be-97e8-8bbc39396869,1633859824229,13.431221,52.4952897,6.245091,4.4607277,20.816544,-1.3486328,on bike mount,cyclo cross,True,sett,intermediate
1fcf81f2-b692-47a9-9e31-e97c644fa9f6,01be3371-396a-4702-8877-77961aaf20fe,2a4bd71b-2968-44d0-9803-9ab783a9721b,1633859824279,13.431221,52.4952897,6.245091,1.4336019,-0.40000296,13.139566,on bike mount,cyclo cross,True,sett,intermediate
1fcf81f2-b692-47a9-9e31-e97c644fa9f6,01be3371-396a-4702-8877-77961aaf20fe,e5cc7a41-5b34-452a-be77-495c12195719,1633859824330,13.431221,52.4952897,6.245091,-0.18732208,-5.4797606,6.4447727,on bike mount,cyclo cross,True,sett,intermediate
1fcf81f2-b692-47a9-9e31-e97c644fa9f6,01be3371-396a-4702-8877-77961aaf20fe,98e7e8cc-1b32-4bee-8b62-3ea6b300e93a,1633859824379,13.431221,52.4952897,6.245091,1.7752844,2.6416273,-15.617833,on bike mount,cyclo cross,True,sett,intermediate
1fcf81f2-b692-47a9-9e31-e97c644fa9f6,01be3371-396a-4702-8877-77961aaf20fe,482d8f4a-4424-465d-8554-98ffce9c3007,1633859824430,13.431221,52.4952897,6.245091,-2.699555,-6.0333376,12.884563,on bike mount,cyclo cross,True,sett,intermediate
1fcf81f2-b692-47a9-9e31-e97c644fa9f6,01be3371-396a-4702-8877-77961aaf20fe,96648ba0-9ec1-4150-b16a-48a9257a2f05,1633859824481,13.431221,52.4952897,6.245091,1.9496655,14.843174,-19.66787,on bike mount,cyclo cross,True,sett,intermediate
1fcf81f2-b692-47a9-9e31-e97c644fa9f6,01be3371-396a-4702-8877-77961aaf20fe,1691999b-d808-4f5d-8294-924dcd116d2a,1633859824532,13.431221,52.4952897,6.245091,-1.5212519,-16.61222,19.602463,on bike mount,cyclo cross,True,sett,intermediate
1fcf81f2-b692-47a9-9e31-e97c644fa9f6,01be3371-396a-4702-8877-77961aaf20fe,a98e06d9-45b8-458b-a4f6-2461d99d0e8e,1633859824582,13.431221,52.4952897,6.245091,3.6097536,25.153711,-16.641153,on bike mount,cyclo cross,True,sett,intermediate
1fcf81f2-b692-47a9-9e31-e97c644fa9f6,01be3371-396a-4702-8877-77961aaf20fe,bf097a63-2859-4f9f-828f-9d227e90c6bf,1633859824632,13.431221,52.4952897,6.245091,-7.5619946,3.0567298,-11.718571,on bike mount,cyclo cross,True,sett,intermediate
1fcf81f2-b692-47a9-9e31-e97c644fa9f6,01be3371-396a-4702-8877-77961aaf20fe,d071b038-f3f8-4e0d-a335-bc9537232d2f,1633859824684,13.431221,52.4952897,6.245091,-1.4235833,9.948315,-22.110004,on bike mount,cyclo cross,True,sett,intermediate
1fcf81f2-b692-47a9-9e31-e97c644fa9f6,01be3371-396a-4702-8877-77961aaf20fe,6b7eedc4-f328-4436-aa1f-9acfa481c9f1,1633859824734,13.431221,52.4952897,6.245091,-4.2771864,-13.944256,16.15395,on bike mount,cyclo cross,True,sett,intermediate
1fcf81f2-b692-47a9-9e31-e97c644fa9f6,01be3371-396a-4702-8877-77961aaf20fe,1f18ae87-3695-477c-8751-4ab7964390dd,1633859824782,13.431221,52.4952897,6.245091,5.021349,13.576149,-14.378674,on bike mount,cyclo cross,True,sett,intermediate
1fcf81f2-b692-47a9-9e31-e97c644fa9f6,01be3371-396a-4702-8877-77961aaf20fe,cafd9913-ff7e-4646-a71f-613079b90762,1633859824832,13.431221,52.4952897,6.245091,-3.3616352,-5.2816315,-7.323339,on bike mount,cyclo cross,True,sett,intermediate
1fcf81f2-b692-47a9-9e31-e97c644fa9f6,01be3371-396a-4702-8877-77961aaf20fe,cde2ce04-3c6a-48a2-b4de-2641799164b3,1633859824882,13.431221,52.4952897,6.245091,-2.0119765,6.8776574,6.4704685,on bike mount,cyclo cross,True,sett,intermediate
1fcf81f2-b692-47a9-9e31-e97c644fa9f6,01be3371-396a-4702-8877-77961aaf20fe,9956da52-9d90-491d-8cc3-33b8571841b9,1633859824933,13.4313054,52.495265,6.0860415,0.9791628,-16.553387,0.8732071,on bike mount,cyclo cross,True,sett,intermediate
1fcf81f2-b692-47a9-9e31-e97c644fa9f6,01be3371-396a-4702-8877-77961aaf20fe,590bc207-d781-4981-a24a-c5633e785530,1633859824984,13.4313054,52.495265,6.0860415,3.6204393,28.372978,-24.682327,on bike mount,cyclo cross,True,sett,intermediate
1fcf81f2-b692-47a9-9e31-e97c644fa9f6,01be3371-396a-4702-8877-77961aaf20fe,7ed1d582-bb0f-4c5f-9191-d6fa3a774ae0,1633859825036,13.4313054,52.495265,6.0860415,3.932077,-10.491953,5.362258,on bike mount,cyclo cross,True,sett,intermediate
1fcf81f2-b692-47a9-9e31-e97c644fa9f6,01be3371-396a-4702-8877-77961aaf20fe,41429304-c74c-4d84-a592-86e0ca0e41af,1633859825086,13.4313054,52.495265,6.0860415,-5.742354,-9.478631,0.09171867,on bike mount,cyclo cross,True,sett,intermediate
1fcf81f2-b692-47a9-9e31-e97c644fa9f6,01be3371-396a-4702-8877-77961aaf20fe,e0af1f76-7ec5-4829-8132-3233634098d5,1633859825136,13.4313054,52.495265,6.0860415,-4.063277,10.401283,-16.639118,on bike mount,cyclo cross,True,sett,intermediate
1fcf81f2-b692-47a9-9e31-e97c644fa9f6,01be3371-396a-4702-8877-77961aaf20fe,721b049e-a746-4edb-9ae9-4381d25a4787,1633859825187,13.4313054,52.495265,6.0860415,0.04932344,-6.0075426,-9.151662,on bike mount,cyclo cross,True,sett,intermediate
1fcf81f2-b692-47a9-9e31-e97c644fa9f6,01be3371-396a-4702-8877-77961aaf20fe,0bc49dd1-5355-4bab-9b95-c6a40ac825d7,1633859825237,13.4313054,52.495265,6.0860415,-0.36929148,-3.0753338,14.866137,on bike mount,cyclo cross,True,sett,intermediate
1fcf81f2-b692-47a9-9e31-e97c644fa9f6,01be3371-396a-4702-8877-77961aaf20fe,39a21f89-a7fe-4061-84fa-02b6f69a1c92,1633859825287,13.4313054,52.495265,6.0860415,3.2009742,-40.541576,23.207954,on bike mount,cyclo cross,True,sett,intermediate
1fcf81f2-b692-47a9-9e31-e97c644fa9f6,01be3371-396a-4702-8877-77961aaf20fe,ec23a8d7-47e6-4877-b6b5-2e6bbaec8011,1633859825339,13.4313054,52.495265,6.0860415,0.7863771,-11.023311,-1.269989,on bike mount,cyclo cross,True,sett,intermediate
1fcf81f2-b692-47a9-9e31-e97c644fa9f6,01be3371-396a-4702-8877-77961aaf20fe,3cfd8bfa-95bd-4794-b627-555cb923a49d,1633859825388,13.4313054,52.495265,6.0860415,-0.017366052,-3.9190109,-5.3318586,on bike mount,cyclo cross,True,sett,intermediate
1fcf81f2-b692-47a9-9e31-e97c644fa9f6,01be3371-396a-4702-8877-77961aaf20fe,f962975a-903d-40d2-b06a-375d63120443,1633859825439,13.4313054,52.495265,6.0860415,6.3487167,0.022269726,13.616582,on bike mount,cyclo cross,True,sett,intermediate
1fcf81f2-b692-47a9-9e31-e97c644fa9f6,01be3371-396a-4702-8877-77961aaf20fe,a9ba14e2-6e5e-47cf-b91e-8ad778f54323,1633859825491,13.4313054,52.495265,6.0860415,6.010379,-38.025158,3.8326588,on bike mount,cyclo cross,True,sett,intermediate
1fcf81f2-b692-47a9-9e31-e97c644fa9f6,01be3371-396a-4702-8877-77961aaf20fe,fc5f79ef-805a-4ad3-8b6b-0e91472e5ef3,1633859825543,13.4313054,52.495265,6.0860415,1.9453516,5.430825,-2.5027742,on bike mount,cyclo cross,True,sett,intermediate
1fcf81f2-b692-47a9-9e31-e97c644fa9f6,01be3371-396a-4702-8877-77961aaf20fe,47aae05b-4c97-4e66-95f4-350a22fc60b7,1633859825592,13.4313054,52.495265,6.0860415,-1.7524505,-8.685587,19.05826,on bike mount,cyclo cross,True,sett,intermediate
1fcf81f2-b692-47a9-9e31-e97c644fa9f6,01be3371-396a-4702-8877-77961aaf20fe,3d8e7e63-02f2-4a76-9096-b94ab51d7b21,1633859825642,13.4313054,52.495265,6.0860415,-1.4122808,-7.5813932,1.6030941,on bike mount,cyclo cross,True,sett,intermediate
1fcf81f2-b692-47a9-9e31-e97c644fa9f6,01be3371-396a-4702-8877-77961aaf20fe,576dd980-e281-4d5b-98f3-eb494e7700e3,1633859825694,13.4313054,52.495265,6.0860415,4.378665,25.732841,-3.2286654,on bike mount,cyclo cross,True,sett,intermediate
1fcf81f2-b692-47a9-9e31-e97c644fa9f6,01be3371-396a-4702-8877-77961aaf20fe,00904165-fef0-4df4-bdab-031abff561a1,1633859825745,13.4313054,52.495265,6.0860415,-5.8598943,17.97776,-8.177063,on bike mount,cyclo cross,True,sett,intermediate
1fcf81f2-b692-47a9-9e31-e97c644fa9f6,01be3371-396a-4702-8877-77961aaf20fe,04c82880-631c-468e-8dea-541d21756687,1633859825796,13.4313054,52.495265,6.0860415,-8.380947,20.358685,2.5829468,on bike mount,cyclo cross,True,sett,intermediate
1fcf81f2-b692-47a9-9e31-e97c644fa9f6,01be3371-396a-4702-8877-77961aaf20fe,77f9feb4-9c3c-475a-b82d-390f8e0b98d6,1633859825846,13.4313054,52.495265,6.0860415,3.1032271,-19.302559,-2.7068186,on bike mount,cyclo cross,True,sett,intermediate
1fcf81f2-b692-47a9-9e31-e97c644fa9f6,01be3371-396a-4702-8877-77961aaf20fe,948dc573-8266-4b01-ab98-8ea3828d73fe,1633859825895,13.4313054,52.495265,6.0860415,-2.9459944,1.8485255,-4.177953,on bike mount,cyclo cross,True,sett,intermediate
1fcf81f2-b692-47a9-9e31-e97c644fa9f6,01be3371-396a-4702-8877-77961aaf20fe,fc94eb19-9f78-4785-a9e1-414ba40e2ef4,1633859825945,13.4313848,52.4952421,6.0144114,0.026049733,2.7953806,-9.999164,on bike mount,cyclo cross,True,sett,intermediate
1fcf81f2-b692-47a9-9e31-e97c644fa9f6,01be3371-396a-4702-8877-77961aaf20fe,8bda041e-fc1f-432c-b62c-b3e6f3d6d33f,1633859825996,13.4313848,52.4952421,6.0144114,3.0127776,3.3660207,-20.158745,on bike mount,cyclo cross,True,sett,intermediate
1fcf81f2-b692-47a9-9e31-e97c644fa9f6,01be3371-396a-4702-8877-77961aaf20fe,2e0531dc-4d99-4102-a39a-9f0217fd87aa,1633859826046,13.4313848,52.4952421,6.0144114,0.31175482,5.309352,1.9084864,on bike mount,cyclo cross,True,sett,intermediate
1fcf81f2-b692-47a9-9e31-e97c644fa9f6,01be3371-396a-4702-8877-77961aaf20fe,4d4a4cc7-fb70-4dd8-99ca-f8faafd576e8,1633859826097,13.4313848,52.4952421,6.0144114,2.7902305,-9.953035,-4.6983714,on bike mount,cyclo cross,True,sett,intermediate
1fcf81f2-b692-47a9-9e31-e97c644fa9f6,01be3371-396a-4702-8877-77961aaf20fe,6cc91556-024a-47f6-8af0-7b468e1ec08d,1633859826148,13.4313848,52.4952421,6.0144114,3.4224756,-19.024296,4.7130814,on bike mount,cyclo cross,True,sett,intermediate
1fcf81f2-b692-47a9-9e31-e97c644fa9f6,01be3371-396a-4702-8877-77961aaf20fe,be681b61-a1a2-4659-8ee0-f3d41af73a02,1633859826198,13.4313848,52.4952421,6.0144114,1.3482907,6.4838963,15.723616,on bike mount,cyclo cross,True,sett,intermediate
1fcf81f2-b692-47a9-9e31-e97c644fa9f6,01be3371-396a-4702-8877-77961aaf20fe,081f69aa-70cc-4f90-94ea-a9db272b2bee,1633859826247,13.4313848,52.4952421,6.0144114,3.955988,3.0900507,2.7249212,on bike mount,cyclo cross,True,sett,intermediate
1fcf81f2-b692-47a9-9e31-e97c644fa9f6,01be3371-396a-4702-8877-77961aaf20fe,ee41e1eb-8c07-410b-bb66-68a5cd6efa3d,1633859826298,13.4313848,52.4952421,6.0144114,-0.45234197,4.7174377,-16.420286,on bike mount,cyclo cross,True,sett,intermediate
1fcf81f2-b692-47a9-9e31-e97c644fa9f6,01be3371-396a-4702-8877-77961aaf20fe,1e859cd3-fc26-46d4-913e-54cad17f2382,1633859826349,13.4313848,52.4952421,6.0144114,-2.6391366,15.952171,-8.828384,on bike mount,cyclo cross,True,sett,intermediate
1fcf81f2-b692-47a9-9e31-e97c644fa9f6,01be3371-396a-4702-8877-77961aaf20fe,cfd2897a-35ce-457a-a94c-63791b41fbdb,1633859826399,13.4313848,52.4952421,6.0144114,-0.37933004,0.93220186,-14.588288,on bike mount,cyclo cross,True,sett,intermediate
1fcf81f2-b692-47a9-9e31-e97c644fa9f6,01be3371-396a-4702-8877-77961aaf20fe,3e6e3656-ec6b-4638-b6f4-9945dea16b0a,1633859826449,13.4313848,52.4952421,6.0144114,-0.954793,-5.3289223,8.067948,on bike mount,cyclo cross,True,sett,intermediate
1fcf81f2-b692-47a9-9e31-e97c644fa9f6,01be3371-396a-4702-8877-77961aaf20fe,bf3ac04e-1add-4a1a-935c-a3692fb4481b,1633859826499,13.4313848,52.4952421,6.0144114,2.2136903,14.247462,5.363654,on bike mount,cyclo cross,True,sett,intermediate
1fcf81f2-b692-47a9-9e31-e97c644fa9f6,01be3371-396a-4702-8877-77961aaf20fe,fb21e5b3-ce19-48b8-8c54-2e9e71c98a44,1633859826549,13.4313848,52.4952421,6.0144114,0.566745,7.655089,-11.813949,on bike mount,cyclo cross,True,sett,intermediate
1fcf81f2-b692-47a9-9e31-e97c644fa9f6,01be3371-396a-4702-8877-77961aaf20fe,9b5a5899-c8d2-4f83-b474-889c366c4d9e,1633859826599,13.4313848,52.4952421,6.0144114,-1.8938732,9.196547,-11.398573,on bike mount,cyclo cross,True,sett,intermediate
1fcf81f2-b692-47a9-9e31-e97c644fa9f6,01be3371-396a-4702-8877-77961aaf20fe,f10c66c4-627b-49dc-a6d2-d0efd8ef4096,1633859826649,13.4313848,52.4952421,6.0144114,-5.467184,0.42819786,6.225293,on bike mount,cyclo cross,True,sett,intermediate
1fcf81f2-b692-47a9-9e31-e97c644fa9f6,01be3371-396a-4702-8877-77961aaf20fe,db0d5b93-96bb-4683-b8c5-050fc2d9e906,1633859826699,13.4313848,52.4952421,6.0144114,1.3349779,-3.2638843,0.83239937,on bike mount,cyclo cross,True,sett,intermediate
1fcf81f2-b692-47a9-9e31-e97c644fa9f6,01be3371-396a-4702-8877-77961aaf20fe,513b5151-697b-44f0-bab0-86ede858cb8d,1633859826749,13.4313848,52.4952421,6.0144114,-0.9717276,9.405569,-2.4483385,on bike mount,cyclo cross,True,sett,intermediate
1fcf81f2-b692-47a9-9e31-e97c644fa9f6,01be3371-396a-4702-8877-77961aaf20fe,0cad79b8-2c02-481f-b024-61e6b89df487,1633859826799,13.4313848,52.4952421,6.0144114,-0.5175914,2.3151608,-0.6252909,on bike mount,cyclo cross,True,sett,intermediate
1fcf81f2-b692-47a9-9e31-e97c644fa9f6,01be3371-396a-4702-8877-77961aaf20fe,7e3d479b-d696-472a-9272-cdc870b02df7,1633859826849,13.4313848,52.4952421,6.0144114,-1.6789333,-1.1612215,-4.022397,on bike mount,cyclo cross,True,sett,intermediate
1fcf81f2-b692-47a9-9e31-e97c644fa9f6,01be3371-396a-4702-8877-77961aaf20fe,eeba6ab8-be60-4902-b416-7b0607ce8295,1633859826899,13.4313848,52.4952421,6.0144114,-1.450636,-1.1203814,-9.051796,on bike mount,cyclo cross,True,sett,intermediate
1fcf81f2-b692-47a9-9e31-e97c644fa9f6,01be3371-396a-4702-8877-77961aaf20fe,b05f5936-c486-42db-aa13-edbc1824161a,1633859826949,13.4314708,52.4952172,6.3043604,0.82962877,-0.86497355,0.5690737,on bike mount,cyclo cross,True,sett,intermediate
1fcf81f2-b692-47a9-9e31-e97c644fa9f6,01be3371-396a-4702-8877-77961aaf20fe,5ed8824f-554c-4f07-a611-e69c242b1c1f,1633859826999,13.4314708,52.4952172,6.3043604,0.8737047,13.453215,-15.357318,on bike mount,cyclo cross,True,sett,intermediate
1fcf81f2-b692-47a9-9e31-e97c644fa9f6,01be3371-396a-4702-8877-77961aaf20fe,1665bc42-058b-4d57-b445-4d923651d780,1633859827048,13.4314708,52.4952172,6.3043604,-4.1183825,-1.9129426,-23.467499,on bike mount,cyclo cross,True,sett,intermediate
1fcf81f2-b692-47a9-9e31-e97c644fa9f6,01be3371-396a-4702-8877-77961aaf20fe,6f12f24b-5429-4e3b-907d-0d166c8118f6,1633859827098,13.4314708,52.4952172,6.3043604,-0.87359405,7.2660165,-20.524208,on bike mount,cyclo cross,True,sett,intermediate
1fcf81f2-b692-47a9-9e31-e97c644fa9f6,01be3371-396a-4702-8877-77961aaf20fe,c419c016-2e70-4b68-89f3-f219b158d500,1633859827148,13.4314708,52.4952172,6.3043604,1.3159581,17.403854,-8.642866,on bike mount,cyclo cross,True,sett,intermediate
1fcf81f2-b692-47a9-9e31-e97c644fa9f6,01be3371-396a-4702-8877-77961aaf20fe,9956df03-6e8d-4c76-afc6-1727df822d2b,1633859827200,13.4314708,52.4952172,6.3043604,-0.8711751,9.916787,-7.1200137,on bike mount,cyclo cross,True,sett,intermediate
1fcf81f2-b692-47a9-9e31-e97c644fa9f6,01be3371-396a-4702-8877-77961aaf20fe,4e415dfd-489d-4436-a212-9d06b1da694a,1633859827250,13.4314708,52.4952172,6.3043604,-2.0368013,-14.893527,9.009426,on bike mount,cyclo cross,True,sett,intermediate
1fcf81f2-b692-47a9-9e31-e97c644fa9f6,01be3371-396a-4702-8877-77961aaf20fe,aef3c50c-bb0c-475c-8f0a-07d35da229c7,1633859827300,13.4314708,52.4952172,6.3043604,-3.1850872,-8.77453,1.9069605,on bike mount,cyclo cross,True,sett,intermediate
1fcf81f2-b692-47a9-9e31-e97c644fa9f6,01be3371-396a-4702-8877-77961aaf20fe,28eec1f7-7f43-4a20-ac1d-5f379349a1fc,1633859827351,13.4314708,52.4952172,6.3043604,0.7090882,12.954835,-0.93432,on bike mount,cyclo cross,True,sett,intermediate
1fcf81f2-b692-47a9-9e31-e97c644fa9f6,01be3371-396a-4702-8877-77961aaf20fe,12459419-c471-4728-9dc5-0091aff99347,1633859827401,13.4314708,52.4952172,6.3043604,-4.5939207,0.6022563,0.94505596,on bike mount,cyclo cross,True,sett,intermediate
1fcf81f2-b692-47a9-9e31-e97c644fa9f6,01be3371-396a-4702-8877-77961aaf20fe,6fa7cb31-2a63-49ff-a8cc-1f570c166ff0,1633859827449,13.4314708,52.4952172,6.3043604,-0.1420719,6.82419,-15.369613,on bike mount,cyclo cross,True,sett,intermediate
1fcf81f2-b692-47a9-9e31-e97c644fa9f6,01be3371-396a-4702-8877-77961aaf20fe,6da2c615-f209-4b8b-afd9-d2414b8456c5,1633859827499,13.4314708,52.4952172,6.3043604,-3.2303843,19.569796,-26.798468,on bike mount,cyclo cross,True,sett,intermediate
1fcf81f2-b692-47a9-9e31-e97c644fa9f6,01be3371-396a-4702-8877-77961aaf20fe,2926ad66-8c8b-436b-b1dc-ec9585f59bea,1633859827550,13.4314708,52.4952172,6.3043604,4.2518187,-6.977765,12.153278,on bike mount,cyclo cross,True,sett,intermediate
1fcf81f2-b692-47a9-9e31-e97c644fa9f6,01be3371-396a-4702-8877-77961aaf20fe,7acaaef5-0e01-458f-84fb-b291636bc5ad,1633859827601,13.4314708,52.4952172,6.3043604,0.369915,3.8081722,28.983076,on bike mount,cyclo cross,True,sett,intermediate
1fcf81f2-b692-47a9-9e31-e97c644fa9f6,01be3371-396a-4702-8877-77961aaf20fe,7c0d1bf0-0ff7-4f0a-9cd1-4d8ef9cab260,1633859827651,13.4314708,52.4952172,6.3043604,-3.8565588,6.4940834,-6.0057306,on bike mount,cyclo cross,True,sett,intermediate
1fcf81f2-b692-47a9-9e31-e97c644fa9f6,01be3371-396a-4702-8877-77961aaf20fe,429c1f75-b784-417d-8221-c5b9cb63e226,1633859827701,13.4314708,52.4952172,6.3043604,-3.7006197,-17.810465,37.575283,on bike mount,cyclo cross,True,sett,intermediate
1fcf81f2-b692-47a9-9e31-e97c644fa9f6,01be3371-396a-4702-8877-77961aaf20fe,a278d7c4-4d24-4e80-b631-f72e42a8a245,1633859827752,13.4314708,52.4952172,6.3043604,3.566772,3.5771408,12.271322,on bike mount,cyclo cross,True,sett,intermediate
1fcf81f2-b692-47a9-9e31-e97c644fa9f6,01be3371-396a-4702-8877-77961aaf20fe,c71c2d97-2b13-4488-9f51-2f9a9d16cbab,1633859827803,13.4314708,52.4952172,6.3043604,3.260044,-1.5331521,-11.403151,on bike mount,cyclo cross,True,sett,intermediate
1fcf81f2-b692-47a9-9e31-e97c644fa9f6,01be3371-396a-4702-8877-77961aaf20fe,a81b7804-34ad-4f74-915e-58cd5c940f5e,1633859827855,13.4314708,52.4952172,6.3043604,-0.2726382,-7.346508,-6.799153,on bike mount,cyclo cross,True,sett,intermediate
1fcf81f2-b692-47a9-9e31-e97c644fa9f6,01be3371-396a-4702-8877-77961aaf20fe,d90dfbf1-b858-4d7b-99bf-621c9b562ea3,1633859827905,13.4315598,52.4951958,5.879863,2.8424127,-14.86578,4.7347507,on bike mount,cyclo cross,True,sett,intermediate
1fcf81f2-b692-47a9-9e31-e97c644fa9f6,01be3371-396a-4702-8877-77961aaf20fe,873724c9-0aa1-4ab4-97a5-b513b974ffa0,1633859827956,13.4315598,52.4951958,5.879863,0.020366281,-4.055248,3.961893,on bike mount,cyclo cross,True,sett,intermediate
1fcf81f2-b692-47a9-9e31-e97c644fa9f6,01be3371-396a-4702-8877-77961aaf20fe,69c369b5-a483-4298-be10-0a6e49fe545e,1633859828006,13.4315598,52.4951958,5.879863,1.9128977,9.441791,13.230839,on bike mount,cyclo cross,True,sett,intermediate
1fcf81f2-b692-47a9-9e31-e97c644fa9f6,01be3371-396a-4702-8877-77961aaf20fe,89e7112c-90c8-423b-9d83-1e2a165a5f43,1633859828056,13.4315598,52.4951958,5.879863,-6.577036,-2.4521675,-21.711666,on bike mount,cyclo cross,True,sett,intermediate
1fcf81f2-b692-47a9-9e31-e97c644fa9f6,01be3371-396a-4702-8877-77961aaf20fe,5f58417f-f085-445f-ad3d-2e7d36c32a90,1633859828105,13.4315598,52.4951958,5.879863,-5.703528,-26.346193,-12.0360565,on bike mount,cyclo cross,True,sett,intermediate
1fcf81f2-b692-47a9-9e31-e97c644fa9f6,01be3371-396a-4702-8877-77961aaf20fe,a836edad-b8b6-4621-85fc-0b88020492eb,1633859828155,13.4315598,52.4951958,5.879863,-0.43260852,-13.301046,14.556068,on bike mount,cyclo cross,True,sett,intermediate
1fcf81f2-b692-47a9-9e31-e97c644fa9f6,01be3371-396a-4702-8877-77961aaf20fe,9440fe40-2dab-4e02-87a7-7ef7f4ab0099,1633859828205,13.4315598,52.4951958,5.879863,2.3290691,14.160438,1.6736517,on bike mount,cyclo cross,True,sett,intermediate
1fcf81f2-b692-47a9-9e31-e97c644fa9f6,01be3371-396a-4702-8877-77961aaf20fe,03232272-39e3-48ab-b27c-8b8b7ae4db0a,1633859828255,13.4315598,52.4951958,5.879863,-0.56527364,-13.518198,9.8352375,on bike mount,cyclo cross,True,sett,intermediate
1fcf81f2-b692-47a9-9e31-e97c644fa9f6,01be3371-396a-4702-8877-77961aaf20fe,ed37a646-4022-431f-b78c-7e77a8ca22b5,1633859828305,13.4315598,52.4951958,5.879863,-0.56383365,1.2273855,-1.6033622,on bike mount,cyclo cross,True,sett,intermediate
1fcf81f2-b692-47a9-9e31-e97c644fa9f6,01be3371-396a-4702-8877-77961aaf20fe,e6652ec9-b051-41c6-a726-1125cdef6ea4,1633859828355,13.4315598,52.4951958,5.879863,4.544215,4.2819242,-16.60038,on bike mount,cyclo cross,True,sett,intermediate
1fcf81f2-b692-47a9-9e31-e97c644fa9f6,01be3371-396a-4702-8877-77961aaf20fe,6b87bae4-d7ad-4059-b660-e46a407693fe,1633859828405,13.4315598,52.4951958,5.879863,-0.2741853,-14.672711,15.029664,on bike mount,cyclo cross,True,sett,intermediate
1fcf81f2-b692-47a9-9e31-e97c644fa9f6,01be3371-396a-4702-8877-77961aaf20fe,0ec6b339-79fb-4987-b213-156039c38e64,1633859828456,13.4315598,52.4951958,5.879863,-0.41138625,6.740714,-6.630397,on bike mount,cyclo cross,True,sett,intermediate
1fcf81f2-b692-47a9-9e31-e97c644fa9f6,01be3371-396a-4702-8877-77961aaf20fe,52ef0545-831a-4bff-adb5-31de7275b8cc,1633859828506,13.4315598,52.4951958,5.879863,6.9816504,-8.856383,-8.696148,on bike mount,cyclo cross,True,sett,intermediate
1fcf81f2-b692-47a9-9e31-e97c644fa9f6,01be3371-396a-4702-8877-77961aaf20fe,3d05316c-5c9f-455e-8ceb-9a2ee0fa79c1,1633859828557,13.4315598,52.4951958,5.879863,3.7043967,-19.950924,10.311657,on bike mount,cyclo cross,True,sett,intermediate
1fcf81f2-b692-47a9-9e31-e97c644fa9f6,01be3371-396a-4702-8877-77961aaf20fe,01f2a36b-fab1-4e6b-b7aa-35027891efa6,1633859828608,13.4315598,52.4951958,5.879863,-3.931647,1.8042431,-21.758745,on bike mount,cyclo cross,True,sett,intermediate
1fcf81f2-b692-47a9-9e31-e97c644fa9f6,01be3371-396a-4702-8877-77961aaf20fe,c0b814bb-38eb-43d0-bc16-58faeb03d018,1633859828658,13.4315598,52.4951958,5.879863,8.484552,-48.502132,19.059433,on bike mount,cyclo cross,True,sett,intermediate
1fcf81f2-b692-47a9-9e31-e97c644fa9f6,01be3371-396a-4702-8877-77961aaf20fe,c2e7478c-f935-44b8-8565-a2582de1c7c5,1633859828708,13.4315598,52.4951958,5.879863,-0.3711347,-10.592083,-11.046806,on bike mount,cyclo cross,True,sett,intermediate
1fcf81f2-b692-47a9-9e31-e97c644fa9f6,01be3371-396a-4702-8877-77961aaf20fe,00a67354-3133-4886-8937-a52475af6fd0,1633859828758,13.4315598,52.4951958,5.879863,-4.1689043,3.4800148,-5.1732597,on bike mount,cyclo cross,True,sett,intermediate
1fcf81f2-b692-47a9-9e31-e97c644fa9f6,01be3371-396a-4702-8877-77961aaf20fe,97d4ae58-07d3-480b-8f8d-3956461b7693,1633859828808,13.4315598,52.4951958,5.879863,-4.5124335,1.2764177,-12.370399,on bike mount,cyclo cross,True,sett,intermediate
1fcf81f2-b692-47a9-9e31-e97c644fa9f6,01be3371-396a-4702-8877-77961aaf20fe,39300749-3493-4ea7-b4b5-f2592e3a4979,1633859828858,13.4315598,52.4951958,5.879863,-6.949972,14.04142,8.560968,on bike mount,cyclo cross,True,sett,intermediate
1fcf81f2-b692-47a9-9e31-e97c644fa9f6,01be3371-396a-4702-8877-77961aaf20fe,40d48e6a-02a0-44f8-9c5d-e334046179d8,1633859828908,13.4316425,52.4951716,6.126627,2.9400291,-6.751615,16.082342,on bike mount,cyclo cross,True,sett,intermediate
1fcf81f2-b692-47a9-9e31-e97c644fa9f6,01be3371-396a-4702-8877-77961aaf20fe,78e06d24-cc2d-43c5-8997-915bb1c19be8,1633859828960,13.4316425,52.4951716,6.126627,3.2358556,-18.480867,8.897882,on bike mount,cyclo cross,True,sett,intermediate
1fcf81f2-b692-47a9-9e31-e97c644fa9f6,01be3371-396a-4702-8877-77961aaf20fe,977d871a-fca1-4511-9f1b-7a9ab7a4ec2e,1633859829011,13.4316425,52.4951716,6.126627,4.913075,-7.5453024,24.160728,on bike mount,cyclo cross,True,sett,intermediate
1fcf81f2-b692-47a9-9e31-e97c644fa9f6,01be3371-396a-4702-8877-77961aaf20fe,d069c48a-20b8-4c6d-8125-96a7a9ff9d4f,1633859829061,13.4316425,52.4951716,6.126627,3.016169,-7.88752,0.67875195,on bike mount,cyclo cross,True,sett,intermediate
1fcf81f2-b692-47a9-9e31-e97c644fa9f6,01be3371-396a-4702-8877-77961aaf20fe,ba6c3cfa-4840-4a7a-87e5-fe14d2acc479,1633859829110,13.4316425,52.4951716,6.126627,1.8055718,-2.3116922,7.109209,on bike mount,cyclo cross,True,sett,intermediate
1fcf81f2-b692-47a9-9e31-e97c644fa9f6,01be3371-396a-4702-8877-77961aaf20fe,effdc6a5-a755-4423-bec3-b84e5ae134dc,1633859829160,13.4316425,52.4951716,6.126627,-3.4762006,-13.783695,29.065516,on bike mount,cyclo cross,True,sett,intermediate
1fcf81f2-b692-47a9-9e31-e97c644fa9f6,01be3371-396a-4702-8877-77961aaf20fe,b11bea54-ac93-4b28-a3bc-e5aaae0a2b62,1633859829211,13.4316425,52.4951716,6.126627,4.782014,7.531005,4.814556,on bike mount,cyclo cross,True,sett,intermediate
1fcf81f2-b692-47a9-9e31-e97c644fa9f6,01be3371-396a-4702-8877-77961aaf20fe,9d339354-6407-4ae2-b580-2c717cb3e72c,1633859829262,13.4316425,52.4951716,6.126627,1.7391067,10.219743,-18.155235,on bike mount,cyclo cross,True,sett,intermediate
1fcf81f2-b692-47a9-9e31-e97c644fa9f6,01be3371-396a-4702-8877-77961aaf20fe,36552ae3-a1ed-4de3-81d0-ae4e45b13c04,1633859829313,13.4316425,52.4951716,6.126627,-3.6461916,-10.493185,11.582321,on bike mount,cyclo cross,True,sett,intermediate
1fcf81f2-b692-47a9-9e31-e97c644fa9f6,01be3371-396a-4702-8877-77961aaf20fe,5c958125-20e1-47fd-b960-f4b1424f5ecf,1633859829365,13.4316425,52.4951716,6.126627,7.0854473,-13.114052,-6.0065084,on bike mount,cyclo cross,True,sett,intermediate
1fcf81f2-b692-47a9-9e31-e97c644fa9f6,01be3371-396a-4702-8877-77961aaf20fe,b0e7978a-db3b-4929-814d-a973162ec3c2,1633859829416,13.4316425,52.4951716,6.126627,-2.3154287,10.627516,7.4893475,on bike mount,cyclo cross,True,sett,intermediate
1fcf81f2-b692-47a9-9e31-e97c644fa9f6,01be3371-396a-4702-8877-77961aaf20fe,bf07c7a2-85af-4e25-8d66-5cc616054da8,1633859829466,13.4316425,52.4951716,6.126627,-1.1466854,3.666575,1.0244293,on bike mount,cyclo cross,True,sett,intermediate
1fcf81f2-b692-47a9-9e31-e97c644fa9f6,01be3371-396a-4702-8877-77961aaf20fe,0502d87d-6c72-4382-9e06-0873f9093e49,1633859829516,13.4316425,52.4951716,6.126627,-3.506335,-18.84291,14.465036,on bike mount,cyclo cross,True,sett,intermediate
1fcf81f2-b692-47a9-9e31-e97c644fa9f6,01be3371-396a-4702-8877-77961aaf20fe,044ae631-2204-4449-b7c7-75a1430c4c7c,1633859829566,13.4316425,52.4951716,6.126627,1.6837821,19.905575,9.502971,on bike mount,cyclo cross,True,sett,intermediate
1fcf81f2-b692-47a9-9e31-e97c644fa9f6,01be3371-396a-4702-8877-77961aaf20fe,cd5aaade-9609-4938-b450-4de775b49d05,1633859829618,13.4316425,52.4951716,6.126627,0.6775687,12.144443,7.106292,on bike mount,cyclo cross,True,sett,intermediate
1fcf81f2-b692-47a9-9e31-e97c644fa9f6,01be3371-396a-4702-8877-77961aaf20fe,4bc70b0a-39ea-4e6d-9ec1-a8f43e1f2ce6,1633859829669,13.4316425,52.4951716,6.126627,0.9582795,2.89223,-11.275527,on bike mount,cyclo cross,True,sett,intermediate
1fcf81f2-b692-47a9-9e31-e97c644fa9f6,01be3371-396a-4702-8877-77961aaf20fe,1314cc4b-886f-433f-a919-99d357ffc4e0,1633859829719,13.4316425,52.4951716,6.126627,3.805355,-9.01833,5.6567516,on bike mount,cyclo cross,True,sett,intermediate
1fcf81f2-b692-47a9-9e31-e97c644fa9f6,01be3371-396a-4702-8877-77961aaf20fe,ea3b48c6-3a44-4c17-b853-ffbfb4debf30,1633859829769,13.4316425,52.4951716,6.126627,-2.797806,4.5441017,-3.937621,on bike mount,cyclo cross,True,sett,intermediate
1fcf81f2-b692-47a9-9e31-e97c644fa9f6,01be3371-396a-4702-8877-77961aaf20fe,d8b3e2f8-e062-43b4-b49b-141863f17812,1633859829819,13.4316425,52.4951716,6.126627,2.029074,25.396418,5.6739035,on bike mount,cyclo cross,True,sett,intermediate
1fcf81f2-b692-47a9-9e31-e97c644fa9f6,01be3371-396a-4702-8877-77961aaf20fe,432d9eaa-c823-4af2-b1d7-edea73050654,1633859829869,13.4316425,52.4951716,6.126627,-0.083480716,23.971977,-11.384214,on bike mount,cyclo cross,True,sett,intermediate
1fcf81f2-b692-47a9-9e31-e97c644fa9f6,01be3371-396a-4702-8877-77961aaf20fe,c6b3aa3e-32e0-419b-b94e-21b769a53cf2,1633859829919,13.4317239,52.4951442,6.3939633,-1.9970564,-10.693714,5.8638153,on bike mount,cyclo cross,True,sett,intermediate
1fcf81f2-b692-47a9-9e31-e97c644fa9f6,01be3371-396a-4702-8877-77961aaf20fe,6babae7d-3a00-4d0c-bc5f-acbcc2052925,1633859829969,13.4317239,52.4951442,6.3939633,0.35334605,7.7069025,15.45368,on bike mount,cyclo cross,True,sett,intermediate
1fcf81f2-b692-47a9-9e31-e97c644fa9f6,01be3371-396a-4702-8877-77961aaf20fe,ae22edd9-7366-4235-b55d-00956e50a599,1633859830019,13.4317239,52.4951442,6.3939633,1.3497059,-14.248002,1.219162,on bike mount,cyclo cross,True,sett,intermediate
1fcf81f2-b692-47a9-9e31-e97c644fa9f6,01be3371-396a-4702-8877-77961aaf20fe,b52cbeb8-55af-4467-94ab-7b9c61669db5,1633859830070,13.4317239,52.4951442,6.3939633,-0.08613378,-6.5662427,19.343864,on bike mount,cyclo cross,True,sett,intermediate
1fcf81f2-b692-47a9-9e31-e97c644fa9f6,01be3371-396a-4702-8877-77961aaf20fe,7133f14e-9686-42e6-80b0-35a916e15969,1633859830120,13.4317239,52.4951442,6.3939633,-0.52877206,19.909666,-10.198467,on bike mount,cyclo cross,True,sett,intermediate
1fcf81f2-b692-47a9-9e31-e97c644fa9f6,01be3371-396a-4702-8877-77961aaf20fe,c0084947-6aa9-42ee-a4de-cc1172be29d1,1633859830171,13.4317239,52.4951442,6.3939633,-10.103447,-49.764465,-9.318107,on bike mount,cyclo cross,True,sett,intermediate
1fcf81f2-b692-47a9-9e31-e97c644fa9f6,01be3371-396a-4702-8877-77961aaf20fe,5319cd70-2d4d-4c65-ad9a-b9d9ecfa0c04,1633859830221,13.4317239,52.4951442,6.3939633,-4.977277,7.357436,-36.043724,on bike mount,cyclo cross,True,sett,intermediate
1fcf81f2-b692-47a9-9e31-e97c644fa9f6,01be3371-396a-4702-8877-77961aaf20fe,e1ebdf49-786d-409d-bde3-712b969a48e7,1633859830272,13.4317239,52.4951442,6.3939633,-1.9364679,-5.0724363,10.158321,on bike mount,cyclo cross,True,sett,intermediate
1fcf81f2-b692-47a9-9e31-e97c644fa9f6,01be3371-396a-4702-8877-77961aaf20fe,d18b6bbc-4b5b-4392-b585-effb27ab3ddb,1633859830322,13.4317239,52.4951442,6.3939633,0.52627283,-11.380079,11.9724455,on bike mount,cyclo cross,True,sett,intermediate
1fcf81f2-b692-47a9-9e31-e97c644fa9f6,01be3371-396a-4702-8877-77961aaf20fe,3141a9fe-d0d2-4896-a2ae-ca6311ee0dbf,1633859830370,13.4317239,52.4951442,6.3939633,0.66449064,2.3870678,2.378253,on bike mount,cyclo cross,True,sett,intermediate
1fcf81f2-b692-47a9-9e31-e97c644fa9f6,01be3371-396a-4702-8877-77961aaf20fe,0eb85c75-211b-4b12-bb19-21b751b76a0e,1633859830420,13.4317239,52.4951442,6.3939633,-6.085175,2.6651115,-5.4206586,on bike mount,cyclo cross,True,sett,intermediate
1fcf81f2-b692-47a9-9e31-e97c644fa9f6,01be3371-396a-4702-8877-77961aaf20fe,5f96bf7d-7252-44c8-969a-11ade182e2a9,1633859830471,13.4317239,52.4951442,6.3939633,0.83540446,-4.6118197,6.1439943,on bike mount,cyclo cross,True,sett,intermediate
1fcf81f2-b692-47a9-9e31-e97c644fa9f6,01be3371-396a-4702-8877-77961aaf20fe,7dd3e088-f270-4f45-9d4a-c76158523515,1633859830520,13.4317239,52.4951442,6.3939633,1.0711266,-2.320532,10.918035,on bike mount,cyclo cross,True,sett,intermediate
1fcf81f2-b692-47a9-9e31-e97c644fa9f6,01be3371-396a-4702-8877-77961aaf20fe,546fee76-6f01-4da7-9c98-609102462c45,1633859830571,13.4317239,52.4951442,6.3939633,-0.58616716,22.509043,-14.905151,on bike mount,cyclo cross,True,sett,intermediate
1fcf81f2-b692-47a9-9e31-e97c644fa9f6,01be3371-396a-4702-8877-77961aaf20fe,ab2f5bf9-4f64-45cc-88fd-1cf02ccffc27,1633859830622,13.4317239,52.4951442,6.3939633,3.6529746,11.870712,24.015057,on bike mount,cyclo cross,True,sett,intermediate
1fcf81f2-b692-47a9-9e31-e97c644fa9f6,01be3371-396a-4702-8877-77961aaf20fe,5858ed21-401f-411b-839b-0446ee40311f,1633859830673,13.4317239,52.4951442,6.3939633,1.3311262,-7.47252,46.414112,on bike mount,cyclo cross,True,sett,intermediate
1fcf81f2-b692-47a9-9e31-e97c644fa9f6,01be3371-396a-4702-8877-77961aaf20fe,f9152f66-6b16-4865-b236-8151a3a0ae2a,1633859830725,13.4317239,52.4951442,6.3939633,-2.974821,12.62842,10.815874,on bike mount,cyclo cross,True,sett,intermediate
1fcf81f2-b692-47a9-9e31-e97c644fa9f6,01be3371-396a-4702-8877-77961aaf20fe,3e641482-e4d9-4401-95d1-9d1944ecbdd1,1633859830775,13.4317239,52.4951442,6.3939633,0.63727427,-14.595509,-5.7813153,on bike mount,cyclo cross,True,sett,intermediate
1fcf81f2-b692-47a9-9e31-e97c644fa9f6,01be3371-396a-4702-8877-77961aaf20fe,60f707aa-0a98-472a-8c85-61fd0cfb09ee,1633859830825,13.4317239,52.4951442,6.3939633,0.8979158,1.1483288,14.370115,on bike mount,cyclo cross,True,sett,intermediate
1fcf81f2-b692-47a9-9e31-e97c644fa9f6,01be3371-396a-4702-8877-77961aaf20fe,571355a6-3865-4571-bbd3-5289c7e0dc19,1633859830876,13.4317239,52.4951442,6.3939633,-10.510473,27.833294,-23.897903,on bike mount,cyclo cross,True,sett,intermediate
1fcf81f2-b692-47a9-9e31-e97c644fa9f6,01be3371-396a-4702-8877-77961aaf20fe,dc970f3b-434b-489d-964c-33aa59e21cd1,1633859830927,13.4318088,52.4951192,6.270645,-1.7498093,2.8893852,-8.998395,on bike mount,cyclo cross,True,sett,intermediate
1fcf81f2-b692-47a9-9e31-e97c644fa9f6,01be3371-396a-4702-8877-77961aaf20fe,12dbdea7-b7ef-4a37-9d7d-b62c7aa145fa,1633859830977,13.4318088,52.4951192,6.270645,-1.9005798,-16.391779,16.303211,on bike mount,cyclo cross,True,sett,intermediate
1fcf81f2-b692-47a9-9e31-e97c644fa9f6,01be3371-396a-4702-8877-77961aaf20fe,c21eb11c-e21e-41a0-86e3-0255d7fd7a36,1633859831027,13.4318088,52.4951192,6.270645,2.929948,-9.918923,14.043552,on bike mount,cyclo cross,True,sett,intermediate
1fcf81f2-b692-47a9-9e31-e97c644fa9f6,01be3371-396a-4702-8877-77961aaf20fe,fad90344-de03-4cd4-9d98-2be4bdaf0f1d,1633859831077,13.4318088,52.4951192,6.270645,-2.6609614,-16.576925,11.860264,on bike mount,cyclo cross,True,sett,intermediate
1fcf81f2-b692-47a9-9e31-e97c644fa9f6,01be3371-396a-4702-8877-77961aaf20fe,5816a03d-d0d2-4867-b88d-bbc103eabf0d,1633859831128,13.4318088,52.4951192,6.270645,2.0293388,-3.4267247,-22.714542,on bike mount,cyclo cross,True,sett,intermediate
1fcf81f2-b692-47a9-9e31-e97c644fa9f6,01be3371-396a-4702-8877-77961aaf20fe,4ea0d0a1-8722-4a80-ad3a-155d4d03bc09,1633859831178,13.4318088,52.4951192,6.270645,1.8152475,22.757462,-9.828442,on bike mount,cyclo cross,True,sett,intermediate
1fcf81f2-b692-47a9-9e31-e97c644fa9f6,01be3371-396a-4702-8877-77961aaf20fe,bc87b2d5-5442-4159-add7-9d15fd099d8c,1633859831228,13.4318088,52.4951192,6.270645,-1.515966,19.35536,-28.741648,on bike mount,cyclo cross,True,sett,intermediate
1fcf81f2-b692-47a9-9e31-e97c644fa9f6,01be3371-396a-4702-8877-77961aaf20fe,86dc7fd3-6494-441d-809a-83503df2ab81,1633859831277,13.4318088,52.4951192,6.270645,2.1980743,-16.906984,-16.162548,on bike mount,cyclo cross,True,sett,intermediate
1fcf81f2-b692-47a9-9e31-e97c644fa9f6,01be3371-396a-4702-8877-77961aaf20fe,7680162a-3361-4aa3-af66-7c6f81dd3ad9,1633859831327,13.4318088,52.4951192,6.270645,-1.5327249,-26.624334,28.915781,on bike mount,cyclo cross,True,sett,intermediate
1fcf81f2-b692-47a9-9e31-e97c644fa9f6,01be3371-396a-4702-8877-77961aaf20fe,ed33f10a-cb35-4b21-a79d-067826147719,1633859831378,13.4318088,52.4951192,6.270645,1.5797231,-3.2617342,7.732421,on bike mount,cyclo cross,True,sett,intermediate
1fcf81f2-b692-47a9-9e31-e97c644fa9f6,01be3371-396a-4702-8877-77961aaf20fe,81155b1f-04cd-47fa-80d6-8e071cbf297b,1633859831428,13.4318088,52.4951192,6.270645,-9.476886,12.299376,24.41247,on bike mount,cyclo cross,True,sett,intermediate
1fcf81f2-b692-47a9-9e31-e97c644fa9f6,01be3371-396a-4702-8877-77961aaf20fe,661fa46b-e916-47c4-bce6-c07ec80c79b1,1633859831477,13.4318088,52.4951192,6.270645,6.2990856,-25.747707,-1.1789184,on bike mount,cyclo cross,True,sett,intermediate
1fcf81f2-b692-47a9-9e31-e97c644fa9f6,01be3371-396a-4702-8877-77961aaf20fe,c341172a-29e2-45f4-96ea-5bde7a231135,1633859831527,13.4318088,52.4951192,6.270645,2.5393367,10.352737,-28.973331,on bike mount,cyclo cross,True,sett,intermediate
1fcf81f2-b692-47a9-9e31-e97c644fa9f6,01be3371-396a-4702-8877-77961aaf20fe,1346357b-88e4-4327-8f0d-6707fd895553,1633859831578,13.4318088,52.4951192,6.270645,-0.8344225,27.079643,-5.941087,on bike mount,cyclo cross,True,sett,intermediate
1fcf81f2-b692-47a9-9e31-e97c644fa9f6,01be3371-396a-4702-8877-77961aaf20fe,47bc5a53-6444-417a-9e8a-c64efd9e38a3,1633859831628,13.4318088,52.4951192,6.270645,6.068149,-20.768824,17.656925,on bike mount,cyclo cross,True,sett,intermediate
1fcf81f2-b692-47a9-9e31-e97c644fa9f6,01be3371-396a-4702-8877-77961aaf20fe,6211e32f-56f3-4345-912b-00cf3c5b4abc,1633859831680,13.4318088,52.4951192,6.270645,7.65794,-7.8054338,6.5181484,on bike mount,cyclo cross,True,sett,intermediate
1fcf81f2-b692-47a9-9e31-e97c644fa9f6,01be3371-396a-4702-8877-77961aaf20fe,302fcd52-68ab-43b9-92e0-3e3889e0d4f4,1633859831729,13.4318088,52.4951192,6.270645,-0.94710433,1.2032948,49.11743,on bike mount,cyclo cross,True,sett,intermediate
1fcf81f2-b692-47a9-9e31-e97c644fa9f6,01be3371-396a-4702-8877-77961aaf20fe,40c06e1e-2098-4b27-b059-ad7fc68ffc54,1633859831780,13.4318088,52.4951192,6.270645,0.28260973,0.9061551,7.0359097,on bike mount,cyclo cross,True,sett,intermediate
1fcf81f2-b692-47a9-9e31-e97c644fa9f6,01be3371-396a-4702-8877-77961aaf20fe,615ebcc4-5fcc-4c5e-975c-def2ddb3a873,1633859831832,13.4318088,52.4951192,6.270645,-5.4003534,3.6912155,12.335688,on bike mount,cyclo cross,True,sett,intermediate
1fcf81f2-b692-47a9-9e31-e97c644fa9f6,01be3371-396a-4702-8877-77961aaf20fe,107bbc21-878e-45ea-ae37-538f7fb0f74c,1633859831882,13.4318088,52.4951192,6.270645,4.092665,-0.34115553,49.31858,on bike mount,cyclo cross,True,sett,intermediate
1fcf81f2-b692-47a9-9e31-e97c644fa9f6,01be3371-396a-4702-8877-77961aaf20fe,c4280507-913d-48e3-beb2-641b56ef28d1,1633859831931,13.4318982,52.4950968,6.8417473,3.5298831,3.2878103,-4.3593583,on bike mount,cyclo cross,True,sett,intermediate
1fcf81f2-b692-47a9-9e31-e97c644fa9f6,01be3371-396a-4702-8877-77961aaf20fe,3f8e695f-cdcd-4f26-b2fe-5b7d8fcdb6a6,1633859831982,13.4318982,52.4950968,6.8417473,-11.29439,10.68015,8.266371,on bike mount,cyclo cross,True,sett,intermediate
1fcf81f2-b692-47a9-9e31-e97c644fa9f6,01be3371-396a-4702-8877-77961aaf20fe,a7b79ab6-6187-4da8-be07-10a301d5a9c6,1633859832032,13.4318982,52.4950968,6.8417473,-1.602408,6.5117097,38.619072,on bike mount,cyclo cross,True,sett,intermediate
1fcf81f2-b692-47a9-9e31-e97c644fa9f6,01be3371-396a-4702-8877-77961aaf20fe,785b044f-3513-4756-9445-216b1b7fa2e8,1633859832082,13.4318982,52.4950968,6.8417473,-5.0017385,16.408875,-29.749935,on bike mount,cyclo cross,True,sett,intermediate
1fcf81f2-b692-47a9-9e31-e97c644fa9f6,01be3371-396a-4702-8877-77961aaf20fe,efb4c401-7c38-49ac-ac44-d61b1aab6558,1633859832132,13.4318982,52.4950968,6.8417473,-0.21645522,10.210407,4.046484,on bike mount,cyclo cross,True,sett,intermediate
1fcf81f2-b692-47a9-9e31-e97c644fa9f6,01be3371-396a-4702-8877-77961aaf20fe,58a6d944-0be9-4ca6-8e05-e71135826678,1633859832184,13.4318982,52.4950968,6.8417473,3.4253006,3.1219559,16.048746,on bike mount,cyclo cross,True,sett,intermediate
1fcf81f2-b692-47a9-9e31-e97c644fa9f6,01be3371-396a-4702-8877-77961aaf20fe,4fe8c59d-30d8-4510-a714-a25b8a9cbb2b,1633859832233,13.4318982,52.4950968,6.8417473,1.0876197,-18.59794,1.1961145,on bike mount,cyclo cross,True,sett,intermediate
1fcf81f2-b692-47a9-9e31-e97c644fa9f6,01be3371-396a-4702-8877-77961aaf20fe,fd56a5f2-7331-4760-b310-74010f35f3f1,1633859832284,13.4318982,52.4950968,6.8417473,3.5977764,-5.4158864,20.468264,on bike mount,cyclo cross,True,sett,intermediate
1fcf81f2-b692-47a9-9e31-e97c644fa9f6,01be3371-396a-4702-8877-77961aaf20fe,cfbd42db-66d1-482d-b4d4-187b480e2289,1633859832336,13.4318982,52.4950968,6.8417473,1.8612525,1.752522,27.156034,on bike mount,cyclo cross,True,sett,intermediate
1fcf81f2-b692-47a9-9e31-e97c644fa9f6,01be3371-396a-4702-8877-77961aaf20fe,19c8e612-4a65-48ff-a90e-160209b92715,1633859832388,13.4318982,52.4950968,6.8417473,-9.496708,25.332308,-13.052424,on bike mount,cyclo cross,True,sett,intermediate
1fcf81f2-b692-47a9-9e31-e97c644fa9f6,01be3371-396a-4702-8877-77961aaf20fe,28e69b31-8ea1-47e2-95ca-b7c1a65983fe,1633859832440,13.4318982,52.4950968,6.8417473,0.96498996,6.1278105,-12.136909,on bike mount,cyclo cross,True,sett,intermediate
1fcf81f2-b692-47a9-9e31-e97c644fa9f6,01be3371-396a-4702-8877-77961aaf20fe,33be5c30-99e7-4163-9b97-618458df856e,1633859832489,13.4318982,52.4950968,6.8417473,-3.5689445,35.95884,-22.240593,on bike mount,cyclo cross,True,sett,intermediate
1fcf81f2-b692-47a9-9e31-e97c644fa9f6,01be3371-396a-4702-8877-77961aaf20fe,7628fe60-5b76-444f-8a2e-b26ccb0ca9e5,1633859832539,13.4318982,52.4950968,6.8417473,-0.6179884,-28.819744,7.0197573,on bike mount,cyclo cross,True,sett,intermediate
1fcf81f2-b692-47a9-9e31-e97c644fa9f6,01be3371-396a-4702-8877-77961aaf20fe,8e69b0f2-2969-4318-8972-6a90ae508b8a,1633859832590,13.4318982,52.4950968,6.8417473,1.1393466,-14.848345,5.370247,on bike mount,cyclo cross,True,sett,intermediate
1fcf81f2-b692-47a9-9e31-e97c644fa9f6,01be3371-396a-4702-8877-77961aaf20fe,d07b7776-95c4-4766-9974-e11e103b4403,1633859832641,13.4318982,52.4950968,6.8417473,-6.63696,-12.353419,23.903435,on bike mount,cyclo cross,True,sett,intermediate
1fcf81f2-b692-47a9-9e31-e97c644fa9f6,01be3371-396a-4702-8877-77961aaf20fe,6b0eafdf-def5-4956-ae62-e0b92a516ff8,1633859832691,13.4318982,52.4950968,6.8417473,-1.4473962,18.578289,-10.597259,on bike mount,cyclo cross,True,sett,intermediate
1fcf81f2-b692-47a9-9e31-e97c644fa9f6,01be3371-396a-4702-8877-77961aaf20fe,67e5ee86-9b8c-431c-bbd4-a9776a43c9fb,1633859832740,13.4318982,52.4950968,6.8417473,-3.5115173,17.744724,4.48007,on bike mount,cyclo cross,True,sett,intermediate
1fcf81f2-b692-47a9-9e31-e97c644fa9f6,01be3371-396a-4702-8877-77961aaf20fe,4a605334-c553-44fa-a0e4-7dcae4533fb2,1633859832790,13.4318982,52.4950968,6.8417473,1.9220598,17.672792,-4.699856,on bike mount,cyclo cross,True,sett,intermediate
1fcf81f2-b692-47a9-9e31-e97c644fa9f6,01be3371-396a-4702-8877-77961aaf20fe,0e3a0db6-22b1-4423-8fd5-910ff585f7ec,1633859832840,13.4318982,52.4950968,6.8417473,11.594711,12.404861,-14.234146,on bike mount,cyclo cross,True,sett,intermediate
1fcf81f2-b692-47a9-9e31-e97c644fa9f6,01be3371-396a-4702-8877-77961aaf20fe,336750c6-61ec-49ee-8212-0594bbdab513,1633859832890,13.4318982,52.4950968,6.8417473,-7.2687993,-14.336873,1.5916538,on bike mount,cyclo cross,True,sett,intermediate
1fcf81f2-b692-47a9-9e31-e97c644fa9f6,01be3371-396a-4702-8877-77961aaf20fe,a21f0c8e-b14a-4724-a55b-c041a4846b28,1633859832939,13.4319853,52.4950693,6.358307,-1.105355,-13.55057,23.4043,on bike mount,cyclo cross,True,sett,intermediate
1fcf81f2-b692-47a9-9e31-e97c644fa9f6,01be3371-396a-4702-8877-77961aaf20fe,528864ba-9dc7-4170-8d68-d43b188c7672,1633859832989,13.4319853,52.4950693,6.358307,0.9527795,-4.253428,-7.9669523,on bike mount,cyclo cross,True,sett,intermediate
1fcf81f2-b692-47a9-9e31-e97c644fa9f6,01be3371-396a-4702-8877-77961aaf20fe,12970eda-a23c-4907-86ab-c857865a38a9,1633859833040,13.4319853,52.4950693,6.358307,-2.0153117,-13.148863,23.702229,on bike mount,cyclo cross,True,sett,intermediate
1fcf81f2-b692-47a9-9e31-e97c644fa9f6,01be3371-396a-4702-8877-77961aaf20fe,f1e2e19c-222d-458f-9026-141253ab7553,1633859833090,13.4319853,52.4950693,6.358307,4.7606874,11.219837,-6.6152253,on bike mount,cyclo cross,True,sett,intermediate
1fcf81f2-b692-47a9-9e31-e97c644fa9f6,01be3371-396a-4702-8877-77961aaf20fe,91c9c824-9981-4b81-b8f5-d753425cf31c,1633859833140,13.4319853,52.4950693,6.358307,-0.055327177,-32.08234,1.6364527,on bike mount,cyclo cross,True,sett,intermediate
1fcf81f2-b692-47a9-9e31-e97c644fa9f6,01be3371-396a-4702-8877-77961aaf20fe,da160565-1d62-4399-bb4a-01e015224e9d,1633859833190,13.4319853,52.4950693,6.358307,4.2965713,-2.1842794,-19.80157,on bike mount,cyclo cross,True,sett,intermediate
1fcf81f2-b692-47a9-9e31-e97c644fa9f6,01be3371-396a-4702-8877-77961aaf20fe,8c0dd472-f2b6-4c87-95a0-4721c59500d5,1633859833241,13.4319853,52.4950693,6.358307,-1.6407733,-8.791479,-0.6296177,on bike mount,cyclo cross,True,sett,intermediate
1fcf81f2-b692-47a9-9e31-e97c644fa9f6,01be3371-396a-4702-8877-77961aaf20fe,fb134db8-d29e-424f-90ae-0fcc7960feff,1633859833358,13.4319853,52.4950693,6.358307,-2.4740174,0.030238628,6.666683,on bike mount,cyclo cross,True,sett,intermediate
1fcf81f2-b692-47a9-9e31-e97c644fa9f6,01be3371-396a-4702-8877-77961aaf20fe,0b0250ff-9dbb-4704-853b-f05d812c9e66,1633859833414,13.4319853,52.4950693,6.358307,5.046056,-18.731726,14.717297,on bike mount,cyclo cross,True,sett,intermediate
1fcf81f2-b692-47a9-9e31-e97c644fa9f6,01be3371-396a-4702-8877-77961aaf20fe,1703f138-2e94-475f-b079-534c78ba2653,1633859833465,13.4319853,52.4950693,6.358307,-0.37613994,-0.5023689,11.341026,on bike mount,cyclo cross,True,sett,intermediate
1fcf81f2-b692-47a9-9e31-e97c644fa9f6,01be3371-396a-4702-8877-77961aaf20fe,17fc2b49-f765-4ffe-9631-9c9f5750141e,1633859833532,13.4319853,52.4950693,6.358307,3.9960556,-9.763133,18.476831,on bike mount,cyclo cross,True,sett,intermediate
1fcf81f2-b692-47a9-9e31-e97c644fa9f6,e0df136a-d4b1-4860-9422-4038962babe4,d2a132d8-c8a9-4301-97ea-4699d823ec06,1633859833268,13.4319853,52.4950693,6.358307,-3.0309951,37.554893,-32.958656,on bike mount,cyclo cross,True,sett,intermediate
1fcf81f2-b692-47a9-9e31-e97c644fa9f6,e0df136a-d4b1-4860-9422-4038962babe4,e0c23a9f-15a2-40c1-8d67-2f489ced3686,1633859833358,13.4319853,52.4950693,6.358307,-2.4740174,0.030238628,6.666683,on bike mount,cyclo cross,True,sett,intermediate
1fcf81f2-b692-47a9-9e31-e97c644fa9f6,e0df136a-d4b1-4860-9422-4038962babe4,0df80123-e37e-41e0-9fee-6689143ab343,1633859833414,13.4319853,52.4950693,6.358307,5.046056,-18.731726,14.717297,on bike mount,cyclo cross,True,sett,intermediate
1fcf81f2-b692-47a9-9e31-e97c644fa9f6,e0df136a-d4b1-4860-9422-4038962babe4,b9607148-453e-4dfb-b3eb-14a472602d2f,1633859833482,13.4319853,52.4950693,6.358307,2.6878057,-2.1766753,-29.020302,on bike mount,cyclo cross,True,sett,intermediate
1fcf81f2-b692-47a9-9e31-e97c644fa9f6,e0df136a-d4b1-4860-9422-4038962babe4,0000e083-ec65-42c3-b87d-98d8f690ac70,1633859833549,13.4319853,52.4950693,6.358307,1.8203194,-9.317336,-26.68351,on bike mount,cyclo cross,True,sett,intermediate
1fcf81f2-b692-47a9-9e31-e97c644fa9f6,e0df136a-d4b1-4860-9422-4038962babe4,01ecfc85-c84e-4626-97fa-563d233ae794,1633859833615,13.4319853,52.4950693,6.358307,-2.0236986,6.4264402,-11.81267,on bike mount,cyclo cross,True,sett,intermediate
1fcf81f2-b692-47a9-9e31-e97c644fa9f6,e0df136a-d4b1-4860-9422-4038962babe4,546fe0a3-ec09-430b-b13e-66cf53c00632,1633859833665,13.4319853,52.4950693,6.358307,1.000782,13.588614,-1.1943765,on bike mount,cyclo cross,True,sett,intermediate
1fcf81f2-b692-47a9-9e31-e97c644fa9f6,e0df136a-d4b1-4860-9422-4038962babe4,280ff02e-bcc0-4803-a83d-968182e0f870,1633859833715,13.4319853,52.4950693,6.358307,-4.2412534,-17.813309,3.084436,on bike mount,cyclo cross,True,sett,intermediate
1fcf81f2-b692-47a9-9e31-e97c644fa9f6,e0df136a-d4b1-4860-9422-4038962babe4,a67800b3-a084-4a87-a4e5-962be6a4b845,1633859833765,13.4319853,52.4950693,6.358307,1.5557895,-5.7302947,2.7194166,on bike mount,cyclo cross,True,sett,intermediate
1fcf81f2-b692-47a9-9e31-e97c644fa9f6,e0df136a-d4b1-4860-9422-4038962babe4,bf39ce5e-456d-4084-bec9-116a6c966f0b,1633859833816,13.4319853,52.4950693,6.358307,-4.05056,13.42398,-22.71079,on bike mount,cyclo cross,True,sett,intermediate
1fcf81f2-b692-47a9-9e31-e97c644fa9f6,e0df136a-d4b1-4860-9422-4038962babe4,5d01854c-02c8-4670-bada-3524eb8a5306,1633859833883,13.4319853,52.4950693,6.358307,12.962164,-21.622602,-7.7678,on bike mount,cyclo cross,True,sett,intermediate
1fcf81f2-b692-47a9-9e31-e97c644fa9f6,e0df136a-d4b1-4860-9422-4038962babe4,be7b71dc-31ab-48b2-be97-f2b5a9c44e72,1633859833949,13.4320686,52.4950427,6.4263005,11.4007225,-32.903828,10.509405,on bike mount,cyclo cross,True,sett,intermediate
1fcf81f2-b692-47a9-9e31-e97c644fa9f6,e0df136a-d4b1-4860-9422-4038962babe4,262080ed-284b-456e-8b9f-b182b2bc03a3,1633859834015,13.4320686,52.4950427,6.4263005,-5.848135,-1.9558768,29.338093,on bike mount,cyclo cross,True,sett,intermediate
1fcf81f2-b692-47a9-9e31-e97c644fa9f6,e0df136a-d4b1-4860-9422-4038962babe4,d567437f-d4d9-429d-bfdb-47b8d5d169a4,1633859834082,13.4320686,52.4950427,6.4263005,0.86590457,-0.94086385,31.309813,on bike mount,cyclo cross,True,sett,intermediate
1fcf81f2-b692-47a9-9e31-e97c644fa9f6,e0df136a-d4b1-4860-9422-4038962babe4,6a1db356-bfc0-4fe2-a355-d323a4b0a794,1633859834132,13.4320686,52.4950427,6.4263005,-0.44173372,-0.33220196,-26.015429,on bike mount,cyclo cross,True,sett,intermediate
1fcf81f2-b692-47a9-9e31-e97c644fa9f6,e0df136a-d4b1-4860-9422-4038962babe4,897d4160-5a72-4f0e-977c-5dae177f0bba,1633859834199,13.4320686,52.4950427,6.4263005,-1.3410503,-4.3258758,-4.5108123,on bike mount,cyclo cross,True,sett,intermediate
1fcf81f2-b692-47a9-9e31-e97c644fa9f6,e0df136a-d4b1-4860-9422-4038962babe4,2b978b16-157f-48d1-8717-1539c36812db,1633859834249,13.4320686,52.4950427,6.4263005,0.5421734,12.410822,-11.241956,on bike mount,cyclo cross,True,sett,intermediate
1fcf81f2-b692-47a9-9e31-e97c644fa9f6,e0df136a-d4b1-4860-9422-4038962babe4,6fb6533e-726d-46a5-aff7-2bacf1d73c7d,1633859834317,13.4320686,52.4950427,6.4263005,-4.9359856,10.676259,12.6966305,on bike mount,cyclo cross,True,sett,intermediate
1fcf81f2-b692-47a9-9e31-e97c644fa9f6,e0df136a-d4b1-4860-9422-4038962babe4,5fba3f02-9164-43ce-a186-9ecacb93995b,1633859834383,13.4320686,52.4950427,6.4263005,1.9599205,17.336422,-26.487572,on bike mount,cyclo cross,True,sett,intermediate
1fcf81f2-b692-47a9-9e31-e97c644fa9f6,e0df136a-d4b1-4860-9422-4038962babe4,cb3c3c07-402f-4e36-9f4b-b97f0eb8bfc7,1633859834434,13.4320686,52.4950427,6.4263005,2.5241563,5.4194574,-15.606034,on bike mount,cyclo cross,True,sett,intermediate
1fcf81f2-b692-47a9-9e31-e97c644fa9f6,e0df136a-d4b1-4860-9422-4038962babe4,1c501a33-3f45-4cc6-9bf3-cbaa400b42d4,1633859834484,13.4320686,52.4950427,6.4263005,-0.7936137,-0.21332169,4.6293087,on bike mount,cyclo cross,True,sett,intermediate
1fcf81f2-b692-47a9-9e31-e97c644fa9f6,e0df136a-d4b1-4860-9422-4038962babe4,85d63974-4aef-4f10-9adc-6f53f4e260e1,1633859834534,13.4320686,52.4950427,6.4263005,2.4035187,6.2850113,-8.905476,on bike mount,cyclo cross,True,sett,intermediate
1fcf81f2-b692-47a9-9e31-e97c644fa9f6,e0df136a-d4b1-4860-9422-4038962babe4,b91c2796-ed86-4261-831a-cb7917cbf6ed,1633859834600,13.4320686,52.4950427,6.4263005,3.3063765,-3.8898377,-1.8151245,on bike mount,cyclo cross,True,sett,intermediate
1fcf81f2-b692-47a9-9e31-e97c644fa9f6,e0df136a-d4b1-4860-9422-4038962babe4,9e4aebf8-8e68-429b-8d91-7fc3e7733256,1633859834650,13.4320686,52.4950427,6.4263005,-2.6745462,-0.12943292,35.510536,on bike mount,cyclo cross,True,sett,intermediate
1fcf81f2-b692-47a9-9e31-e97c644fa9f6,e0df136a-d4b1-4860-9422-4038962babe4,f59ac7a1-cc41-4c6a-8ccf-5c3e0a65f6b3,1633859834701,13.4320686,52.4950427,6.4263005,5.982768,7.0470467,12.624677,on bike mount,cyclo cross,True,sett,intermediate
1fcf81f2-b692-47a9-9e31-e97c644fa9f6,e0df136a-d4b1-4860-9422-4038962babe4,9b134d6b-9768-4b12-b226-a16ad3813e21,1633859834751,13.4320686,52.4950427,6.4263005,3.3091724,-10.601919,-2.3203611,on bike mount,cyclo cross,True,sett,intermediate
1fcf81f2-b692-47a9-9e31-e97c644fa9f6,e0df136a-d4b1-4860-9422-4038962babe4,dcaca6bf-be15-471d-8b15-297ac6284d00,1633859834818,13.4320686,52.4950427,6.4263005,1.6164441,-17.93354,13.283089,on bike mount,cyclo cross,True,sett,intermediate
1fcf81f2-b692-47a9-9e31-e97c644fa9f6,e0df136a-d4b1-4860-9422-4038962babe4,bac24b7f-c0df-451a-9ce1-4743111b0dec,1633859834868,13.4320686,52.4950427,6.4263005,4.0511403,-28.373903,45.15718,on bike mount,cyclo cross,True,sett,intermediate
1fcf81f2-b692-47a9-9e31-e97c644fa9f6,e0df136a-d4b1-4860-9422-4038962babe4,697b6109-c82b-49b9-91ba-277254d09b1b,1633859834918,13.4321478,52.4950158,5.923979,-4.77549,8.602631,-4.4681606,on bike mount,cyclo cross,True,sett,intermediate
1fcf81f2-b692-47a9-9e31-e97c644fa9f6,e0df136a-d4b1-4860-9422-4038962babe4,dac1be22-8f3d-4817-aab8-ac42572092fb,1633859834985,13.4321478,52.4950158,5.923979,2.404225,8.283461,15.182728,on bike mount,cyclo cross,True,sett,intermediate
1fcf81f2-b692-47a9-9e31-e97c644fa9f6,e0df136a-d4b1-4860-9422-4038962babe4,e3fa0187-350b-4f32-b646-a5c4d926d70e,1633859835035,13.4321478,52.4950158,5.923979,0.13932276,31.970783,-24.400002,on bike mount,cyclo cross,True,sett,intermediate
1fcf81f2-b692-47a9-9e31-e97c644fa9f6,e0df136a-d4b1-4860-9422-4038962babe4,c3d378c3-48eb-45e2-bc3f-88318bb516f6,1633859835101,13.4321478,52.4950158,5.923979,-4.620452,-47.853107,28.662354,on bike mount,cyclo cross,True,sett,intermediate
1fcf81f2-b692-47a9-9e31-e97c644fa9f6,e0df136a-d4b1-4860-9422-4038962babe4,a0808229-44d1-41b4-9ddd-9910c9ec0136,1633859835152,13.4321478,52.4950158,5.923979,2.9673793,17.477646,-34.191032,on bike mount,cyclo cross,True,sett,intermediate
1fcf81f2-b692-47a9-9e31-e97c644fa9f6,e0df136a-d4b1-4860-9422-4038962babe4,db9cd673-886c-4058-873a-b19e23cd3058,1633859835202,13.4321478,52.4950158,5.923979,-12.646864,35.387634,-24.974522,on bike mount,cyclo cross,True,sett,intermediate
1fcf81f2-b692-47a9-9e31-e97c644fa9f6,e0df136a-d4b1-4860-9422-4038962babe4,c311ef5a-62ba-46ef-9313-ea054ae957a9,1633859835268,13.4321478,52.4950158,5.923979,2.1886957,1.6810466,-1.07096,on bike mount,cyclo cross,True,sett,intermediate
1fcf81f2-b692-47a9-9e31-e97c644fa9f6,e0df136a-d4b1-4860-9422-4038962babe4,073f5c6c-9085-475a-a2d9-b34f3cbb0a2d,1633859835319,13.4321478,52.4950158,5.923979,3.1149378,-1.2125378,22.45092,on bike mount,cyclo cross,True,sett,intermediate
1fcf81f2-b692-47a9-9e31-e97c644fa9f6,e0df136a-d4b1-4860-9422-4038962babe4,9fd032ac-b9b8-4b60-830e-b61322a9b507,1633859835385,13.4321478,52.4950158,5.923979,3.87185,3.6177816,8.535532,on bike mount,cyclo cross,True,sett,intermediate
1fcf81f2-b692-47a9-9e31-e97c644fa9f6,e0df136a-d4b1-4860-9422-4038962babe4,d3758df2-a03a-4b20-9524-4f25b3669529,1633859835436,13.4321478,52.4950158,5.923979,5.8912187,-11.175982,-28.771152,on bike mount,cyclo cross,True,sett,intermediate
1fcf81f2-b692-47a9-9e31-e97c644fa9f6,e0df136a-d4b1-4860-9422-4038962babe4,973e268e-d181-4d98-9d05-29be4fb54986,1633859835486,13.4321478,52.4950158,5.923979,-3.748958,8.322274,-7.4999523,on bike mount,cyclo cross,True,sett,intermediate
1fcf81f2-b692-47a9-9e31-e97c644fa9f6,e0df136a-d4b1-4860-9422-4038962babe4,eaa1b1a1-9e4b-4008-b671-d26636a81bd0,1633859835536,13.4321478,52.4950158,5.923979,-1.9327561,-16.993393,17.89272,on bike mount,cyclo cross,True,sett,intermediate
1fcf81f2-b692-47a9-9e31-e97c644fa9f6,e0df136a-d4b1-4860-9422-4038962babe4,c7a8d8a0-b84f-437d-bfce-d9cfd34422ff,1633859835602,13.4321478,52.4950158,5.923979,0.03546995,12.132404,-25.815628,on bike mount,cyclo cross,True,sett,intermediate
1fcf81f2-b692-47a9-9e31-e97c644fa9f6,e0df136a-d4b1-4860-9422-4038962babe4,00beb13c-414a-4ffe-baaf-3550a2181e6e,1633859835653,13.4321478,52.4950158,5.923979,-3.8725681,14.413333,18.038532,on bike mount,cyclo cross,True,sett,intermediate
1fcf81f2-b692-47a9-9e31-e97c644fa9f6,e0df136a-d4b1-4860-9422-4038962babe4,1f9d3811-9770-4585-b858-8da67b1db305,1633859835719,13.4321478,52.4950158,5.923979,-0.9630517,-0.48472214,13.916197,on bike mount,cyclo cross,True,sett,intermediate
1fcf81f2-b692-47a9-9e31-e97c644fa9f6,e0df136a-d4b1-4860-9422-4038962babe4,0b2dfb21-d311-4ccc-b8a2-0adc06dd30d5,1633859835769,13.4321478,52.4950158,5.923979,-3.64703,-16.735016,10.139894,on bike mount,cyclo cross,True,sett,intermediate
1fcf81f2-b692-47a9-9e31-e97c644fa9f6,e0df136a-d4b1-4860-9422-4038962babe4,8aabc53a-6335-40d8-a138-c9c884b69da7,1633859835819,13.4321478,52.4950158,5.923979,-0.34093705,-1.4411848,8.326738,on bike mount,cyclo cross,True,sett,intermediate
1fcf81f2-b692-47a9-9e31-e97c644fa9f6,e0df136a-d4b1-4860-9422-4038962babe4,d8813e3d-1c0a-46f2-843b-dbe385f58b33,1633859835870,13.4321478,52.4950158,5.923979,1.7151355,23.256243,-23.571878,on bike mount,cyclo cross,True,sett,intermediate
1fcf81f2-b692-47a9-9e31-e97c644fa9f6,e0df136a-d4b1-4860-9422-4038962babe4,88e0d9bf-bf12-4a2e-85bb-263938eef5da,1633859835936,13.4322348,52.4949953,6.10058,5.413952,16.595335,-11.87389,on bike mount,cyclo cross,True,sett,intermediate
1fcf81f2-b692-47a9-9e31-e97c644fa9f6,e0df136a-d4b1-4860-9422-4038962babe4,104100eb-8ee5-43b1-891c-a88065dd1102,1633859836003,13.4322348,52.4949953,6.10058,4.0360107,0.22389984,31.136312,on bike mount,cyclo cross,True,sett,intermediate
1fcf81f2-b692-47a9-9e31-e97c644fa9f6,e0df136a-d4b1-4860-9422-4038962babe4,c54e4d3a-0e65-4b42-ab01-87a53549d011,1633859836070,13.4322348,52.4949953,6.10058,-10.734056,38.956367,-10.518856,on bike mount,cyclo cross,True,sett,intermediate
1fcf81f2-b692-47a9-9e31-e97c644fa9f6,e0df136a-d4b1-4860-9422-4038962babe4,169e9a3a-9a05-4a5b-a66e-6916f9465b85,1633859836137,13.4322348,52.4949953,6.10058,-0.33192283,-4.0023127,9.170025,on bike mount,cyclo cross,True,sett,intermediate
1fcf81f2-b692-47a9-9e31-e97c644fa9f6,e0df136a-d4b1-4860-9422-4038962babe4,04b293c6-efd3-4aaa-82de-cdf245dfe37c,1633859836187,13.4322348,52.4949953,6.10058,0.80543387,-12.39772,13.600304,on bike mount,cyclo cross,True,sett,intermediate
1fcf81f2-b692-47a9-9e31-e97c644fa9f6,e0df136a-d4b1-4860-9422-4038962babe4,c9e7b7be-be73-41de-bfbf-d1d7970a484e,1633859836254,13.4322348,52.4949953,6.10058,-1.16128,-7.7934413,40.118587,on bike mount,cyclo cross,True,sett,intermediate
1fcf81f2-b692-47a9-9e31-e97c644fa9f6,e0df136a-d4b1-4860-9422-4038962babe4,f35b1ba5-9995-4a9e-816f-5c5329a0d964,1633859836321,13.4322348,52.4949953,6.10058,0.10546556,-5.2109237,49.984016,on bike mount,cyclo cross,True,sett,intermediate
1fcf81f2-b692-47a9-9e31-e97c644fa9f6,e0df136a-d4b1-4860-9422-4038962babe4,d04443b5-e97c-4ad0-820e-d9f7792d1f26,1633859836387,13.4322348,52.4949953,6.10058,5.941827,-9.927066,4.7588634,on bike mount,cyclo cross,True,sett,intermediate
1fcf81f2-b692-47a9-9e31-e97c644fa9f6,e0df136a-d4b1-4860-9422-4038962babe4,99afee45-4c87-44b4-90b6-c7f1ba45d20c,1633859836438,13.4322348,52.4949953,6.10058,-2.4181938,15.47699,11.269463,on bike mount,cyclo cross,True,sett,intermediate
1fcf81f2-b692-47a9-9e31-e97c644fa9f6,e0df136a-d4b1-4860-9422-4038962babe4,d33cef16-ce84-4177-a413-59e76fdfee64,1633859836487,13.4322348,52.4949953,6.10058,2.2060297,-14.189345,12.282914,on bike mount,cyclo cross,True,sett,intermediate
1fcf81f2-b692-47a9-9e31-e97c644fa9f6,e0df136a-d4b1-4860-9422-4038962babe4,73344943-c302-464c-9a43-eb97c4775329,1633859836538,13.4322348,52.4949953,6.10058,3.67445,-8.028961,8.005346,on bike mount,cyclo cross,True,sett,intermediate
1fcf81f2-b692-47a9-9e31-e97c644fa9f6,e0df136a-d4b1-4860-9422-4038962babe4,35aaab04-9efb-487e-b461-66c0be7fdf23,1633859836588,13.4322348,52.4949953,6.10058,-0.27760893,-11.414409,-22.712997,on bike mount,cyclo cross,True,sett,intermediate
1fcf81f2-b692-47a9-9e31-e97c644fa9f6,e0df136a-d4b1-4860-9422-4038962babe4,dc4426a7-9128-4c32-9796-515162f0bafa,1633859836638,13.4322348,52.4949953,6.10058,1.4733407,-9.01885,3.9822617,on bike mount,cyclo cross,True,sett,intermediate
1fcf81f2-b692-47a9-9e31-e97c644fa9f6,e0df136a-d4b1-4860-9422-4038962babe4,1cb0cf47-a9e6-4bd4-8d17-eec8e968db0b,1633859836705,13.4322348,52.4949953,6.10058,2.4612439,-19.511412,10.763468,on bike mount,cyclo cross,True,sett,intermediate
1fcf81f2-b692-47a9-9e31-e97c644fa9f6,e0df136a-d4b1-4860-9422-4038962babe4,d3ba3e77-9a65-4184-9d36-f427584c41e7,1633859836754,13.4322348,52.4949953,6.10058,0.9744045,-4.842742,-19.869694,on bike mount,cyclo cross,True,sett,intermediate
1fcf81f2-b692-47a9-9e31-e97c644fa9f6,e0df136a-d4b1-4860-9422-4038962babe4,effdfb15-4f84-4f15-a166-ecbc06e0f6c7,1633859836805,13.4322348,52.4949953,6.10058,3.1639159,-27.919868,6.299803,on bike mount,cyclo cross,True,sett,intermediate
1fcf81f2-b692-47a9-9e31-e97c644fa9f6,e0df136a-d4b1-4860-9422-4038962babe4,bb47c2ba-052d-4158-9d1a-61b684fc3273,1633859836872,13.4322348,52.4949953,6.10058,-0.54866767,-24.380562,21.599121,on bike mount,cyclo cross,True,sett,intermediate
1fcf81f2-b692-47a9-9e31-e97c644fa9f6,e0df136a-d4b1-4860-9422-4038962babe4,781cee9b-20bd-42b5-9ec4-acc953396763,1633859836921,13.4323179,52.4949824,6.220288,-0.58827305,-14.061305,-13.432357,on bike mount,cyclo cross,True,sett,intermediate
1fcf81f2-b692-47a9-9e31-e97c644fa9f6,e0df136a-d4b1-4860-9422-4038962babe4,0a65b322-14e4-4eea-bd26-6f9a87014954,1633859836972,13.4323179,52.4949824,6.220288,-1.4841213,-5.7925696,4.660717,on bike mount,cyclo cross,True,sett,intermediate
1fcf81f2-b692-47a9-9e31-e97c644fa9f6,e0df136a-d4b1-4860-9422-4038962babe4,8d22d2ee-450f-4f01-a169-df534d91cc94,1633859837021,13.4323179,52.4949824,6.220288,-0.3745688,-7.4545946,-8.280418,on bike mount,cyclo cross,True,sett,intermediate
1fcf81f2-b692-47a9-9e31-e97c644fa9f6,e0df136a-d4b1-4860-9422-4038962babe4,81222200-2a5e-4538-9009-2522022e7d8c,1633859837072,13.4323179,52.4949824,6.220288,5.5098677,-15.3962345,-7.0021076,on bike mount,cyclo cross,True,sett,intermediate
1fcf81f2-b692-47a9-9e31-e97c644fa9f6,e0df136a-d4b1-4860-9422-4038962babe4,50f51a19-ff1d-4329-b4ca-986ce7aa9aac,1633859837138,13.4323179,52.4949824,6.220288,-1.998147,6.0139065,11.7984085,on bike mount,cyclo cross,True,sett,intermediate
1fcf81f2-b692-47a9-9e31-e97c644fa9f6,e0df136a-d4b1-4860-9422-4038962babe4,5b36d927-e030-4cd6-99c9-069da888470a,1633859837189,13.4323179,52.4949824,6.220288,-0.59850335,-25.18893,5.6647415,on bike mount,cyclo cross,True,sett,intermediate
1fcf81f2-b692-47a9-9e31-e97c644fa9f6,e0df136a-d4b1-4860-9422-4038962babe4,ae33f860-ed19-40f0-8fce-572635fb83df,1633859837256,13.4323179,52.4949824,6.220288,1.5432078,-5.7518997,37.002884,on bike mount,cyclo cross,True,sett,intermediate
1fcf81f2-b692-47a9-9e31-e97c644fa9f6,e0df136a-d4b1-4860-9422-4038962babe4,807e124a-2025-4d15-ab9a-07ce6ff6b36a,1633859837323,13.4323179,52.4949824,6.220288,2.1414592,10.343119,13.741365,on bike mount,cyclo cross,True,sett,intermediate
1fcf81f2-b692-47a9-9e31-e97c644fa9f6,e0df136a-d4b1-4860-9422-4038962babe4,d6db585e-7261-48ee-97c8-369dc8509ae0,1633859837372,13.4323179,52.4949824,6.220288,-0.4640919,30.544,-14.880991,on bike mount,cyclo cross,True,sett,intermediate
1fcf81f2-b692-47a9-9e31-e97c644fa9f6,e0df136a-d4b1-4860-9422-4038962babe4,111694f0-9faf-45e2-9b74-9c883c488e9b,1633859837422,13.4323179,52.4949824,6.220288,3.6290107,18.873846,-9.728433,on bike mount,cyclo cross,True,sett,intermediate
1fcf81f2-b692-47a9-9e31-e97c644fa9f6,e0df136a-d4b1-4860-9422-4038962babe4,93fec2c2-990a-4369-ac0c-be6ba1576d67,1633859837473,13.4323179,52.4949824,6.220288,0.0046554357,-6.8103657,-3.719264,on bike mount,cyclo cross,True,sett,intermediate
1fcf81f2-b692-47a9-9e31-e97c644fa9f6,e0df136a-d4b1-4860-9422-4038962babe4,e21f376b-8ede-459c-9680-9041397c9ef6,1633859837540,13.4323179,52.4949824,6.220288,4.3534613,-27.005753,8.085624,on bike mount,cyclo cross,True,sett,intermediate
1fcf81f2-b692-47a9-9e31-e97c644fa9f6,e0df136a-d4b1-4860-9422-4038962babe4,81178344-677c-4f6f-bb88-eb19be820fc4,1633859837590,13.4323179,52.4949824,6.220288,2.434003,27.44805,-9.792699,on bike mount,cyclo cross,True,sett,intermediate
1fcf81f2-b692-47a9-9e31-e97c644fa9f6,e0df136a-d4b1-4860-9422-4038962babe4,159451db-1047-435b-878f-a20e2adbdf13,1633859837640,13.4323179,52.4949824,6.220288,-0.49890804,-5.055004,0.4053669,on bike mount,cyclo cross,True,sett,intermediate
1fcf81f2-b692-47a9-9e31-e97c644fa9f6,e0df136a-d4b1-4860-9422-4038962babe4,15fcf720-df97-488a-9afa-73cb086f8450,1633859837690,13.4323179,52.4949824,6.220288,0.6909927,7.768341,5.2566853,on bike mount,cyclo cross,True,sett,intermediate
1fcf81f2-b692-47a9-9e31-e97c644fa9f6,e0df136a-d4b1-4860-9422-4038962babe4,e42e2460-ae20-4997-8fbf-cde5fdf3861e,1633859837757,13.4323179,52.4949824,6.220288,0.30893832,4.378794,8.082953,on bike mount,cyclo cross,True,sett,intermediate
1fcf81f2-b692-47a9-9e31-e97c644fa9f6,e0df136a-d4b1-4860-9422-4038962babe4,7755f8c4-29e3-4cbb-92a4-503f53058cf8,1633859837824,13.4323179,52.4949824,6.220288,1.1993408,-2.4112585,-4.7464294,on bike mount,cyclo cross,True,sett,intermediate
1fcf81f2-b692-47a9-9e31-e97c644fa9f6,e0df136a-d4b1-4860-9422-4038962babe4,16b0039b-c682-44f8-a4a0-29ca8ebd4cae,1633859837874,13.4323179,52.4949824,6.220288,-0.0830248,0.265949,-2.735022,on bike mount,cyclo cross,True,sett,intermediate
1fcf81f2-b692-47a9-9e31-e97c644fa9f6,e0df136a-d4b1-4860-9422-4038962babe4,7291b9fe-0450-40c6-9c6c-d2bbd3fb8375,1633859837923,13.4323925,52.4949589,5.8288035,0.2538018,-0.28902316,14.538593,on bike mount,cyclo cross,True,sett,intermediate
1fcf81f2-b692-47a9-9e31-e97c644fa9f6,e0df136a-d4b1-4860-9422-4038962babe4,c369c73e-c7b6-480f-a037-e68df4333daf,1633859837973,13.4323925,52.4949589,5.8288035,-1.7261406,0.5087247,15.358473,on bike mount,cyclo cross,True,sett,intermediate
1fcf81f2-b692-47a9-9e31-e97c644fa9f6,e0df136a-d4b1-4860-9422-4038962babe4,eaa889fd-5ded-4def-ba14-1a138a722dcc,1633859838024,13.4323925,52.4949589,5.8288035,4.434064,8.9865055,-10.957681,on bike mount,cyclo cross,True,sett,intermediate
1fcf81f2-b692-47a9-9e31-e97c644fa9f6,e0df136a-d4b1-4860-9422-4038962babe4,e99e01a2-06f1-4c7c-bfa1-a32b19a2ae81,1633859838091,13.4323925,52.4949589,5.8288035,2.2494965,-0.28049207,-23.988705,on bike mount,cyclo cross,True,sett,intermediate
1fcf81f2-b692-47a9-9e31-e97c644fa9f6,e0df136a-d4b1-4860-9422-4038962babe4,5b051508-579f-433b-aa2b-bb4062bdee31,1633859838141,13.4323925,52.4949589,5.8288035,0.13058406,-8.67075,-11.192379,on bike mount,cyclo cross,True,sett,intermediate
1fcf81f2-b692-47a9-9e31-e97c644fa9f6,e0df136a-d4b1-4860-9422-4038962babe4,63d4fbf0-00d5-4834-bdb7-c2465337d161,1633859838208,13.4323925,52.4949589,5.8288035,-7.6603003,11.568548,19.230087,on bike mount,cyclo cross,True,sett,intermediate
1fcf81f2-b692-47a9-9e31-e97c644fa9f6,e0df136a-d4b1-4860-9422-4038962babe4,25e6b332-43a4-4cd5-b152-d1c218eada2e,1633859838274,13.4323925,52.4949589,5.8288035,5.422708,2.1328182,20.182663,on bike mount,cyclo cross,True,sett,intermediate
1fcf81f2-b692-47a9-9e31-e97c644fa9f6,e0df136a-d4b1-4860-9422-4038962babe4,7bfc812d-ba58-416c-9804-0218f04fdf01,1633859838324,13.4323925,52.4949589,5.8288035,1.3478305,-7.011697,-7.920434,on bike mount,cyclo cross,True,sett,intermediate
1fcf81f2-b692-47a9-9e31-e97c644fa9f6,e0df136a-d4b1-4860-9422-4038962babe4,50ebd71e-2aed-410a-8056-0edad62ae064,1633859838375,13.4323925,52.4949589,5.8288035,4.168418,-55.432953,-11.776794,on bike mount,cyclo cross,True,sett,intermediate
1fcf81f2-b692-47a9-9e31-e97c644fa9f6,e0df136a-d4b1-4860-9422-4038962babe4,22af8760-f173-4ced-8841-9c5177dcbc73,1633859838442,13.4323925,52.4949589,5.8288035,0.9670559,8.61063,-10.974084,on bike mount,cyclo cross,True,sett,intermediate
1fcf81f2-b692-47a9-9e31-e97c644fa9f6,e0df136a-d4b1-4860-9422-4038962babe4,0b3dfb45-51f2-47e4-9701-547d356e9ad7,1633859838508,13.4323925,52.4949589,5.8288035,-0.6004926,-4.456106,3.726551,on bike mount,cyclo cross,True,sett,intermediate
1fcf81f2-b692-47a9-9e31-e97c644fa9f6,e0df136a-d4b1-4860-9422-4038962babe4,2cc6b319-779c-40a6-8511-ee052442a4a1,1633859838575,13.4323925,52.4949589,5.8288035,6.321502,-9.789622,26.99899,on bike mount,cyclo cross,True,sett,intermediate
1fcf81f2-b692-47a9-9e31-e97c644fa9f6,e0df136a-d4b1-4860-9422-4038962babe4,ca7fddf6-f223-46e2-928f-5d4c5640ea1b,1633859838642,13.4323925,52.4949589,5.8288035,-1.2137243,-15.165109,14.587059,on bike mount,cyclo cross,True,sett,intermediate
1fcf81f2-b692-47a9-9e31-e97c644fa9f6,e0df136a-d4b1-4860-9422-4038962babe4,507cf684-5584-4336-afd5-e59e0eca58e3,1633859838709,13.4323925,52.4949589,5.8288035,-0.3459081,-18.565258,18.445034,on bike mount,cyclo cross,True,sett,intermediate
1fcf81f2-b692-47a9-9e31-e97c644fa9f6,e0df136a-d4b1-4860-9422-4038962babe4,52e210d9-a0c7-49c3-9ba7-354624ad2922,1633859838759,13.4323925,52.4949589,5.8288035,5.920315,-30.38446,1.1963644,on bike mount,cyclo cross,True,sett,intermediate
1fcf81f2-b692-47a9-9e31-e97c644fa9f6,e0df136a-d4b1-4860-9422-4038962babe4,c60e37eb-ba97-41c2-b492-171c7a55e48d,1633859838826,13.4323925,52.4949589,5.8288035,-5.7212133,18.239449,-8.049966,on bike mount,cyclo cross,True,sett,intermediate
1fcf81f2-b692-47a9-9e31-e97c644fa9f6,e0df136a-d4b1-4860-9422-4038962babe4,b987bfa6-74dc-4c61-bc1f-f5b4bac8fee7,1633859838876,13.4323925,52.4949589,5.8288035,7.876836,-13.971989,6.35478,on bike mount,cyclo cross,True,sett,intermediate
1fcf81f2-b692-47a9-9e31-e97c644fa9f6,e0df136a-d4b1-4860-9422-4038962babe4,5c2099c1-7c1b-4375-a4f6-29b3b92bbbc5,1633859838942,13.4324653,52.4949406,5.116299,-3.8217502,-44.554462,-4.430296,on bike mount,cyclo cross,True,sett,intermediate
1fcf81f2-b692-47a9-9e31-e97c644fa9f6,e0df136a-d4b1-4860-9422-4038962babe4,463eb883-0e17-46ac-acfb-47c5ca2f4638,1633859838992,13.4324653,52.4949406,5.116299,1.3243207,-12.598662,15.687855,on bike mount,cyclo cross,True,sett,intermediate
1fcf81f2-b692-47a9-9e31-e97c644fa9f6,e0df136a-d4b1-4860-9422-4038962babe4,8b50772a-791d-4b64-b03d-85724f5b5d2e,1633859839042,13.4324653,52.4949406,5.116299,-4.510768,-3.4401019,10.81666,on bike mount,cyclo cross,True,sett,intermediate
1fcf81f2-b692-47a9-9e31-e97c644fa9f6,e0df136a-d4b1-4860-9422-4038962babe4,4f4c3d70-7ca4-4793-bda7-007b3d3bfd8b,1633859839093,13.4324653,52.4949406,5.116299,-0.68313324,-1.1726937,-0.15748692,on bike mount,cyclo cross,True,sett,intermediate
1fcf81f2-b692-47a9-9e31-e97c644fa9f6,e0df136a-d4b1-4860-9422-4038962babe4,c25de115-ab12-439a-80b6-24eb4025d502,1633859839143,13.4324653,52.4949406,5.116299,-2.1111333,-6.2222986,2.225871,on bike mount,cyclo cross,True,sett,intermediate
1fcf81f2-b692-47a9-9e31-e97c644fa9f6,e0df136a-d4b1-4860-9422-4038962babe4,7c7281fe-0775-44ac-b823-e03c1e8c4df7,1633859839209,13.4324653,52.4949406,5.116299,-3.6489453,-7.08556,-8.085781,on bike mount,cyclo cross,True,sett,intermediate
1fcf81f2-b692-47a9-9e31-e97c644fa9f6,e0df136a-d4b1-4860-9422-4038962babe4,cca40776-103d-4ad7-a5ca-bbac50545460,1633859839260,13.4324653,52.4949406,5.116299,2.3916519,6.8739214,-6.4293866,on bike mount,cyclo cross,True,sett,intermediate
1fcf81f2-b692-47a9-9e31-e97c644fa9f6,e0df136a-d4b1-4860-9422-4038962babe4,bb018e38-ab74-4ea8-83e1-f04b7870a969,1633859839310,13.4324653,52.4949406,5.116299,0.5328684,-7.283976,-0.51027393,on bike mount,cyclo cross,True,sett,intermediate
1fcf81f2-b692-47a9-9e31-e97c644fa9f6,e0df136a-d4b1-4860-9422-4038962babe4,2832228d-c00d-43a0-a9b0-50462f264403,1633859839377,13.4324653,52.4949406,5.116299,-5.339839,2.7293558,20.097977,on bike mount,cyclo cross,True,sett,intermediate
1fcf81f2-b692-47a9-9e31-e97c644fa9f6,e0df136a-d4b1-4860-9422-4038962babe4,423f6b6d-19b4-4333-8e6d-27f82206cd1f,1633859839426,13.4324653,52.4949406,5.116299,-5.4073234,-13.382011,21.381775,on bike mount,cyclo cross,True,sett,intermediate
1fcf81f2-b692-47a9-9e31-e97c644fa9f6,e0df136a-d4b1-4860-9422-4038962babe4,b814c7f1-b28f-4f14-9d6e-1c194dbfe191,1633859839493,13.4324653,52.4949406,5.116299,1.2782859,-7.5508537,15.079081,on bike mount,cyclo cross,True,sett,intermediate
1fcf81f2-b692-47a9-9e31-e97c644fa9f6,e0df136a-d4b1-4860-9422-4038962babe4,27929d86-9ab4-446d-befd-1568e3301fa8,1633859839544,13.4324653,52.4949406,5.116299,1.979118,-19.802198,24.384365,on bike mount,cyclo cross,True,sett,intermediate
1fcf81f2-b692-47a9-9e31-e97c644fa9f6,e0df136a-d4b1-4860-9422-4038962babe4,8ebe8ba1-8166-41c0-8f03-ae656d0f4cc4,1633859839610,13.4324653,52.4949406,5.116299,0.79322684,-18.030748,10.3727,on bike mount,cyclo cross,True,sett,intermediate
1fcf81f2-b692-47a9-9e31-e97c644fa9f6,e0df136a-d4b1-4860-9422-4038962babe4,f2a98d80-e9c9-4f2f-ab7a-7905925082e7,1633859839660,13.4324653,52.4949406,5.116299,9.727865,6.9433756,5.449621,on bike mount,cyclo cross,True,sett,intermediate
1fcf81f2-b692-47a9-9e31-e97c644fa9f6,e0df136a-d4b1-4860-9422-4038962babe4,4c88daa7-4f39-409f-b865-3ac7c55eecae,1633859839711,13.4324653,52.4949406,5.116299,-2.1510887,-6.6013355,2.5640945,on bike mount,cyclo cross,True,sett,intermediate
1fcf81f2-b692-47a9-9e31-e97c644fa9f6,e0df136a-d4b1-4860-9422-4038962babe4,5fff58b2-a03b-467a-9628-52d3c5687214,1633859839761,13.4324653,52.4949406,5.116299,0.37457293,2.2426057,-0.3368473,on bike mount,cyclo cross,True,sett,intermediate
1fcf81f2-b692-47a9-9e31-e97c644fa9f6,e0df136a-d4b1-4860-9422-4038962babe4,b11df421-54bd-43f7-a452-fd7e1508f9dc,1633859839811,13.4324653,52.4949406,5.116299,0.32121277,4.4087477,-14.413784,on bike mount,cyclo cross,True,sett,intermediate
1fcf81f2-b692-47a9-9e31-e97c644fa9f6,e0df136a-d4b1-4860-9422-4038962babe4,c12713cf-482d-4d67-95bd-ed47eb739432,1633859839878,13.4324653,52.4949406,5.116299,0.15275383,-6.524645,6.4547367,on bike mount,cyclo cross,True,sett,intermediate
1fcf81f2-b692-47a9-9e31-e97c644fa9f6,e0df136a-d4b1-4860-9422-4038962babe4,386fd97b-027f-46bf-ad7a-7ea7e5740776,1633859839944,13.4325233,52.4949262,5.3217936,2.0034213,-8.076426,6.6421366,on bike mount,cyclo cross,True,sett,intermediate
1fcf81f2-b692-47a9-9e31-e97c644fa9f6,e0df136a-d4b1-4860-9422-4038962babe4,772dc150-c156-4581-8885-3fc60e3efbf6,1633859839994,13.4325233,52.4949262,5.3217936,7.628523,-3.6564662,12.04093,on bike mount,cyclo cross,True,sett,intermediate
1fcf81f2-b692-47a9-9e31-e97c644fa9f6,e0df136a-d4b1-4860-9422-4038962babe4,4d4b059d-d54d-4ab1-9638-aa1a1eba659b,1633859840044,13.4325233,52.4949262,5.3217936,2.9276662,-27.059475,5.4372444,on bike mount,cyclo cross,True,sett,intermediate
1fcf81f2-b692-47a9-9e31-e97c644fa9f6,e0df136a-d4b1-4860-9422-4038962babe4,acf33cf6-3820-487a-a6cd-01032ae3f217,1633859840095,13.4325233,52.4949262,5.3217936,0.4208964,17.651276,-1.9518905,on bike mount,cyclo cross,True,sett,intermediate
1fcf81f2-b692-47a9-9e31-e97c644fa9f6,e0df136a-d4b1-4860-9422-4038962babe4,e7e8a633-9ad5-427e-b7c3-1c821db9b24f,1633859840161,13.4325233,52.4949262,5.3217936,-0.2790745,6.6782107,-1.1616416,on bike mount,cyclo cross,True,sett,intermediate
1fcf81f2-b692-47a9-9e31-e97c644fa9f6,e0df136a-d4b1-4860-9422-4038962babe4,079ed778-0826-4871-8752-a5fb5a13dda5,1633859840211,13.4325233,52.4949262,5.3217936,-0.4255595,7.79307,-14.066685,on bike mount,cyclo cross,True,sett,intermediate
1fcf81f2-b692-47a9-9e31-e97c644fa9f6,e0df136a-d4b1-4860-9422-4038962babe4,a1e4797a-8f1c-4032-8caf-6056bf8ed5ee,1633859840261,13.4325233,52.4949262,5.3217936,-3.029235,-1.2275522,2.9387407,on bike mount,cyclo cross,True,sett,intermediate
1fcf81f2-b692-47a9-9e31-e97c644fa9f6,e0df136a-d4b1-4860-9422-4038962babe4,3bdf3020-1d59-4e9e-b987-36fbdde7ca4a,1633859840312,13.4325233,52.4949262,5.3217936,0.58084947,-7.449534,8.55463,on bike mount,cyclo cross,True,sett,intermediate
1fcf81f2-b692-47a9-9e31-e97c644fa9f6,e0df136a-d4b1-4860-9422-4038962babe4,0ea6e45c-ac21-46b7-8aae-883ff07a6e7b,1633859840378,13.4325233,52.4949262,5.3217936,2.2052388,7.0852604,-12.231871,on bike mount,cyclo cross,True,sett,intermediate
1fcf81f2-b692-47a9-9e31-e97c644fa9f6,e0df136a-d4b1-4860-9422-4038962babe4,e8fde52f-9212-44b7-a5d5-b78b8b10f94b,1633859840429,13.4325233,52.4949262,5.3217936,-3.3045502,-5.19448,19.854269,on bike mount,cyclo cross,True,sett,intermediate
1fcf81f2-b692-47a9-9e31-e97c644fa9f6,e0df136a-d4b1-4860-9422-4038962babe4,e453ca60-9ca6-4f1c-a765-53ef4a0af6f5,1633859840495,13.4325233,52.4949262,5.3217936,9.629396,-55.7949,28.895031,on bike mount,cyclo cross,True,sett,intermediate
1fcf81f2-b692-47a9-9e31-e97c644fa9f6,e0df136a-d4b1-4860-9422-4038962babe4,c05b0b7b-e4b3-4885-b1cd-43650ad5a0dd,1633859840545,13.4325233,52.4949262,5.3217936,10.956214,-63.541687,31.382431,on bike mount,cyclo cross,True,sett,intermediate
1fcf81f2-b692-47a9-9e31-e97c644fa9f6,e0df136a-d4b1-4860-9422-4038962babe4,e0db705d-45d9-4edb-a8f4-f4b2a48fe0d5,1633859840596,13.4325233,52.4949262,5.3217936,3.4125268,-9.924027,21.641766,on bike mount,cyclo cross,True,sett,intermediate
1fcf81f2-b692-47a9-9e31-e97c644fa9f6,e0df136a-d4b1-4860-9422-4038962babe4,1c4583cc-688a-4855-a5f4-8f0ed9f25eee,1633859840663,13.4325233,52.4949262,5.3217936,6.503085,2.1932304,3.3843355,on bike mount,cyclo cross,True,sett,intermediate
1fcf81f2-b692-47a9-9e31-e97c644fa9f6,e0df136a-d4b1-4860-9422-4038962babe4,ad9d95e6-6a54-458c-b1db-ce0105242e7c,1633859840729,13.4325233,52.4949262,5.3217936,-6.44739,17.524591,-11.325173,on bike mount,cyclo cross,True,sett,intermediate
1fcf81f2-b692-47a9-9e31-e97c644fa9f6,e0df136a-d4b1-4860-9422-4038962babe4,2da1cb04-2fec-48d4-aa2c-63c8959477f9,1633859840779,13.4325233,52.4949262,5.3217936,-1.3574897,7.1083555,-14.112355,on bike mount,cyclo cross,True,sett,intermediate
1fcf81f2-b692-47a9-9e31-e97c644fa9f6,e0df136a-d4b1-4860-9422-4038962babe4,86dc8b19-089d-4886-a945-24d974d5eb4d,1633859840829,13.4325233,52.4949262,5.3217936,-0.18987712,-1.9551232,-25.283758,on bike mount,cyclo cross,True,sett,intermediate
1fcf81f2-b692-47a9-9e31-e97c644fa9f6,e0df136a-d4b1-4860-9422-4038962babe4,ae6d1b35-c9a7-497f-ab96-6901ff9484ed,1633859840880,13.4325233,52.4949262,5.3217936,-2.3945673,-2.9318583,7.553131,on bike mount,cyclo cross,True,sett,intermediate
1fcf81f2-b692-47a9-9e31-e97c644fa9f6,e0df136a-d4b1-4860-9422-4038962babe4,1a897cf5-b4d2-41af-bd73-98adffd637a2,1633859840946,13.432609,52.4949042,5.6856737,-15.851585,22.530424,-19.886395,on bike mount,cyclo cross,True,sett,intermediate
1fcf81f2-b692-47a9-9e31-e97c644fa9f6,e0df136a-d4b1-4860-9422-4038962babe4,7138cafd-8f06-4bbd-a6ea-e8e701e69e00,1633859841013,13.432609,52.4949042,5.6856737,-4.9406066,16.046429,1.3852944,on bike mount,cyclo cross,True,sett,intermediate
1fcf81f2-b692-47a9-9e31-e97c644fa9f6,e0df136a-d4b1-4860-9422-4038962babe4,8aba1151-23b3-46e1-9f28-47b884c071fa,1633859841080,13.432609,52.4949042,5.6856737,3.0754414,10.371666,2.3657665,on bike mount,cyclo cross,True,sett,intermediate
1fcf81f2-b692-47a9-9e31-e97c644fa9f6,e0df136a-d4b1-4860-9422-4038962babe4,b262c879-55bf-4a85-bd1d-1e1cfff1ac23,1633859841147,13.432609,52.4949042,5.6856737,1.8357366,-48.189037,2.8463688,on bike mount,cyclo cross,True,sett,intermediate
1fcf81f2-b692-47a9-9e31-e97c644fa9f6,e0df136a-d4b1-4860-9422-4038962babe4,e4206700-a0bd-4dad-bbc4-253276bce4b5,1633859841213,13.432609,52.4949042,5.6856737,3.8660328,9.336121,18.059336,on bike mount,cyclo cross,True,sett,intermediate
1fcf81f2-b692-47a9-9e31-e97c644fa9f6,e0df136a-d4b1-4860-9422-4038962babe4,8463480c-1f14-4189-9139-949d733fd541,1633859841264,13.432609,52.4949042,5.6856737,0.7461302,-8.509885,12.182032,on bike mount,cyclo cross,True,sett,intermediate
1fcf81f2-b692-47a9-9e31-e97c644fa9f6,e0df136a-d4b1-4860-9422-4038962babe4,ec270a12-3b79-45aa-8e4c-259b89474f4d,1633859841314,13.432609,52.4949042,5.6856737,0.1545311,-0.060467243,2.0571246,on bike mount,cyclo cross,True,sett,intermediate
1fcf81f2-b692-47a9-9e31-e97c644fa9f6,e0df136a-d4b1-4860-9422-4038962babe4,2d34178a-7876-4c08-b82c-a8ff848f7c64,1633859841364,13.432609,52.4949042,5.6856737,1.8519207,3.4457316,6.463749,on bike mount,cyclo cross,True,sett,intermediate
1fcf81f2-b692-47a9-9e31-e97c644fa9f6,e0df136a-d4b1-4860-9422-4038962babe4,423148a4-6279-4116-9d4f-727be5cb5ec7,1633859841431,13.432609,52.4949042,5.6856737,0.96540576,-1.2887578,14.444948,on bike mount,cyclo cross,True,sett,intermediate
1fcf81f2-b692-47a9-9e31-e97c644fa9f6,e0df136a-d4b1-4860-9422-4038962babe4,8162cfbd-f017-4064-b734-4f5159f69968,1633859841498,13.432609,52.4949042,5.6856737,-5.5991793,6.3262053,10.945537,on bike mount,cyclo cross,True,sett,intermediate
1fcf81f2-b692-47a9-9e31-e97c644fa9f6,e0df136a-d4b1-4860-9422-4038962babe4,4d7de0cd-aa78-417f-af0c-c8a271db855b,1633859841548,13.432609,52.4949042,5.6856737,0.98992515,-9.765828,15.607502,on bike mount,cyclo cross,True,sett,intermediate
1fcf81f2-b692-47a9-9e31-e97c644fa9f6,e0df136a-d4b1-4860-9422-4038962babe4,062f3bc1-1444-4ce1-9fd2-1f1269611008,1633859841598,13.432609,52.4949042,5.6856737,1.0189247,-4.9614563,20.41639,on bike mount,cyclo cross,True,sett,intermediate
1fcf81f2-b692-47a9-9e31-e97c644fa9f6,e0df136a-d4b1-4860-9422-4038962babe4,de1f59e9-a24b-436f-b839-8a866b051596,1633859841664,13.432609,52.4949042,5.6856737,5.7751207,14.646427,-29.604725,on bike mount,cyclo cross,True,sett,intermediate
1fcf81f2-b692-47a9-9e31-e97c644fa9f6,e0df136a-d4b1-4860-9422-4038962babe4,e634d0fa-c171-4b5a-ba50-6b8b9ba411b6,1633859841715,13.432609,52.4949042,5.6856737,-0.36771446,6.783723,-26.824234,on bike mount,cyclo cross,True,sett,intermediate
1fcf81f2-b692-47a9-9e31-e97c644fa9f6,e0df136a-d4b1-4860-9422-4038962babe4,cc0875ef-e8bc-460e-9d9c-fbe5ee763aaa,1633859841765,13.432609,52.4949042,5.6856737,7.1537323,-5.0177584,-13.187134,on bike mount,cyclo cross,True,sett,intermediate
1fcf81f2-b692-47a9-9e31-e97c644fa9f6,e0df136a-d4b1-4860-9422-4038962babe4,8da4b640-2dfa-4a61-9345-13a4955a9f94,1633859841831,13.432609,52.4949042,5.6856737,1.9956303,0.49898195,14.006399,on bike mount,cyclo cross,True,sett,intermediate
1fcf81f2-b692-47a9-9e31-e97c644fa9f6,e0df136a-d4b1-4860-9422-4038962babe4,6efcf2e6-16d3-42a3-8038-1f84c0d0fad5,1633859841882,13.432609,52.4949042,5.6856737,-0.4229052,-11.836678,2.1454754,on bike mount,cyclo cross,True,sett,intermediate
1fcf81f2-b692-47a9-9e31-e97c644fa9f6,e0df136a-d4b1-4860-9422-4038962babe4,02a46a7f-e426-49ca-bbd6-cdbbcfb01f77,1633859841948,13.4326939,52.494885,5.411444,3.4862478,-7.987631,-2.707827,on bike mount,cyclo cross,True,sett,intermediate
1fcf81f2-b692-47a9-9e31-e97c644fa9f6,e0df136a-d4b1-4860-9422-4038962babe4,d541be91-b61d-4cff-bc88-647afee77ff5,1633859842015,13.4326939,52.494885,5.411444,-0.7413269,10.098808,-10.076697,on bike mount,cyclo cross,True,sett,intermediate
1fcf81f2-b692-47a9-9e31-e97c644fa9f6,e0df136a-d4b1-4860-9422-4038962babe4,2a5ace7a-67e6-4581-a84e-9e7de7c6e68b,1633859842065,13.4326939,52.494885,5.411444,0.23911007,1.6779308,3.1257744,on bike mount,cyclo cross,True,sett,intermediate
1fcf81f2-b692-47a9-9e31-e97c644fa9f6,e0df136a-d4b1-4860-9422-4038962babe4,769862e4-4ea2-4c1a-a8f1-1ae834d54108,1633859842115,13.4326939,52.494885,5.411444,1.983352,-8.240141,-3.6991343,on bike mount,cyclo cross,True,sett,intermediate
1fcf81f2-b692-47a9-9e31-e97c644fa9f6,e0df136a-d4b1-4860-9422-4038962babe4,9cc2c218-fd37-4ffa-9e22-1992cfa53931,1633859842166,13.4326939,52.494885,5.411444,-7.2369328,11.48622,-15.058251,on bike mount,cyclo cross,True,sett,intermediate
1fcf81f2-b692-47a9-9e31-e97c644fa9f6,e0df136a-d4b1-4860-9422-4038962babe4,7d3eadf5-17e9-4c98-a375-d41c1b6018e8,1633859842216,13.4326939,52.494885,5.411444,-4.47744,16.748274,-27.461273,on bike mount,cyclo cross,True,sett,intermediate
1fcf81f2-b692-47a9-9e31-e97c644fa9f6,e0df136a-d4b1-4860-9422-4038962babe4,3812ed92-2ba5-45c1-a18f-4150721b679d,1633859842266,13.4326939,52.494885,5.411444,1.2519579,-3.0851955,10.269182,on bike mount,cyclo cross,True,sett,intermediate
1fcf81f2-b692-47a9-9e31-e97c644fa9f6,e0df136a-d4b1-4860-9422-4038962babe4,b7f61188-2701-4e68-a60a-99bec96de00c,1633859842332,13.4326939,52.494885,5.411444,-0.10347508,17.332222,10.524576,on bike mount,cyclo cross,True,sett,intermediate
1fcf81f2-b692-47a9-9e31-e97c644fa9f6,e0df136a-d4b1-4860-9422-4038962babe4,68102bc4-12c7-49ae-b60b-eb0369b6b1de,1633859842382,13.4326939,52.494885,5.411444,-2.7631674,-10.863743,16.092981,on bike mount,cyclo cross,True,sett,intermediate
1fcf81f2-b692-47a9-9e31-e97c644fa9f6,e0df136a-d4b1-4860-9422-4038962babe4,e904a611-bf61-4f6d-852d-8dd312aefa59,1633859842433,13.4326939,52.494885,5.411444,3.1706378,13.427777,-10.181614,on bike mount,cyclo cross,True,sett,intermediate
1fcf81f2-b692-47a9-9e31-e97c644fa9f6,e0df136a-d4b1-4860-9422-4038962babe4,27b62a56-8e3f-4e7c-b520-91ec5d29cc2f,1633859842483,13.4326939,52.494885,5.411444,-3.953968,-5.649397,14.222591,on bike mount,cyclo cross,True,sett,intermediate
1fcf81f2-b692-47a9-9e31-e97c644fa9f6,e0df136a-d4b1-4860-9422-4038962babe4,49bfbc6f-125f-40db-85a5-e5650c8b85a8,1633859842550,13.4326939,52.494885,5.411444,-3.2264223,-7.176241,-12.338203,on bike mount,cyclo cross,True,sett,intermediate
1fcf81f2-b692-47a9-9e31-e97c644fa9f6,e0df136a-d4b1-4860-9422-4038962babe4,eebf0a91-a993-4053-9033-54864d2aa906,1633859842600,13.4326939,52.494885,5.411444,0.29689538,-2.17485,-2.480761,on bike mount,cyclo cross,True,sett,intermediate
1fcf81f2-b692-47a9-9e31-e97c644fa9f6,e0df136a-d4b1-4860-9422-4038962babe4,13279350-e856-4114-98d0-fb3cf6db20de,1633859842650,13.4326939,52.494885,5.411444,4.285458,-5.4844975,10.148676,on bike mount,cyclo cross,True,sett,intermediate
1fcf81f2-b692-47a9-9e31-e97c644fa9f6,e0df136a-d4b1-4860-9422-4038962babe4,769c4d88-bea8-4320-9dce-e5679f6d3a47,1633859842717,13.4326939,52.494885,5.411444,-0.35684657,-1.8728018,1.0774441,on bike mount,cyclo cross,True,sett,intermediate
1fcf81f2-b692-47a9-9e31-e97c644fa9f6,e0df136a-d4b1-4860-9422-4038962babe4,d4824499-3453-48fb-be26-e9c2f2101bb3,1633859842783,13.4326939,52.494885,5.411444,0.23595318,-0.9791479,0.1303196,on bike mount,cyclo cross,True,sett,intermediate
1fcf81f2-b692-47a9-9e31-e97c644fa9f6,e0df136a-d4b1-4860-9422-4038962babe4,5eb3a1e7-18bc-4b1c-a78c-fc8c8fd3aacb,1633859842833,13.4326939,52.494885,5.411444,-5.0747833,3.5619678,-1.2993231,on bike mount,cyclo cross,True,sett,intermediate
1fcf81f2-b692-47a9-9e31-e97c644fa9f6,e0df136a-d4b1-4860-9422-4038962babe4,a5663516-8168-4503-bc58-de7c387494d9,1633859842884,13.4326939,52.494885,5.411444,3.3749926,-2.7582788,2.0567417,on bike mount,cyclo cross,True,sett,intermediate
1fcf81f2-b692-47a9-9e31-e97c644fa9f6,e0df136a-d4b1-4860-9422-4038962babe4,767c2e7d-6952-4495-aeac-d6e2e278715e,1633859842950,13.4327771,52.4948579,5.8081326,0.712101,0.5095906,0.20668316,on bike mount,cyclo cross,True,sett,intermediate
1fcf81f2-b692-47a9-9e31-e97c644fa9f6,e0df136a-d4b1-4860-9422-4038962babe4,39582cf3-de3b-42c4-8379-232001f329b4,1633859843017,13.4327771,52.4948579,5.8081326,1.0234938,-3.701552,1.1738319,on bike mount,cyclo cross,True,sett,intermediate
1fcf81f2-b692-47a9-9e31-e97c644fa9f6,e0df136a-d4b1-4860-9422-4038962babe4,14b24812-1642-4022-800e-097a570b86df,1633859843084,13.4327771,52.4948579,5.8081326,0.20430633,-0.28249526,-3.7094712,on bike mount,cyclo cross,True,sett,intermediate
1fcf81f2-b692-47a9-9e31-e97c644fa9f6,e0df136a-d4b1-4860-9422-4038962babe4,7a363222-c6b5-4ff9-961f-501642f1e5bb,1633859843151,13.4327771,52.4948579,5.8081326,-1.7779808,0.0899272,4.6643114,on bike mount,cyclo cross,True,sett,intermediate
1fcf81f2-b692-47a9-9e31-e97c644fa9f6,e0df136a-d4b1-4860-9422-4038962babe4,d4e3ee01-efa1-468d-a097-0836a8123c33,1633859843217,13.4327771,52.4948579,5.8081326,4.1283865,-0.45495892,-0.7851496,on bike mount,cyclo cross,True,sett,intermediate
1fcf81f2-b692-47a9-9e31-e97c644fa9f6,e0df136a-d4b1-4860-9422-4038962babe4,72e4a603-b4a5-4580-9b88-4bf28adfb2b0,1633859843268,13.4327771,52.4948579,5.8081326,-0.1052319,-3.4065437,1.2499676,on bike mount,cyclo cross,True,sett,intermediate
1fcf81f2-b692-47a9-9e31-e97c644fa9f6,e0df136a-d4b1-4860-9422-4038962babe4,0f80ab3c-a3a7-4b5a-878b-ff642c20d07c,1633859843334,13.4327771,52.4948579,5.8081326,1.7758913,-1.1608281,5.1996136,on bike mount,cyclo cross,True,sett,intermediate
1fcf81f2-b692-47a9-9e31-e97c644fa9f6,e0df136a-d4b1-4860-9422-4038962babe4,e5cab0e5-be84-4d5c-a5b5-4f5fee9d815f,1633859843385,13.4327771,52.4948579,5.8081326,0.47011352,2.4337883,-2.5836515,on bike mount,cyclo cross,True,sett,intermediate
1fcf81f2-b692-47a9-9e31-e97c644fa9f6,e0df136a-d4b1-4860-9422-4038962babe4,49d433cb-ecb2-4cf6-8430-55c6ca9cfbeb,1633859843435,13.4327771,52.4948579,5.8081326,-14.179827,26.275875,-32.6127,on bike mount,cyclo cross,True,sett,intermediate
1fcf81f2-b692-47a9-9e31-e97c644fa9f6,e0df136a-d4b1-4860-9422-4038962babe4,76cdc973-721a-4354-af27-7b742b0f7bf1,1633859843485,13.4327771,52.4948579,5.8081326,-3.2341967,3.0461884,-23.259977,on bike mount,cyclo cross,True,sett,intermediate
1fcf81f2-b692-47a9-9e31-e97c644fa9f6,e0df136a-d4b1-4860-9422-4038962babe4,46a22a92-a86a-4269-8b16-807d770a07a9,1633859843552,13.4327771,52.4948579,5.8081326,-1.6052495,14.867716,-12.307476,on bike mount,cyclo cross,True,sett,intermediate
1fcf81f2-b692-47a9-9e31-e97c644fa9f6,e0df136a-d4b1-4860-9422-4038962babe4,766cc919-083a-4dea-930f-2af6acf01379,1633859843602,13.4327771,52.4948579,5.8081326,1.914197,1.2746873,8.748223,on bike mount,cyclo cross,True,sett,intermediate
1fcf81f2-b692-47a9-9e31-e97c644fa9f6,e0df136a-d4b1-4860-9422-4038962babe4,6a97308c-939e-4b07-96c4-843bada3198c,1633859843668,13.4327771,52.4948579,5.8081326,8.524734,-16.227083,10.368031,on bike mount,cyclo cross,True,sett,intermediate
1fcf81f2-b692-47a9-9e31-e97c644fa9f6,e0df136a-d4b1-4860-9422-4038962babe4,c6b25679-a2cf-4040-94fb-3debefa4f470,1633859843719,13.4327771,52.4948579,5.8081326,-11.463252,9.0229,-22.955795,on bike mount,cyclo cross,True,sett,intermediate
1fcf81f2-b692-47a9-9e31-e97c644fa9f6,e0df136a-d4b1-4860-9422-4038962babe4,8c868e7a-d2d0-4e56-8d7c-e6738fdb6a2d,1633859843769,13.4327771,52.4948579,5.8081326,-1.7891908,-8.343212,22.469795,on bike mount,cyclo cross,True,sett,intermediate
1fcf81f2-b692-47a9-9e31-e97c644fa9f6,e0df136a-d4b1-4860-9422-4038962babe4,9eaa0563-26d8-4fee-ab71-23992de6e87d,1633859843819,13.4327771,52.4948579,5.8081326,3.2648706,-19.126347,-31.419447,on bike mount,cyclo cross,True,sett,intermediate
1fcf81f2-b692-47a9-9e31-e97c644fa9f6,e0df136a-d4b1-4860-9422-4038962babe4,d1ebbcff-a010-4dc5-aaa6-1796519f05ba,1633859843886,13.4327771,52.4948579,5.8081326,5.254791,-4.957633,18.078447,on bike mount,cyclo cross,True,sett,intermediate
1fcf81f2-b692-47a9-9e31-e97c644fa9f6,e0df136a-d4b1-4860-9422-4038962babe4,71ce61cc-d359-452a-b455-d01e9b946498,1633859843952,13.4328601,52.4948312,5.8602843,6.177288,5.172537,-7.493807,on bike mount,cyclo cross,True,sett,intermediate
1fcf81f2-b692-47a9-9e31-e97c644fa9f6,e0df136a-d4b1-4860-9422-4038962babe4,26e44280-1d4d-4f7d-a384-732bd01a85c9,1633859844002,13.4328601,52.4948312,5.8602843,0.52995515,7.6461296,-19.174973,on bike mount,cyclo cross,True,sett,intermediate
1fcf81f2-b692-47a9-9e31-e97c644fa9f6,e0df136a-d4b1-4860-9422-4038962babe4,6b8794ba-d578-4759-81f0-c9d75ed67448,1633859844053,13.4328601,52.4948312,5.8602843,-0.94213873,-1.3138218,2.181241,on bike mount,cyclo cross,True,sett,intermediate
1fcf81f2-b692-47a9-9e31-e97c644fa9f6,e0df136a-d4b1-4860-9422-4038962babe4,de475d5e-6b2e-46c6-bf12-683dc3dd5a0d,1633859844103,13.4328601,52.4948312,5.8602843,19.086092,17.799107,-7.7289095,on bike mount,cyclo cross,True,sett,intermediate
1fcf81f2-b692-47a9-9e31-e97c644fa9f6,e0df136a-d4b1-4860-9422-4038962babe4,0b409259-fc1c-468a-8567-f31da4042fa7,1633859844169,13.4328601,52.4948312,5.8602843,-5.4009957,30.119352,-9.133852,on bike mount,cyclo cross,True,sett,intermediate
1fcf81f2-b692-47a9-9e31-e97c644fa9f6,e0df136a-d4b1-4860-9422-4038962babe4,cf56c0ca-4ade-4392-a97f-af4e9480983a,1633859844220,13.4328601,52.4948312,5.8602843,6.8677154,6.9439883,-1.8833184,on bike mount,cyclo cross,True,sett,intermediate
1fcf81f2-b692-47a9-9e31-e97c644fa9f6,e0df136a-d4b1-4860-9422-4038962babe4,d62ea280-c0af-4469-9c4e-3c739ee4ce8d,1633859844270,13.4328601,52.4948312,5.8602843,-9.946521,30.366978,-28.71114,on bike mount,cyclo cross,True,sett,intermediate
1fcf81f2-b692-47a9-9e31-e97c644fa9f6,e0df136a-d4b1-4860-9422-4038962babe4,13de42aa-ede1-4141-9e40-6eb04ae69fe5,1633859844320,13.4328601,52.4948312,5.8602843,7.49247,-14.152944,43.776047,on bike mount,cyclo cross,True,sett,intermediate
1fcf81f2-b692-47a9-9e31-e97c644fa9f6,e0df136a-d4b1-4860-9422-4038962babe4,3c360360-648d-403a-8408-873c91952015,1633859844386,13.4328601,52.4948312,5.8602843,-6.206638,22.21433,2.0849943,on bike mount,cyclo cross,True,sett,intermediate
1fcf81f2-b692-47a9-9e31-e97c644fa9f6,e0df136a-d4b1-4860-9422-4038962babe4,f9bfaaa2-3c62-4b48-aa65-89dd03473c73,1633859844437,13.4328601,52.4948312,5.8602843,-9.990026,10.848665,21.290714,on bike mount,cyclo cross,True,sett,intermediate
1fcf81f2-b692-47a9-9e31-e97c644fa9f6,e0df136a-d4b1-4860-9422-4038962babe4,0f97fbf3-3d3d-4983-931c-5fa0cf445fef,1633859844503,13.4328601,52.4948312,5.8602843,5.6499214,-10.197175,-2.221816,on bike mount,cyclo cross,True,sett,intermediate
1fcf81f2-b692-47a9-9e31-e97c644fa9f6,e0df136a-d4b1-4860-9422-4038962babe4,12a9e10c-63e9-42e4-877a-8dbc855d21a9,1633859844554,13.4328601,52.4948312,5.8602843,-0.20019588,0.7910223,-2.6292791,on bike mount,cyclo cross,True,sett,intermediate
1fcf81f2-b692-47a9-9e31-e97c644fa9f6,e0df136a-d4b1-4860-9422-4038962babe4,468e39ec-dec1-42d3-ae66-e26afc1d2eae,1633859844620,13.4328601,52.4948312,5.8602843,1.6258218,-0.11160183,19.085234,on bike mount,cyclo cross,True,sett,intermediate
1fcf81f2-b692-47a9-9e31-e97c644fa9f6,e0df136a-d4b1-4860-9422-4038962babe4,16111d09-4c4f-4d58-8603-43093891ce2a,1633859844670,13.4328601,52.4948312,5.8602843,2.2460065,-15.824188,-2.2132487,on bike mount,cyclo cross,True,sett,intermediate
1fcf81f2-b692-47a9-9e31-e97c644fa9f6,e0df136a-d4b1-4860-9422-4038962babe4,1d33dfb7-3f48-497a-a9e9-6890eca0a786,1633859844721,13.4328601,52.4948312,5.8602843,-5.647662,-3.457236,12.968138,on bike mount,cyclo cross,True,sett,intermediate
1fcf81f2-b692-47a9-9e31-e97c644fa9f6,e0df136a-d4b1-4860-9422-4038962babe4,7a03cfd7-31be-4990-b604-2685bbc0bd16,1633859844787,13.4328601,52.4948312,5.8602843,-1.4359851,3.9249063,-11.743683,on bike mount,cyclo cross,True,sett,intermediate
1fcf81f2-b692-47a9-9e31-e97c644fa9f6,e0df136a-d4b1-4860-9422-4038962babe4,6996d082-a72e-470c-90d5-a54383e659e6,1633859844837,13.4328601,52.4948312,5.8602843,2.730849,14.27811,-16.944118,on bike mount,cyclo cross,True,sett,intermediate
1fcf81f2-b692-47a9-9e31-e97c644fa9f6,e0df136a-d4b1-4860-9422-4038962babe4,c183aca0-8e58-4460-8829-5b0e0bed5b94,1633859844888,13.4328601,52.4948312,5.8602843,-1.8104882,-6.266718,-0.7026224,on bike mount,cyclo cross,True,sett,intermediate
1fcf81f2-b692-47a9-9e31-e97c644fa9f6,e0df136a-d4b1-4860-9422-4038962babe4,126246e2-542f-4116-99db-5a4a18a64dfe,1633859844954,13.4329374,52.4948065,5.702576,3.910069,26.460218,-17.707478,on bike mount,cyclo cross,True,sett,intermediate
1fcf81f2-b692-47a9-9e31-e97c644fa9f6,e0df136a-d4b1-4860-9422-4038962babe4,b13b87c9-8824-4738-b130-f748996b9791,1633859845021,13.4329374,52.4948065,5.702576,-0.20938939,-11.32107,28.050152,on bike mount,cyclo cross,True,sett,intermediate
1fcf81f2-b692-47a9-9e31-e97c644fa9f6,e0df136a-d4b1-4860-9422-4038962babe4,9c7e9b2b-2e7f-43c0-90d5-728635dc6994,1633859845088,13.4329374,52.4948065,5.702576,-3.7532082,11.861317,-5.019129,on bike mount,cyclo cross,True,sett,intermediate
1fcf81f2-b692-47a9-9e31-e97c644fa9f6,e0df136a-d4b1-4860-9422-4038962babe4,348dc75d-a8b6-49d3-b1cd-eb44889ff1ff,1633859845155,13.4329374,52.4948065,5.702576,-3.0558317,6.5469565,-28.1823,on bike mount,cyclo cross,True,sett,intermediate
1fcf81f2-b692-47a9-9e31-e97c644fa9f6,e0df136a-d4b1-4860-9422-4038962babe4,5b3525d0-76a3-4ea0-a4ce-472129800670,1633859845222,13.4329374,52.4948065,5.702576,-1.8012831,-10.308202,-11.971164,on bike mount,cyclo cross,True,sett,intermediate
1fcf81f2-b692-47a9-9e31-e97c644fa9f6,e0df136a-d4b1-4860-9422-4038962babe4,8ee0821c-1e48-4f10-979d-e8b7e1573791,1633859845272,13.4329374,52.4948065,5.702576,-5.379045,-8.675912,19.804573,on bike mount,cyclo cross,True,sett,intermediate
1fcf81f2-b692-47a9-9e31-e97c644fa9f6,e0df136a-d4b1-4860-9422-4038962babe4,9269f321-2700-4b72-9903-f2158e8540c6,1633859845338,13.4329374,52.4948065,5.702576,3.1458635,-46.011097,20.501022,on bike mount,cyclo cross,True,sett,intermediate
1fcf81f2-b692-47a9-9e31-e97c644fa9f6,e0df136a-d4b1-4860-9422-4038962babe4,32593f79-8676-434b-9541-766ae49ed201,1633859845389,13.4329374,52.4948065,5.702576,-2.2848823,-20.302769,12.47966,on bike mount,cyclo cross,True,sett,intermediate
1fcf81f2-b692-47a9-9e31-e97c644fa9f6,e0df136a-d4b1-4860-9422-4038962babe4,b6e1d910-eb13-4243-9cb9-9f2b07d6b78f,1633859845439,13.4329374,52.4948065,5.702576,1.5309806,-8.519808,-10.327416,on bike mount,cyclo cross,True,sett,intermediate
1fcf81f2-b692-47a9-9e31-e97c644fa9f6,e0df136a-d4b1-4860-9422-4038962babe4,9be80731-9a41-4551-a234-2372240e9129,1633859845489,13.4329374,52.4948065,5.702576,-2.3979464,-9.567457,25.792557,on bike mount,cyclo cross,True,sett,intermediate
1fcf81f2-b692-47a9-9e31-e97c644fa9f6,e0df136a-d4b1-4860-9422-4038962babe4,3954b18a-f1a7-47e2-8fe8-37af74f5deed,1633859845555,13.4329374,52.4948065,5.702576,-2.432241,3.726057,-12.10487,on bike mount,cyclo cross,True,sett,intermediate
1fcf81f2-b692-47a9-9e31-e97c644fa9f6,e0df136a-d4b1-4860-9422-4038962babe4,9a63e8b2-f4ff-4591-8a75-3da20e224c47,1633859845605,13.4329374,52.4948065,5.702576,-2.4315634,5.966631,-0.9127116,on bike mount,cyclo cross,True,sett,intermediate
1fcf81f2-b692-47a9-9e31-e97c644fa9f6,e0df136a-d4b1-4860-9422-4038962babe4,8838d55d-1405-4b78-b5df-b7d43a412110,1633859845656,13.4329374,52.4948065,5.702576,0.73943806,11.435934,-16.695095,on bike mount,cyclo cross,True,sett,intermediate
1fcf81f2-b692-47a9-9e31-e97c644fa9f6,e0df136a-d4b1-4860-9422-4038962babe4,16927c84-1420-45b2-b967-160b581d149e,1633859845722,13.4329374,52.4948065,5.702576,-6.457368,-8.898374,8.857328,on bike mount,cyclo cross,True,sett,intermediate
1fcf81f2-b692-47a9-9e31-e97c644fa9f6,e0df136a-d4b1-4860-9422-4038962babe4,aa2b990e-afd1-4097-b8df-573d2866af96,1633859845773,13.4329374,52.4948065,5.702576,-9.513699,-17.378117,-9.159458,on bike mount,cyclo cross,True,sett,intermediate
1fcf81f2-b692-47a9-9e31-e97c644fa9f6,e0df136a-d4b1-4860-9422-4038962babe4,502c9dec-3e9d-411f-97a9-966ad8475dad,1633859845839,13.4329374,52.4948065,5.702576,-4.038678,-0.2623942,-18.093441,on bike mount,cyclo cross,True,sett,intermediate
