bike_activity_uid,bike_activity_sample_uid,bike_activity_measurement,bike_activity_measurement_timestamp,bike_activity_measurement_lon,bike_activity_measurement_lat,bike_activity_measurement_speed,bike_activity_measurement_accelerometer_x,bike_activity_measurement_accelerometer_y,bike_activity_measurement_accelerometer_z,bike_activity_phone_position,bike_activity_bike_type,bike_activity_flagged_lab_conditions,bike_activity_surface_type,bike_activity_smoothness_type
28ec7340-d6fa-4d45-aae2-0235aeabfe1e,b0e975d2-107f-4d87-a91a-9e823349feba,3537f551-4a3f-4f57-9830-9d37318cf355,1632843278258,13.3913496,52.4728365,6.275791,-1.5994829,1.355977,-0.08489418,on bike mount,cyclo cross,True,paving stones,intermediate
28ec7340-d6fa-4d45-aae2-0235aeabfe1e,b0e975d2-107f-4d87-a91a-9e823349feba,bbccd7d6-c917-41d0-9ea0-76a4edfcfaa8,1632843278309,13.3913496,52.4728365,6.275791,0.985341,-2.6248662,-3.0079665,on bike mount,cyclo cross,True,paving stones,intermediate
28ec7340-d6fa-4d45-aae2-0235aeabfe1e,b0e975d2-107f-4d87-a91a-9e823349feba,d26bad09-dce6-411a-a2f6-eb07baaa0150,1632843278359,13.3913496,52.4728365,6.275791,3.6477292,-14.333247,-0.6112013,on bike mount,cyclo cross,True,paving stones,intermediate
28ec7340-d6fa-4d45-aae2-0235aeabfe1e,b0e975d2-107f-4d87-a91a-9e823349feba,bfdb08d1-0796-4564-955e-9aa5da86b56e,1632843278409,13.3913496,52.4728365,6.275791,-1.8765188,7.594157,-16.679852,on bike mount,cyclo cross,True,paving stones,intermediate
28ec7340-d6fa-4d45-aae2-0235aeabfe1e,b0e975d2-107f-4d87-a91a-9e823349feba,4daae630-1c46-409e-ac48-df55388e5ea9,1632843278459,13.3913496,52.4728365,6.275791,-1.7707713,-9.07648,20.238106,on bike mount,cyclo cross,True,paving stones,intermediate
28ec7340-d6fa-4d45-aae2-0235aeabfe1e,b0e975d2-107f-4d87-a91a-9e823349feba,67070184-21d9-4ddf-a4f9-976d34b937d1,1632843278509,13.3913496,52.4728365,6.275791,0.5162566,-12.99549,16.224087,on bike mount,cyclo cross,True,paving stones,intermediate
28ec7340-d6fa-4d45-aae2-0235aeabfe1e,b0e975d2-107f-4d87-a91a-9e823349feba,5a1a88d8-2a03-424e-8e6f-b8a9357760fc,1632843278559,13.3913496,52.4728365,6.275791,-0.78251517,-6.5186234,2.0946512,on bike mount,cyclo cross,True,paving stones,intermediate
28ec7340-d6fa-4d45-aae2-0235aeabfe1e,b0e975d2-107f-4d87-a91a-9e823349feba,a0008bc5-68d3-45d3-9c7b-63824fb31f43,1632843278609,13.3913496,52.4728365,6.275791,-0.9185513,1.4210134,5.039871,on bike mount,cyclo cross,True,paving stones,intermediate
28ec7340-d6fa-4d45-aae2-0235aeabfe1e,b0e975d2-107f-4d87-a91a-9e823349feba,9fa8cb29-8803-4abd-996e-197dc57fac9a,1632843278659,13.3913496,52.4728365,6.275791,-0.73884064,10.411268,3.7339754,on bike mount,cyclo cross,True,paving stones,intermediate
28ec7340-d6fa-4d45-aae2-0235aeabfe1e,b0e975d2-107f-4d87-a91a-9e823349feba,9ed3f243-31df-4083-9e5c-501dc790e743,1632843278725,13.3913496,52.4728365,6.275791,-0.9290402,1.3129439,2.3452463,on bike mount,cyclo cross,True,paving stones,intermediate
28ec7340-d6fa-4d45-aae2-0235aeabfe1e,b0e975d2-107f-4d87-a91a-9e823349feba,4e76b11c-577a-4bd9-9718-a0ff1c62fafb,1632843278776,13.3913496,52.4728365,6.275791,-0.029562365,-1.3750813,-1.4364724,on bike mount,cyclo cross,True,paving stones,intermediate
28ec7340-d6fa-4d45-aae2-0235aeabfe1e,b0e975d2-107f-4d87-a91a-9e823349feba,f65260bb-af4e-4a52-b7c3-b3cbbb085271,1632843278826,13.3913496,52.4728365,6.275791,2.3787231,-2.1022842,2.8825254,on bike mount,cyclo cross,True,paving stones,intermediate
28ec7340-d6fa-4d45-aae2-0235aeabfe1e,b0e975d2-107f-4d87-a91a-9e823349feba,0c49c75b-132f-436f-af72-e7d72e6f63d7,1632843278876,13.3913496,52.4728365,6.275791,-0.5142546,-0.27134037,-4.1105328,on bike mount,cyclo cross,True,paving stones,intermediate
28ec7340-d6fa-4d45-aae2-0235aeabfe1e,b0e975d2-107f-4d87-a91a-9e823349feba,f90eb8e4-7503-40de-b360-3757159a7339,1632843278926,13.3913496,52.4728365,6.275791,-0.7913965,1.407891,-0.19187927,on bike mount,cyclo cross,True,paving stones,intermediate
28ec7340-d6fa-4d45-aae2-0235aeabfe1e,b0e975d2-107f-4d87-a91a-9e823349feba,4f35707f-b3ff-47e6-a87d-845009f939c4,1632843278976,13.3913496,52.4728365,6.275791,1.0357201,1.2291296,1.8807716,on bike mount,cyclo cross,True,paving stones,intermediate
28ec7340-d6fa-4d45-aae2-0235aeabfe1e,b0e975d2-107f-4d87-a91a-9e823349feba,aef1c4b8-85b3-4207-83c3-89c0d8effe2a,1632843279027,13.3913496,52.4728365,6.275791,-0.041162375,-0.4510076,-2.373653,on bike mount,cyclo cross,True,paving stones,intermediate
28ec7340-d6fa-4d45-aae2-0235aeabfe1e,b0e975d2-107f-4d87-a91a-9e823349feba,19064878-164e-4bee-bde1-ff45367da306,1632843279076,13.3913496,52.4728365,6.275791,-1.5903431,4.0832424,-1.5621524,on bike mount,cyclo cross,True,paving stones,intermediate
28ec7340-d6fa-4d45-aae2-0235aeabfe1e,b0e975d2-107f-4d87-a91a-9e823349feba,4578bf0f-4018-4e95-8f67-73b1374a85af,1632843279127,13.3913496,52.4728365,6.275791,-0.31131595,14.611763,4.4153767,on bike mount,cyclo cross,True,paving stones,intermediate
28ec7340-d6fa-4d45-aae2-0235aeabfe1e,b0e975d2-107f-4d87-a91a-9e823349feba,fbdc37a8-557b-4b45-a78d-136c43c5e7b0,1632843279192,13.3913496,52.4728365,6.275791,1.9688281,-9.079277,6.7062035,on bike mount,cyclo cross,True,paving stones,intermediate
28ec7340-d6fa-4d45-aae2-0235aeabfe1e,b0e975d2-107f-4d87-a91a-9e823349feba,2c089a2e-b610-44c1-bc71-d1a15c0a25cf,1632843279251,13.3914473,52.472834,6.397785,-4.1781893,6.3249893,-6.4145517,on bike mount,cyclo cross,True,paving stones,intermediate
28ec7340-d6fa-4d45-aae2-0235aeabfe1e,b0e975d2-107f-4d87-a91a-9e823349feba,20785e77-ee6c-4eba-a1d6-1d317ec696e3,1632843279309,13.3914473,52.472834,6.397785,1.1607356,-7.029084,-1.7907166,on bike mount,cyclo cross,True,paving stones,intermediate
28ec7340-d6fa-4d45-aae2-0235aeabfe1e,b0e975d2-107f-4d87-a91a-9e823349feba,e5b6df9c-7c74-4492-b835-d40ce6c13060,1632843279359,13.3914473,52.472834,6.397785,-1.6439604,12.135027,-2.5125537,on bike mount,cyclo cross,True,paving stones,intermediate
28ec7340-d6fa-4d45-aae2-0235aeabfe1e,b0e975d2-107f-4d87-a91a-9e823349feba,2e00f2de-70ab-45da-b107-5fd1746eaa26,1632843279411,13.3914473,52.472834,6.397785,-3.6799116,-2.3482368,9.709551,on bike mount,cyclo cross,True,paving stones,intermediate
28ec7340-d6fa-4d45-aae2-0235aeabfe1e,b0e975d2-107f-4d87-a91a-9e823349feba,08ea6fe5-e3ed-4d96-a397-1373bd4416ff,1632843279461,13.3914473,52.472834,6.397785,-1.395211,12.0198,-8.727692,on bike mount,cyclo cross,True,paving stones,intermediate
28ec7340-d6fa-4d45-aae2-0235aeabfe1e,b0e975d2-107f-4d87-a91a-9e823349feba,cf83aa0f-c575-46b7-9359-61701d058c83,1632843279511,13.3914473,52.472834,6.397785,-2.1021347,2.0001507,-2.9908233,on bike mount,cyclo cross,True,paving stones,intermediate
28ec7340-d6fa-4d45-aae2-0235aeabfe1e,b0e975d2-107f-4d87-a91a-9e823349feba,161381db-c332-47d6-8cef-837506d99db3,1632843279577,13.3914473,52.472834,6.397785,3.0407305,8.444505,-3.395835,on bike mount,cyclo cross,True,paving stones,intermediate
28ec7340-d6fa-4d45-aae2-0235aeabfe1e,b0e975d2-107f-4d87-a91a-9e823349feba,d5f3c0e0-f30f-49ef-a591-4513a3569c30,1632843279627,13.3914473,52.472834,6.397785,2.0213625,-4.6560793,0.27234077,on bike mount,cyclo cross,True,paving stones,intermediate
28ec7340-d6fa-4d45-aae2-0235aeabfe1e,b0e975d2-107f-4d87-a91a-9e823349feba,f26f630c-37b5-47d1-81a4-28e377c6c4e1,1632843279679,13.3914473,52.472834,6.397785,-0.4164314,1.1159503,-1.1940551,on bike mount,cyclo cross,True,paving stones,intermediate
28ec7340-d6fa-4d45-aae2-0235aeabfe1e,b0e975d2-107f-4d87-a91a-9e823349feba,2cb4d4a4-8cc9-4705-b075-edf850abcfdc,1632843279745,13.3914473,52.472834,6.397785,2.5297256,0.5485921,0.6742077,on bike mount,cyclo cross,True,paving stones,intermediate
28ec7340-d6fa-4d45-aae2-0235aeabfe1e,b0e975d2-107f-4d87-a91a-9e823349feba,40ec0095-e6cf-4689-8c3e-6428544111b6,1632843279796,13.3914473,52.472834,6.397785,-0.070594445,-4.6358237,5.9389887,on bike mount,cyclo cross,True,paving stones,intermediate
28ec7340-d6fa-4d45-aae2-0235aeabfe1e,b0e975d2-107f-4d87-a91a-9e823349feba,e8753ad8-b786-43c1-9601-32ae3623bb46,1632843279861,13.3914473,52.472834,6.397785,-1.5438707,-6.0937757,4.9746685,on bike mount,cyclo cross,True,paving stones,intermediate
28ec7340-d6fa-4d45-aae2-0235aeabfe1e,b0e975d2-107f-4d87-a91a-9e823349feba,1b1a6409-4fdb-4b4a-b3f7-bc94cfb18bee,1632843279911,13.3914473,52.472834,6.397785,1.9377561,-3.9764583,-7.6821375,on bike mount,cyclo cross,True,paving stones,intermediate
28ec7340-d6fa-4d45-aae2-0235aeabfe1e,b0e975d2-107f-4d87-a91a-9e823349feba,d8da5d4d-7137-4c58-b576-735c579403fa,1632843279961,13.3914473,52.472834,6.397785,2.545319,1.144249,0.19637012,on bike mount,cyclo cross,True,paving stones,intermediate
28ec7340-d6fa-4d45-aae2-0235aeabfe1e,b0e975d2-107f-4d87-a91a-9e823349feba,dd048d5e-d24f-45ad-b657-37811806ad48,1632843280011,13.3914473,52.472834,6.397785,0.4276663,-1.8045894,2.5345287,on bike mount,cyclo cross,True,paving stones,intermediate
28ec7340-d6fa-4d45-aae2-0235aeabfe1e,b0e975d2-107f-4d87-a91a-9e823349feba,38835613-22c5-49ca-9a7d-7e8e1193fd52,1632843280062,13.3914473,52.472834,6.397785,-0.8624437,-2.1287122,-12.607735,on bike mount,cyclo cross,True,paving stones,intermediate
28ec7340-d6fa-4d45-aae2-0235aeabfe1e,b0e975d2-107f-4d87-a91a-9e823349feba,5f85bf3a-c03e-41f8-beb2-f707010575aa,1632843280112,13.3914473,52.472834,6.397785,0.052911848,-0.9625952,3.1144342,on bike mount,cyclo cross,True,paving stones,intermediate
28ec7340-d6fa-4d45-aae2-0235aeabfe1e,b0e975d2-107f-4d87-a91a-9e823349feba,80a7b17e-ee77-4bcb-b183-c191becdaea0,1632843280163,13.3914473,52.472834,6.397785,-0.54840386,-0.8444531,-7.6351414,on bike mount,cyclo cross,True,paving stones,intermediate
28ec7340-d6fa-4d45-aae2-0235aeabfe1e,b0e975d2-107f-4d87-a91a-9e823349feba,2b2a7cd7-6dde-4302-b643-f3b8342444ef,1632843280230,13.3914473,52.472834,6.397785,-0.00769601,-8.963313,0.09901905,on bike mount,cyclo cross,True,paving stones,intermediate
28ec7340-d6fa-4d45-aae2-0235aeabfe1e,b0e975d2-107f-4d87-a91a-9e823349feba,58f38e80-9711-44ab-926e-3b13e7b35b26,1632843280294,13.3915466,52.4728292,6.755327,0.8670459,-0.43332243,0.004491806,on bike mount,cyclo cross,True,paving stones,intermediate
28ec7340-d6fa-4d45-aae2-0235aeabfe1e,b0e975d2-107f-4d87-a91a-9e823349feba,9233475e-cf48-4cf3-aa8c-b5bd2ad454fe,1632843280345,13.3915466,52.4728292,6.755327,-0.0030474216,0.32867002,2.1582918,on bike mount,cyclo cross,True,paving stones,intermediate
28ec7340-d6fa-4d45-aae2-0235aeabfe1e,b0e975d2-107f-4d87-a91a-9e823349feba,36e1438b-7116-4d1f-9ee9-c2277f1ab6f1,1632843280396,13.3915466,52.4728292,6.755327,-0.7658305,-9.066735,-0.60296917,on bike mount,cyclo cross,True,paving stones,intermediate
28ec7340-d6fa-4d45-aae2-0235aeabfe1e,b0e975d2-107f-4d87-a91a-9e823349feba,72ad5cbf-08a0-44ab-b6f2-86e7ba69b5ce,1632843280446,13.3915466,52.4728292,6.755327,1.4933558,7.42192,1.1740828,on bike mount,cyclo cross,True,paving stones,intermediate
28ec7340-d6fa-4d45-aae2-0235aeabfe1e,b0e975d2-107f-4d87-a91a-9e823349feba,7f9a2df5-62cf-49e9-9df7-774472215671,1632843280496,13.3915466,52.4728292,6.755327,-1.0624794,4.7077074,-2.414266,on bike mount,cyclo cross,True,paving stones,intermediate
28ec7340-d6fa-4d45-aae2-0235aeabfe1e,b0e975d2-107f-4d87-a91a-9e823349feba,56e4ca7b-e3e5-4cb6-a629-68779e562f5a,1632843280546,13.3915466,52.4728292,6.755327,-0.01661966,5.6830406,-12.080843,on bike mount,cyclo cross,True,paving stones,intermediate
28ec7340-d6fa-4d45-aae2-0235aeabfe1e,b0e975d2-107f-4d87-a91a-9e823349feba,595eff28-10a9-4eef-8029-4bc5ed635a9c,1632843280596,13.3915466,52.4728292,6.755327,-1.7224436,3.987155,-5.705782,on bike mount,cyclo cross,True,paving stones,intermediate
28ec7340-d6fa-4d45-aae2-0235aeabfe1e,b0e975d2-107f-4d87-a91a-9e823349feba,b024a75f-1463-49f9-8b2e-8ba791d21520,1632843280662,13.3915466,52.4728292,6.755327,-3.5866475,6.4884996,-2.3710117,on bike mount,cyclo cross,True,paving stones,intermediate
28ec7340-d6fa-4d45-aae2-0235aeabfe1e,b0e975d2-107f-4d87-a91a-9e823349feba,d9d0d607-3564-4708-8e4d-536da8c35379,1632843280712,13.3915466,52.4728292,6.755327,2.0272303,-0.065428495,-0.10611725,on bike mount,cyclo cross,True,paving stones,intermediate
28ec7340-d6fa-4d45-aae2-0235aeabfe1e,b0e975d2-107f-4d87-a91a-9e823349feba,5c871baa-3229-48ae-83be-4d3e053a6076,1632843280763,13.3915466,52.4728292,6.755327,-0.60908306,-0.6972091,0.6452265,on bike mount,cyclo cross,True,paving stones,intermediate
28ec7340-d6fa-4d45-aae2-0235aeabfe1e,b0e975d2-107f-4d87-a91a-9e823349feba,154f0c94-d126-4015-b940-97fa803befa0,1632843280813,13.3915466,52.4728292,6.755327,0.14709312,-3.2346141,-2.9645061,on bike mount,cyclo cross,True,paving stones,intermediate
28ec7340-d6fa-4d45-aae2-0235aeabfe1e,b0e975d2-107f-4d87-a91a-9e823349feba,6b1207a3-4869-4a5a-bee3-4fb0899ea555,1632843280864,13.3915466,52.4728292,6.755327,6.5033016,-18.84854,9.290447,on bike mount,cyclo cross,True,paving stones,intermediate
28ec7340-d6fa-4d45-aae2-0235aeabfe1e,b0e975d2-107f-4d87-a91a-9e823349feba,c8e7cddc-423d-4bcc-9692-8c80f8592fa9,1632843280929,13.3915466,52.4728292,6.755327,-2.620287,-2.177138,14.304601,on bike mount,cyclo cross,True,paving stones,intermediate
28ec7340-d6fa-4d45-aae2-0235aeabfe1e,b0e975d2-107f-4d87-a91a-9e823349feba,f6f0e9e4-43f5-4786-8101-7b188061daa7,1632843280979,13.3915466,52.4728292,6.755327,0.10907212,0.14278269,8.691914,on bike mount,cyclo cross,True,paving stones,intermediate
28ec7340-d6fa-4d45-aae2-0235aeabfe1e,b0e975d2-107f-4d87-a91a-9e823349feba,448afafd-dc0a-4682-97ae-37ebe25a74d5,1632843281030,13.3915466,52.4728292,6.755327,1.3682482,1.7186375,-0.65010166,on bike mount,cyclo cross,True,paving stones,intermediate
28ec7340-d6fa-4d45-aae2-0235aeabfe1e,b0e975d2-107f-4d87-a91a-9e823349feba,b121d87c-fe36-4116-bfc0-5b48378d1b69,1632843281081,13.3915466,52.4728292,6.755327,-1.2771841,-4.0680294,4.056346,on bike mount,cyclo cross,True,paving stones,intermediate
28ec7340-d6fa-4d45-aae2-0235aeabfe1e,b0e975d2-107f-4d87-a91a-9e823349feba,9036e18e-2b53-477f-a7f6-223a4bcf61c6,1632843281147,13.3915466,52.4728292,6.755327,-0.86006916,1.7436051,6.2419205,on bike mount,cyclo cross,True,paving stones,intermediate
28ec7340-d6fa-4d45-aae2-0235aeabfe1e,b0e975d2-107f-4d87-a91a-9e823349feba,46e3422f-c58c-4dff-b87a-b0b77ef8d2f2,1632843281198,13.3915466,52.4728292,6.755327,0.6009572,0.15198803,0.25625324,on bike mount,cyclo cross,True,paving stones,intermediate
28ec7340-d6fa-4d45-aae2-0235aeabfe1e,b0e975d2-107f-4d87-a91a-9e823349feba,5161edf6-70a6-4a4b-8cdf-ca933bcb9563,1632843281253,13.391648,52.4728291,6.779926,0.41780096,-5.5990744,-1.3551579,on bike mount,cyclo cross,True,paving stones,intermediate
28ec7340-d6fa-4d45-aae2-0235aeabfe1e,b0e975d2-107f-4d87-a91a-9e823349feba,c39ae938-4474-4d5b-b10f-da904454aaba,1632843281314,13.391648,52.4728291,6.779926,1.0796849,-5.3764014,0.28466797,on bike mount,cyclo cross,True,paving stones,intermediate
28ec7340-d6fa-4d45-aae2-0235aeabfe1e,b0e975d2-107f-4d87-a91a-9e823349feba,8b2c9308-9c2b-48bd-9564-c3efb260cb64,1632843281364,13.391648,52.4728291,6.779926,-0.20167749,4.9015374,-10.955833,on bike mount,cyclo cross,True,paving stones,intermediate
28ec7340-d6fa-4d45-aae2-0235aeabfe1e,b0e975d2-107f-4d87-a91a-9e823349feba,bb08b67a-7994-4321-bd84-681e685cf2bc,1632843281414,13.391648,52.4728291,6.779926,-0.26439673,-1.826426,1.1263361,on bike mount,cyclo cross,True,paving stones,intermediate
28ec7340-d6fa-4d45-aae2-0235aeabfe1e,b0e975d2-107f-4d87-a91a-9e823349feba,fc75bba7-9e1f-4d47-90e9-eb2b404e8434,1632843281465,13.391648,52.4728291,6.779926,-2.0243468,3.962801,-4.7480664,on bike mount,cyclo cross,True,paving stones,intermediate
28ec7340-d6fa-4d45-aae2-0235aeabfe1e,b0e975d2-107f-4d87-a91a-9e823349feba,83c93375-65a8-4dd3-9d0d-413ee6b71205,1632843281516,13.391648,52.4728291,6.779926,0.53026295,-5.9998817,4.0851326,on bike mount,cyclo cross,True,paving stones,intermediate
28ec7340-d6fa-4d45-aae2-0235aeabfe1e,b0e975d2-107f-4d87-a91a-9e823349feba,ee25803e-86da-4c26-9979-27d7d514eacb,1632843281581,13.391648,52.4728291,6.779926,-2.396894,-0.8516183,1.401227,on bike mount,cyclo cross,True,paving stones,intermediate
28ec7340-d6fa-4d45-aae2-0235aeabfe1e,b0e975d2-107f-4d87-a91a-9e823349feba,1344d2f5-e1c2-400e-9b8d-5decc4f7bc05,1632843281631,13.391648,52.4728291,6.779926,-3.7764719,6.55688,-5.5452223,on bike mount,cyclo cross,True,paving stones,intermediate
28ec7340-d6fa-4d45-aae2-0235aeabfe1e,b0e975d2-107f-4d87-a91a-9e823349feba,6aa52b68-85fd-4644-ab36-11b160330383,1632843281681,13.391648,52.4728291,6.779926,-2.1879807,8.504365,-2.2702417,on bike mount,cyclo cross,True,paving stones,intermediate
28ec7340-d6fa-4d45-aae2-0235aeabfe1e,b0e975d2-107f-4d87-a91a-9e823349feba,7de686b2-7e45-4160-bc1a-b85c5cb182e4,1632843281731,13.391648,52.4728291,6.779926,1.0778389,-4.7652097,-0.06268597,on bike mount,cyclo cross,True,paving stones,intermediate
28ec7340-d6fa-4d45-aae2-0235aeabfe1e,b0e975d2-107f-4d87-a91a-9e823349feba,a7f6dfc4-54b1-41e7-833f-a90bba5519ec,1632843281781,13.391648,52.4728291,6.779926,-1.5042071,-1.9669354,0.38729382,on bike mount,cyclo cross,True,paving stones,intermediate
28ec7340-d6fa-4d45-aae2-0235aeabfe1e,b0e975d2-107f-4d87-a91a-9e823349feba,7d240763-0292-4cfc-aaf8-065456c09673,1632843281832,13.391648,52.4728291,6.779926,-0.31870198,-6.3839984,6.776019,on bike mount,cyclo cross,True,paving stones,intermediate
28ec7340-d6fa-4d45-aae2-0235aeabfe1e,b0e975d2-107f-4d87-a91a-9e823349feba,ea82f5a7-500e-4bb9-a745-0ff0751f3760,1632843281898,13.391648,52.4728291,6.779926,-0.6444547,-0.799886,-2.3823466,on bike mount,cyclo cross,True,paving stones,intermediate
28ec7340-d6fa-4d45-aae2-0235aeabfe1e,b0e975d2-107f-4d87-a91a-9e823349feba,60546e71-9e5c-4149-acca-4ebfa9b3abf7,1632843281948,13.391648,52.4728291,6.779926,0.44540137,-1.6810374,1.9752312,on bike mount,cyclo cross,True,paving stones,intermediate
28ec7340-d6fa-4d45-aae2-0235aeabfe1e,b0e975d2-107f-4d87-a91a-9e823349feba,4d24f41b-3d3e-4763-845c-38334a0d13c9,1632843281998,13.391648,52.4728291,6.779926,0.5595044,3.4953697,1.0733786,on bike mount,cyclo cross,True,paving stones,intermediate
28ec7340-d6fa-4d45-aae2-0235aeabfe1e,b0e975d2-107f-4d87-a91a-9e823349feba,0e123ad8-76ae-4863-ad63-f471d8b15dd5,1632843282048,13.391648,52.4728291,6.779926,0.8390807,1.5373797,-4.90318,on bike mount,cyclo cross,True,paving stones,intermediate
28ec7340-d6fa-4d45-aae2-0235aeabfe1e,b0e975d2-107f-4d87-a91a-9e823349feba,0edd35b0-fc05-4dbe-8647-e304a72a4c54,1632843282099,13.391648,52.4728291,6.779926,-1.4235594,-4.259649,4.8529444,on bike mount,cyclo cross,True,paving stones,intermediate
28ec7340-d6fa-4d45-aae2-0235aeabfe1e,b0e975d2-107f-4d87-a91a-9e823349feba,b6c39b30-afb8-4b92-83b7-f37ccecc4ada,1632843282149,13.391648,52.4728291,6.779926,2.4582345,-5.6172647,7.8204165,on bike mount,cyclo cross,True,paving stones,intermediate
28ec7340-d6fa-4d45-aae2-0235aeabfe1e,b0e975d2-107f-4d87-a91a-9e823349feba,86abb2a2-df68-4495-9c0f-d11808cee634,1632843282199,13.391648,52.4728291,6.779926,-0.22256231,-5.810466,6.869443,on bike mount,cyclo cross,True,paving stones,intermediate
28ec7340-d6fa-4d45-aae2-0235aeabfe1e,b0e975d2-107f-4d87-a91a-9e823349feba,fba8b37b-9472-4e4a-9b08-ea239adc2f1e,1632843282265,13.3917503,52.4728307,6.869896,-0.6969527,-5.391483,2.3770304,on bike mount,cyclo cross,True,paving stones,intermediate
28ec7340-d6fa-4d45-aae2-0235aeabfe1e,b0e975d2-107f-4d87-a91a-9e823349feba,cf3a6b4c-c7a6-44fa-bf42-ba483fb457b4,1632843282316,13.3917503,52.4728307,6.869896,3.0319319,-13.632806,-1.2514458,on bike mount,cyclo cross,True,paving stones,intermediate
28ec7340-d6fa-4d45-aae2-0235aeabfe1e,b0e975d2-107f-4d87-a91a-9e823349feba,79c3923e-3319-4496-8985-4a3a750c7322,1632843282381,13.3917503,52.4728307,6.869896,-1.399734,1.763905,1.5985031,on bike mount,cyclo cross,True,paving stones,intermediate
28ec7340-d6fa-4d45-aae2-0235aeabfe1e,b0e975d2-107f-4d87-a91a-9e823349feba,ba09c7a1-1c1e-41a7-acb0-b6746d571763,1632843282433,13.3917503,52.4728307,6.869896,-0.97643805,-4.393485,5.7674103,on bike mount,cyclo cross,True,paving stones,intermediate
28ec7340-d6fa-4d45-aae2-0235aeabfe1e,b0e975d2-107f-4d87-a91a-9e823349feba,53ceb402-f7c4-49a1-9e48-43733bc301c3,1632843282483,13.3917503,52.4728307,6.869896,1.694844,0.4725876,4.580057,on bike mount,cyclo cross,True,paving stones,intermediate
28ec7340-d6fa-4d45-aae2-0235aeabfe1e,b0e975d2-107f-4d87-a91a-9e823349feba,27c45d57-a351-40d1-9f90-41dd100fcb7a,1632843282533,13.3917503,52.4728307,6.869896,-0.26579735,-1.9790012,1.1144972,on bike mount,cyclo cross,True,paving stones,intermediate
28ec7340-d6fa-4d45-aae2-0235aeabfe1e,b0e975d2-107f-4d87-a91a-9e823349feba,479e676b-fc46-4068-8171-db16edae2b68,1632843282601,13.3917503,52.4728307,6.869896,-0.8676925,6.6680164,-3.6933732,on bike mount,cyclo cross,True,paving stones,intermediate
28ec7340-d6fa-4d45-aae2-0235aeabfe1e,b0e975d2-107f-4d87-a91a-9e823349feba,b5b4ccb4-c242-42c2-86a9-0e374f6b887b,1632843282666,13.3917503,52.4728307,6.869896,-0.019030988,-3.5103161,4.5339327,on bike mount,cyclo cross,True,paving stones,intermediate
28ec7340-d6fa-4d45-aae2-0235aeabfe1e,b0e975d2-107f-4d87-a91a-9e823349feba,75c57351-7128-4c18-8b2f-f60c62a52bbd,1632843282716,13.3917503,52.4728307,6.869896,0.6218674,1.7471428,-6.401788,on bike mount,cyclo cross,True,paving stones,intermediate
28ec7340-d6fa-4d45-aae2-0235aeabfe1e,b0e975d2-107f-4d87-a91a-9e823349feba,cdd7284c-17ec-4142-ba4d-b18a9f20d464,1632843282766,13.3917503,52.4728307,6.869896,-0.48953116,2.8162327,5.875252,on bike mount,cyclo cross,True,paving stones,intermediate
28ec7340-d6fa-4d45-aae2-0235aeabfe1e,b0e975d2-107f-4d87-a91a-9e823349feba,274121a1-75fc-494a-8def-967cee79ee72,1632843282816,13.3917503,52.4728307,6.869896,-0.66285306,0.6441221,-1.751966,on bike mount,cyclo cross,True,paving stones,intermediate
28ec7340-d6fa-4d45-aae2-0235aeabfe1e,b0e975d2-107f-4d87-a91a-9e823349feba,e8d88449-ea34-43f5-ad55-78789d91e9d0,1632843282867,13.3917503,52.4728307,6.869896,0.45059788,-7.601329,3.2576246,on bike mount,cyclo cross,True,paving stones,intermediate
28ec7340-d6fa-4d45-aae2-0235aeabfe1e,b0e975d2-107f-4d87-a91a-9e823349feba,6201223b-f6f4-468c-a62c-ae95a6bcd752,1632843282917,13.3917503,52.4728307,6.869896,-0.014531255,1.9406366,-1.690412,on bike mount,cyclo cross,True,paving stones,intermediate
28ec7340-d6fa-4d45-aae2-0235aeabfe1e,b0e975d2-107f-4d87-a91a-9e823349feba,91127831-c46b-4c66-b84c-2f20451c5ace,1632843282968,13.3917503,52.4728307,6.869896,-1.4416454,7.5385323,-4.432364,on bike mount,cyclo cross,True,paving stones,intermediate
28ec7340-d6fa-4d45-aae2-0235aeabfe1e,b0e975d2-107f-4d87-a91a-9e823349feba,ff7a79c1-7644-4d08-a903-c938ee23eae7,1632843283033,13.3917503,52.4728307,6.869896,0.84237134,2.2161446,2.4447927,on bike mount,cyclo cross,True,paving stones,intermediate
28ec7340-d6fa-4d45-aae2-0235aeabfe1e,b0e975d2-107f-4d87-a91a-9e823349feba,cd4f5f3f-6ce3-45d3-b168-5a8faf474b24,1632843283084,13.3917503,52.4728307,6.869896,-0.34358686,5.2782197,-6.859279,on bike mount,cyclo cross,True,paving stones,intermediate
28ec7340-d6fa-4d45-aae2-0235aeabfe1e,b0e975d2-107f-4d87-a91a-9e823349feba,cb226d4c-e943-4fca-b186-be3461553590,1632843283151,13.3917503,52.4728307,6.869896,-1.0475756,0.5554817,5.1992245,on bike mount,cyclo cross,True,paving stones,intermediate
28ec7340-d6fa-4d45-aae2-0235aeabfe1e,b0e975d2-107f-4d87-a91a-9e823349feba,dfef6a8e-f107-4eda-9e9c-d2e74ddae400,1632843283201,13.3917503,52.4728307,6.869896,1.3053932,-5.3901343,9.690547,on bike mount,cyclo cross,True,paving stones,intermediate
28ec7340-d6fa-4d45-aae2-0235aeabfe1e,b0e975d2-107f-4d87-a91a-9e823349feba,efaf140d-b3f6-4999-bade-c20a6e375d9d,1632843283258,13.3918543,52.4728338,7.109717,2.022613,8.038047,-9.289434,on bike mount,cyclo cross,True,paving stones,intermediate
28ec7340-d6fa-4d45-aae2-0235aeabfe1e,b0e975d2-107f-4d87-a91a-9e823349feba,44c45345-dbda-465d-a2fc-de40bc16edf1,1632843283317,13.3918543,52.4728338,7.109717,-0.3380618,-14.973151,-1.8650208,on bike mount,cyclo cross,True,paving stones,intermediate
28ec7340-d6fa-4d45-aae2-0235aeabfe1e,b0e975d2-107f-4d87-a91a-9e823349feba,3461f343-a265-49e2-abf9-f6f17e23d1ac,1632843283367,13.3918543,52.4728338,7.109717,0.86593854,0.48886347,-2.5869997,on bike mount,cyclo cross,True,paving stones,intermediate
28ec7340-d6fa-4d45-aae2-0235aeabfe1e,b0e975d2-107f-4d87-a91a-9e823349feba,bf785c88-4852-437a-9225-2a007edff4ab,1632843283417,13.3918543,52.4728338,7.109717,-2.8152533,1.4490333,-4.187537,on bike mount,cyclo cross,True,paving stones,intermediate
28ec7340-d6fa-4d45-aae2-0235aeabfe1e,b0e975d2-107f-4d87-a91a-9e823349feba,7c7236a2-5302-4752-b0a2-4fef1db154ee,1632843283467,13.3918543,52.4728338,7.109717,-0.68945026,5.142027,-2.3587332,on bike mount,cyclo cross,True,paving stones,intermediate
28ec7340-d6fa-4d45-aae2-0235aeabfe1e,b0e975d2-107f-4d87-a91a-9e823349feba,ee8f741b-1c82-4812-a0ba-08c9fbcd32d1,1632843283518,13.3918543,52.4728338,7.109717,0.42967162,-4.589878,0.5176449,on bike mount,cyclo cross,True,paving stones,intermediate
28ec7340-d6fa-4d45-aae2-0235aeabfe1e,b0e975d2-107f-4d87-a91a-9e823349feba,8e0c1c74-de6d-40e2-87e5-ad3c2e3ca272,1632843283583,13.3918543,52.4728338,7.109717,1.0970471,-0.77744865,-3.32619,on bike mount,cyclo cross,True,paving stones,intermediate
28ec7340-d6fa-4d45-aae2-0235aeabfe1e,b0e975d2-107f-4d87-a91a-9e823349feba,1caaf811-7ce0-4651-9541-640b9017a5a5,1632843283633,13.3918543,52.4728338,7.109717,0.82067126,0.4020543,2.3718681,on bike mount,cyclo cross,True,paving stones,intermediate
28ec7340-d6fa-4d45-aae2-0235aeabfe1e,b0e975d2-107f-4d87-a91a-9e823349feba,f5ab77a6-c9ce-4922-b911-f2bf58a58515,1632843283684,13.3918543,52.4728338,7.109717,-2.147481,2.5559459,-3.4025085,on bike mount,cyclo cross,True,paving stones,intermediate
28ec7340-d6fa-4d45-aae2-0235aeabfe1e,b0e975d2-107f-4d87-a91a-9e823349feba,01380668-eb44-44dc-82e4-15503af6442c,1632843283734,13.3918543,52.4728338,7.109717,1.3406583,-0.6704569,3.0670567,on bike mount,cyclo cross,True,paving stones,intermediate
28ec7340-d6fa-4d45-aae2-0235aeabfe1e,b0e975d2-107f-4d87-a91a-9e823349feba,460086ff-cf89-4b22-962a-543bc1219be6,1632843283785,13.3918543,52.4728338,7.109717,0.15917218,7.930955,-8.523535,on bike mount,cyclo cross,True,paving stones,intermediate
28ec7340-d6fa-4d45-aae2-0235aeabfe1e,b0e975d2-107f-4d87-a91a-9e823349feba,33ac4943-f0e6-4231-9d75-04d97591d90c,1632843283835,13.3918543,52.4728338,7.109717,1.3160363,-10.554044,0.79704,on bike mount,cyclo cross,True,paving stones,intermediate
28ec7340-d6fa-4d45-aae2-0235aeabfe1e,b0e975d2-107f-4d87-a91a-9e823349feba,ec074866-e43e-4e41-ba03-af33bceec378,1632843283901,13.3918543,52.4728338,7.109717,-1.2700604,3.6831498,-3.7420363,on bike mount,cyclo cross,True,paving stones,intermediate
28ec7340-d6fa-4d45-aae2-0235aeabfe1e,b0e975d2-107f-4d87-a91a-9e823349feba,c1cef921-2d34-4ebd-bb4c-702dc9c91206,1632843283951,13.3918543,52.4728338,7.109717,-2.2101946,-2.7795835,1.0504856,on bike mount,cyclo cross,True,paving stones,intermediate
28ec7340-d6fa-4d45-aae2-0235aeabfe1e,b0e975d2-107f-4d87-a91a-9e823349feba,b19097d8-19f5-42ae-8934-bf9a3f08d3f8,1632843284001,13.3918543,52.4728338,7.109717,1.6659875,-3.6745608,3.2426968,on bike mount,cyclo cross,True,paving stones,intermediate
28ec7340-d6fa-4d45-aae2-0235aeabfe1e,b0e975d2-107f-4d87-a91a-9e823349feba,697ae9ef-e0e6-4fec-ac09-a50e27666f67,1632843284051,13.3918543,52.4728338,7.109717,-0.96443355,-6.2462587,6.1449203,on bike mount,cyclo cross,True,paving stones,intermediate
28ec7340-d6fa-4d45-aae2-0235aeabfe1e,b0e975d2-107f-4d87-a91a-9e823349feba,2db90dbf-9e3f-4c37-aaf2-c9b648d3894a,1632843284101,13.3918543,52.4728338,7.109717,-2.1987448,-2.526506,-2.1074715,on bike mount,cyclo cross,True,paving stones,intermediate
28ec7340-d6fa-4d45-aae2-0235aeabfe1e,b0e975d2-107f-4d87-a91a-9e823349feba,1381cc90-7f82-426f-ada6-660faab7d6a0,1632843284152,13.3918543,52.4728338,7.109717,-0.09081113,6.1185923,-9.405334,on bike mount,cyclo cross,True,paving stones,intermediate
28ec7340-d6fa-4d45-aae2-0235aeabfe1e,b0e975d2-107f-4d87-a91a-9e823349feba,ec1fd927-93e4-42a5-858e-adad8b431ee1,1632843284203,13.3918543,52.4728338,7.109717,-0.8739795,1.8341761,5.145815,on bike mount,cyclo cross,True,paving stones,intermediate
28ec7340-d6fa-4d45-aae2-0235aeabfe1e,b0e975d2-107f-4d87-a91a-9e823349feba,43114466-f9bd-400f-832e-038cbc6fce4f,1632843284253,13.3919625,52.4728315,7.1499534,1.6246918,-3.7044463,0.032398224,on bike mount,cyclo cross,True,paving stones,intermediate
28ec7340-d6fa-4d45-aae2-0235aeabfe1e,b0e975d2-107f-4d87-a91a-9e823349feba,1dbdbfbe-f9d0-486e-a42d-93102344f259,1632843284318,13.3919625,52.4728315,7.1499534,-1.7760911,4.0887184,1.5139265,on bike mount,cyclo cross,True,paving stones,intermediate
28ec7340-d6fa-4d45-aae2-0235aeabfe1e,b0e975d2-107f-4d87-a91a-9e823349feba,612ea64a-490a-4078-8183-777a96ba1fdc,1632843284368,13.3919625,52.4728315,7.1499534,1.3678682,-6.207304,0.39614105,on bike mount,cyclo cross,True,paving stones,intermediate
28ec7340-d6fa-4d45-aae2-0235aeabfe1e,b0e975d2-107f-4d87-a91a-9e823349feba,da53b5bf-5280-42b4-bddf-71e6bee8f0bc,1632843284420,13.3919625,52.4728315,7.1499534,-0.38978738,-1.9048482,7.4560814,on bike mount,cyclo cross,True,paving stones,intermediate
28ec7340-d6fa-4d45-aae2-0235aeabfe1e,b0e975d2-107f-4d87-a91a-9e823349feba,750c4b74-4e48-4207-8d06-556022f96ba5,1632843284470,13.3919625,52.4728315,7.1499534,-6.029599,6.305617,3.9174013,on bike mount,cyclo cross,True,paving stones,intermediate
28ec7340-d6fa-4d45-aae2-0235aeabfe1e,b0e975d2-107f-4d87-a91a-9e823349feba,2050477e-c803-45ba-ab76-2f61bdcf6e7e,1632843284520,13.3919625,52.4728315,7.1499534,-1.1285685,2.8129864,4.395872,on bike mount,cyclo cross,True,paving stones,intermediate
28ec7340-d6fa-4d45-aae2-0235aeabfe1e,b0e975d2-107f-4d87-a91a-9e823349feba,40584fd3-23ca-44e4-91ab-93783a5749b0,1632843284570,13.3919625,52.4728315,7.1499534,0.07572518,-1.9668404,8.289287,on bike mount,cyclo cross,True,paving stones,intermediate
28ec7340-d6fa-4d45-aae2-0235aeabfe1e,b0e975d2-107f-4d87-a91a-9e823349feba,2aee1a1d-ee53-49b4-bb06-a6604d000788,1632843284620,13.3919625,52.4728315,7.1499534,-2.632679,2.1239982,-4.3086023,on bike mount,cyclo cross,True,paving stones,intermediate
28ec7340-d6fa-4d45-aae2-0235aeabfe1e,b0e975d2-107f-4d87-a91a-9e823349feba,0d76e445-d00a-47fa-9285-42ccfcc64a2a,1632843284670,13.3919625,52.4728315,7.1499534,0.35921842,10.188793,3.0942268,on bike mount,cyclo cross,True,paving stones,intermediate
28ec7340-d6fa-4d45-aae2-0235aeabfe1e,b0e975d2-107f-4d87-a91a-9e823349feba,6d65ecd3-baab-4ecb-9e5d-c0ea9e1c64b6,1632843284720,13.3919625,52.4728315,7.1499534,1.2257199,-12.732634,-2.2736063,on bike mount,cyclo cross,True,paving stones,intermediate
28ec7340-d6fa-4d45-aae2-0235aeabfe1e,b0e975d2-107f-4d87-a91a-9e823349feba,ad15eef0-cf82-41a2-9670-a28a2bad7d7d,1632843284771,13.3919625,52.4728315,7.1499534,2.563677,-9.280878,9.208376,on bike mount,cyclo cross,True,paving stones,intermediate
28ec7340-d6fa-4d45-aae2-0235aeabfe1e,b0e975d2-107f-4d87-a91a-9e823349feba,6d0b6410-3db3-4c92-b4e4-6596990e11ef,1632843284838,13.3919625,52.4728315,7.1499534,1.9775848,-5.814435,-0.7729864,on bike mount,cyclo cross,True,paving stones,intermediate
28ec7340-d6fa-4d45-aae2-0235aeabfe1e,b0e975d2-107f-4d87-a91a-9e823349feba,8b8c02ff-4125-4127-b95c-36b0ab28c87f,1632843284904,13.3919625,52.4728315,7.1499534,-0.34427792,7.0496025,1.2108812,on bike mount,cyclo cross,True,paving stones,intermediate
28ec7340-d6fa-4d45-aae2-0235aeabfe1e,b0e975d2-107f-4d87-a91a-9e823349feba,c5847fb3-adfd-4680-b169-495a891b9d97,1632843284955,13.3919625,52.4728315,7.1499534,-0.74512535,-1.5020278,-3.882233,on bike mount,cyclo cross,True,paving stones,intermediate
28ec7340-d6fa-4d45-aae2-0235aeabfe1e,b0e975d2-107f-4d87-a91a-9e823349feba,21800c4f-8b4d-49fb-ade2-d107a89988c1,1632843285004,13.3919625,52.4728315,7.1499534,-1.0361584,-3.5008042,4.5786076,on bike mount,cyclo cross,True,paving stones,intermediate
28ec7340-d6fa-4d45-aae2-0235aeabfe1e,b0e975d2-107f-4d87-a91a-9e823349feba,16290f21-0732-4141-8b68-b25fd9a95455,1632843285054,13.3919625,52.4728315,7.1499534,-0.9992353,-2.3431213,-0.36912155,on bike mount,cyclo cross,True,paving stones,intermediate
28ec7340-d6fa-4d45-aae2-0235aeabfe1e,b0e975d2-107f-4d87-a91a-9e823349feba,63dde7c0-8a3d-4654-83ab-52f112a17c33,1632843285105,13.3919625,52.4728315,7.1499534,0.4505177,-1.9979526,-2.5581431,on bike mount,cyclo cross,True,paving stones,intermediate
28ec7340-d6fa-4d45-aae2-0235aeabfe1e,b0e975d2-107f-4d87-a91a-9e823349feba,9b92bc74-ef0b-405b-b28e-ef30595421ec,1632843285157,13.3919625,52.4728315,7.1499534,0.17408524,2.0777588,3.1723623,on bike mount,cyclo cross,True,paving stones,intermediate
28ec7340-d6fa-4d45-aae2-0235aeabfe1e,b0e975d2-107f-4d87-a91a-9e823349feba,024fc0c5-2abf-4e58-8394-c89cc9d962ee,1632843285220,13.3919625,52.4728315,7.1499534,-1.0708342,-7.194292,13.206081,on bike mount,cyclo cross,True,paving stones,intermediate
28ec7340-d6fa-4d45-aae2-0235aeabfe1e,b0e975d2-107f-4d87-a91a-9e823349feba,c8a29bfe-e9d5-49f6-bc4b-6b93133555bf,1632843285270,13.3920673,52.4728283,7.209393,0.32828498,5.882782,-11.060473,on bike mount,cyclo cross,True,paving stones,intermediate
28ec7340-d6fa-4d45-aae2-0235aeabfe1e,b0e975d2-107f-4d87-a91a-9e823349feba,f6b4124f-fa8b-4dd2-b288-9314a8c2a117,1632843285320,13.3920673,52.4728283,7.209393,-0.3951444,-10.834682,-4.511282,on bike mount,cyclo cross,True,paving stones,intermediate
28ec7340-d6fa-4d45-aae2-0235aeabfe1e,b0e975d2-107f-4d87-a91a-9e823349feba,34f2a98f-83dd-4768-a823-91e5b7e44515,1632843285370,13.3920673,52.4728283,7.209393,0.6657231,2.175961,-3.483203,on bike mount,cyclo cross,True,paving stones,intermediate
28ec7340-d6fa-4d45-aae2-0235aeabfe1e,b0e975d2-107f-4d87-a91a-9e823349feba,dc24efd8-1530-4a43-ae50-fe6252b2fbcb,1632843285420,13.3920673,52.4728283,7.209393,-1.4589882,3.5784855,0.27446365,on bike mount,cyclo cross,True,paving stones,intermediate
28ec7340-d6fa-4d45-aae2-0235aeabfe1e,b0e975d2-107f-4d87-a91a-9e823349feba,3ef9205d-33ef-4709-9e2b-9bac29ca8ac0,1632843285470,13.3920673,52.4728283,7.209393,2.5447,8.590645,-0.9564104,on bike mount,cyclo cross,True,paving stones,intermediate
28ec7340-d6fa-4d45-aae2-0235aeabfe1e,b0e975d2-107f-4d87-a91a-9e823349feba,f6d7dc28-4319-4589-895d-db68e011f77b,1632843285520,13.3920673,52.4728283,7.209393,-2.3441687,-5.141262,-3.9166694,on bike mount,cyclo cross,True,paving stones,intermediate
28ec7340-d6fa-4d45-aae2-0235aeabfe1e,b0e975d2-107f-4d87-a91a-9e823349feba,91515156-1b19-4b85-a307-d462dca53da8,1632843285572,13.3920673,52.4728283,7.209393,-0.7047001,-2.9501686,6.2921543,on bike mount,cyclo cross,True,paving stones,intermediate
28ec7340-d6fa-4d45-aae2-0235aeabfe1e,b0e975d2-107f-4d87-a91a-9e823349feba,d3961726-e9f4-4dc1-9fe5-a7276c8e4afd,1632843285623,13.3920673,52.4728283,7.209393,-1.9112325,1.375416,-0.74353313,on bike mount,cyclo cross,True,paving stones,intermediate
28ec7340-d6fa-4d45-aae2-0235aeabfe1e,b0e975d2-107f-4d87-a91a-9e823349feba,313fc7ee-a9ed-410a-a012-a6ac12e3fb9f,1632843285690,13.3920673,52.4728283,7.209393,-0.5673755,-2.0312164,6.525635,on bike mount,cyclo cross,True,paving stones,intermediate
28ec7340-d6fa-4d45-aae2-0235aeabfe1e,b0e975d2-107f-4d87-a91a-9e823349feba,fce70463-4b0a-4f33-a516-90b1d3f80408,1632843285739,13.3920673,52.4728283,7.209393,0.43512627,2.4993315,-14.279366,on bike mount,cyclo cross,True,paving stones,intermediate
28ec7340-d6fa-4d45-aae2-0235aeabfe1e,b0e975d2-107f-4d87-a91a-9e823349feba,bb63533c-29f8-4c18-b11c-7683e5525b48,1632843285791,13.3920673,52.4728283,7.209393,-2.272099,0.6918156,1.4689808,on bike mount,cyclo cross,True,paving stones,intermediate
28ec7340-d6fa-4d45-aae2-0235aeabfe1e,b0e975d2-107f-4d87-a91a-9e823349feba,cf906562-d79c-4169-816f-19d9f8be9f8c,1632843285856,13.3920673,52.4728283,7.209393,0.7372592,6.658785,-3.6794043,on bike mount,cyclo cross,True,paving stones,intermediate
28ec7340-d6fa-4d45-aae2-0235aeabfe1e,b0e975d2-107f-4d87-a91a-9e823349feba,edba31d3-e613-4670-ba9f-f7ea72c16486,1632843285922,13.3920673,52.4728283,7.209393,1.0340192,-6.946792,7.7461004,on bike mount,cyclo cross,True,paving stones,intermediate
28ec7340-d6fa-4d45-aae2-0235aeabfe1e,b0e975d2-107f-4d87-a91a-9e823349feba,2362ea22-3d64-44c1-95cf-da50b844407b,1632843285973,13.3920673,52.4728283,7.209393,0.553736,-1.3214455,-0.04141903,on bike mount,cyclo cross,True,paving stones,intermediate
28ec7340-d6fa-4d45-aae2-0235aeabfe1e,b0e975d2-107f-4d87-a91a-9e823349feba,785de336-7dbf-4592-83d5-8ee07a67e870,1632843286039,13.3920673,52.4728283,7.209393,1.1460841,-4.655513,4.2170877,on bike mount,cyclo cross,True,paving stones,intermediate
28ec7340-d6fa-4d45-aae2-0235aeabfe1e,b0e975d2-107f-4d87-a91a-9e823349feba,ff3e4d81-9eed-4185-9281-78ecd23954e3,1632843286089,13.3920673,52.4728283,7.209393,1.455029,-1.8509536,-2.653871,on bike mount,cyclo cross,True,paving stones,intermediate
28ec7340-d6fa-4d45-aae2-0235aeabfe1e,b0e975d2-107f-4d87-a91a-9e823349feba,f8d14c78-b0af-4849-8b1a-16a47a013878,1632843286139,13.3920673,52.4728283,7.209393,-0.40504017,-1.9193441,2.2904959,on bike mount,cyclo cross,True,paving stones,intermediate
28ec7340-d6fa-4d45-aae2-0235aeabfe1e,b0e975d2-107f-4d87-a91a-9e823349feba,6d024923-ac91-4b07-ab24-cc3901990a00,1632843286191,13.3920673,52.4728283,7.209393,0.02301164,-1.4000007,3.4642906,on bike mount,cyclo cross,True,paving stones,intermediate
28ec7340-d6fa-4d45-aae2-0235aeabfe1e,b0e975d2-107f-4d87-a91a-9e823349feba,01a30f18-03b2-4af9-bc27-3e6d759a573c,1632843286255,13.392171,52.4728289,7.2498384,-0.8221044,4.226899,5.7696514,on bike mount,cyclo cross,True,paving stones,intermediate
28ec7340-d6fa-4d45-aae2-0235aeabfe1e,b0e975d2-107f-4d87-a91a-9e823349feba,2f897472-c717-480e-92cf-4d492138973d,1632843286305,13.392171,52.4728289,7.2498384,-0.65624654,-1.5425258,-8.407627,on bike mount,cyclo cross,True,paving stones,intermediate
28ec7340-d6fa-4d45-aae2-0235aeabfe1e,b0e975d2-107f-4d87-a91a-9e823349feba,981d7948-8b0f-4650-afa1-01332e253145,1632843286358,13.392171,52.4728289,7.2498384,2.9933605,-3.9660602,-2.2647972,on bike mount,cyclo cross,True,paving stones,intermediate
28ec7340-d6fa-4d45-aae2-0235aeabfe1e,b0e975d2-107f-4d87-a91a-9e823349feba,c7db5ad3-f496-4e04-9292-d743e756c0e0,1632843286408,13.392171,52.4728289,7.2498384,0.16173184,-5.962655,2.337019,on bike mount,cyclo cross,True,paving stones,intermediate
28ec7340-d6fa-4d45-aae2-0235aeabfe1e,b0e975d2-107f-4d87-a91a-9e823349feba,599336d6-064f-4012-9fb3-f0bc9d445ca2,1632843286458,13.392171,52.4728289,7.2498384,0.31252056,-2.4296925,-1.0628004,on bike mount,cyclo cross,True,paving stones,intermediate
28ec7340-d6fa-4d45-aae2-0235aeabfe1e,b0e975d2-107f-4d87-a91a-9e823349feba,6cb600ac-b0aa-4dd3-8389-5f482ea8a849,1632843286522,13.392171,52.4728289,7.2498384,-0.4671618,-4.132245,2.990672,on bike mount,cyclo cross,True,paving stones,intermediate
28ec7340-d6fa-4d45-aae2-0235aeabfe1e,b0e975d2-107f-4d87-a91a-9e823349feba,1432f64a-4411-4c38-b917-fb4473ded07b,1632843286573,13.392171,52.4728289,7.2498384,0.17404231,0.9255476,-3.3750968,on bike mount,cyclo cross,True,paving stones,intermediate
28ec7340-d6fa-4d45-aae2-0235aeabfe1e,b0e975d2-107f-4d87-a91a-9e823349feba,b6bee78d-d8cb-4c6c-a887-b56ed437a3db,1632843286623,13.392171,52.4728289,7.2498384,-1.7896061,5.6579647,-3.4634268,on bike mount,cyclo cross,True,paving stones,intermediate
28ec7340-d6fa-4d45-aae2-0235aeabfe1e,b0e975d2-107f-4d87-a91a-9e823349feba,de021dcd-ee05-47e0-a2c7-a78f3b44d4dc,1632843286675,13.392171,52.4728289,7.2498384,-1.732377,-2.1363773,-0.4006729,on bike mount,cyclo cross,True,paving stones,intermediate
28ec7340-d6fa-4d45-aae2-0235aeabfe1e,b0e975d2-107f-4d87-a91a-9e823349feba,b343ada6-c31e-40c1-b652-cac5fc23beb8,1632843286726,13.392171,52.4728289,7.2498384,1.2186245,-1.3961334,4.692995,on bike mount,cyclo cross,True,paving stones,intermediate
28ec7340-d6fa-4d45-aae2-0235aeabfe1e,b0e975d2-107f-4d87-a91a-9e823349feba,f9970b2f-9133-425c-acf9-57a2ece49959,1632843286776,13.392171,52.4728289,7.2498384,1.1386282,5.2758284,-4.112585,on bike mount,cyclo cross,True,paving stones,intermediate
28ec7340-d6fa-4d45-aae2-0235aeabfe1e,b0e975d2-107f-4d87-a91a-9e823349feba,b580038a-d262-4bad-b464-5b5be32c31ac,1632843286827,13.392171,52.4728289,7.2498384,-1.584224,-11.610989,7.96558,on bike mount,cyclo cross,True,paving stones,intermediate
28ec7340-d6fa-4d45-aae2-0235aeabfe1e,b0e975d2-107f-4d87-a91a-9e823349feba,69bd5a18-e74a-4286-bcde-941a0a7526e7,1632843286890,13.392171,52.4728289,7.2498384,1.8248825,-3.5057635,6.6903963,on bike mount,cyclo cross,True,paving stones,intermediate
28ec7340-d6fa-4d45-aae2-0235aeabfe1e,b0e975d2-107f-4d87-a91a-9e823349feba,3c9b99ba-884d-46f4-8d50-065af2465c87,1632843286942,13.392171,52.4728289,7.2498384,0.9190124,1.1651816,0.65188026,on bike mount,cyclo cross,True,paving stones,intermediate
28ec7340-d6fa-4d45-aae2-0235aeabfe1e,b0e975d2-107f-4d87-a91a-9e823349feba,eb1dd6bf-2a35-496a-8c6f-8afab5cb2961,1632843286992,13.392171,52.4728289,7.2498384,-0.36951762,-4.7124357,1.8186779,on bike mount,cyclo cross,True,paving stones,intermediate
28ec7340-d6fa-4d45-aae2-0235aeabfe1e,b0e975d2-107f-4d87-a91a-9e823349feba,ac716147-3267-495c-8012-f0ea6710590d,1632843287059,13.392171,52.4728289,7.2498384,1.3038082,-5.751275,3.1620626,on bike mount,cyclo cross,True,paving stones,intermediate
28ec7340-d6fa-4d45-aae2-0235aeabfe1e,b0e975d2-107f-4d87-a91a-9e823349feba,211092f1-702b-492b-9fc5-f0187368a22a,1632843287109,13.392171,52.4728289,7.2498384,-0.42403436,-3.6446006,1.5411682,on bike mount,cyclo cross,True,paving stones,intermediate
28ec7340-d6fa-4d45-aae2-0235aeabfe1e,b0e975d2-107f-4d87-a91a-9e823349feba,99b446a0-959e-413f-b73b-9f394a973676,1632843287160,13.392171,52.4728289,7.2498384,-1.0076832,3.4061208,-9.785557,on bike mount,cyclo cross,True,paving stones,intermediate
28ec7340-d6fa-4d45-aae2-0235aeabfe1e,b0e975d2-107f-4d87-a91a-9e823349feba,9619c076-a29b-4f75-bab9-c634e19ad144,1632843287227,13.392171,52.4728289,7.2498384,-0.952132,5.359848,-0.42361546,on bike mount,cyclo cross,True,paving stones,intermediate
28ec7340-d6fa-4d45-aae2-0235aeabfe1e,b0e975d2-107f-4d87-a91a-9e823349feba,333549ef-e3d4-4496-9487-b61f9799ee07,1632843287290,13.3922757,52.472829,7.2244716,1.1760623,-1.087611,3.5020828,on bike mount,cyclo cross,True,paving stones,intermediate
28ec7340-d6fa-4d45-aae2-0235aeabfe1e,b0e975d2-107f-4d87-a91a-9e823349feba,4561691b-0cb7-4253-b34a-d691a038ceee,1632843287342,13.3922757,52.472829,7.2244716,1.1060787,0.56574106,6.194824,on bike mount,cyclo cross,True,paving stones,intermediate
28ec7340-d6fa-4d45-aae2-0235aeabfe1e,b0e975d2-107f-4d87-a91a-9e823349feba,d47bbfa0-2a60-46bb-9cfb-a06b3d40efde,1632843287392,13.3922757,52.472829,7.2244716,0.60162926,-8.130248,-0.9348297,on bike mount,cyclo cross,True,paving stones,intermediate
28ec7340-d6fa-4d45-aae2-0235aeabfe1e,b0e975d2-107f-4d87-a91a-9e823349feba,fe383a9d-63f4-4c4c-ad24-5610d8210c06,1632843287457,13.3922757,52.472829,7.2244716,0.6355162,4.306884,-0.5577917,on bike mount,cyclo cross,True,paving stones,intermediate
28ec7340-d6fa-4d45-aae2-0235aeabfe1e,b0e975d2-107f-4d87-a91a-9e823349feba,e35c3220-6ddb-4698-8652-82bf6bdee597,1632843287509,13.3922757,52.472829,7.2244716,-0.034131903,-6.152113,-7.0505304,on bike mount,cyclo cross,True,paving stones,intermediate
28ec7340-d6fa-4d45-aae2-0235aeabfe1e,b0e975d2-107f-4d87-a91a-9e823349feba,2f0af628-61d8-4dd3-bcc9-df8f5dc06619,1632843287574,13.3922757,52.472829,7.2244716,-0.6056408,4.1717257,-2.6084924,on bike mount,cyclo cross,True,paving stones,intermediate
28ec7340-d6fa-4d45-aae2-0235aeabfe1e,b0e975d2-107f-4d87-a91a-9e823349feba,9979876a-1c6f-417f-9a93-e3d1b10ba288,1632843287624,13.3922757,52.472829,7.2244716,0.68627834,-2.7126966,4.361969,on bike mount,cyclo cross,True,paving stones,intermediate
28ec7340-d6fa-4d45-aae2-0235aeabfe1e,b0e975d2-107f-4d87-a91a-9e823349feba,c5d577e9-206a-4b4e-92cd-6de98e2a85d0,1632843287675,13.3922757,52.472829,7.2244716,-1.6846485,12.908975,-3.9759097,on bike mount,cyclo cross,True,paving stones,intermediate
28ec7340-d6fa-4d45-aae2-0235aeabfe1e,b0e975d2-107f-4d87-a91a-9e823349feba,870e20e8-19bb-4333-aad3-9f89a1ce0b39,1632843287726,13.3922757,52.472829,7.2244716,0.08738917,-4.7108817,3.287901,on bike mount,cyclo cross,True,paving stones,intermediate
28ec7340-d6fa-4d45-aae2-0235aeabfe1e,b0e975d2-107f-4d87-a91a-9e823349feba,e31886bc-4349-42be-b9aa-b34888bbabb4,1632843287776,13.3922757,52.472829,7.2244716,-1.1427821,-2.1042898,2.409789,on bike mount,cyclo cross,True,paving stones,intermediate
28ec7340-d6fa-4d45-aae2-0235aeabfe1e,b0e975d2-107f-4d87-a91a-9e823349feba,1a1751a8-d06b-4b59-b2f5-216785eeb532,1632843287827,13.3922757,52.472829,7.2244716,-1.3300576,-0.70533466,5.6860456,on bike mount,cyclo cross,True,paving stones,intermediate
28ec7340-d6fa-4d45-aae2-0235aeabfe1e,b0e975d2-107f-4d87-a91a-9e823349feba,1e67afa5-afb5-4425-a120-800ae218fd44,1632843287892,13.3922757,52.472829,7.2244716,-0.27182811,-5.740171,-0.63461876,on bike mount,cyclo cross,True,paving stones,intermediate
28ec7340-d6fa-4d45-aae2-0235aeabfe1e,b0e975d2-107f-4d87-a91a-9e823349feba,e917e62b-c24d-4ca6-bf72-ce58c89d9b71,1632843287943,13.3922757,52.472829,7.2244716,0.92851853,1.2893314,1.3572998,on bike mount,cyclo cross,True,paving stones,intermediate
28ec7340-d6fa-4d45-aae2-0235aeabfe1e,b0e975d2-107f-4d87-a91a-9e823349feba,6cd2667e-f6a5-4602-baad-9b3943e46aa8,1632843287993,13.3922757,52.472829,7.2244716,-2.3942156,-0.84757614,-0.72966194,on bike mount,cyclo cross,True,paving stones,intermediate
28ec7340-d6fa-4d45-aae2-0235aeabfe1e,b0e975d2-107f-4d87-a91a-9e823349feba,4896fa56-4751-498b-9678-406fec13dd3a,1632843288043,13.3922757,52.472829,7.2244716,-1.4159832,4.2440233,4.933181,on bike mount,cyclo cross,True,paving stones,intermediate
28ec7340-d6fa-4d45-aae2-0235aeabfe1e,b0e975d2-107f-4d87-a91a-9e823349feba,ea4ccda8-d87b-40f1-9e91-55f3fdf759b7,1632843288093,13.3922757,52.472829,7.2244716,0.28947297,-0.23107672,4.035075,on bike mount,cyclo cross,True,paving stones,intermediate
28ec7340-d6fa-4d45-aae2-0235aeabfe1e,b0e975d2-107f-4d87-a91a-9e823349feba,cc983b8a-fdaf-42bc-b88a-4892dbac3d10,1632843288143,13.3922757,52.472829,7.2244716,-2.125846,-2.2762551,3.9266806,on bike mount,cyclo cross,True,paving stones,intermediate
28ec7340-d6fa-4d45-aae2-0235aeabfe1e,b0e975d2-107f-4d87-a91a-9e823349feba,0a8e98b0-2eda-4704-8fc0-38b781d6d1e2,1632843288208,13.3922757,52.472829,7.2244716,-2.1103148,0.5324137,-4.0041947,on bike mount,cyclo cross,True,paving stones,intermediate
28ec7340-d6fa-4d45-aae2-0235aeabfe1e,b0e975d2-107f-4d87-a91a-9e823349feba,28882e80-b316-4726-8976-fa85c63eb087,1632843288260,13.3923858,52.4728269,7.3375273,-1.2326062,1.1290536,-2.5384073,on bike mount,cyclo cross,True,paving stones,intermediate
28ec7340-d6fa-4d45-aae2-0235aeabfe1e,b0e975d2-107f-4d87-a91a-9e823349feba,fc6ab821-2c13-486d-86d2-e922ae372fa2,1632843288327,13.3923858,52.4728269,7.3375273,-3.678443,-6.415908,-0.22965908,on bike mount,cyclo cross,True,paving stones,intermediate
28ec7340-d6fa-4d45-aae2-0235aeabfe1e,b0e975d2-107f-4d87-a91a-9e823349feba,eafc90ba-1fed-43e7-a0e6-5ff45064e03b,1632843288378,13.3923858,52.4728269,7.3375273,0.124636695,-0.79794645,-3.7838407,on bike mount,cyclo cross,True,paving stones,intermediate
28ec7340-d6fa-4d45-aae2-0235aeabfe1e,b0e975d2-107f-4d87-a91a-9e823349feba,6a706afa-3ed9-48b4-b3fa-e8e9f669a343,1632843288442,13.3923858,52.4728269,7.3375273,-1.5059714,-10.968676,-0.7701025,on bike mount,cyclo cross,True,paving stones,intermediate
28ec7340-d6fa-4d45-aae2-0235aeabfe1e,b0e975d2-107f-4d87-a91a-9e823349feba,9d866a49-c9ca-4182-b222-5d057c816975,1632843288493,13.3923858,52.4728269,7.3375273,-0.66416067,-1.9238605,2.1474667,on bike mount,cyclo cross,True,paving stones,intermediate
28ec7340-d6fa-4d45-aae2-0235aeabfe1e,b0e975d2-107f-4d87-a91a-9e823349feba,08266382-f0ef-4e49-9bda-034b2aa27b9c,1632843288545,13.3923858,52.4728269,7.3375273,2.3832407,1.0353303,7.2271843,on bike mount,cyclo cross,True,paving stones,intermediate
28ec7340-d6fa-4d45-aae2-0235aeabfe1e,b0e975d2-107f-4d87-a91a-9e823349feba,ba95cdfb-4d83-4bc2-bb6d-2aae6f3e6384,1632843288595,13.3923858,52.4728269,7.3375273,-1.232506,7.3263845,-20.002377,on bike mount,cyclo cross,True,paving stones,intermediate
28ec7340-d6fa-4d45-aae2-0235aeabfe1e,b0e975d2-107f-4d87-a91a-9e823349feba,8be402a7-9391-4827-bdf3-d8851806ec09,1632843288661,13.3923858,52.4728269,7.3375273,-0.852525,3.8635015,3.032731,on bike mount,cyclo cross,True,paving stones,intermediate
28ec7340-d6fa-4d45-aae2-0235aeabfe1e,b0e975d2-107f-4d87-a91a-9e823349feba,acf6d777-0d4d-42c3-896c-67e07369becf,1632843288726,13.3923858,52.4728269,7.3375273,2.768086,-17.990967,10.804646,on bike mount,cyclo cross,True,paving stones,intermediate
28ec7340-d6fa-4d45-aae2-0235aeabfe1e,b0e975d2-107f-4d87-a91a-9e823349feba,de5f5555-7954-414b-9afd-9dd967e21d89,1632843288778,13.3923858,52.4728269,7.3375273,-3.413481,-2.4476824,-5.1200657,on bike mount,cyclo cross,True,paving stones,intermediate
28ec7340-d6fa-4d45-aae2-0235aeabfe1e,b0e975d2-107f-4d87-a91a-9e823349feba,01d19dca-62fd-403d-890c-96a39453a3b6,1632843288828,13.3923858,52.4728269,7.3375273,-14.211983,15.528428,-13.754829,on bike mount,cyclo cross,True,paving stones,intermediate
28ec7340-d6fa-4d45-aae2-0235aeabfe1e,b0e975d2-107f-4d87-a91a-9e823349feba,16dc2de2-f191-4997-94b3-c51dee4d0294,1632843288893,13.3923858,52.4728269,7.3375273,1.771597,-6.1003323,8.1999235,on bike mount,cyclo cross,True,paving stones,intermediate
28ec7340-d6fa-4d45-aae2-0235aeabfe1e,b0e975d2-107f-4d87-a91a-9e823349feba,7e3b3e1d-439f-4d7e-8b3f-c09b40a6b416,1632843288944,13.3923858,52.4728269,7.3375273,-1.575084,27.116049,-10.172844,on bike mount,cyclo cross,True,paving stones,intermediate
28ec7340-d6fa-4d45-aae2-0235aeabfe1e,b0e975d2-107f-4d87-a91a-9e823349feba,acc5ccff-f02c-4e3c-9baf-770759baea18,1632843288995,13.3923858,52.4728269,7.3375273,0.043262646,-14.762738,4.3250313,on bike mount,cyclo cross,True,paving stones,intermediate
28ec7340-d6fa-4d45-aae2-0235aeabfe1e,b0e975d2-107f-4d87-a91a-9e823349feba,96a18692-c38e-4e20-9843-ede7bf749e10,1632843289062,13.3923858,52.4728269,7.3375273,-1.4806167,0.0027461052,-0.6566858,on bike mount,cyclo cross,True,paving stones,intermediate
28ec7340-d6fa-4d45-aae2-0235aeabfe1e,b0e975d2-107f-4d87-a91a-9e823349feba,6284a836-2de2-4468-ae26-27a8a9787d75,1632843289112,13.3923858,52.4728269,7.3375273,-0.85352707,-2.8576288,0.681036,on bike mount,cyclo cross,True,paving stones,intermediate
28ec7340-d6fa-4d45-aae2-0235aeabfe1e,b0e975d2-107f-4d87-a91a-9e823349feba,cd5c978f-3343-4216-8dc1-b84ee9f75cd1,1632843289178,13.3923858,52.4728269,7.3375273,0.60532534,6.8634224,-0.5538378,on bike mount,cyclo cross,True,paving stones,intermediate
28ec7340-d6fa-4d45-aae2-0235aeabfe1e,b0e975d2-107f-4d87-a91a-9e823349feba,d5cd2171-527f-46b1-b71c-ffcd9bcc8f68,1632843289228,13.3923858,52.4728269,7.3375273,0.93331873,3.477066,6.5917454,on bike mount,cyclo cross,True,paving stones,intermediate
28ec7340-d6fa-4d45-aae2-0235aeabfe1e,b0e975d2-107f-4d87-a91a-9e823349feba,41f02d62-0ba0-4c8c-b2a4-00fb722215b0,1632843289278,13.3924915,52.4728291,7.3799357,-0.7434839,-9.112684,10.2183,on bike mount,cyclo cross,True,paving stones,intermediate
28ec7340-d6fa-4d45-aae2-0235aeabfe1e,b0e975d2-107f-4d87-a91a-9e823349feba,ceae5c56-a306-4cad-b194-652dd1d2bfbf,1632843289329,13.3924915,52.4728291,7.3799357,0.7158976,13.699392,-1.9068031,on bike mount,cyclo cross,True,paving stones,intermediate
28ec7340-d6fa-4d45-aae2-0235aeabfe1e,b0e975d2-107f-4d87-a91a-9e823349feba,b58b8027-4100-4674-a82e-f0783ef47cda,1632843289396,13.3924915,52.4728291,7.3799357,-0.64516646,-8.701147,1.8319597,on bike mount,cyclo cross,True,paving stones,intermediate
28ec7340-d6fa-4d45-aae2-0235aeabfe1e,b0e975d2-107f-4d87-a91a-9e823349feba,43118ef5-0652-4238-84a7-bcbc60e8bdd3,1632843289446,13.3924915,52.4728291,7.3799357,-0.47323942,8.673965,-2.4198732,on bike mount,cyclo cross,True,paving stones,intermediate
28ec7340-d6fa-4d45-aae2-0235aeabfe1e,b0e975d2-107f-4d87-a91a-9e823349feba,b5899a5a-668c-461b-aa0f-d23bbb24d42d,1632843289496,13.3924915,52.4728291,7.3799357,0.36559358,-4.331985,-2.5510292,on bike mount,cyclo cross,True,paving stones,intermediate
28ec7340-d6fa-4d45-aae2-0235aeabfe1e,b0e975d2-107f-4d87-a91a-9e823349feba,bab8515c-eafb-4a39-b7ff-4d82032c6ef8,1632843289546,13.3924915,52.4728291,7.3799357,-0.25661394,0.567873,-1.4237919,on bike mount,cyclo cross,True,paving stones,intermediate
28ec7340-d6fa-4d45-aae2-0235aeabfe1e,b0e975d2-107f-4d87-a91a-9e823349feba,49ee6cdb-5059-49ee-820e-14cf9a6164c2,1632843289611,13.3924915,52.4728291,7.3799357,0.97308344,2.2337985,-5.362687,on bike mount,cyclo cross,True,paving stones,intermediate
28ec7340-d6fa-4d45-aae2-0235aeabfe1e,b0e975d2-107f-4d87-a91a-9e823349feba,26ee443e-4b7d-4e86-a253-3c187a6189e9,1632843289661,13.3924915,52.4728291,7.3799357,0.21708828,2.5069427,5.6138372,on bike mount,cyclo cross,True,paving stones,intermediate
28ec7340-d6fa-4d45-aae2-0235aeabfe1e,b0e975d2-107f-4d87-a91a-9e823349feba,756cdda1-9797-4ab4-b8d7-7bef3a355084,1632843289711,13.3924915,52.4728291,7.3799357,1.0504913,-3.163796,-1.0298438,on bike mount,cyclo cross,True,paving stones,intermediate
28ec7340-d6fa-4d45-aae2-0235aeabfe1e,b0e975d2-107f-4d87-a91a-9e823349feba,d56d7870-31c9-46b0-8cb4-3a4e7e0ea03d,1632843289761,13.3924915,52.4728291,7.3799357,-0.27407756,-2.0629704,2.9979553,on bike mount,cyclo cross,True,paving stones,intermediate
28ec7340-d6fa-4d45-aae2-0235aeabfe1e,b0e975d2-107f-4d87-a91a-9e823349feba,781d6a56-7395-45ba-b4ca-d2db1f505bac,1632843289811,13.3924915,52.4728291,7.3799357,-0.67515635,-1.5237572,3.0801125,on bike mount,cyclo cross,True,paving stones,intermediate
28ec7340-d6fa-4d45-aae2-0235aeabfe1e,b0e975d2-107f-4d87-a91a-9e823349feba,d490086a-1078-4ad1-b0b0-520f833bf037,1632843289864,13.3924915,52.4728291,7.3799357,0.85595334,-1.0983388,0.78494835,on bike mount,cyclo cross,True,paving stones,intermediate
28ec7340-d6fa-4d45-aae2-0235aeabfe1e,b0e975d2-107f-4d87-a91a-9e823349feba,1cdf751f-c75d-494b-85fb-1e5bf84930af,1632843289913,13.3924915,52.4728291,7.3799357,0.016265616,3.0514092,5.336646,on bike mount,cyclo cross,True,paving stones,intermediate
28ec7340-d6fa-4d45-aae2-0235aeabfe1e,b0e975d2-107f-4d87-a91a-9e823349feba,271fe430-7f41-41ab-8fa0-9d671f523399,1632843289963,13.3924915,52.4728291,7.3799357,2.2609322,6.856515,0.82661915,on bike mount,cyclo cross,True,paving stones,intermediate
28ec7340-d6fa-4d45-aae2-0235aeabfe1e,b0e975d2-107f-4d87-a91a-9e823349feba,6521dacd-99b1-43a0-9cc7-ee45b36c609e,1632843290013,13.3924915,52.4728291,7.3799357,-0.83555865,-10.039814,12.581985,on bike mount,cyclo cross,True,paving stones,intermediate
28ec7340-d6fa-4d45-aae2-0235aeabfe1e,b0e975d2-107f-4d87-a91a-9e823349feba,7903f8ea-69f7-48bb-bbd9-df3f5df08b90,1632843290064,13.3924915,52.4728291,7.3799357,0.17954913,-2.0647926,0.9359999,on bike mount,cyclo cross,True,paving stones,intermediate
28ec7340-d6fa-4d45-aae2-0235aeabfe1e,b0e975d2-107f-4d87-a91a-9e823349feba,9ad7fc07-88cb-4b08-bd64-6541a4822091,1632843290114,13.3924915,52.4728291,7.3799357,-2.392547,5.733315,-0.009116173,on bike mount,cyclo cross,True,paving stones,intermediate
28ec7340-d6fa-4d45-aae2-0235aeabfe1e,b0e975d2-107f-4d87-a91a-9e823349feba,e5dc3e66-2c8e-4672-a9d2-7176a7df94de,1632843290180,13.3924915,52.4728291,7.3799357,0.84724855,-5.2004757,1.3998747,on bike mount,cyclo cross,True,paving stones,intermediate
28ec7340-d6fa-4d45-aae2-0235aeabfe1e,b0e975d2-107f-4d87-a91a-9e823349feba,4c7a0462-9d72-4aa0-b783-690126e2a508,1632843290233,13.3924915,52.4728291,7.3799357,1.54889,0.84509754,4.3330755,on bike mount,cyclo cross,True,paving stones,intermediate
28ec7340-d6fa-4d45-aae2-0235aeabfe1e,b0e975d2-107f-4d87-a91a-9e823349feba,3ba65132-7f17-4225-b606-e918f183e11c,1632843290296,13.3926021,52.4728297,7.429926,0.40451154,1.3742032,0.5881939,on bike mount,cyclo cross,True,paving stones,intermediate
28ec7340-d6fa-4d45-aae2-0235aeabfe1e,b0e975d2-107f-4d87-a91a-9e823349feba,6de395e9-e579-4413-820b-01dff98dc615,1632843290346,13.3926021,52.4728297,7.429926,-0.51990294,-0.21786547,6.2625456,on bike mount,cyclo cross,True,paving stones,intermediate
28ec7340-d6fa-4d45-aae2-0235aeabfe1e,b0e975d2-107f-4d87-a91a-9e823349feba,0b72b6ca-45d7-4804-98a7-9f6b46f723a4,1632843290397,13.3926021,52.4728297,7.429926,1.7967035,-2.3003328,4.7636595,on bike mount,cyclo cross,True,paving stones,intermediate
28ec7340-d6fa-4d45-aae2-0235aeabfe1e,b0e975d2-107f-4d87-a91a-9e823349feba,5ab4139d-b461-4b6e-b84f-31bc86642589,1632843290447,13.3926021,52.4728297,7.429926,1.0889885,0.4435699,2.9164028,on bike mount,cyclo cross,True,paving stones,intermediate
28ec7340-d6fa-4d45-aae2-0235aeabfe1e,b0e975d2-107f-4d87-a91a-9e823349feba,173593fe-2c84-4fd0-b05b-1b0353a75e75,1632843290497,13.3926021,52.4728297,7.429926,-1.0627787,4.7725153,-5.4538093,on bike mount,cyclo cross,True,paving stones,intermediate
28ec7340-d6fa-4d45-aae2-0235aeabfe1e,b0e975d2-107f-4d87-a91a-9e823349feba,b1dd3d9a-70e0-4976-a17d-bc6b591e7a69,1632843290547,13.3926021,52.4728297,7.429926,0.06892292,5.017686,-5.5813584,on bike mount,cyclo cross,True,paving stones,intermediate
28ec7340-d6fa-4d45-aae2-0235aeabfe1e,b0e975d2-107f-4d87-a91a-9e823349feba,b4c81f5e-8daf-41b1-be8b-0809e6a84035,1632843290598,13.3926021,52.4728297,7.429926,1.5330877,-0.3541746,2.4875565,on bike mount,cyclo cross,True,paving stones,intermediate
28ec7340-d6fa-4d45-aae2-0235aeabfe1e,b0e975d2-107f-4d87-a91a-9e823349feba,20b4d8d4-d5d1-4ed4-938e-75fa3ef90930,1632843290648,13.3926021,52.4728297,7.429926,-1.8027908,-7.7045946,1.0891371,on bike mount,cyclo cross,True,paving stones,intermediate
28ec7340-d6fa-4d45-aae2-0235aeabfe1e,b0e975d2-107f-4d87-a91a-9e823349feba,1e2f13f8-5f08-499d-8118-9ef75d68a64c,1632843290698,13.3926021,52.4728297,7.429926,-1.8331094,5.256301,-6.8932824,on bike mount,cyclo cross,True,paving stones,intermediate
28ec7340-d6fa-4d45-aae2-0235aeabfe1e,b0e975d2-107f-4d87-a91a-9e823349feba,79adaa9d-303d-4f74-b0af-c8024fb71541,1632843290748,13.3926021,52.4728297,7.429926,3.0565805,-1.3721013,8.850489,on bike mount,cyclo cross,True,paving stones,intermediate
28ec7340-d6fa-4d45-aae2-0235aeabfe1e,b0e975d2-107f-4d87-a91a-9e823349feba,811145ed-75cd-4a1e-bf9f-71b072f91603,1632843290799,13.3926021,52.4728297,7.429926,-1.6845794,-7.487504,8.391807,on bike mount,cyclo cross,True,paving stones,intermediate
28ec7340-d6fa-4d45-aae2-0235aeabfe1e,b0e975d2-107f-4d87-a91a-9e823349feba,6b80cc2a-0ddc-4a33-9b09-7f8472b262b7,1632843290863,13.3926021,52.4728297,7.429926,0.5544548,-2.359144,-1.0988226,on bike mount,cyclo cross,True,paving stones,intermediate
28ec7340-d6fa-4d45-aae2-0235aeabfe1e,b0e975d2-107f-4d87-a91a-9e823349feba,123d8361-a112-458f-ba5f-5b1495048871,1632843290913,13.3926021,52.4728297,7.429926,0.41350847,-3.022861,8.285683,on bike mount,cyclo cross,True,paving stones,intermediate
28ec7340-d6fa-4d45-aae2-0235aeabfe1e,b0e975d2-107f-4d87-a91a-9e823349feba,9c91a392-76b0-4636-9e22-ee19b5acc8bd,1632843290963,13.3926021,52.4728297,7.429926,-0.5919874,2.5983195,-5.4936223,on bike mount,cyclo cross,True,paving stones,intermediate
28ec7340-d6fa-4d45-aae2-0235aeabfe1e,b0e975d2-107f-4d87-a91a-9e823349feba,adf4f442-0844-4474-8989-cad5f0dc8037,1632843291015,13.3926021,52.4728297,7.429926,0.22072569,-3.9347744,-1.4992876,on bike mount,cyclo cross,True,paving stones,intermediate
28ec7340-d6fa-4d45-aae2-0235aeabfe1e,b0e975d2-107f-4d87-a91a-9e823349feba,5f4253d0-e6c0-402d-9f5d-54d0abfc5f38,1632843291081,13.3926021,52.4728297,7.429926,-3.9692729,-2.9027138,1.7558603,on bike mount,cyclo cross,True,paving stones,intermediate
28ec7340-d6fa-4d45-aae2-0235aeabfe1e,b0e975d2-107f-4d87-a91a-9e823349feba,27896ead-24cf-4283-976c-32d8d12f3707,1632843291132,13.3926021,52.4728297,7.429926,-2.627477,-0.58936644,-6.314563,on bike mount,cyclo cross,True,paving stones,intermediate
28ec7340-d6fa-4d45-aae2-0235aeabfe1e,b0e975d2-107f-4d87-a91a-9e823349feba,9322a987-f3b4-42e7-b20f-dc8c9967f78f,1632843291182,13.3926021,52.4728297,7.429926,1.4776596,-3.3658235,0.9916229,on bike mount,cyclo cross,True,paving stones,intermediate
28ec7340-d6fa-4d45-aae2-0235aeabfe1e,b0e975d2-107f-4d87-a91a-9e823349feba,2124f020-692a-4723-8e40-29b191328192,1632843291234,13.392709,52.4728296,7.4599543,1.4342817,-3.6158464,1.4707804,on bike mount,cyclo cross,True,paving stones,intermediate
28ec7340-d6fa-4d45-aae2-0235aeabfe1e,b0e975d2-107f-4d87-a91a-9e823349feba,eafc1ab4-cdd8-4e05-b2de-efdf8583d3c4,1632843291299,13.392709,52.4728296,7.4599543,-2.5362911,9.363575,-4.1247673,on bike mount,cyclo cross,True,paving stones,intermediate
28ec7340-d6fa-4d45-aae2-0235aeabfe1e,b0e975d2-107f-4d87-a91a-9e823349feba,0263d730-44ff-4a50-8dbf-ae4afcbefcf1,1632843291364,13.392709,52.4728296,7.4599543,-0.9924779,4.3185406,9.124539,on bike mount,cyclo cross,True,paving stones,intermediate
28ec7340-d6fa-4d45-aae2-0235aeabfe1e,b0e975d2-107f-4d87-a91a-9e823349feba,50178b61-4dc1-4c23-beb1-e5b95d646557,1632843291415,13.392709,52.4728296,7.4599543,-0.04630349,7.0962615,8.630226,on bike mount,cyclo cross,True,paving stones,intermediate
28ec7340-d6fa-4d45-aae2-0235aeabfe1e,b0e975d2-107f-4d87-a91a-9e823349feba,743e3bdc-35c3-4edb-b71b-5397e1b6fbb9,1632843291465,13.392709,52.4728296,7.4599543,0.84102464,-0.8630948,-7.7756743,on bike mount,cyclo cross,True,paving stones,intermediate
28ec7340-d6fa-4d45-aae2-0235aeabfe1e,b0e975d2-107f-4d87-a91a-9e823349feba,62acbd85-68f2-4e18-9373-c0e21efac7a3,1632843291516,13.392709,52.4728296,7.4599543,1.18049,-0.8845966,0.7579498,on bike mount,cyclo cross,True,paving stones,intermediate
28ec7340-d6fa-4d45-aae2-0235aeabfe1e,b0e975d2-107f-4d87-a91a-9e823349feba,b22ca3ce-cc73-4e52-bd8e-71f232514e14,1632843291566,13.392709,52.4728296,7.4599543,0.0718053,-2.6846864,2.69209,on bike mount,cyclo cross,True,paving stones,intermediate
28ec7340-d6fa-4d45-aae2-0235aeabfe1e,b0e975d2-107f-4d87-a91a-9e823349feba,027df8a8-3086-4732-adfd-2225fc79b2fd,1632843291617,13.392709,52.4728296,7.4599543,-1.1313701,8.6572695,-1.1655674,on bike mount,cyclo cross,True,paving stones,intermediate
28ec7340-d6fa-4d45-aae2-0235aeabfe1e,b0e975d2-107f-4d87-a91a-9e823349feba,74a6b803-7ba5-41d8-88d8-d70eb66d91d6,1632843291681,13.392709,52.4728296,7.4599543,0.832826,-5.5659065,2.4978533,on bike mount,cyclo cross,True,paving stones,intermediate
28ec7340-d6fa-4d45-aae2-0235aeabfe1e,b0e975d2-107f-4d87-a91a-9e823349feba,7957f6ec-aa1e-4567-aae8-3090ae505fdb,1632843291731,13.392709,52.4728296,7.4599543,-1.0494006,6.2752585,3.1797428,on bike mount,cyclo cross,True,paving stones,intermediate
28ec7340-d6fa-4d45-aae2-0235aeabfe1e,b0e975d2-107f-4d87-a91a-9e823349feba,568f9285-428a-46eb-991d-a38c991c2aae,1632843291781,13.392709,52.4728296,7.4599543,-2.118236,10.292648,2.2845287,on bike mount,cyclo cross,True,paving stones,intermediate
28ec7340-d6fa-4d45-aae2-0235aeabfe1e,b0e975d2-107f-4d87-a91a-9e823349feba,0e2fb1e6-c61b-4a3a-87f3-9c5e2d3999ba,1632843291832,13.392709,52.4728296,7.4599543,2.8028724,0.3561988,-0.1169157,on bike mount,cyclo cross,True,paving stones,intermediate
28ec7340-d6fa-4d45-aae2-0235aeabfe1e,b0e975d2-107f-4d87-a91a-9e823349feba,28f3d468-b877-4654-877a-da3b7357b88c,1632843291900,13.392709,52.4728296,7.4599543,-0.9516567,4.9612455,-8.201836,on bike mount,cyclo cross,True,paving stones,intermediate
28ec7340-d6fa-4d45-aae2-0235aeabfe1e,b0e975d2-107f-4d87-a91a-9e823349feba,c5284e91-f091-44b7-861b-1a29a723169e,1632843291965,13.392709,52.4728296,7.4599543,1.8257309,-13.071479,12.94355,on bike mount,cyclo cross,True,paving stones,intermediate
28ec7340-d6fa-4d45-aae2-0235aeabfe1e,b0e975d2-107f-4d87-a91a-9e823349feba,b720c43b-cd03-4314-b251-f90be0bf2e15,1632843292015,13.392709,52.4728296,7.4599543,-1.544523,2.3964458,-4.9181437,on bike mount,cyclo cross,True,paving stones,intermediate
28ec7340-d6fa-4d45-aae2-0235aeabfe1e,b0e975d2-107f-4d87-a91a-9e823349feba,472e67b4-94aa-4814-90ca-e21790b3bb2d,1632843292065,13.392709,52.4728296,7.4599543,0.27803928,-9.729057,14.929321,on bike mount,cyclo cross,True,paving stones,intermediate
28ec7340-d6fa-4d45-aae2-0235aeabfe1e,b0e975d2-107f-4d87-a91a-9e823349feba,1aafac5d-e0b4-45d0-b3a4-d7135fe3b647,1632843292117,13.392709,52.4728296,7.4599543,-0.62886953,9.606704,-7.744636,on bike mount,cyclo cross,True,paving stones,intermediate
28ec7340-d6fa-4d45-aae2-0235aeabfe1e,b0e975d2-107f-4d87-a91a-9e823349feba,6d60d2c7-45d6-4101-b03c-1d8d1dfdc544,1632843292183,13.392709,52.4728296,7.4599543,-1.9496152,-4.8013096,-0.65511703,on bike mount,cyclo cross,True,paving stones,intermediate
28ec7340-d6fa-4d45-aae2-0235aeabfe1e,b0e975d2-107f-4d87-a91a-9e823349feba,ec15c38c-d9fd-47a7-aea9-3139a422bb25,1632843292233,13.3928191,52.4728286,7.785992,-1.0152229,-3.429822,0.27950096,on bike mount,cyclo cross,True,paving stones,intermediate
28ec7340-d6fa-4d45-aae2-0235aeabfe1e,f0f338e9-3d46-44ed-aef4-74fc3d434ecb,3699f495-81e0-49c5-95e5-fb683d6c0660,1632843290296,13.3926021,52.4728297,7.429926,0.40451154,1.3742032,0.5881939,on bike mount,cyclo cross,True,paving stones,intermediate
28ec7340-d6fa-4d45-aae2-0235aeabfe1e,f0f338e9-3d46-44ed-aef4-74fc3d434ecb,51a9f6c7-401d-490e-b867-973c0d70b21a,1632843290346,13.3926021,52.4728297,7.429926,-0.51990294,-0.21786547,6.2625456,on bike mount,cyclo cross,True,paving stones,intermediate
28ec7340-d6fa-4d45-aae2-0235aeabfe1e,f0f338e9-3d46-44ed-aef4-74fc3d434ecb,0dc233ef-da60-465a-886d-9056e584bedc,1632843290398,13.3926021,52.4728297,7.429926,1.7967035,-2.3003328,4.7636595,on bike mount,cyclo cross,True,paving stones,intermediate
28ec7340-d6fa-4d45-aae2-0235aeabfe1e,f0f338e9-3d46-44ed-aef4-74fc3d434ecb,0d90166a-22be-45d2-bf3e-de67ca561719,1632843290451,13.3926021,52.4728297,7.429926,2.3920891,0.16957235,-10.503561,on bike mount,cyclo cross,True,paving stones,intermediate
28ec7340-d6fa-4d45-aae2-0235aeabfe1e,f0f338e9-3d46-44ed-aef4-74fc3d434ecb,1666400f-6f73-41f9-9b0d-46e7663a06d9,1632843290512,13.3926021,52.4728297,7.429926,0.49861947,-3.5507793,-5.7091327,on bike mount,cyclo cross,True,paving stones,intermediate
28ec7340-d6fa-4d45-aae2-0235aeabfe1e,f0f338e9-3d46-44ed-aef4-74fc3d434ecb,f4973a19-f445-47ad-afa4-15ff20f285b4,1632843290564,13.3926021,52.4728297,7.429926,0.62432593,-6.507033,1.4737825,on bike mount,cyclo cross,True,paving stones,intermediate
28ec7340-d6fa-4d45-aae2-0235aeabfe1e,f0f338e9-3d46-44ed-aef4-74fc3d434ecb,d49cfa4c-f1c4-4815-8a1e-985b57c32cfc,1632843290613,13.3926021,52.4728297,7.429926,-0.38228846,1.1566329,2.9005938,on bike mount,cyclo cross,True,paving stones,intermediate
28ec7340-d6fa-4d45-aae2-0235aeabfe1e,f0f338e9-3d46-44ed-aef4-74fc3d434ecb,9f0cf3bb-2098-440a-86cf-3b44c52c7341,1632843290663,13.3926021,52.4728297,7.429926,-1.7135544,6.5911083,-5.6982946,on bike mount,cyclo cross,True,paving stones,intermediate
28ec7340-d6fa-4d45-aae2-0235aeabfe1e,f0f338e9-3d46-44ed-aef4-74fc3d434ecb,20ae76e6-6a9f-41e9-a572-957bfc5ac630,1632843290713,13.3926021,52.4728297,7.429926,-0.13457519,-4.3472958,-2.4612799,on bike mount,cyclo cross,True,paving stones,intermediate
28ec7340-d6fa-4d45-aae2-0235aeabfe1e,f0f338e9-3d46-44ed-aef4-74fc3d434ecb,e5a60a3e-f2bc-4cd9-a4c8-4f7d1483dd89,1632843290764,13.3926021,52.4728297,7.429926,2.4400792,-5.012849,0.8105335,on bike mount,cyclo cross,True,paving stones,intermediate
28ec7340-d6fa-4d45-aae2-0235aeabfe1e,f0f338e9-3d46-44ed-aef4-74fc3d434ecb,fff8a865-c15d-4c85-94bd-7643dd4ca830,1632843290813,13.3926021,52.4728297,7.429926,-1.6540642,1.8827753,-11.105884,on bike mount,cyclo cross,True,paving stones,intermediate
28ec7340-d6fa-4d45-aae2-0235aeabfe1e,f0f338e9-3d46-44ed-aef4-74fc3d434ecb,71a92ad9-f9a8-4868-9aa5-e70768a68f74,1632843290864,13.3926021,52.4728297,7.429926,0.5544548,-2.359144,-1.0988226,on bike mount,cyclo cross,True,paving stones,intermediate
28ec7340-d6fa-4d45-aae2-0235aeabfe1e,f0f338e9-3d46-44ed-aef4-74fc3d434ecb,2fc90ed1-c87c-44c4-966a-f74bd916209e,1632843290914,13.3926021,52.4728297,7.429926,0.41350847,-3.022861,8.285683,on bike mount,cyclo cross,True,paving stones,intermediate
28ec7340-d6fa-4d45-aae2-0235aeabfe1e,f0f338e9-3d46-44ed-aef4-74fc3d434ecb,4a3182c1-44a3-4422-a03b-b23234dece96,1632843290965,13.3926021,52.4728297,7.429926,-0.5919874,2.5983195,-5.4936223,on bike mount,cyclo cross,True,paving stones,intermediate
28ec7340-d6fa-4d45-aae2-0235aeabfe1e,f0f338e9-3d46-44ed-aef4-74fc3d434ecb,d730a827-204e-4e28-aff6-508c693f25af,1632843291030,13.3926021,52.4728297,7.429926,0.29266736,0.30325985,8.621328,on bike mount,cyclo cross,True,paving stones,intermediate
28ec7340-d6fa-4d45-aae2-0235aeabfe1e,f0f338e9-3d46-44ed-aef4-74fc3d434ecb,ce86da38-478c-41b6-b1f8-a919647fd365,1632843291081,13.3926021,52.4728297,7.429926,-3.9692729,-2.9027138,1.7558603,on bike mount,cyclo cross,True,paving stones,intermediate
28ec7340-d6fa-4d45-aae2-0235aeabfe1e,f0f338e9-3d46-44ed-aef4-74fc3d434ecb,151e75ef-738f-4433-bab1-ec7528743def,1632843291134,13.3926021,52.4728297,7.429926,-4.176794,0.8541136,1.718091,on bike mount,cyclo cross,True,paving stones,intermediate
28ec7340-d6fa-4d45-aae2-0235aeabfe1e,f0f338e9-3d46-44ed-aef4-74fc3d434ecb,4f328801-d7cd-46ad-ae8d-f0a4ffa8a5ff,1632843291199,13.3926021,52.4728297,7.429926,-2.9608753,4.002679,-0.28119564,on bike mount,cyclo cross,True,paving stones,intermediate
28ec7340-d6fa-4d45-aae2-0235aeabfe1e,f0f338e9-3d46-44ed-aef4-74fc3d434ecb,b95b777d-b3ef-49de-8c02-efa8dff71497,1632843291264,13.392709,52.4728296,7.4599543,0.2679242,2.4720507,-6.0271964,on bike mount,cyclo cross,True,paving stones,intermediate
28ec7340-d6fa-4d45-aae2-0235aeabfe1e,f0f338e9-3d46-44ed-aef4-74fc3d434ecb,921b535b-f111-460c-8177-221fee5c5ad5,1632843291314,13.392709,52.4728296,7.4599543,0.5485889,-4.594761,-8.221333,on bike mount,cyclo cross,True,paving stones,intermediate
28ec7340-d6fa-4d45-aae2-0235aeabfe1e,f0f338e9-3d46-44ed-aef4-74fc3d434ecb,b92bb282-de6f-459e-83ea-f3f796464ca3,1632843291364,13.392709,52.4728296,7.4599543,-0.9924779,4.3185406,9.124539,on bike mount,cyclo cross,True,paving stones,intermediate
28ec7340-d6fa-4d45-aae2-0235aeabfe1e,f0f338e9-3d46-44ed-aef4-74fc3d434ecb,012da3db-4527-4c85-a711-f1f32ed5f848,1632843291416,13.392709,52.4728296,7.4599543,-0.04630349,7.0962615,8.630226,on bike mount,cyclo cross,True,paving stones,intermediate
28ec7340-d6fa-4d45-aae2-0235aeabfe1e,f0f338e9-3d46-44ed-aef4-74fc3d434ecb,edeea861-1534-4db0-b399-e0663c548359,1632843291467,13.392709,52.4728296,7.4599543,0.84102464,-0.8630948,-7.7756743,on bike mount,cyclo cross,True,paving stones,intermediate
28ec7340-d6fa-4d45-aae2-0235aeabfe1e,f0f338e9-3d46-44ed-aef4-74fc3d434ecb,c1890a18-5248-4d69-95b8-77f109fa2596,1632843291517,13.392709,52.4728296,7.4599543,0.7037767,-1.7276163,-1.6633549,on bike mount,cyclo cross,True,paving stones,intermediate
28ec7340-d6fa-4d45-aae2-0235aeabfe1e,f0f338e9-3d46-44ed-aef4-74fc3d434ecb,39165ebf-e053-48d3-ae7a-c4cbeedb0f1b,1632843291569,13.392709,52.4728296,7.4599543,-0.78364676,-2.2398386,-1.3768125,on bike mount,cyclo cross,True,paving stones,intermediate
28ec7340-d6fa-4d45-aae2-0235aeabfe1e,f0f338e9-3d46-44ed-aef4-74fc3d434ecb,c5c3ad04-3de0-4dae-b554-88d6083b90d3,1632843291631,13.392709,52.4728296,7.4599543,-1.2314847,-1.1533809,-16.235132,on bike mount,cyclo cross,True,paving stones,intermediate
28ec7340-d6fa-4d45-aae2-0235aeabfe1e,f0f338e9-3d46-44ed-aef4-74fc3d434ecb,fa41ff85-3031-425c-9c51-0575788dc7e2,1632843291682,13.392709,52.4728296,7.4599543,0.832826,-5.5659065,2.4978533,on bike mount,cyclo cross,True,paving stones,intermediate
28ec7340-d6fa-4d45-aae2-0235aeabfe1e,f0f338e9-3d46-44ed-aef4-74fc3d434ecb,1ec77048-17b4-445d-b6e0-74fe4844f114,1632843291734,13.392709,52.4728296,7.4599543,-1.0652777,8.601475,-0.2544384,on bike mount,cyclo cross,True,paving stones,intermediate
28ec7340-d6fa-4d45-aae2-0235aeabfe1e,f0f338e9-3d46-44ed-aef4-74fc3d434ecb,75de2b26-67a2-46aa-88d6-568c5c3f2b70,1632843291799,13.392709,52.4728296,7.4599543,-2.8371587,0.8893974,-0.34363556,on bike mount,cyclo cross,True,paving stones,intermediate
28ec7340-d6fa-4d45-aae2-0235aeabfe1e,f0f338e9-3d46-44ed-aef4-74fc3d434ecb,11be15a1-d06e-4f0c-ace3-7710a9b68cc3,1632843291850,13.392709,52.4728296,7.4599543,-0.4804346,-7.1243644,6.656788,on bike mount,cyclo cross,True,paving stones,intermediate
28ec7340-d6fa-4d45-aae2-0235aeabfe1e,f0f338e9-3d46-44ed-aef4-74fc3d434ecb,000b970a-d695-4a7c-a414-5f5aef2ae9cd,1632843291900,13.392709,52.4728296,7.4599543,-0.9516567,4.9612455,-8.201836,on bike mount,cyclo cross,True,paving stones,intermediate
28ec7340-d6fa-4d45-aae2-0235aeabfe1e,f0f338e9-3d46-44ed-aef4-74fc3d434ecb,dcd065f2-176c-408b-806a-d354089ce02a,1632843291965,13.392709,52.4728296,7.4599543,1.8257309,-13.071479,12.94355,on bike mount,cyclo cross,True,paving stones,intermediate
28ec7340-d6fa-4d45-aae2-0235aeabfe1e,f0f338e9-3d46-44ed-aef4-74fc3d434ecb,1c6d6bfd-742c-4b40-b1e5-6d185fd2fa08,1632843292016,13.392709,52.4728296,7.4599543,-1.544523,2.3964458,-4.9181437,on bike mount,cyclo cross,True,paving stones,intermediate
28ec7340-d6fa-4d45-aae2-0235aeabfe1e,f0f338e9-3d46-44ed-aef4-74fc3d434ecb,ec2527f2-4a7a-4b0d-acaa-96a406b8330c,1632843292066,13.392709,52.4728296,7.4599543,0.27803928,-9.729057,14.929321,on bike mount,cyclo cross,True,paving stones,intermediate
28ec7340-d6fa-4d45-aae2-0235aeabfe1e,f0f338e9-3d46-44ed-aef4-74fc3d434ecb,99cad076-cc53-4299-bccc-3733c1e061b0,1632843292118,13.392709,52.4728296,7.4599543,-0.62886953,9.606704,-7.744636,on bike mount,cyclo cross,True,paving stones,intermediate
28ec7340-d6fa-4d45-aae2-0235aeabfe1e,f0f338e9-3d46-44ed-aef4-74fc3d434ecb,ccefae6c-ccce-4578-a276-d019928ff3c8,1632843292183,13.392709,52.4728296,7.4599543,-1.9496152,-4.8013096,-0.65511703,on bike mount,cyclo cross,True,paving stones,intermediate
28ec7340-d6fa-4d45-aae2-0235aeabfe1e,f0f338e9-3d46-44ed-aef4-74fc3d434ecb,dc11144d-f42a-4ba4-aebd-4da7c6bb2432,1632843292234,13.3928191,52.4728286,7.785992,-1.0152229,-3.429822,0.27950096,on bike mount,cyclo cross,True,paving stones,intermediate
28ec7340-d6fa-4d45-aae2-0235aeabfe1e,f0f338e9-3d46-44ed-aef4-74fc3d434ecb,63ba6d74-33e4-407b-ba0e-b145375b5db3,1632843292299,13.3928191,52.4728286,7.785992,1.5740001,-3.7773306,-0.9171696,on bike mount,cyclo cross,True,paving stones,intermediate
28ec7340-d6fa-4d45-aae2-0235aeabfe1e,f0f338e9-3d46-44ed-aef4-74fc3d434ecb,d9c69d7b-3312-48ad-becd-0baa57b104fb,1632843292349,13.3928191,52.4728286,7.785992,-3.22895,-1.9681246,7.6038437,on bike mount,cyclo cross,True,paving stones,intermediate
28ec7340-d6fa-4d45-aae2-0235aeabfe1e,f0f338e9-3d46-44ed-aef4-74fc3d434ecb,5fec3150-bbdd-4301-8573-516555ce9ec3,1632843292400,13.3928191,52.4728286,7.785992,0.23389237,5.517864,-1.1144342,on bike mount,cyclo cross,True,paving stones,intermediate
28ec7340-d6fa-4d45-aae2-0235aeabfe1e,f0f338e9-3d46-44ed-aef4-74fc3d434ecb,1cfa16f0-688c-420f-8914-cb9cec4acc1a,1632843292451,13.3928191,52.4728286,7.785992,0.15237367,-5.4166718,7.047924,on bike mount,cyclo cross,True,paving stones,intermediate
28ec7340-d6fa-4d45-aae2-0235aeabfe1e,f0f338e9-3d46-44ed-aef4-74fc3d434ecb,5125e526-640e-4ea2-975e-0c76c28bcb79,1632843292503,13.3928191,52.4728286,7.785992,-0.96881455,8.574019,-3.2926676,on bike mount,cyclo cross,True,paving stones,intermediate
28ec7340-d6fa-4d45-aae2-0235aeabfe1e,f0f338e9-3d46-44ed-aef4-74fc3d434ecb,894c6ce4-5cc8-488b-8e49-480c5dc2a5fa,1632843292554,13.3928191,52.4728286,7.785992,1.0113076,5.5392632,6.554632,on bike mount,cyclo cross,True,paving stones,intermediate
28ec7340-d6fa-4d45-aae2-0235aeabfe1e,f0f338e9-3d46-44ed-aef4-74fc3d434ecb,a0d2c211-9eb5-4ca6-b1e9-7d256fdf17fc,1632843292616,13.3928191,52.4728286,7.785992,-0.40615273,6.344735,-0.038669586,on bike mount,cyclo cross,True,paving stones,intermediate
28ec7340-d6fa-4d45-aae2-0235aeabfe1e,f0f338e9-3d46-44ed-aef4-74fc3d434ecb,65fbba0c-bfe3-4675-b015-231156e17c21,1632843292667,13.3928191,52.4728286,7.785992,-1.9876274,-1.3212715,-2.7140102,on bike mount,cyclo cross,True,paving stones,intermediate
28ec7340-d6fa-4d45-aae2-0235aeabfe1e,f0f338e9-3d46-44ed-aef4-74fc3d434ecb,8cf0541c-f303-4e16-a0ec-09c66ed6ca65,1632843292720,13.3928191,52.4728286,7.785992,-1.9020582,3.9541674,-2.6636486,on bike mount,cyclo cross,True,paving stones,intermediate
28ec7340-d6fa-4d45-aae2-0235aeabfe1e,f0f338e9-3d46-44ed-aef4-74fc3d434ecb,3cd46934-cd45-4091-858e-f285f9e5d9f3,1632843292783,13.3928191,52.4728286,7.785992,-1.1945161,-4.850918,7.302903,on bike mount,cyclo cross,True,paving stones,intermediate
28ec7340-d6fa-4d45-aae2-0235aeabfe1e,f0f338e9-3d46-44ed-aef4-74fc3d434ecb,feab2b47-a620-4c3a-94b9-015b2c1ea845,1632843292835,13.3928191,52.4728286,7.785992,-2.0358667,-0.38541555,12.887005,on bike mount,cyclo cross,True,paving stones,intermediate
28ec7340-d6fa-4d45-aae2-0235aeabfe1e,f0f338e9-3d46-44ed-aef4-74fc3d434ecb,660a18e2-bb52-4993-bdfa-f1c7a88f2e5b,1632843292886,13.3928191,52.4728286,7.785992,-1.9845953,3.9201417,0.7632017,on bike mount,cyclo cross,True,paving stones,intermediate
28ec7340-d6fa-4d45-aae2-0235aeabfe1e,f0f338e9-3d46-44ed-aef4-74fc3d434ecb,01ba621e-71e5-4759-a9d2-0e09fea20655,1632843292935,13.3928191,52.4728286,7.785992,-0.5269145,-1.3327047,-4.229629,on bike mount,cyclo cross,True,paving stones,intermediate
28ec7340-d6fa-4d45-aae2-0235aeabfe1e,f0f338e9-3d46-44ed-aef4-74fc3d434ecb,a2334c30-b10d-4a8a-9282-79bce6bbd5eb,1632843293001,13.3928191,52.4728286,7.785992,1.3033695,0.28358722,-2.2078924,on bike mount,cyclo cross,True,paving stones,intermediate
28ec7340-d6fa-4d45-aae2-0235aeabfe1e,f0f338e9-3d46-44ed-aef4-74fc3d434ecb,98017549-3488-427a-ac5c-12e9571adbd1,1632843293051,13.3928191,52.4728286,7.785992,-0.9491671,-3.144432,3.879651,on bike mount,cyclo cross,True,paving stones,intermediate
28ec7340-d6fa-4d45-aae2-0235aeabfe1e,f0f338e9-3d46-44ed-aef4-74fc3d434ecb,151219f1-94c7-417c-b8a7-25087bf0285a,1632843293102,13.3928191,52.4728286,7.785992,-0.98634285,0.029563904,2.9379873,on bike mount,cyclo cross,True,paving stones,intermediate
28ec7340-d6fa-4d45-aae2-0235aeabfe1e,f0f338e9-3d46-44ed-aef4-74fc3d434ecb,878afeb6-8f2a-4553-929a-a6ea8561ba5e,1632843293169,13.3928191,52.4728286,7.785992,-1.298265,5.179335,-6.012742,on bike mount,cyclo cross,True,paving stones,intermediate
28ec7340-d6fa-4d45-aae2-0235aeabfe1e,f0f338e9-3d46-44ed-aef4-74fc3d434ecb,5c16bc17-9d83-4aa7-a214-77171e7ef132,1632843293238,13.3928191,52.4728286,7.785992,-2.4991167,-0.93709207,10.543103,on bike mount,cyclo cross,True,paving stones,intermediate
28ec7340-d6fa-4d45-aae2-0235aeabfe1e,f0f338e9-3d46-44ed-aef4-74fc3d434ecb,b541ee01-22d5-4cb6-a3e3-8f81c7cee22c,1632843293301,13.3929341,52.4728283,7.582925,-0.097108126,5.1769547,-3.8211856,on bike mount,cyclo cross,True,paving stones,intermediate
28ec7340-d6fa-4d45-aae2-0235aeabfe1e,f0f338e9-3d46-44ed-aef4-74fc3d434ecb,93a1e37e-ca54-4be8-a686-1b76e2b70d48,1632843293352,13.3929341,52.4728283,7.582925,0.47481185,-5.751313,-5.6320467,on bike mount,cyclo cross,True,paving stones,intermediate
28ec7340-d6fa-4d45-aae2-0235aeabfe1e,f0f338e9-3d46-44ed-aef4-74fc3d434ecb,78ae9524-73d6-458d-b5d1-a86fc71fc5e3,1632843293402,13.3929341,52.4728283,7.582925,-0.25814563,-2.190194,-6.185241,on bike mount,cyclo cross,True,paving stones,intermediate
28ec7340-d6fa-4d45-aae2-0235aeabfe1e,f0f338e9-3d46-44ed-aef4-74fc3d434ecb,0e049833-3235-4215-84e2-b16d2e3c3b85,1632843293452,13.3929341,52.4728283,7.582925,-1.3046838,4.3407154,3.2688332,on bike mount,cyclo cross,True,paving stones,intermediate
28ec7340-d6fa-4d45-aae2-0235aeabfe1e,f0f338e9-3d46-44ed-aef4-74fc3d434ecb,bb432d18-e13d-4234-916c-d3f9d0f002b6,1632843293503,13.3929341,52.4728283,7.582925,0.6545173,-5.6775174,9.148511,on bike mount,cyclo cross,True,paving stones,intermediate
28ec7340-d6fa-4d45-aae2-0235aeabfe1e,f0f338e9-3d46-44ed-aef4-74fc3d434ecb,978ebe02-75c8-41ee-827f-7a61491ec64d,1632843293553,13.3929341,52.4728283,7.582925,-2.122281,0.7312839,-11.617519,on bike mount,cyclo cross,True,paving stones,intermediate
28ec7340-d6fa-4d45-aae2-0235aeabfe1e,f0f338e9-3d46-44ed-aef4-74fc3d434ecb,01c0b7de-fe9a-48ab-a899-940d8bdfcc8c,1632843293619,13.3929341,52.4728283,7.582925,-1.3269566,-4.097093,0.8620081,on bike mount,cyclo cross,True,paving stones,intermediate
28ec7340-d6fa-4d45-aae2-0235aeabfe1e,f0f338e9-3d46-44ed-aef4-74fc3d434ecb,92494e4c-b7b3-4bc7-8cd8-2e0244688106,1632843293670,13.3929341,52.4728283,7.582925,0.8537072,2.9791155,0.19274473,on bike mount,cyclo cross,True,paving stones,intermediate
28ec7340-d6fa-4d45-aae2-0235aeabfe1e,f0f338e9-3d46-44ed-aef4-74fc3d434ecb,8a37eaa7-afeb-41c4-b1cd-a54d8cb45f49,1632843293719,13.3929341,52.4728283,7.582925,-0.24798805,-8.646939,5.194951,on bike mount,cyclo cross,True,paving stones,intermediate
28ec7340-d6fa-4d45-aae2-0235aeabfe1e,f0f338e9-3d46-44ed-aef4-74fc3d434ecb,2780cbd3-1149-466c-b72a-be1faae79ce7,1632843293769,13.3929341,52.4728283,7.582925,0.33705586,-1.7045301,-1.8680482,on bike mount,cyclo cross,True,paving stones,intermediate
28ec7340-d6fa-4d45-aae2-0235aeabfe1e,f0f338e9-3d46-44ed-aef4-74fc3d434ecb,a5fe7389-c3f7-4731-8f38-3ef5475e4729,1632843293819,13.3929341,52.4728283,7.582925,1.8507311,8.508723,-3.5892487,on bike mount,cyclo cross,True,paving stones,intermediate
28ec7340-d6fa-4d45-aae2-0235aeabfe1e,f0f338e9-3d46-44ed-aef4-74fc3d434ecb,dc49ebbf-a5b0-4542-b42a-b15cb092ca45,1632843293870,13.3929341,52.4728283,7.582925,-0.4425317,3.964593,1.1699123,on bike mount,cyclo cross,True,paving stones,intermediate
28ec7340-d6fa-4d45-aae2-0235aeabfe1e,f0f338e9-3d46-44ed-aef4-74fc3d434ecb,273ace3a-0fca-43f1-a5ef-3f031c03c691,1632843293920,13.3929341,52.4728283,7.582925,0.7018765,-15.091017,7.4512796,on bike mount,cyclo cross,True,paving stones,intermediate
28ec7340-d6fa-4d45-aae2-0235aeabfe1e,f0f338e9-3d46-44ed-aef4-74fc3d434ecb,7af5b76c-0acb-4cdf-8f1c-4684bbb97368,1632843293972,13.3929341,52.4728283,7.582925,-0.26087284,4.733791,-0.653142,on bike mount,cyclo cross,True,paving stones,intermediate
28ec7340-d6fa-4d45-aae2-0235aeabfe1e,f0f338e9-3d46-44ed-aef4-74fc3d434ecb,32fda168-7798-4938-92d8-571fb410b74f,1632843294038,13.3929341,52.4728283,7.582925,0.63343394,0.26006985,-10.188351,on bike mount,cyclo cross,True,paving stones,intermediate
28ec7340-d6fa-4d45-aae2-0235aeabfe1e,f0f338e9-3d46-44ed-aef4-74fc3d434ecb,123cc9b9-07c6-4d84-93c8-1f43e5723ce0,1632843294089,13.3929341,52.4728283,7.582925,1.0737518,-2.9696116,6.574011,on bike mount,cyclo cross,True,paving stones,intermediate
28ec7340-d6fa-4d45-aae2-0235aeabfe1e,f0f338e9-3d46-44ed-aef4-74fc3d434ecb,2540f582-98d0-4b4b-9f7a-abaee50e4698,1632843294154,13.3929341,52.4728283,7.582925,-1.9804292,3.2954206,-0.50208664,on bike mount,cyclo cross,True,paving stones,intermediate
28ec7340-d6fa-4d45-aae2-0235aeabfe1e,f0f338e9-3d46-44ed-aef4-74fc3d434ecb,87232f5a-c77c-4ffd-a75f-c8266f127764,1632843294204,13.3929341,52.4728283,7.582925,1.2559131,-4.2601933,-2.2610312,on bike mount,cyclo cross,True,paving stones,intermediate
28ec7340-d6fa-4d45-aae2-0235aeabfe1e,f0f338e9-3d46-44ed-aef4-74fc3d434ecb,436d17a3-b3b6-47f0-bac4-017782a8d516,1632843294260,13.3930461,52.472829,7.837691,1.0702986,-7.334216,-2.2742915,on bike mount,cyclo cross,True,paving stones,intermediate
28ec7340-d6fa-4d45-aae2-0235aeabfe1e,f0f338e9-3d46-44ed-aef4-74fc3d434ecb,b1d1db11-3615-46ef-9626-3500e725049d,1632843294320,13.3930461,52.472829,7.837691,-1.0567719,-4.461522,-1.147563,on bike mount,cyclo cross,True,paving stones,intermediate
28ec7340-d6fa-4d45-aae2-0235aeabfe1e,f0f338e9-3d46-44ed-aef4-74fc3d434ecb,15e281e6-7a9e-4a02-adba-6c64659c5437,1632843294371,13.3930461,52.472829,7.837691,-0.49026132,11.238205,-8.326866,on bike mount,cyclo cross,True,paving stones,intermediate
28ec7340-d6fa-4d45-aae2-0235aeabfe1e,f0f338e9-3d46-44ed-aef4-74fc3d434ecb,0c781837-fa39-4bf7-9e63-06f7590fc4e9,1632843294421,13.3930461,52.472829,7.837691,3.2740448,-11.8130665,4.6447315,on bike mount,cyclo cross,True,paving stones,intermediate
28ec7340-d6fa-4d45-aae2-0235aeabfe1e,f0f338e9-3d46-44ed-aef4-74fc3d434ecb,00952134-2038-4202-9df0-63371a6f3c01,1632843294471,13.3930461,52.472829,7.837691,1.943244,-7.505807,-0.39273214,on bike mount,cyclo cross,True,paving stones,intermediate
28ec7340-d6fa-4d45-aae2-0235aeabfe1e,f0f338e9-3d46-44ed-aef4-74fc3d434ecb,ad0dc15f-3df3-416c-b6d8-873c3ffc857f,1632843294522,13.3930461,52.472829,7.837691,0.95639795,1.1409147,0.45376492,on bike mount,cyclo cross,True,paving stones,intermediate
28ec7340-d6fa-4d45-aae2-0235aeabfe1e,f0f338e9-3d46-44ed-aef4-74fc3d434ecb,3a35be79-7bdb-4ae8-8835-4800e34ba390,1632843294586,13.3930461,52.472829,7.837691,-0.8068224,0.07405424,2.2329578,on bike mount,cyclo cross,True,paving stones,intermediate
28ec7340-d6fa-4d45-aae2-0235aeabfe1e,f0f338e9-3d46-44ed-aef4-74fc3d434ecb,e2187812-1eac-4d56-8aaf-f6a45ff3a161,1632843294638,13.3930461,52.472829,7.837691,-5.599998,-2.1231477,-6.982085,on bike mount,cyclo cross,True,paving stones,intermediate
28ec7340-d6fa-4d45-aae2-0235aeabfe1e,f0f338e9-3d46-44ed-aef4-74fc3d434ecb,f38bd442-4b29-4057-a944-e23ef98efa15,1632843294689,13.3930461,52.472829,7.837691,-0.9765568,5.4378724,-4.36098,on bike mount,cyclo cross,True,paving stones,intermediate
28ec7340-d6fa-4d45-aae2-0235aeabfe1e,f0f338e9-3d46-44ed-aef4-74fc3d434ecb,cec5565b-d22a-434a-86dd-ae806e135275,1632843294754,13.3930461,52.472829,7.837691,-0.31722876,5.7389774,-0.8029728,on bike mount,cyclo cross,True,paving stones,intermediate
28ec7340-d6fa-4d45-aae2-0235aeabfe1e,f0f338e9-3d46-44ed-aef4-74fc3d434ecb,a59b58e5-dd89-4780-947e-e250940ae4db,1632843294804,13.3930461,52.472829,7.837691,0.88205504,-4.730255,5.170576,on bike mount,cyclo cross,True,paving stones,intermediate
28ec7340-d6fa-4d45-aae2-0235aeabfe1e,f0f338e9-3d46-44ed-aef4-74fc3d434ecb,22973acf-367e-4172-a27f-4476adf2a945,1632843294854,13.3930461,52.472829,7.837691,-1.8902043,-5.1777663,3.7493114,on bike mount,cyclo cross,True,paving stones,intermediate
28ec7340-d6fa-4d45-aae2-0235aeabfe1e,f0f338e9-3d46-44ed-aef4-74fc3d434ecb,3fad781c-6b6a-42f6-80b1-f4747ac64bd3,1632843294905,13.3930461,52.472829,7.837691,-1.2149802,1.4535558,-3.619952,on bike mount,cyclo cross,True,paving stones,intermediate
28ec7340-d6fa-4d45-aae2-0235aeabfe1e,f0f338e9-3d46-44ed-aef4-74fc3d434ecb,8d24d9ae-0dfa-4d56-8fd6-454d70fd189b,1632843294957,13.3930461,52.472829,7.837691,-2.5876021,2.2673798,-6.852064,on bike mount,cyclo cross,True,paving stones,intermediate
28ec7340-d6fa-4d45-aae2-0235aeabfe1e,f0f338e9-3d46-44ed-aef4-74fc3d434ecb,04007ec4-0e4b-4d4a-949c-c7d2166d35d3,1632843295008,13.3930461,52.472829,7.837691,-1.0513911,-3.013671,4.5171947,on bike mount,cyclo cross,True,paving stones,intermediate
28ec7340-d6fa-4d45-aae2-0235aeabfe1e,f0f338e9-3d46-44ed-aef4-74fc3d434ecb,509119b7-5350-40b8-aab9-25144de9f3fb,1632843295071,13.3930461,52.472829,7.837691,-1.0959905,-0.59856176,4.005863,on bike mount,cyclo cross,True,paving stones,intermediate
28ec7340-d6fa-4d45-aae2-0235aeabfe1e,f0f338e9-3d46-44ed-aef4-74fc3d434ecb,c00c03a3-3257-4c45-a5d3-3f6ff02040c3,1632843295121,13.3930461,52.472829,7.837691,-1.9789507,-5.283393,-6.7390804,on bike mount,cyclo cross,True,paving stones,intermediate
28ec7340-d6fa-4d45-aae2-0235aeabfe1e,f0f338e9-3d46-44ed-aef4-74fc3d434ecb,31c6327f-4bc7-4c4a-9eea-7c3f36dd831c,1632843295172,13.3930461,52.472829,7.837691,-0.5661304,-1.1575007,-0.15895271,on bike mount,cyclo cross,True,paving stones,intermediate
28ec7340-d6fa-4d45-aae2-0235aeabfe1e,f0f338e9-3d46-44ed-aef4-74fc3d434ecb,a83398ae-1e4d-4611-a5a7-e3f0089f4e9d,1632843295227,13.3930461,52.472829,7.837691,-0.30936027,2.6841846,-2.2955499,on bike mount,cyclo cross,True,paving stones,intermediate
28ec7340-d6fa-4d45-aae2-0235aeabfe1e,f0f338e9-3d46-44ed-aef4-74fc3d434ecb,d4aef1c6-43f0-4ee7-9b92-e1ad8acd238f,1632843295288,13.3931619,52.4728245,7.869206,1.2958639,0.28007412,4.328018,on bike mount,cyclo cross,True,paving stones,intermediate
28ec7340-d6fa-4d45-aae2-0235aeabfe1e,f0f338e9-3d46-44ed-aef4-74fc3d434ecb,edf95be4-83e1-4c18-9a01-94d10bec6ca3,1632843295339,13.3931619,52.4728245,7.869206,-2.0235622,1.8350029,2.8327618,on bike mount,cyclo cross,True,paving stones,intermediate
28ec7340-d6fa-4d45-aae2-0235aeabfe1e,f0f338e9-3d46-44ed-aef4-74fc3d434ecb,33046823-1003-48c6-a5b4-f24957986c6f,1632843295389,13.3931619,52.4728245,7.869206,0.64662063,-4.470933,-6.672561,on bike mount,cyclo cross,True,paving stones,intermediate
28ec7340-d6fa-4d45-aae2-0235aeabfe1e,f0f338e9-3d46-44ed-aef4-74fc3d434ecb,82489e9f-c5bb-4ebb-844d-3c755b4c01cb,1632843295456,13.3931619,52.4728245,7.869206,1.6218793,7.5817204,-2.2509255,on bike mount,cyclo cross,True,paving stones,intermediate
28ec7340-d6fa-4d45-aae2-0235aeabfe1e,f0f338e9-3d46-44ed-aef4-74fc3d434ecb,81e25de7-0ef8-407a-89c8-99596efa9467,1632843295507,13.3931619,52.4728245,7.869206,-2.3943386,0.5466013,2.3565083,on bike mount,cyclo cross,True,paving stones,intermediate
28ec7340-d6fa-4d45-aae2-0235aeabfe1e,f0f338e9-3d46-44ed-aef4-74fc3d434ecb,a7b34aa6-2759-4bfc-b20e-60d3c6d4ddd0,1632843295572,13.3931619,52.4728245,7.869206,0.11901632,2.014269,6.036134,on bike mount,cyclo cross,True,paving stones,intermediate
28ec7340-d6fa-4d45-aae2-0235aeabfe1e,f0f338e9-3d46-44ed-aef4-74fc3d434ecb,2719b044-bce7-436a-844a-415360fdf819,1632843295623,13.3931619,52.4728245,7.869206,1.2269154,3.8132524,-14.54348,on bike mount,cyclo cross,True,paving stones,intermediate
28ec7340-d6fa-4d45-aae2-0235aeabfe1e,f0f338e9-3d46-44ed-aef4-74fc3d434ecb,3124f191-5533-4e7f-b526-9854a1709f50,1632843295673,13.3931619,52.4728245,7.869206,-1.0493202,1.8901272,5.110819,on bike mount,cyclo cross,True,paving stones,intermediate
28ec7340-d6fa-4d45-aae2-0235aeabfe1e,f0f338e9-3d46-44ed-aef4-74fc3d434ecb,9dae1e00-2683-4872-b5d4-3af0c834c6c8,1632843295723,13.3931619,52.4728245,7.869206,-0.52782464,3.593546,-0.02628231,on bike mount,cyclo cross,True,paving stones,intermediate
28ec7340-d6fa-4d45-aae2-0235aeabfe1e,f0f338e9-3d46-44ed-aef4-74fc3d434ecb,6c31ad9d-e4ba-48ea-9402-e4a667b9eadc,1632843295774,13.3931619,52.4728245,7.869206,1.9608269,-4.0648484,4.9304066,on bike mount,cyclo cross,True,paving stones,intermediate
28ec7340-d6fa-4d45-aae2-0235aeabfe1e,f0f338e9-3d46-44ed-aef4-74fc3d434ecb,6a329659-12b6-42ab-b8f2-bddf7754d559,1632843295840,13.3931619,52.4728245,7.869206,1.7467382,-0.5603206,-2.977378,on bike mount,cyclo cross,True,paving stones,intermediate
28ec7340-d6fa-4d45-aae2-0235aeabfe1e,f0f338e9-3d46-44ed-aef4-74fc3d434ecb,b77d26ee-efad-4648-9a92-71bdc53e9ba7,1632843295890,13.3931619,52.4728245,7.869206,-3.8108523,-2.0792427,6.3947983,on bike mount,cyclo cross,True,paving stones,intermediate
28ec7340-d6fa-4d45-aae2-0235aeabfe1e,f0f338e9-3d46-44ed-aef4-74fc3d434ecb,29c7c42a-4604-4bc2-ab40-9532c1315a21,1632843295941,13.3931619,52.4728245,7.869206,-0.6689702,3.7622051,-6.886847,on bike mount,cyclo cross,True,paving stones,intermediate
28ec7340-d6fa-4d45-aae2-0235aeabfe1e,f0f338e9-3d46-44ed-aef4-74fc3d434ecb,d16491a4-0075-480b-8597-70d6bd899248,1632843295993,13.3931619,52.4728245,7.869206,-1.3742905,3.3572726,1.8777199,on bike mount,cyclo cross,True,paving stones,intermediate
28ec7340-d6fa-4d45-aae2-0235aeabfe1e,f0f338e9-3d46-44ed-aef4-74fc3d434ecb,cec878de-0ee7-45bc-a064-adb198789aec,1632843296058,13.3931619,52.4728245,7.869206,0.23538399,-1.1606984,-2.8950438,on bike mount,cyclo cross,True,paving stones,intermediate
28ec7340-d6fa-4d45-aae2-0235aeabfe1e,f0f338e9-3d46-44ed-aef4-74fc3d434ecb,b6e69986-ff77-47a1-bfd0-2c67ba7ae7da,1632843296109,13.3931619,52.4728245,7.869206,-0.5070252,6.288945,1.503994,on bike mount,cyclo cross,True,paving stones,intermediate
28ec7340-d6fa-4d45-aae2-0235aeabfe1e,f0f338e9-3d46-44ed-aef4-74fc3d434ecb,6c1bcc5a-7883-4100-9d9a-2c628dd7e703,1632843296175,13.3931619,52.4728245,7.869206,-0.3337614,0.773438,-0.66376543,on bike mount,cyclo cross,True,paving stones,intermediate
28ec7340-d6fa-4d45-aae2-0235aeabfe1e,f0f338e9-3d46-44ed-aef4-74fc3d434ecb,43c37bf7-538d-4f52-91a5-90e2c7cd1f85,1632843296225,13.3931619,52.4728245,7.869206,0.8347438,-2.9582562,17.825127,on bike mount,cyclo cross,True,paving stones,intermediate
28ec7340-d6fa-4d45-aae2-0235aeabfe1e,f0f338e9-3d46-44ed-aef4-74fc3d434ecb,ccbbe059-7a56-47ce-a6d6-f4f7d53b7689,1632843296289,13.3932754,52.4728228,7.653992,-1.3348181,5.8821115,-4.4817095,on bike mount,cyclo cross,True,paving stones,intermediate
28ec7340-d6fa-4d45-aae2-0235aeabfe1e,f0f338e9-3d46-44ed-aef4-74fc3d434ecb,9eb2384e-5a13-43f9-8295-df99ea4c6ec5,1632843296340,13.3932754,52.4728228,7.653992,-2.1921144,6.557528,-3.7042313,on bike mount,cyclo cross,True,paving stones,intermediate
28ec7340-d6fa-4d45-aae2-0235aeabfe1e,f0f338e9-3d46-44ed-aef4-74fc3d434ecb,adb386b6-d0c7-410b-af74-f8e7fdea8f43,1632843296391,13.3932754,52.4728228,7.653992,-0.15939453,-2.449974,-1.0634174,on bike mount,cyclo cross,True,paving stones,intermediate
28ec7340-d6fa-4d45-aae2-0235aeabfe1e,f0f338e9-3d46-44ed-aef4-74fc3d434ecb,63fde359-18bb-4e73-a90d-2a5dd46ce922,1632843296440,13.3932754,52.4728228,7.653992,-0.24840678,-1.3425063,-3.8213658,on bike mount,cyclo cross,True,paving stones,intermediate
28ec7340-d6fa-4d45-aae2-0235aeabfe1e,f0f338e9-3d46-44ed-aef4-74fc3d434ecb,78ed684f-bcd4-4d2a-99ed-4e5ad3843330,1632843296490,13.3932754,52.4728228,7.653992,1.2814476,-0.6120372,-2.6595144,on bike mount,cyclo cross,True,paving stones,intermediate
28ec7340-d6fa-4d45-aae2-0235aeabfe1e,f0f338e9-3d46-44ed-aef4-74fc3d434ecb,6a565441-96bf-4410-885b-8f8634737a47,1632843296540,13.3932754,52.4728228,7.653992,-0.2807777,3.1090446,-2.290254,on bike mount,cyclo cross,True,paving stones,intermediate
28ec7340-d6fa-4d45-aae2-0235aeabfe1e,f0f338e9-3d46-44ed-aef4-74fc3d434ecb,270a382a-c9c2-4b82-99bb-f1d181822c1a,1632843296593,13.3932754,52.4728228,7.653992,-0.71716213,1.2850137,-2.192287,on bike mount,cyclo cross,True,paving stones,intermediate
28ec7340-d6fa-4d45-aae2-0235aeabfe1e,f0f338e9-3d46-44ed-aef4-74fc3d434ecb,593aa600-e2b1-44f9-b495-0b178a8bafb3,1632843296644,13.3932754,52.4728228,7.653992,0.67890036,-5.9205556,-1.1056538,on bike mount,cyclo cross,True,paving stones,intermediate
28ec7340-d6fa-4d45-aae2-0235aeabfe1e,f0f338e9-3d46-44ed-aef4-74fc3d434ecb,b373d155-556b-42b9-9e4a-c404e814c2b2,1632843296707,13.3932754,52.4728228,7.653992,-4.0993023,1.5150111,1.4164314,on bike mount,cyclo cross,True,paving stones,intermediate
28ec7340-d6fa-4d45-aae2-0235aeabfe1e,f0f338e9-3d46-44ed-aef4-74fc3d434ecb,5d1cebf9-7e84-48de-b8af-388b2363e69e,1632843296759,13.3932754,52.4728228,7.653992,3.2487607,2.4872181,2.339178,on bike mount,cyclo cross,True,paving stones,intermediate
28ec7340-d6fa-4d45-aae2-0235aeabfe1e,f0f338e9-3d46-44ed-aef4-74fc3d434ecb,c20fc0d9-e7c0-40b9-964b-38233de48fdd,1632843296824,13.3932754,52.4728228,7.653992,0.3655513,-0.25644755,8.072483,on bike mount,cyclo cross,True,paving stones,intermediate
28ec7340-d6fa-4d45-aae2-0235aeabfe1e,f0f338e9-3d46-44ed-aef4-74fc3d434ecb,5e416f20-f45a-4ebb-9682-d3fb2951bc15,1632843296874,13.3932754,52.4728228,7.653992,1.2011147,-3.4095328,-5.921981,on bike mount,cyclo cross,True,paving stones,intermediate
28ec7340-d6fa-4d45-aae2-0235aeabfe1e,f0f338e9-3d46-44ed-aef4-74fc3d434ecb,e93ae899-e401-4755-ab1c-b618b27a9031,1632843296924,13.3932754,52.4728228,7.653992,-3.6699443,8.693447,-3.9897494,on bike mount,cyclo cross,True,paving stones,intermediate
28ec7340-d6fa-4d45-aae2-0235aeabfe1e,f0f338e9-3d46-44ed-aef4-74fc3d434ecb,962043e7-6de7-4f43-8e77-6cc68b9f17d8,1632843296976,13.3932754,52.4728228,7.653992,1.7040331,-5.9501457,4.2235765,on bike mount,cyclo cross,True,paving stones,intermediate
28ec7340-d6fa-4d45-aae2-0235aeabfe1e,f0f338e9-3d46-44ed-aef4-74fc3d434ecb,ec5ad0c8-36dc-496d-b621-6d24160bd537,1632843297026,13.3932754,52.4728228,7.653992,-1.1869172,-0.92202425,-9.720682,on bike mount,cyclo cross,True,paving stones,intermediate
28ec7340-d6fa-4d45-aae2-0235aeabfe1e,f0f338e9-3d46-44ed-aef4-74fc3d434ecb,bc817a61-7d13-4402-b5ec-2406124b2612,1632843297091,13.3932754,52.4728228,7.653992,-0.7015897,-8.339056,12.691946,on bike mount,cyclo cross,True,paving stones,intermediate
28ec7340-d6fa-4d45-aae2-0235aeabfe1e,f0f338e9-3d46-44ed-aef4-74fc3d434ecb,4c70899e-10dc-461e-8aa9-c5e41a2e64e8,1632843297141,13.3932754,52.4728228,7.653992,1.8427552,5.878063,0.9252262,on bike mount,cyclo cross,True,paving stones,intermediate
28ec7340-d6fa-4d45-aae2-0235aeabfe1e,f0f338e9-3d46-44ed-aef4-74fc3d434ecb,10a795df-7e82-4616-9c45-47e7b05a70df,1632843297191,13.3932754,52.4728228,7.653992,1.3852754,-0.31741357,1.650918,on bike mount,cyclo cross,True,paving stones,intermediate
28ec7340-d6fa-4d45-aae2-0235aeabfe1e,f0f338e9-3d46-44ed-aef4-74fc3d434ecb,e8a584c4-69df-4395-892a-78d2a8fd5b9e,1632843297251,13.3933888,52.472822,7.729001,-2.5360937,1.0793114,4.998049,on bike mount,cyclo cross,True,paving stones,intermediate
28ec7340-d6fa-4d45-aae2-0235aeabfe1e,f0f338e9-3d46-44ed-aef4-74fc3d434ecb,ee8dc736-d516-4fd7-bf17-8c7d0c6d1ebb,1632843297309,13.3933888,52.472822,7.729001,-0.46746993,1.4605908,2.2249565,on bike mount,cyclo cross,True,paving stones,intermediate
28ec7340-d6fa-4d45-aae2-0235aeabfe1e,f0f338e9-3d46-44ed-aef4-74fc3d434ecb,e0dcae7c-689b-4c84-98d4-143745e735d3,1632843297359,13.3933888,52.472822,7.729001,-0.8245819,6.396967,-1.5182357,on bike mount,cyclo cross,True,paving stones,intermediate
28ec7340-d6fa-4d45-aae2-0235aeabfe1e,f0f338e9-3d46-44ed-aef4-74fc3d434ecb,4542c3b9-e835-4054-82bf-93b069549b9f,1632843297411,13.3933888,52.472822,7.729001,-3.3156352,4.2376695,-4.2320194,on bike mount,cyclo cross,True,paving stones,intermediate
28ec7340-d6fa-4d45-aae2-0235aeabfe1e,f0f338e9-3d46-44ed-aef4-74fc3d434ecb,7c6b99e9-9791-4322-b567-7c2b1bd06d06,1632843297477,13.3933888,52.472822,7.729001,0.33147174,-6.5184827,4.305928,on bike mount,cyclo cross,True,paving stones,intermediate
28ec7340-d6fa-4d45-aae2-0235aeabfe1e,f0f338e9-3d46-44ed-aef4-74fc3d434ecb,b6e4f29e-f42c-41fd-84d9-99c18374007f,1632843297542,13.3933888,52.472822,7.729001,4.365955,28.058338,2.0126114,on bike mount,cyclo cross,True,paving stones,intermediate
28ec7340-d6fa-4d45-aae2-0235aeabfe1e,f0f338e9-3d46-44ed-aef4-74fc3d434ecb,ff675000-06a8-47dc-8c1e-2b2c9974acc5,1632843297593,13.3933888,52.472822,7.729001,-3.0417902,-4.167617,3.56738,on bike mount,cyclo cross,True,paving stones,intermediate
28ec7340-d6fa-4d45-aae2-0235aeabfe1e,f0f338e9-3d46-44ed-aef4-74fc3d434ecb,60f8094b-18ae-4875-af07-72f319eee9b5,1632843297644,13.3933888,52.472822,7.729001,-1.6753421,-11.632555,-10.6567,on bike mount,cyclo cross,True,paving stones,intermediate
28ec7340-d6fa-4d45-aae2-0235aeabfe1e,f0f338e9-3d46-44ed-aef4-74fc3d434ecb,041423a1-dc65-4b11-88be-a44413a1fd0a,1632843297711,13.3933888,52.472822,7.729001,0.89752746,-7.0587683,8.599312,on bike mount,cyclo cross,True,paving stones,intermediate
28ec7340-d6fa-4d45-aae2-0235aeabfe1e,f0f338e9-3d46-44ed-aef4-74fc3d434ecb,f06de1bd-b3a2-4f46-98fc-e1a389573b97,1632843297761,13.3933888,52.472822,7.729001,0.83863044,-8.520156,-0.31036377,on bike mount,cyclo cross,True,paving stones,intermediate
28ec7340-d6fa-4d45-aae2-0235aeabfe1e,f0f338e9-3d46-44ed-aef4-74fc3d434ecb,1255beac-dd26-480f-ab7e-bb1944b3e6de,1632843297827,13.3933888,52.472822,7.729001,0.7518382,-13.977703,-0.3373623,on bike mount,cyclo cross,True,paving stones,intermediate
28ec7340-d6fa-4d45-aae2-0235aeabfe1e,f0f338e9-3d46-44ed-aef4-74fc3d434ecb,e89633d4-b2d6-44f2-a79a-ec5be988498b,1632843297893,13.3933888,52.472822,7.729001,0.16587262,4.044647,2.1112623,on bike mount,cyclo cross,True,paving stones,intermediate
28ec7340-d6fa-4d45-aae2-0235aeabfe1e,f0f338e9-3d46-44ed-aef4-74fc3d434ecb,c33ca0be-7659-4ca6-bf03-c85642f4bc49,1632843297945,13.3933888,52.472822,7.729001,-0.7592749,-1.7087536,5.4197865,on bike mount,cyclo cross,True,paving stones,intermediate
28ec7340-d6fa-4d45-aae2-0235aeabfe1e,f0f338e9-3d46-44ed-aef4-74fc3d434ecb,22d1c313-d512-4b36-8639-8722ad023bd1,1632843297994,13.3933888,52.472822,7.729001,2.6298308,5.9873056,-6.1879826,on bike mount,cyclo cross,True,paving stones,intermediate
28ec7340-d6fa-4d45-aae2-0235aeabfe1e,f0f338e9-3d46-44ed-aef4-74fc3d434ecb,d3027a31-654d-48cf-8113-ea2520f4853a,1632843298044,13.3933888,52.472822,7.729001,3.1945324,-4.3504925,-2.8342657,on bike mount,cyclo cross,True,paving stones,intermediate
28ec7340-d6fa-4d45-aae2-0235aeabfe1e,f0f338e9-3d46-44ed-aef4-74fc3d434ecb,bcdde43f-f0e5-442d-bb89-d9b61efcee7a,1632843298095,13.3933888,52.472822,7.729001,0.61629975,0.55530167,2.9497137,on bike mount,cyclo cross,True,paving stones,intermediate
28ec7340-d6fa-4d45-aae2-0235aeabfe1e,f0f338e9-3d46-44ed-aef4-74fc3d434ecb,bea72702-6cab-4c89-b75c-8de6955e64ae,1632843298146,13.3933888,52.472822,7.729001,0.38870955,-2.5476182,5.1727858,on bike mount,cyclo cross,True,paving stones,intermediate
28ec7340-d6fa-4d45-aae2-0235aeabfe1e,f0f338e9-3d46-44ed-aef4-74fc3d434ecb,d2bb6cf4-3252-4653-b2aa-037a2d61527b,1632843298197,13.3933888,52.472822,7.729001,4.3955345,0.2959659,4.0322933,on bike mount,cyclo cross,True,paving stones,intermediate
28ec7340-d6fa-4d45-aae2-0235aeabfe1e,f0f338e9-3d46-44ed-aef4-74fc3d434ecb,39faeba0-d873-4d01-867a-fa0cc6a54be3,1632843298250,13.3935023,52.4728251,7.7997527,-3.1907194,1.2586391,2.1116428,on bike mount,cyclo cross,True,paving stones,intermediate
28ec7340-d6fa-4d45-aae2-0235aeabfe1e,f0f338e9-3d46-44ed-aef4-74fc3d434ecb,35fe6e82-f74a-4b01-91e5-4483cf77d422,1632843298310,13.3935023,52.4728251,7.7997527,1.2557194,6.0818853,5.412962,on bike mount,cyclo cross,True,paving stones,intermediate
28ec7340-d6fa-4d45-aae2-0235aeabfe1e,f0f338e9-3d46-44ed-aef4-74fc3d434ecb,fdabf6f6-617b-4c25-b23f-1ae3727c3bf4,1632843298360,13.3935023,52.4728251,7.7997527,0.16621247,0.6354723,-2.0361862,on bike mount,cyclo cross,True,paving stones,intermediate
28ec7340-d6fa-4d45-aae2-0235aeabfe1e,f0f338e9-3d46-44ed-aef4-74fc3d434ecb,b7ab0e25-934a-4f03-8a9f-cb70abe72130,1632843298410,13.3935023,52.4728251,7.7997527,-0.6165383,-3.2672038,7.596921,on bike mount,cyclo cross,True,paving stones,intermediate
28ec7340-d6fa-4d45-aae2-0235aeabfe1e,f0f338e9-3d46-44ed-aef4-74fc3d434ecb,c7e28fb5-e93d-4dd4-93d2-9d2dbad3de0a,1632843298460,13.3935023,52.4728251,7.7997527,0.30430084,6.5978928,-1.4426069,on bike mount,cyclo cross,True,paving stones,intermediate
28ec7340-d6fa-4d45-aae2-0235aeabfe1e,f0f338e9-3d46-44ed-aef4-74fc3d434ecb,7fc95e49-b59e-418c-a4bb-0e78de637f1a,1632843298510,13.3935023,52.4728251,7.7997527,-2.6493788,3.8231936,-1.1295209,on bike mount,cyclo cross,True,paving stones,intermediate
28ec7340-d6fa-4d45-aae2-0235aeabfe1e,f0f338e9-3d46-44ed-aef4-74fc3d434ecb,3150f356-f16f-4138-a7af-91027b5391a9,1632843298561,13.3935023,52.4728251,7.7997527,1.2558589,-10.33182,1.8399782,on bike mount,cyclo cross,True,paving stones,intermediate
28ec7340-d6fa-4d45-aae2-0235aeabfe1e,f0f338e9-3d46-44ed-aef4-74fc3d434ecb,d337d7c8-79dd-484b-959a-2eb3fcad69de,1632843298612,13.3935023,52.4728251,7.7997527,-0.8155153,0.6823139,5.006135,on bike mount,cyclo cross,True,paving stones,intermediate
28ec7340-d6fa-4d45-aae2-0235aeabfe1e,f0f338e9-3d46-44ed-aef4-74fc3d434ecb,833c42f3-a9db-4969-92ba-c5d42c7b2146,1632843298679,13.3935023,52.4728251,7.7997527,1.1403842,0.53583,-5.71071,on bike mount,cyclo cross,True,paving stones,intermediate
28ec7340-d6fa-4d45-aae2-0235aeabfe1e,f0f338e9-3d46-44ed-aef4-74fc3d434ecb,9cd68412-d016-4e63-a73c-0a7688f02d84,1632843298729,13.3935023,52.4728251,7.7997527,-0.41996807,3.6488647,4.756384,on bike mount,cyclo cross,True,paving stones,intermediate
28ec7340-d6fa-4d45-aae2-0235aeabfe1e,f0f338e9-3d46-44ed-aef4-74fc3d434ecb,1df8e9c7-0096-4dde-8278-b34fb5867458,1632843298794,13.3935023,52.4728251,7.7997527,0.0739252,-3.5732255,2.7193174,on bike mount,cyclo cross,True,paving stones,intermediate
28ec7340-d6fa-4d45-aae2-0235aeabfe1e,f0f338e9-3d46-44ed-aef4-74fc3d434ecb,2e7115dc-fa5c-4734-adc9-c869d35ccf55,1632843298844,13.3935023,52.4728251,7.7997527,0.051351666,-2.7880354,0.6279869,on bike mount,cyclo cross,True,paving stones,intermediate
28ec7340-d6fa-4d45-aae2-0235aeabfe1e,f0f338e9-3d46-44ed-aef4-74fc3d434ecb,151d25bd-4f4d-4806-8062-1960b2187750,1632843298895,13.3935023,52.4728251,7.7997527,0.1871381,2.1982388,5.115443,on bike mount,cyclo cross,True,paving stones,intermediate
28ec7340-d6fa-4d45-aae2-0235aeabfe1e,f0f338e9-3d46-44ed-aef4-74fc3d434ecb,80b10e23-7b4d-4ec1-985a-9ef2a7a8a6e8,1632843298962,13.3935023,52.4728251,7.7997527,0.11680761,1.484096,-2.868188,on bike mount,cyclo cross,True,paving stones,intermediate
28ec7340-d6fa-4d45-aae2-0235aeabfe1e,f0f338e9-3d46-44ed-aef4-74fc3d434ecb,47f83946-d38a-49b6-b437-06d003be4ec3,1632843299015,13.3935023,52.4728251,7.7997527,-0.703694,6.7348514,-1.4379349,on bike mount,cyclo cross,True,paving stones,intermediate
28ec7340-d6fa-4d45-aae2-0235aeabfe1e,f0f338e9-3d46-44ed-aef4-74fc3d434ecb,5bde30de-f34f-48df-b9fa-c26ee16a4ba1,1632843299079,13.3935023,52.4728251,7.7997527,1.1650708,-3.8229208,6.2273808,on bike mount,cyclo cross,True,paving stones,intermediate
28ec7340-d6fa-4d45-aae2-0235aeabfe1e,f0f338e9-3d46-44ed-aef4-74fc3d434ecb,5377e4db-3af3-44c2-b8ef-7c4f9d9b4ae7,1632843299129,13.3935023,52.4728251,7.7997527,-0.4568545,4.6279464,1.7110815,on bike mount,cyclo cross,True,paving stones,intermediate
28ec7340-d6fa-4d45-aae2-0235aeabfe1e,f0f338e9-3d46-44ed-aef4-74fc3d434ecb,16510402-7a1c-4baa-b0bf-196a0ba53d4f,1632843299180,13.3935023,52.4728251,7.7997527,0.6485013,6.4946404,-4.589633,on bike mount,cyclo cross,True,paving stones,intermediate
28ec7340-d6fa-4d45-aae2-0235aeabfe1e,f0f338e9-3d46-44ed-aef4-74fc3d434ecb,d129aba7-2532-4afe-adad-8e2bc0fcb325,1632843299231,13.3935023,52.4728251,7.7997527,-1.3682765,-5.6057467,-3.993318,on bike mount,cyclo cross,True,paving stones,intermediate
28ec7340-d6fa-4d45-aae2-0235aeabfe1e,f0f338e9-3d46-44ed-aef4-74fc3d434ecb,421cc04c-c6f3-4cd0-8ae2-ede71dfb24ea,1632843299295,13.3936167,52.4728231,7.750061,0.87872326,1.7881718,6.9523163,on bike mount,cyclo cross,True,paving stones,intermediate
28ec7340-d6fa-4d45-aae2-0235aeabfe1e,f0f338e9-3d46-44ed-aef4-74fc3d434ecb,ad472b5d-ec63-4f25-b5e9-d5ea2fd3dfd8,1632843299346,13.3936167,52.4728231,7.750061,-1.4925418,0.34198833,0.37067223,on bike mount,cyclo cross,True,paving stones,intermediate
28ec7340-d6fa-4d45-aae2-0235aeabfe1e,f0f338e9-3d46-44ed-aef4-74fc3d434ecb,4c6a6313-06e3-4f2d-a7b7-6dc7ea7af4ca,1632843299397,13.3936167,52.4728231,7.750061,1.5599945,-0.58371544,-0.73821163,on bike mount,cyclo cross,True,paving stones,intermediate
28ec7340-d6fa-4d45-aae2-0235aeabfe1e,f0f338e9-3d46-44ed-aef4-74fc3d434ecb,70cc4c47-c6f2-462e-a9c7-8d10fba64f96,1632843299447,13.3936167,52.4728231,7.750061,-1.5200446,1.1551268,-1.9895148,on bike mount,cyclo cross,True,paving stones,intermediate
28ec7340-d6fa-4d45-aae2-0235aeabfe1e,f0f338e9-3d46-44ed-aef4-74fc3d434ecb,8d767bae-a8d5-4bfe-b092-930339a2bf65,1632843299497,13.3936167,52.4728231,7.750061,-0.94878715,1.7584662,6.5750523,on bike mount,cyclo cross,True,paving stones,intermediate
28ec7340-d6fa-4d45-aae2-0235aeabfe1e,f0f338e9-3d46-44ed-aef4-74fc3d434ecb,217c94b3-9232-4825-b7b1-eec13e3149fe,1632843299547,13.3936167,52.4728231,7.750061,-0.64018553,1.7096884,-4.117137,on bike mount,cyclo cross,True,paving stones,intermediate
28ec7340-d6fa-4d45-aae2-0235aeabfe1e,f0f338e9-3d46-44ed-aef4-74fc3d434ecb,fa51bb22-88f9-4f3f-9866-faf16ad80777,1632843299613,13.3936167,52.4728231,7.750061,-1.8036426,-3.3532164,-4.933098,on bike mount,cyclo cross,True,paving stones,intermediate
28ec7340-d6fa-4d45-aae2-0235aeabfe1e,f0f338e9-3d46-44ed-aef4-74fc3d434ecb,fc4e032e-13ff-41c6-8efa-114912d9dc93,1632843299664,13.3936167,52.4728231,7.750061,1.0671706,2.6019788,4.678418,on bike mount,cyclo cross,True,paving stones,intermediate
28ec7340-d6fa-4d45-aae2-0235aeabfe1e,f0f338e9-3d46-44ed-aef4-74fc3d434ecb,865c2d89-d83b-4e0d-a147-d872382d83d9,1632843299714,13.3936167,52.4728231,7.750061,1.551208,-5.0638905,-0.53543377,on bike mount,cyclo cross,True,paving stones,intermediate
28ec7340-d6fa-4d45-aae2-0235aeabfe1e,f0f338e9-3d46-44ed-aef4-74fc3d434ecb,13bd2121-6ab6-4307-af67-95c074a33f1c,1632843299780,13.3936167,52.4728231,7.750061,-0.8458177,-4.4275694,-0.44913292,on bike mount,cyclo cross,True,paving stones,intermediate
28ec7340-d6fa-4d45-aae2-0235aeabfe1e,f0f338e9-3d46-44ed-aef4-74fc3d434ecb,0357bfb4-17cd-467f-b1e1-f3eb216184fb,1632843299830,13.3936167,52.4728231,7.750061,2.0469246,0.22895694,-1.5101924,on bike mount,cyclo cross,True,paving stones,intermediate
28ec7340-d6fa-4d45-aae2-0235aeabfe1e,f0f338e9-3d46-44ed-aef4-74fc3d434ecb,d11841fa-a846-45c4-9f43-965d9c3289bb,1632843299881,13.3936167,52.4728231,7.750061,1.3296628,-0.2433517,2.3862495,on bike mount,cyclo cross,True,paving stones,intermediate
28ec7340-d6fa-4d45-aae2-0235aeabfe1e,f0f338e9-3d46-44ed-aef4-74fc3d434ecb,45b655a4-19a0-4939-b258-2dae564b3717,1632843299931,13.3936167,52.4728231,7.750061,-3.5510802,8.577215,-6.5952663,on bike mount,cyclo cross,True,paving stones,intermediate
28ec7340-d6fa-4d45-aae2-0235aeabfe1e,f0f338e9-3d46-44ed-aef4-74fc3d434ecb,127ca986-7c83-474b-92d9-6f94305a3cfc,1632843299980,13.3936167,52.4728231,7.750061,0.7508406,-6.006219,7.033621,on bike mount,cyclo cross,True,paving stones,intermediate
28ec7340-d6fa-4d45-aae2-0235aeabfe1e,f0f338e9-3d46-44ed-aef4-74fc3d434ecb,9e6e7d4e-88d6-47ea-aef9-480629d7f5f7,1632843300030,13.3936167,52.4728231,7.750061,1.3961365,-3.6746628,-3.4281902,on bike mount,cyclo cross,True,paving stones,intermediate
28ec7340-d6fa-4d45-aae2-0235aeabfe1e,f0f338e9-3d46-44ed-aef4-74fc3d434ecb,0a97164c-3d2e-4ba0-8799-e729994447dd,1632843300081,13.3936167,52.4728231,7.750061,1.3231561,0.85639,-4.232073,on bike mount,cyclo cross,True,paving stones,intermediate
28ec7340-d6fa-4d45-aae2-0235aeabfe1e,f0f338e9-3d46-44ed-aef4-74fc3d434ecb,a4c3f48c-a167-4404-89f3-b9aff6a0fc8d,1632843300130,13.3936167,52.4728231,7.750061,-0.024051681,-5.7027073,8.726105,on bike mount,cyclo cross,True,paving stones,intermediate
28ec7340-d6fa-4d45-aae2-0235aeabfe1e,f0f338e9-3d46-44ed-aef4-74fc3d434ecb,3c2d2f2b-e834-42ed-8f38-19456eab87d7,1632843300181,13.3936167,52.4728231,7.750061,-0.78656733,0.6350322,-10.181886,on bike mount,cyclo cross,True,paving stones,intermediate
28ec7340-d6fa-4d45-aae2-0235aeabfe1e,f0f338e9-3d46-44ed-aef4-74fc3d434ecb,f2c39a0f-b304-44fb-918c-36873b93f083,1632843300232,13.3937308,52.472824,7.6504693,0.6782905,-3.0789464,-3.466506,on bike mount,cyclo cross,True,paving stones,intermediate
28ec7340-d6fa-4d45-aae2-0235aeabfe1e,f0f338e9-3d46-44ed-aef4-74fc3d434ecb,a2cd6b41-2611-480b-b039-bf1c8b36396a,1632843300296,13.3937308,52.472824,7.6504693,-2.6172638,3.6264434,8.593078,on bike mount,cyclo cross,True,paving stones,intermediate
28ec7340-d6fa-4d45-aae2-0235aeabfe1e,f0f338e9-3d46-44ed-aef4-74fc3d434ecb,4eb66110-e8d0-4c34-83fe-091708e079a1,1632843300349,13.3937308,52.472824,7.6504693,-1.4499352,-10.707392,3.588976,on bike mount,cyclo cross,True,paving stones,intermediate
28ec7340-d6fa-4d45-aae2-0235aeabfe1e,f0f338e9-3d46-44ed-aef4-74fc3d434ecb,1fcd7e79-3a00-48f1-86bb-3347bc22ca3d,1632843300399,13.3937308,52.472824,7.6504693,-2.2450244,11.322293,-11.167828,on bike mount,cyclo cross,True,paving stones,intermediate
28ec7340-d6fa-4d45-aae2-0235aeabfe1e,f0f338e9-3d46-44ed-aef4-74fc3d434ecb,88ee6a86-71fb-49b2-a361-f054e8592da3,1632843300465,13.3937308,52.472824,7.6504693,3.3000956,-5.067765,8.289658,on bike mount,cyclo cross,True,paving stones,intermediate
28ec7340-d6fa-4d45-aae2-0235aeabfe1e,f0f338e9-3d46-44ed-aef4-74fc3d434ecb,7992dc48-01c5-430e-9065-85acd46cf4b2,1632843300516,13.3937308,52.472824,7.6504693,-1.1690257,4.1261926,6.55618,on bike mount,cyclo cross,True,paving stones,intermediate
28ec7340-d6fa-4d45-aae2-0235aeabfe1e,f0f338e9-3d46-44ed-aef4-74fc3d434ecb,5378d372-6fb9-46c8-a2f5-cdce75d48ea6,1632843300567,13.3937308,52.472824,7.6504693,-1.6433403,-7.9872713,5.9506397,on bike mount,cyclo cross,True,paving stones,intermediate
28ec7340-d6fa-4d45-aae2-0235aeabfe1e,f0f338e9-3d46-44ed-aef4-74fc3d434ecb,94082f71-1254-4678-b96a-1beb2bcd66f0,1632843300617,13.3937308,52.472824,7.6504693,-0.72230244,3.8660135,-12.290738,on bike mount,cyclo cross,True,paving stones,intermediate
28ec7340-d6fa-4d45-aae2-0235aeabfe1e,f0f338e9-3d46-44ed-aef4-74fc3d434ecb,bb35cac3-c95a-4bca-b608-e479ff76a059,1632843300681,13.3937308,52.472824,7.6504693,-3.1383939,-6.2062755,2.9546719,on bike mount,cyclo cross,True,paving stones,intermediate
28ec7340-d6fa-4d45-aae2-0235aeabfe1e,f0f338e9-3d46-44ed-aef4-74fc3d434ecb,7697c5ce-0334-407f-8cdd-667012367ce6,1632843300732,13.3937308,52.472824,7.6504693,0.48435497,8.111607,-5.6968074,on bike mount,cyclo cross,True,paving stones,intermediate
28ec7340-d6fa-4d45-aae2-0235aeabfe1e,f0f338e9-3d46-44ed-aef4-74fc3d434ecb,46b02028-4efa-4764-aa9d-ed8dbf7d87c8,1632843300781,13.3937308,52.472824,7.6504693,-0.6274982,-4.972019,0.20293617,on bike mount,cyclo cross,True,paving stones,intermediate
28ec7340-d6fa-4d45-aae2-0235aeabfe1e,f0f338e9-3d46-44ed-aef4-74fc3d434ecb,ead1226d-33a0-4920-bcb8-44654f149975,1632843300831,13.3937308,52.472824,7.6504693,-2.0049932,-4.5978003,-9.426964,on bike mount,cyclo cross,True,paving stones,intermediate
28ec7340-d6fa-4d45-aae2-0235aeabfe1e,f0f338e9-3d46-44ed-aef4-74fc3d434ecb,bcfe2d7b-9ebb-42ab-9bb9-5a0c8bcda4fc,1632843300881,13.3937308,52.472824,7.6504693,0.37183645,4.3797755,1.2790747,on bike mount,cyclo cross,True,paving stones,intermediate
28ec7340-d6fa-4d45-aae2-0235aeabfe1e,f0f338e9-3d46-44ed-aef4-74fc3d434ecb,06a0ee77-7163-4462-bc5c-6097427a4afc,1632843300932,13.3937308,52.472824,7.6504693,-1.3751359,-5.113435,5.019842,on bike mount,cyclo cross,True,paving stones,intermediate
28ec7340-d6fa-4d45-aae2-0235aeabfe1e,f0f338e9-3d46-44ed-aef4-74fc3d434ecb,8b6d03d5-6d1a-452c-82ff-1526a7692c45,1632843300984,13.3937308,52.472824,7.6504693,2.0054853,-1.6050885,1.5540771,on bike mount,cyclo cross,True,paving stones,intermediate
28ec7340-d6fa-4d45-aae2-0235aeabfe1e,f0f338e9-3d46-44ed-aef4-74fc3d434ecb,71ce658d-578c-4e6d-9ed1-d897c041042c,1632843301035,13.3937308,52.472824,7.6504693,0.24981855,3.3226318,0.6455431,on bike mount,cyclo cross,True,paving stones,intermediate
28ec7340-d6fa-4d45-aae2-0235aeabfe1e,f0f338e9-3d46-44ed-aef4-74fc3d434ecb,717a8a59-7ea5-4217-a42a-4f7003f765f8,1632843301098,13.3937308,52.472824,7.6504693,0.23283473,2.8893776,7.018631,on bike mount,cyclo cross,True,paving stones,intermediate
28ec7340-d6fa-4d45-aae2-0235aeabfe1e,f0f338e9-3d46-44ed-aef4-74fc3d434ecb,1ee15697-7e25-4392-b932-ee7679a0d698,1632843301149,13.3937308,52.472824,7.6504693,-0.45266294,3.316411,-3.8945773,on bike mount,cyclo cross,True,paving stones,intermediate
28ec7340-d6fa-4d45-aae2-0235aeabfe1e,f0f338e9-3d46-44ed-aef4-74fc3d434ecb,fca97241-0750-4385-9ce0-e1c28dfbc8e1,1632843301200,13.3937308,52.472824,7.6504693,-5.012928,1.5335994,-13.261483,on bike mount,cyclo cross,True,paving stones,intermediate
28ec7340-d6fa-4d45-aae2-0235aeabfe1e,f0f338e9-3d46-44ed-aef4-74fc3d434ecb,7fa38bd1-3dad-45c9-bf17-23f8f1b3cf59,1632843301255,13.3938448,52.4728238,7.728482,0.5976797,-3.2449627,-5.1157513,on bike mount,cyclo cross,True,paving stones,intermediate
28ec7340-d6fa-4d45-aae2-0235aeabfe1e,f0f338e9-3d46-44ed-aef4-74fc3d434ecb,77f97820-4ef7-4458-acd8-50b94ccb775b,1632843301314,13.3938448,52.4728238,7.728482,0.15599793,7.593152,0.5281873,on bike mount,cyclo cross,True,paving stones,intermediate
28ec7340-d6fa-4d45-aae2-0235aeabfe1e,f0f338e9-3d46-44ed-aef4-74fc3d434ecb,884da3d3-4a25-481c-b6d2-5f5678044e08,1632843301365,13.3938448,52.4728238,7.728482,0.013704866,-0.90849376,-3.3404999,on bike mount,cyclo cross,True,paving stones,intermediate
28ec7340-d6fa-4d45-aae2-0235aeabfe1e,f0f338e9-3d46-44ed-aef4-74fc3d434ecb,444cc7b4-b9d4-40fe-9717-aaa5eb004c03,1632843301417,13.3938448,52.4728238,7.728482,0.9970591,-2.1588123,-1.9792557,on bike mount,cyclo cross,True,paving stones,intermediate
28ec7340-d6fa-4d45-aae2-0235aeabfe1e,f0f338e9-3d46-44ed-aef4-74fc3d434ecb,e9610f2f-6dc3-4577-b161-eb138a987440,1632843301469,13.3938448,52.4728238,7.728482,2.1280131,-1.3425293,1.5507679,on bike mount,cyclo cross,True,paving stones,intermediate
28ec7340-d6fa-4d45-aae2-0235aeabfe1e,f0f338e9-3d46-44ed-aef4-74fc3d434ecb,c5a1bea6-8dd2-46d0-b6b3-5fe879d11c54,1632843301534,13.3938448,52.4728238,7.728482,0.5534829,3.756845,2.007391,on bike mount,cyclo cross,True,paving stones,intermediate
28ec7340-d6fa-4d45-aae2-0235aeabfe1e,f0f338e9-3d46-44ed-aef4-74fc3d434ecb,f264d11f-7a62-4295-b0b7-6bbe47ae5ff2,1632843301599,13.3938448,52.4728238,7.728482,-1.9851384,-2.2859366,-2.135621,on bike mount,cyclo cross,True,paving stones,intermediate
28ec7340-d6fa-4d45-aae2-0235aeabfe1e,f0f338e9-3d46-44ed-aef4-74fc3d434ecb,d4c62c35-5558-4527-b481-f6519637856a,1632843301649,13.3938448,52.4728238,7.728482,1.7756909,1.3430095,4.488579,on bike mount,cyclo cross,True,paving stones,intermediate
28ec7340-d6fa-4d45-aae2-0235aeabfe1e,f0f338e9-3d46-44ed-aef4-74fc3d434ecb,53273c00-c4be-43a2-b80e-8f16a29445c0,1632843301700,13.3938448,52.4728238,7.728482,-0.84898835,6.3345237,0.8564663,on bike mount,cyclo cross,True,paving stones,intermediate
28ec7340-d6fa-4d45-aae2-0235aeabfe1e,f0f338e9-3d46-44ed-aef4-74fc3d434ecb,0dfabd95-4d26-4422-9067-cf518607c951,1632843301751,13.3938448,52.4728238,7.728482,0.6051914,-3.180755,2.3418322,on bike mount,cyclo cross,True,paving stones,intermediate
28ec7340-d6fa-4d45-aae2-0235aeabfe1e,f0f338e9-3d46-44ed-aef4-74fc3d434ecb,fe1ba8a2-b6c0-4ecd-ae23-922ac15ab6dc,1632843301801,13.3938448,52.4728238,7.728482,-1.7669691,-2.125363,-5.946851,on bike mount,cyclo cross,True,paving stones,intermediate
28ec7340-d6fa-4d45-aae2-0235aeabfe1e,f0f338e9-3d46-44ed-aef4-74fc3d434ecb,bcb5a951-2b43-4633-9fc4-98327181eb1f,1632843301852,13.3938448,52.4728238,7.728482,-3.3863168,7.694703,0.3288479,on bike mount,cyclo cross,True,paving stones,intermediate
28ec7340-d6fa-4d45-aae2-0235aeabfe1e,f0f338e9-3d46-44ed-aef4-74fc3d434ecb,9c5041af-373e-4f68-9df6-fe3458396079,1632843301902,13.3938448,52.4728238,7.728482,0.5106911,1.8655825,1.6283884,on bike mount,cyclo cross,True,paving stones,intermediate
28ec7340-d6fa-4d45-aae2-0235aeabfe1e,f0f338e9-3d46-44ed-aef4-74fc3d434ecb,2de26402-f8b0-42dd-8579-54ef92e034ee,1632843301951,13.3938448,52.4728238,7.728482,-0.6488695,-2.0144913,-4.900586,on bike mount,cyclo cross,True,paving stones,intermediate
28ec7340-d6fa-4d45-aae2-0235aeabfe1e,f0f338e9-3d46-44ed-aef4-74fc3d434ecb,5162e938-d7de-4584-987f-f722cbee04a9,1632843302001,13.3938448,52.4728238,7.728482,1.2873783,-7.47355,3.305313,on bike mount,cyclo cross,True,paving stones,intermediate
28ec7340-d6fa-4d45-aae2-0235aeabfe1e,f0f338e9-3d46-44ed-aef4-74fc3d434ecb,3117534b-b9cd-4c0b-a7c1-d1bdef7d9a3a,1632843302052,13.3938448,52.4728238,7.728482,1.0716109,-2.5212672,2.9120512,on bike mount,cyclo cross,True,paving stones,intermediate
28ec7340-d6fa-4d45-aae2-0235aeabfe1e,f0f338e9-3d46-44ed-aef4-74fc3d434ecb,6ac212dd-8644-45a3-8a9e-894e4917faa9,1632843302103,13.3938448,52.4728238,7.728482,-0.27900648,4.545802,1.1886187,on bike mount,cyclo cross,True,paving stones,intermediate
28ec7340-d6fa-4d45-aae2-0235aeabfe1e,f0f338e9-3d46-44ed-aef4-74fc3d434ecb,258d6624-06f6-4fc7-b698-e50178b09271,1632843302153,13.3938448,52.4728238,7.728482,1.2696749,-2.0932207,-6.8737307,on bike mount,cyclo cross,True,paving stones,intermediate
28ec7340-d6fa-4d45-aae2-0235aeabfe1e,f0f338e9-3d46-44ed-aef4-74fc3d434ecb,00947f54-65dd-4cdc-939f-47d6a03cfe52,1632843302217,13.3938448,52.4728238,7.728482,-0.6605901,-2.6297467,0.018044472,on bike mount,cyclo cross,True,paving stones,intermediate
28ec7340-d6fa-4d45-aae2-0235aeabfe1e,f0f338e9-3d46-44ed-aef4-74fc3d434ecb,c5e674b5-1bd7-4a7c-8d6a-69ccb337f2bf,1632843302269,13.3939525,52.4728235,7.2833734,1.0815022,-2.726474,4.1422844,on bike mount,cyclo cross,True,paving stones,intermediate
28ec7340-d6fa-4d45-aae2-0235aeabfe1e,f0f338e9-3d46-44ed-aef4-74fc3d434ecb,b9b00297-3a8b-49d4-b327-b42283138d51,1632843302334,13.3939525,52.4728235,7.2833734,-1.4077506,-4.5230823,6.178013,on bike mount,cyclo cross,True,paving stones,intermediate
28ec7340-d6fa-4d45-aae2-0235aeabfe1e,f0f338e9-3d46-44ed-aef4-74fc3d434ecb,905e471b-a3bb-408e-b2a7-5f61fc87115f,1632843302384,13.3939525,52.4728235,7.2833734,0.84566,-7.2872424,9.420916,on bike mount,cyclo cross,True,paving stones,intermediate
28ec7340-d6fa-4d45-aae2-0235aeabfe1e,f0f338e9-3d46-44ed-aef4-74fc3d434ecb,038546a0-6e9d-4f2f-916d-c926396705d4,1632843302434,13.3939525,52.4728235,7.2833734,1.694628,2.4035044,2.5229073,on bike mount,cyclo cross,True,paving stones,intermediate
28ec7340-d6fa-4d45-aae2-0235aeabfe1e,f0f338e9-3d46-44ed-aef4-74fc3d434ecb,df4c774a-64b9-47a0-81fb-8ee41ad4a4ab,1632843302484,13.3939525,52.4728235,7.2833734,-0.48015624,0.96845484,2.7628918,on bike mount,cyclo cross,True,paving stones,intermediate
28ec7340-d6fa-4d45-aae2-0235aeabfe1e,f0f338e9-3d46-44ed-aef4-74fc3d434ecb,8651d6d2-9fed-4001-978f-9eac77d41fe2,1632843302535,13.3939525,52.4728235,7.2833734,0.85788184,0.9388428,-2.3710704,on bike mount,cyclo cross,True,paving stones,intermediate
28ec7340-d6fa-4d45-aae2-0235aeabfe1e,f0f338e9-3d46-44ed-aef4-74fc3d434ecb,e950f01d-dc98-41c2-9c4d-3c60717d419c,1632843302585,13.3939525,52.4728235,7.2833734,-1.9864105,-0.4508047,1.9492922,on bike mount,cyclo cross,True,paving stones,intermediate
28ec7340-d6fa-4d45-aae2-0235aeabfe1e,f0f338e9-3d46-44ed-aef4-74fc3d434ecb,c77c0707-2e3b-4d79-b723-65bb6143cbcd,1632843302636,13.3939525,52.4728235,7.2833734,0.6937164,-1.6323278,13.149881,on bike mount,cyclo cross,True,paving stones,intermediate
28ec7340-d6fa-4d45-aae2-0235aeabfe1e,f0f338e9-3d46-44ed-aef4-74fc3d434ecb,316b4b3a-9e56-4644-892d-4962493499d1,1632843302687,13.3939525,52.4728235,7.2833734,-0.04045564,-7.5678387,-2.6345692,on bike mount,cyclo cross,True,paving stones,intermediate
28ec7340-d6fa-4d45-aae2-0235aeabfe1e,f0f338e9-3d46-44ed-aef4-74fc3d434ecb,1c7c0db6-cbb8-44cf-9bf4-4f6740828b83,1632843302736,13.3939525,52.4728235,7.2833734,0.8814651,6.9390554,0.6932926,on bike mount,cyclo cross,True,paving stones,intermediate
28ec7340-d6fa-4d45-aae2-0235aeabfe1e,f0f338e9-3d46-44ed-aef4-74fc3d434ecb,a9ed52e6-14f1-412f-b88c-5e40a107a86a,1632843302786,13.3939525,52.4728235,7.2833734,-2.563413,7.7844086,1.1270428,on bike mount,cyclo cross,True,paving stones,intermediate
28ec7340-d6fa-4d45-aae2-0235aeabfe1e,f0f338e9-3d46-44ed-aef4-74fc3d434ecb,30888acf-7d12-4b13-bccd-4a8a097adfaf,1632843302837,13.3939525,52.4728235,7.2833734,-0.12973431,-9.231252,3.012618,on bike mount,cyclo cross,True,paving stones,intermediate
28ec7340-d6fa-4d45-aae2-0235aeabfe1e,f0f338e9-3d46-44ed-aef4-74fc3d434ecb,285bb0d9-fbd0-4138-a9aa-cb54e01cb750,1632843302889,13.3939525,52.4728235,7.2833734,4.046176,6.11073,0.5752449,on bike mount,cyclo cross,True,paving stones,intermediate
28ec7340-d6fa-4d45-aae2-0235aeabfe1e,f0f338e9-3d46-44ed-aef4-74fc3d434ecb,8f83a510-08bd-438e-bbfa-64ad1284175a,1632843302953,13.3939525,52.4728235,7.2833734,-0.21163665,-0.09702098,0.4233389,on bike mount,cyclo cross,True,paving stones,intermediate
28ec7340-d6fa-4d45-aae2-0235aeabfe1e,f0f338e9-3d46-44ed-aef4-74fc3d434ecb,9da2a1e5-19c1-4af2-9800-1f8f95b56d3b,1632843303020,13.3939525,52.4728235,7.2833734,-1.9134873,-7.43349,5.4805775,on bike mount,cyclo cross,True,paving stones,intermediate
28ec7340-d6fa-4d45-aae2-0235aeabfe1e,f0f338e9-3d46-44ed-aef4-74fc3d434ecb,273319d9-152a-4ba6-b493-09496f401748,1632843303071,13.3939525,52.4728235,7.2833734,-1.6921924,9.619795,3.6197386,on bike mount,cyclo cross,True,paving stones,intermediate
28ec7340-d6fa-4d45-aae2-0235aeabfe1e,f0f338e9-3d46-44ed-aef4-74fc3d434ecb,a3d8859a-f002-4e72-9b22-7cb150578c88,1632843303138,13.3939525,52.4728235,7.2833734,3.7851152,-0.8772483,-6.5811715,on bike mount,cyclo cross,True,paving stones,intermediate
28ec7340-d6fa-4d45-aae2-0235aeabfe1e,f0f338e9-3d46-44ed-aef4-74fc3d434ecb,e02b3cf3-854e-4c70-a5cb-2db57456f59f,1632843303188,13.3939525,52.4728235,7.2833734,-0.851533,17.439814,6.265192,on bike mount,cyclo cross,True,paving stones,intermediate
28ec7340-d6fa-4d45-aae2-0235aeabfe1e,f0f338e9-3d46-44ed-aef4-74fc3d434ecb,998d68bc-744b-408b-86eb-ca79fbcba490,1632843303239,13.3940616,52.4728263,7.7490134,-0.9033557,-4.3926306,4.4535675,on bike mount,cyclo cross,True,paving stones,intermediate
