bike_activity_uid,bike_activity_sample_uid,bike_activity_measurement,bike_activity_measurement_timestamp,bike_activity_measurement_lon,bike_activity_measurement_lat,bike_activity_measurement_speed,bike_activity_measurement_accelerometer_x,bike_activity_measurement_accelerometer_y,bike_activity_measurement_accelerometer_z,bike_activity_phone_position,bike_activity_bike_type,bike_activity_flagged_lab_conditions,bike_activity_surface_type,bike_activity_smoothness_type
38b48263-c6bc-40fc-9e01-e07946a4a1d6,a04a08e0-c924-4f48-9473-96bb87949908,a359f9dc-2eb3-4c24-af1d-9cbee2b1f5b2,1628436755028,13.4820342,52.4818778,7.0138454,-2.8432808,-4.076383,-1.6085377,on bike mount,cyclo cross,False,paving stones,good
38b48263-c6bc-40fc-9e01-e07946a4a1d6,a04a08e0-c924-4f48-9473-96bb87949908,ceddaf19-8b4b-4736-ac0d-22980033c088,1628436755078,13.4820342,52.4818778,7.0138454,-1.3344897,7.822268,-1.8450599,on bike mount,cyclo cross,False,paving stones,good
38b48263-c6bc-40fc-9e01-e07946a4a1d6,a04a08e0-c924-4f48-9473-96bb87949908,51ac1ebb-cdce-44a4-95d8-a2e064c1666b,1628436755129,13.4820342,52.4818778,7.0138454,0.6464804,-1.6752676,-0.49239445,on bike mount,cyclo cross,False,paving stones,good
38b48263-c6bc-40fc-9e01-e07946a4a1d6,a04a08e0-c924-4f48-9473-96bb87949908,b169e16d-2ae3-4095-9d79-819f5d4218eb,1628436755195,13.4820342,52.4818778,7.0138454,-1.7419899,1.176341,-1.9174056,on bike mount,cyclo cross,False,paving stones,good
38b48263-c6bc-40fc-9e01-e07946a4a1d6,a04a08e0-c924-4f48-9473-96bb87949908,679d34ed-2879-4bf0-adb5-68920669172c,1628436755245,13.4820342,52.4818778,7.0138454,-0.11641908,-0.49759364,0.6575823,on bike mount,cyclo cross,False,paving stones,good
38b48263-c6bc-40fc-9e01-e07946a4a1d6,a04a08e0-c924-4f48-9473-96bb87949908,d793f2e5-aae1-438d-9502-698f6a59f257,1628436755295,13.4820342,52.4818778,7.0138454,-1.7795674,-0.067020655,-1.4542866,on bike mount,cyclo cross,False,paving stones,good
38b48263-c6bc-40fc-9e01-e07946a4a1d6,a04a08e0-c924-4f48-9473-96bb87949908,5c1e284a-61ca-4962-a3d6-bc46dca2b2a1,1628436755346,13.4820342,52.4818778,7.0138454,0.21398479,1.4227428,3.7701607,on bike mount,cyclo cross,False,paving stones,good
38b48263-c6bc-40fc-9e01-e07946a4a1d6,a04a08e0-c924-4f48-9473-96bb87949908,5383abc9-1541-481c-a55a-59baba8601ba,1628436755396,13.4820342,52.4818778,7.0138454,0.13485606,-4.0623136,-0.80619717,on bike mount,cyclo cross,False,paving stones,good
38b48263-c6bc-40fc-9e01-e07946a4a1d6,a04a08e0-c924-4f48-9473-96bb87949908,218eafb8-315d-409b-b841-a46929b92a85,1628436755446,13.4820342,52.4818778,7.0138454,1.0492735,-3.182197,-2.5157604,on bike mount,cyclo cross,False,paving stones,good
38b48263-c6bc-40fc-9e01-e07946a4a1d6,a04a08e0-c924-4f48-9473-96bb87949908,ea6647f0-fd74-4d36-ba47-b5ff34005b3d,1628436755513,13.4820342,52.4818778,7.0138454,2.7260692,-0.8708186,-3.8516164,on bike mount,cyclo cross,False,paving stones,good
38b48263-c6bc-40fc-9e01-e07946a4a1d6,a04a08e0-c924-4f48-9473-96bb87949908,5f5d4e3d-0f61-4d31-b0d0-39ac93ad260e,1628436755579,13.4819889,52.4819326,7.0244784,-0.69644886,2.1998277,2.2157984,on bike mount,cyclo cross,False,paving stones,good
38b48263-c6bc-40fc-9e01-e07946a4a1d6,a04a08e0-c924-4f48-9473-96bb87949908,49870a59-1385-4e56-b17b-ac2ade207308,1628436755629,13.4819889,52.4819326,7.0244784,1.9811497,-2.481969,-3.344161,on bike mount,cyclo cross,False,paving stones,good
38b48263-c6bc-40fc-9e01-e07946a4a1d6,a04a08e0-c924-4f48-9473-96bb87949908,e548b5a5-734b-48e7-b749-43a66b99ad75,1628436755679,13.4819889,52.4819326,7.0244784,-1.7313426,-1.2721679,1.123229,on bike mount,cyclo cross,False,paving stones,good
38b48263-c6bc-40fc-9e01-e07946a4a1d6,a04a08e0-c924-4f48-9473-96bb87949908,8e5f3e3a-51ad-4fc8-90b3-e2dae1ba5e9d,1628436755729,13.4819889,52.4819326,7.0244784,1.2254819,5.5772495,-3.98974,on bike mount,cyclo cross,False,paving stones,good
38b48263-c6bc-40fc-9e01-e07946a4a1d6,a04a08e0-c924-4f48-9473-96bb87949908,a6b8d884-5433-4572-b415-3ef150d5b8ae,1628436755780,13.4819889,52.4819326,7.0244784,-0.40534765,-0.41850924,5.447027,on bike mount,cyclo cross,False,paving stones,good
38b48263-c6bc-40fc-9e01-e07946a4a1d6,a04a08e0-c924-4f48-9473-96bb87949908,505877d4-2e67-4dae-ac8b-a6bcadf3cbdd,1628436755830,13.4819889,52.4819326,7.0244784,0.23524256,-6.7698526,1.4440966,on bike mount,cyclo cross,False,paving stones,good
38b48263-c6bc-40fc-9e01-e07946a4a1d6,a04a08e0-c924-4f48-9473-96bb87949908,ca03d0be-9679-48e4-ac1f-c1bb5116bb1e,1628436755896,13.4819889,52.4819326,7.0244784,0.568699,3.8353763,2.8293324,on bike mount,cyclo cross,False,paving stones,good
38b48263-c6bc-40fc-9e01-e07946a4a1d6,a04a08e0-c924-4f48-9473-96bb87949908,10f3264b-84e0-4c5d-875c-ddc193aabc77,1628436755946,13.4819889,52.4819326,7.0244784,0.8293915,-3.9312115,-1.0387015,on bike mount,cyclo cross,False,paving stones,good
38b48263-c6bc-40fc-9e01-e07946a4a1d6,a04a08e0-c924-4f48-9473-96bb87949908,636b6953-31d5-4605-9017-68f250646ae4,1628436755997,13.4819889,52.4819326,7.0244784,0.009504527,-0.7964823,0.272089,on bike mount,cyclo cross,False,paving stones,good
38b48263-c6bc-40fc-9e01-e07946a4a1d6,a04a08e0-c924-4f48-9473-96bb87949908,3ff4e680-c864-4737-979b-de8cd8a4035c,1628436756047,13.4819889,52.4819326,7.0244784,1.8554934,-1.8779069,-1.2132797,on bike mount,cyclo cross,False,paving stones,good
38b48263-c6bc-40fc-9e01-e07946a4a1d6,a04a08e0-c924-4f48-9473-96bb87949908,49527321-f899-4d75-bd42-d4b65dc34bc6,1628436756097,13.4819889,52.4819326,7.0244784,0.33813125,-1.070024,4.1803017,on bike mount,cyclo cross,False,paving stones,good
38b48263-c6bc-40fc-9e01-e07946a4a1d6,a04a08e0-c924-4f48-9473-96bb87949908,b55c817b-a8c8-4357-b0c4-c68f571d909a,1628436756164,13.4819889,52.4819326,7.0244784,-1.4232887,-3.5379841,0.7789812,on bike mount,cyclo cross,False,paving stones,good
38b48263-c6bc-40fc-9e01-e07946a4a1d6,a04a08e0-c924-4f48-9473-96bb87949908,3e7dfd57-0723-4527-ae4d-065f7000bbbf,1628436756214,13.4819889,52.4819326,7.0244784,-0.018136114,-2.304833,-1.957799,on bike mount,cyclo cross,False,paving stones,good
38b48263-c6bc-40fc-9e01-e07946a4a1d6,a04a08e0-c924-4f48-9473-96bb87949908,ba39c264-96f7-4ad5-abdc-192a1c5dd0f6,1628436756264,13.4819889,52.4819326,7.0244784,1.416446,1.51401,0.7935972,on bike mount,cyclo cross,False,paving stones,good
38b48263-c6bc-40fc-9e01-e07946a4a1d6,a04a08e0-c924-4f48-9473-96bb87949908,3f50860e-79cd-4768-b3ff-ff7c4b98b6ef,1628436756313,13.4819889,52.4819326,7.0244784,-1.003221,1.9887905,-0.15390396,on bike mount,cyclo cross,False,paving stones,good
38b48263-c6bc-40fc-9e01-e07946a4a1d6,a04a08e0-c924-4f48-9473-96bb87949908,57cfa2a5-7e50-440a-a685-786e68466a32,1628436756364,13.4819889,52.4819326,7.0244784,0.5372825,-5.8240633,-1.1144228,on bike mount,cyclo cross,False,paving stones,good
38b48263-c6bc-40fc-9e01-e07946a4a1d6,a04a08e0-c924-4f48-9473-96bb87949908,55d4f603-7d73-436b-a501-06ec0e42efae,1628436756430,13.4819889,52.4819326,7.0244784,-0.7645697,-1.1642562,1.4838686,on bike mount,cyclo cross,False,paving stones,good
38b48263-c6bc-40fc-9e01-e07946a4a1d6,a04a08e0-c924-4f48-9473-96bb87949908,64bb79f0-abe3-4087-a9f7-bc2a1891947b,1628436756480,13.4819889,52.4819326,7.0244784,-0.47882107,-5.731477,3.562006,on bike mount,cyclo cross,False,paving stones,good
38b48263-c6bc-40fc-9e01-e07946a4a1d6,a04a08e0-c924-4f48-9473-96bb87949908,f143d4ba-adff-4a32-b721-d9eaab4ea15b,1628436756531,13.4819889,52.4819326,7.0244784,-0.06297737,1.2329674,-2.7515569,on bike mount,cyclo cross,False,paving stones,good
38b48263-c6bc-40fc-9e01-e07946a4a1d6,a04a08e0-c924-4f48-9473-96bb87949908,3a506c2f-c0b4-4cad-9390-42f3054d8549,1628436756598,13.4819391,52.4819868,7.033685,-0.62396085,6.05319,3.1115646,on bike mount,cyclo cross,False,paving stones,good
38b48263-c6bc-40fc-9e01-e07946a4a1d6,a04a08e0-c924-4f48-9473-96bb87949908,5ff91fc8-13fd-4654-860f-623a3f183a64,1628436756664,13.4819391,52.4819868,7.033685,0.64553297,-0.7986028,2.5194635,on bike mount,cyclo cross,False,paving stones,good
38b48263-c6bc-40fc-9e01-e07946a4a1d6,a04a08e0-c924-4f48-9473-96bb87949908,fd5cb02a-cd08-4ea1-aafa-693d3710b479,1628436756731,13.4819391,52.4819868,7.033685,1.3731172,1.0000997,-4.5959997,on bike mount,cyclo cross,False,paving stones,good
38b48263-c6bc-40fc-9e01-e07946a4a1d6,a04a08e0-c924-4f48-9473-96bb87949908,12f17339-1435-4e79-811b-77d32d09dd37,1628436756798,13.4819391,52.4819868,7.033685,-1.5641105,0.6936536,0.7450218,on bike mount,cyclo cross,False,paving stones,good
38b48263-c6bc-40fc-9e01-e07946a4a1d6,a04a08e0-c924-4f48-9473-96bb87949908,980e8dff-93f0-4632-8a76-654c63c31779,1628436756865,13.4819391,52.4819868,7.033685,0.4142629,-5.9678783,-4.52955,on bike mount,cyclo cross,False,paving stones,good
38b48263-c6bc-40fc-9e01-e07946a4a1d6,a04a08e0-c924-4f48-9473-96bb87949908,8ae248e2-c43f-4db4-90f5-e72bdaf13a28,1628436756931,13.4819391,52.4819868,7.033685,1.4651295,10.418888,-1.6808467,on bike mount,cyclo cross,False,paving stones,good
38b48263-c6bc-40fc-9e01-e07946a4a1d6,a04a08e0-c924-4f48-9473-96bb87949908,cd92abfd-7147-4e1c-a82c-c04d5ed4f139,1628436756981,13.4819391,52.4819868,7.033685,-3.078382,-1.3335799,4.8076515,on bike mount,cyclo cross,False,paving stones,good
38b48263-c6bc-40fc-9e01-e07946a4a1d6,a04a08e0-c924-4f48-9473-96bb87949908,88c018ba-7aea-43e4-a5ab-dc568f72ca12,1628436757031,13.4819391,52.4819868,7.033685,0.60144806,-3.5474398,0.6315584,on bike mount,cyclo cross,False,paving stones,good
38b48263-c6bc-40fc-9e01-e07946a4a1d6,a04a08e0-c924-4f48-9473-96bb87949908,241459ad-a426-42cf-a015-0abadece1a43,1628436757081,13.4819391,52.4819868,7.033685,1.1380928,-2.7282486,-2.5416646,on bike mount,cyclo cross,False,paving stones,good
38b48263-c6bc-40fc-9e01-e07946a4a1d6,a04a08e0-c924-4f48-9473-96bb87949908,673f809a-3e9e-4858-aab3-330b651b890c,1628436757131,13.4819391,52.4819868,7.033685,-1.578186,2.3665118,3.746131,on bike mount,cyclo cross,False,paving stones,good
38b48263-c6bc-40fc-9e01-e07946a4a1d6,a04a08e0-c924-4f48-9473-96bb87949908,e99ca100-0776-40e8-affc-37bb574defe4,1628436757182,13.4819391,52.4819868,7.033685,1.8140147,-0.031085253,1.8428621,on bike mount,cyclo cross,False,paving stones,good
38b48263-c6bc-40fc-9e01-e07946a4a1d6,a04a08e0-c924-4f48-9473-96bb87949908,5c870c8b-d766-45e4-9677-8e9f2c18fb5b,1628436757232,13.4819391,52.4819868,7.033685,-0.48152596,0.7543907,-4.3783665,on bike mount,cyclo cross,False,paving stones,good
38b48263-c6bc-40fc-9e01-e07946a4a1d6,a04a08e0-c924-4f48-9473-96bb87949908,0116692f-e83c-44a7-9cc0-75b6d3c508dd,1628436757282,13.4819391,52.4819868,7.033685,-2.6789165,-0.17218399,5.252243,on bike mount,cyclo cross,False,paving stones,good
38b48263-c6bc-40fc-9e01-e07946a4a1d6,a04a08e0-c924-4f48-9473-96bb87949908,6d7f8a9c-545c-48bd-a787-cc6df7d51c36,1628436757349,13.4819391,52.4819868,7.033685,0.030721486,0.8997512,1.6025486,on bike mount,cyclo cross,False,paving stones,good
38b48263-c6bc-40fc-9e01-e07946a4a1d6,a04a08e0-c924-4f48-9473-96bb87949908,55c9fad6-6b86-459a-983e-d9d4dfc23999,1628436757399,13.4819391,52.4819868,7.033685,-0.57393265,-1.9471209,1.2682953,on bike mount,cyclo cross,False,paving stones,good
38b48263-c6bc-40fc-9e01-e07946a4a1d6,a04a08e0-c924-4f48-9473-96bb87949908,aed69e74-9e1e-45fd-b798-72b8bb2b97d6,1628436757466,13.4819391,52.4819868,7.033685,0.7470232,-1.8669063,2.8128395,on bike mount,cyclo cross,False,paving stones,good
38b48263-c6bc-40fc-9e01-e07946a4a1d6,a04a08e0-c924-4f48-9473-96bb87949908,353c2813-1f79-4d05-b4c7-876bba6d8583,1628436757516,13.4819391,52.4819868,7.033685,-0.30338547,-0.6956115,-1.0458789,on bike mount,cyclo cross,False,paving stones,good
38b48263-c6bc-40fc-9e01-e07946a4a1d6,a04a08e0-c924-4f48-9473-96bb87949908,8c4f4b17-7756-48b5-8fb4-6a2bedfc065b,1628436757582,13.4818935,52.4820429,7.000466,0.9592137,-4.2760267,0.049812317,on bike mount,cyclo cross,False,paving stones,good
38b48263-c6bc-40fc-9e01-e07946a4a1d6,a04a08e0-c924-4f48-9473-96bb87949908,3880251f-f9db-48a2-b051-4bd6f126d2e8,1628436757632,13.4818935,52.4820429,7.000466,1.2039735,1.2442493,-2.189314,on bike mount,cyclo cross,False,paving stones,good
38b48263-c6bc-40fc-9e01-e07946a4a1d6,a04a08e0-c924-4f48-9473-96bb87949908,793b9ef7-a65b-4e10-bf76-d75883f52f7b,1628436757683,13.4818935,52.4820429,7.000466,0.20750535,-2.945382,4.63076,on bike mount,cyclo cross,False,paving stones,good
38b48263-c6bc-40fc-9e01-e07946a4a1d6,a04a08e0-c924-4f48-9473-96bb87949908,a861ab26-75f7-40a7-bb32-5bc89fb9aa47,1628436757733,13.4818935,52.4820429,7.000466,-0.030033082,-5.654022,1.6017447,on bike mount,cyclo cross,False,paving stones,good
38b48263-c6bc-40fc-9e01-e07946a4a1d6,a04a08e0-c924-4f48-9473-96bb87949908,eaa24978-6edd-4f72-86d8-84cba10c4849,1628436757783,13.4818935,52.4820429,7.000466,-2.155844,-0.2282095,-0.82729435,on bike mount,cyclo cross,False,paving stones,good
38b48263-c6bc-40fc-9e01-e07946a4a1d6,a04a08e0-c924-4f48-9473-96bb87949908,31d2e319-ec58-4d5d-9285-83c4ec3c3305,1628436757833,13.4818935,52.4820429,7.000466,-2.7498746,4.780819,-3.3179235,on bike mount,cyclo cross,False,paving stones,good
38b48263-c6bc-40fc-9e01-e07946a4a1d6,a04a08e0-c924-4f48-9473-96bb87949908,edbcf9cf-31df-4c32-9f7a-08e3c96b403c,1628436757899,13.4818935,52.4820429,7.000466,-0.2669679,2.9949493,4.1481276,on bike mount,cyclo cross,False,paving stones,good
38b48263-c6bc-40fc-9e01-e07946a4a1d6,a04a08e0-c924-4f48-9473-96bb87949908,998f492b-03a0-4630-95a0-0768fa7ff06b,1628436757949,13.4818935,52.4820429,7.000466,-0.17259237,4.9682493,-0.92824745,on bike mount,cyclo cross,False,paving stones,good
38b48263-c6bc-40fc-9e01-e07946a4a1d6,a04a08e0-c924-4f48-9473-96bb87949908,53fcf674-246d-438e-84f6-bb2af8ae975a,1628436757999,13.4818935,52.4820429,7.000466,0.34449786,0.82865953,3.407278,on bike mount,cyclo cross,False,paving stones,good
38b48263-c6bc-40fc-9e01-e07946a4a1d6,a04a08e0-c924-4f48-9473-96bb87949908,102b916f-5a6a-47d2-8300-e7204f3c3bfa,1628436758050,13.4818935,52.4820429,7.000466,2.009412,0.040616512,-1.8034978,on bike mount,cyclo cross,False,paving stones,good
38b48263-c6bc-40fc-9e01-e07946a4a1d6,a04a08e0-c924-4f48-9473-96bb87949908,a1c217f2-fe56-426d-9e47-b16b07137e13,1628436758116,13.4818935,52.4820429,7.000466,0.5067803,1.4595413,3.2652493,on bike mount,cyclo cross,False,paving stones,good
38b48263-c6bc-40fc-9e01-e07946a4a1d6,a04a08e0-c924-4f48-9473-96bb87949908,470ef579-4a2e-4ab6-9fc2-aa9cc843de42,1628436758166,13.4818935,52.4820429,7.000466,-4.14225,-0.42825413,2.621089,on bike mount,cyclo cross,False,paving stones,good
38b48263-c6bc-40fc-9e01-e07946a4a1d6,a04a08e0-c924-4f48-9473-96bb87949908,3357c147-cd76-468c-ac77-f70ea3960e73,1628436758216,13.4818935,52.4820429,7.000466,4.4063554,0.60967827,-2.6576314,on bike mount,cyclo cross,False,paving stones,good
38b48263-c6bc-40fc-9e01-e07946a4a1d6,a04a08e0-c924-4f48-9473-96bb87949908,fa3d59b2-b83d-474d-9c40-390325f5cd2b,1628436758266,13.4818935,52.4820429,7.000466,-3.215683,-0.09418607,2.2885141,on bike mount,cyclo cross,False,paving stones,good
38b48263-c6bc-40fc-9e01-e07946a4a1d6,a04a08e0-c924-4f48-9473-96bb87949908,8d7d56c2-e39d-41d1-b361-941ffd8906a5,1628436758317,13.4818935,52.4820429,7.000466,1.2898847,2.5335407,-0.5975256,on bike mount,cyclo cross,False,paving stones,good
38b48263-c6bc-40fc-9e01-e07946a4a1d6,a04a08e0-c924-4f48-9473-96bb87949908,74a25fe5-36a6-40e7-aea4-a4c75ca5ef25,1628436758367,13.4818935,52.4820429,7.000466,1.5207411,3.0362778,2.0975513,on bike mount,cyclo cross,False,paving stones,good
38b48263-c6bc-40fc-9e01-e07946a4a1d6,a04a08e0-c924-4f48-9473-96bb87949908,2b9e8e53-1b81-4eca-a743-3dbd137a9809,1628436758417,13.4818935,52.4820429,7.000466,1.948636,1.7078037,-9.686033,on bike mount,cyclo cross,False,paving stones,good
38b48263-c6bc-40fc-9e01-e07946a4a1d6,a04a08e0-c924-4f48-9473-96bb87949908,3d1504d3-7145-40da-9cac-d090662f6290,1628436758484,13.4818935,52.4820429,7.000466,-1.2293451,-2.120559,0.6052294,on bike mount,cyclo cross,False,paving stones,good
38b48263-c6bc-40fc-9e01-e07946a4a1d6,a04a08e0-c924-4f48-9473-96bb87949908,61c256ef-eb6b-4962-9234-263c4cb3fcf5,1628436758534,13.4818935,52.4820429,7.000466,-0.13415584,-3.7408524,1.3757391,on bike mount,cyclo cross,False,paving stones,good
38b48263-c6bc-40fc-9e01-e07946a4a1d6,a04a08e0-c924-4f48-9473-96bb87949908,d0d2d111-61c0-4763-bad3-b6fb515b49fe,1628436758600,13.4818469,52.4820992,6.9845753,-0.78069943,1.0168233,1.1044054,on bike mount,cyclo cross,False,paving stones,good
38b48263-c6bc-40fc-9e01-e07946a4a1d6,a04a08e0-c924-4f48-9473-96bb87949908,1cfa42e0-7f61-4594-9deb-8eaa1736c5bf,1628436758650,13.4818469,52.4820992,6.9845753,0.15641779,-4.655222,2.5403595,on bike mount,cyclo cross,False,paving stones,good
38b48263-c6bc-40fc-9e01-e07946a4a1d6,a04a08e0-c924-4f48-9473-96bb87949908,d97bc161-47b1-4610-89bb-cdeb02dc766f,1628436758700,13.4818469,52.4820992,6.9845753,-1.202545,-2.867576,-6.7030473,on bike mount,cyclo cross,False,paving stones,good
38b48263-c6bc-40fc-9e01-e07946a4a1d6,a04a08e0-c924-4f48-9473-96bb87949908,8b26f753-f5fc-4771-9616-ed323b4f0cb9,1628436758751,13.4818469,52.4820992,6.9845753,-0.16013941,1.3133805,3.289382,on bike mount,cyclo cross,False,paving stones,good
38b48263-c6bc-40fc-9e01-e07946a4a1d6,a04a08e0-c924-4f48-9473-96bb87949908,aa07175f-89d0-4b27-afb6-68c4b4fff019,1628436758817,13.4818469,52.4820992,6.9845753,0.533123,-0.5715709,0.27134228,on bike mount,cyclo cross,False,paving stones,good
38b48263-c6bc-40fc-9e01-e07946a4a1d6,a04a08e0-c924-4f48-9473-96bb87949908,add327ef-5065-4476-b83a-100fbe3883c6,1628436758867,13.4818469,52.4820992,6.9845753,-0.86854684,-3.2553763,4.0584383,on bike mount,cyclo cross,False,paving stones,good
38b48263-c6bc-40fc-9e01-e07946a4a1d6,a04a08e0-c924-4f48-9473-96bb87949908,76248e1f-e94f-4d84-92e4-c6a71cabffca,1628436758917,13.4818469,52.4820992,6.9845753,1.8816065,-4.5395594,-5.511962,on bike mount,cyclo cross,False,paving stones,good
38b48263-c6bc-40fc-9e01-e07946a4a1d6,a04a08e0-c924-4f48-9473-96bb87949908,237d5427-1757-43c6-82e5-1d33ec34ee08,1628436758968,13.4818469,52.4820992,6.9845753,-0.3230364,5.2472568,-2.3623133,on bike mount,cyclo cross,False,paving stones,good
38b48263-c6bc-40fc-9e01-e07946a4a1d6,a04a08e0-c924-4f48-9473-96bb87949908,35d45bf1-dd24-4048-a3e1-5d71b43a40fb,1628436759035,13.4818469,52.4820992,6.9845753,-0.29203665,2.0510683,5.7169666,on bike mount,cyclo cross,False,paving stones,good
38b48263-c6bc-40fc-9e01-e07946a4a1d6,a04a08e0-c924-4f48-9473-96bb87949908,c659c4eb-e2ea-447b-8435-7febab09152a,1628436759101,13.4818469,52.4820992,6.9845753,0.3363612,0.033004522,1.7257977,on bike mount,cyclo cross,False,paving stones,good
38b48263-c6bc-40fc-9e01-e07946a4a1d6,a04a08e0-c924-4f48-9473-96bb87949908,690d1aee-10f7-4f15-889e-433966c23cdd,1628436759168,13.4818469,52.4820992,6.9845753,1.4626349,-3.5845954,2.4588737,on bike mount,cyclo cross,False,paving stones,good
38b48263-c6bc-40fc-9e01-e07946a4a1d6,a04a08e0-c924-4f48-9473-96bb87949908,a171151f-6325-4b25-93f8-d15ef1e67143,1628436759235,13.4818469,52.4820992,6.9845753,-0.04053116,1.5500236,2.3080158,on bike mount,cyclo cross,False,paving stones,good
38b48263-c6bc-40fc-9e01-e07946a4a1d6,a04a08e0-c924-4f48-9473-96bb87949908,b1d218ce-bbfe-43c2-8f13-4419e6f5428c,1628436759301,13.4818469,52.4820992,6.9845753,1.9660866,1.5833678,-0.9306526,on bike mount,cyclo cross,False,paving stones,good
38b48263-c6bc-40fc-9e01-e07946a4a1d6,a04a08e0-c924-4f48-9473-96bb87949908,1e8b45bc-5056-48da-b810-21e3f6f2546a,1628436759351,13.4818469,52.4820992,6.9845753,0.025509134,1.2994852,-6.433264,on bike mount,cyclo cross,False,paving stones,good
38b48263-c6bc-40fc-9e01-e07946a4a1d6,a04a08e0-c924-4f48-9473-96bb87949908,94e47479-2068-4a00-b660-c33020068a2b,1628436759402,13.4818469,52.4820992,6.9845753,0.19023357,-2.074842,-1.3402691,on bike mount,cyclo cross,False,paving stones,good
38b48263-c6bc-40fc-9e01-e07946a4a1d6,a04a08e0-c924-4f48-9473-96bb87949908,8b16c730-6f0e-455a-8cab-3a4ed2005c67,1628436759468,13.4818469,52.4820992,6.9845753,0.6425197,3.3718958,-0.008285522,on bike mount,cyclo cross,False,paving stones,good
38b48263-c6bc-40fc-9e01-e07946a4a1d6,a04a08e0-c924-4f48-9473-96bb87949908,d9e0def9-63d8-4ff8-93db-5e7c53c68ef9,1628436759519,13.4818469,52.4820992,6.9845753,-1.6823087,-4.9987493,-1.2198792,on bike mount,cyclo cross,False,paving stones,good
38b48263-c6bc-40fc-9e01-e07946a4a1d6,a04a08e0-c924-4f48-9473-96bb87949908,5ae72583-1ed1-47cd-9b2e-ec4e267d81e5,1628436759585,13.4817982,52.4821533,6.925133,-0.22586505,1.7427444,-5.828246,on bike mount,cyclo cross,False,paving stones,good
38b48263-c6bc-40fc-9e01-e07946a4a1d6,a04a08e0-c924-4f48-9473-96bb87949908,3889790f-6213-4fc7-9f20-50c25575be7d,1628436759635,13.4817982,52.4821533,6.925133,-1.09503,5.4187512,3.3090687,on bike mount,cyclo cross,False,paving stones,good
38b48263-c6bc-40fc-9e01-e07946a4a1d6,a04a08e0-c924-4f48-9473-96bb87949908,9d22b741-4372-465c-8676-d7f10b69a761,1628436759686,13.4817982,52.4821533,6.925133,0.24671718,-0.05726385,2.5787601,on bike mount,cyclo cross,False,paving stones,good
38b48263-c6bc-40fc-9e01-e07946a4a1d6,a04a08e0-c924-4f48-9473-96bb87949908,6a5c15cc-834a-410e-b3f6-3959fe334b65,1628436759736,13.4817982,52.4821533,6.925133,0.8190379,-2.1031182,2.1884136,on bike mount,cyclo cross,False,paving stones,good
38b48263-c6bc-40fc-9e01-e07946a4a1d6,a04a08e0-c924-4f48-9473-96bb87949908,e8d44577-f3c6-48af-bace-ccd2f9947c14,1628436759785,13.4817982,52.4821533,6.925133,0.4113664,-6.430629,-4.605746,on bike mount,cyclo cross,False,paving stones,good
38b48263-c6bc-40fc-9e01-e07946a4a1d6,a04a08e0-c924-4f48-9473-96bb87949908,f5532f61-9bbb-4915-a63b-f81b1cacbe23,1628436759835,13.4817982,52.4821533,6.925133,-0.3455829,2.1446376,2.91776,on bike mount,cyclo cross,False,paving stones,good
38b48263-c6bc-40fc-9e01-e07946a4a1d6,a04a08e0-c924-4f48-9473-96bb87949908,c880c6bb-77f6-465f-8e1f-c95c9a57c97d,1628436759886,13.4817982,52.4821533,6.925133,2.83581,6.3555064,-10.425035,on bike mount,cyclo cross,False,paving stones,good
38b48263-c6bc-40fc-9e01-e07946a4a1d6,a04a08e0-c924-4f48-9473-96bb87949908,dc4b4abf-7a6c-4577-800f-b0e7d16a7f59,1628436759953,13.4817982,52.4821533,6.925133,-1.5076785,-5.9619303,-0.6407652,on bike mount,cyclo cross,False,paving stones,good
38b48263-c6bc-40fc-9e01-e07946a4a1d6,a04a08e0-c924-4f48-9473-96bb87949908,bcfae3cc-8d0c-4c69-bcae-ea1b22633e86,1628436760003,13.4817982,52.4821533,6.925133,-0.5884271,-1.267781,-7.166327,on bike mount,cyclo cross,False,paving stones,good
38b48263-c6bc-40fc-9e01-e07946a4a1d6,a04a08e0-c924-4f48-9473-96bb87949908,4b027160-f72a-42df-a970-62cf09cbd070,1628436760052,13.4817982,52.4821533,6.925133,1.6635511,2.0668054,2.8093052,on bike mount,cyclo cross,False,paving stones,good
38b48263-c6bc-40fc-9e01-e07946a4a1d6,a04a08e0-c924-4f48-9473-96bb87949908,53793adc-ab19-4a13-8a2f-5d794f09daa5,1628436760103,13.4817982,52.4821533,6.925133,-1.9027646,1.1318855,-0.5114374,on bike mount,cyclo cross,False,paving stones,good
38b48263-c6bc-40fc-9e01-e07946a4a1d6,a04a08e0-c924-4f48-9473-96bb87949908,b0f23ad5-fa74-4b9c-887b-2e410ec82aea,1628436760153,13.4817982,52.4821533,6.925133,0.6756099,-5.126922,0.8879881,on bike mount,cyclo cross,False,paving stones,good
38b48263-c6bc-40fc-9e01-e07946a4a1d6,a04a08e0-c924-4f48-9473-96bb87949908,46983899-ba61-44ee-8801-8ccaefc71bbe,1628436760220,13.4817982,52.4821533,6.925133,-2.6649468,1.2063541,5.133087,on bike mount,cyclo cross,False,paving stones,good
38b48263-c6bc-40fc-9e01-e07946a4a1d6,a04a08e0-c924-4f48-9473-96bb87949908,2c83c620-5fb1-466f-831d-48cb752597e4,1628436760287,13.4817982,52.4821533,6.925133,0.26253545,4.036522,-5.3382955,on bike mount,cyclo cross,False,paving stones,good
38b48263-c6bc-40fc-9e01-e07946a4a1d6,a04a08e0-c924-4f48-9473-96bb87949908,31b78427-b2b4-420b-ae1f-3ab8e282f8db,1628436760337,13.4817982,52.4821533,6.925133,-0.59242576,7.234811,0.7871189,on bike mount,cyclo cross,False,paving stones,good
38b48263-c6bc-40fc-9e01-e07946a4a1d6,a04a08e0-c924-4f48-9473-96bb87949908,e916a958-67d0-465e-8528-eb559c8063fa,1628436760386,13.4817982,52.4821533,6.925133,-0.58825433,4.2693524,-8.906206,on bike mount,cyclo cross,False,paving stones,good
38b48263-c6bc-40fc-9e01-e07946a4a1d6,a04a08e0-c924-4f48-9473-96bb87949908,15fbaa4c-c314-43c2-ab5b-e41e9e2ed9d5,1628436760437,13.4817982,52.4821533,6.925133,-2.8004398,-4.7199163,0.9254198,on bike mount,cyclo cross,False,paving stones,good
38b48263-c6bc-40fc-9e01-e07946a4a1d6,a04a08e0-c924-4f48-9473-96bb87949908,4715fa61-3e6e-423c-b194-f2a543560b38,1628436760487,13.4817982,52.4821533,6.925133,2.238852,-4.330268,4.7040586,on bike mount,cyclo cross,False,paving stones,good
38b48263-c6bc-40fc-9e01-e07946a4a1d6,a04a08e0-c924-4f48-9473-96bb87949908,46fa7b8b-acba-43fb-bae5-d47259c35b57,1628436760537,13.4817982,52.4821533,6.925133,3.038115,3.6477933,2.976427,on bike mount,cyclo cross,False,paving stones,good
38b48263-c6bc-40fc-9e01-e07946a4a1d6,a04a08e0-c924-4f48-9473-96bb87949908,d963550f-739f-496b-a023-10481a002b0c,1628436760603,13.4817584,52.4822096,6.9235992,0.93841803,-7.3547096,1.264018,on bike mount,cyclo cross,False,paving stones,good
38b48263-c6bc-40fc-9e01-e07946a4a1d6,a04a08e0-c924-4f48-9473-96bb87949908,6518a1af-a947-4b14-85b5-e2b1659f9806,1628436760653,13.4817584,52.4822096,6.9235992,-0.85270554,-4.3105464,3.4526033,on bike mount,cyclo cross,False,paving stones,good
38b48263-c6bc-40fc-9e01-e07946a4a1d6,a04a08e0-c924-4f48-9473-96bb87949908,737d74d5-0a4f-4435-a3fd-37f1e183c358,1628436760704,13.4817584,52.4822096,6.9235992,0.45959866,3.945468,-1.7703834,on bike mount,cyclo cross,False,paving stones,good
38b48263-c6bc-40fc-9e01-e07946a4a1d6,a04a08e0-c924-4f48-9473-96bb87949908,9224e7c0-f5f8-4bac-ac6c-ced0ec2ee484,1628436760754,13.4817584,52.4822096,6.9235992,-2.6905274,2.493668,4.1064262,on bike mount,cyclo cross,False,paving stones,good
38b48263-c6bc-40fc-9e01-e07946a4a1d6,a04a08e0-c924-4f48-9473-96bb87949908,0d77ecfd-0efe-407e-baf3-d28e68d68a67,1628436760804,13.4817584,52.4822096,6.9235992,-0.2013318,-3.9858043,-3.0241108,on bike mount,cyclo cross,False,paving stones,good
38b48263-c6bc-40fc-9e01-e07946a4a1d6,a04a08e0-c924-4f48-9473-96bb87949908,407e5639-7109-40eb-83e3-4873e9712d05,1628436760854,13.4817584,52.4822096,6.9235992,-3.0999656,3.8445425,3.5866022,on bike mount,cyclo cross,False,paving stones,good
38b48263-c6bc-40fc-9e01-e07946a4a1d6,a04a08e0-c924-4f48-9473-96bb87949908,37aeb8e6-d815-49d5-834c-2d994c28ec07,1628436760921,13.4817584,52.4822096,6.9235992,-1.5628622,-0.8048785,-4.0841904,on bike mount,cyclo cross,False,paving stones,good
38b48263-c6bc-40fc-9e01-e07946a4a1d6,a04a08e0-c924-4f48-9473-96bb87949908,7b586bea-dc0e-4f3a-bf77-523e3312e377,1628436760987,13.4817584,52.4822096,6.9235992,1.5106834,1.2103531,0.3580017,on bike mount,cyclo cross,False,paving stones,good
38b48263-c6bc-40fc-9e01-e07946a4a1d6,a04a08e0-c924-4f48-9473-96bb87949908,04d177ec-ba41-4168-a21e-fa9c58e15df8,1628436761037,13.4817584,52.4822096,6.9235992,-3.943822,-4.4515357,-2.375658,on bike mount,cyclo cross,False,paving stones,good
38b48263-c6bc-40fc-9e01-e07946a4a1d6,a04a08e0-c924-4f48-9473-96bb87949908,ebf8cfc6-6323-43cb-83e5-3bcefbd62ad1,1628436761088,13.4817584,52.4822096,6.9235992,-1.9985226,6.803911,-2.097705,on bike mount,cyclo cross,False,paving stones,good
38b48263-c6bc-40fc-9e01-e07946a4a1d6,a04a08e0-c924-4f48-9473-96bb87949908,43c3f531-0c77-495d-89b3-beb0c088e02e,1628436761137,13.4817584,52.4822096,6.9235992,0.29665256,-0.5995078,-4.6124773,on bike mount,cyclo cross,False,paving stones,good
38b48263-c6bc-40fc-9e01-e07946a4a1d6,a04a08e0-c924-4f48-9473-96bb87949908,d1c16ce8-4758-4f12-a536-501f1605de28,1628436761188,13.4817584,52.4822096,6.9235992,3.7941632,-1.7151549,-0.05449581,on bike mount,cyclo cross,False,paving stones,good
38b48263-c6bc-40fc-9e01-e07946a4a1d6,a04a08e0-c924-4f48-9473-96bb87949908,ef5bc870-ec52-4944-af72-5b6c22baa3ec,1628436761238,13.4817584,52.4822096,6.9235992,5.080636,0.9698007,-4.1053843,on bike mount,cyclo cross,False,paving stones,good
38b48263-c6bc-40fc-9e01-e07946a4a1d6,a04a08e0-c924-4f48-9473-96bb87949908,2ef847e4-d16b-47f8-b300-ce7292f378e7,1628436761305,13.4817584,52.4822096,6.9235992,1.49295,4.932254,3.6092806,on bike mount,cyclo cross,False,paving stones,good
38b48263-c6bc-40fc-9e01-e07946a4a1d6,a04a08e0-c924-4f48-9473-96bb87949908,e0290ad4-49aa-45de-9100-a033df9ef60b,1628436761371,13.4817584,52.4822096,6.9235992,1.4596553,-6.006342,-3.8906322,on bike mount,cyclo cross,False,paving stones,good
38b48263-c6bc-40fc-9e01-e07946a4a1d6,a04a08e0-c924-4f48-9473-96bb87949908,5d022d8c-43df-47a8-94b5-7ab7ed1d885c,1628436761421,13.4817584,52.4822096,6.9235992,-2.0183995,1.8830967,0.8809147,on bike mount,cyclo cross,False,paving stones,good
38b48263-c6bc-40fc-9e01-e07946a4a1d6,a04a08e0-c924-4f48-9473-96bb87949908,8cf4050d-b2e3-4ea7-b32a-923ce7912624,1628436761471,13.4817584,52.4822096,6.9235992,1.34628,-2.2342198,-6.656779,on bike mount,cyclo cross,False,paving stones,good
38b48263-c6bc-40fc-9e01-e07946a4a1d6,a04a08e0-c924-4f48-9473-96bb87949908,17827bf7-4b9e-4de7-ae0c-824a00fcb02b,1628436761522,13.4817584,52.4822096,6.9235992,1.4019781,4.420498,-0.50257397,on bike mount,cyclo cross,False,paving stones,good
38b48263-c6bc-40fc-9e01-e07946a4a1d6,a04a08e0-c924-4f48-9473-96bb87949908,42a5f967-f004-4215-9a14-6c944851a01b,1628436761588,13.4817127,52.4822647,6.921277,-0.9932854,1.8132052,-2.0561614,on bike mount,cyclo cross,False,paving stones,good
38b48263-c6bc-40fc-9e01-e07946a4a1d6,a04a08e0-c924-4f48-9473-96bb87949908,4bdedb2d-b66c-4208-b185-3ef254750878,1628436761655,13.4817127,52.4822647,6.921277,-0.0842855,-3.779337,5.7783775,on bike mount,cyclo cross,False,paving stones,good
38b48263-c6bc-40fc-9e01-e07946a4a1d6,a04a08e0-c924-4f48-9473-96bb87949908,f3698945-5f4c-412e-823e-b3ad806ec90b,1628436761722,13.4817127,52.4822647,6.921277,1.1652687,-0.036186457,2.3764505,on bike mount,cyclo cross,False,paving stones,good
38b48263-c6bc-40fc-9e01-e07946a4a1d6,a04a08e0-c924-4f48-9473-96bb87949908,6e6fc4f0-bedb-4fde-b9a3-3e65efe9d595,1628436761789,13.4817127,52.4822647,6.921277,0.47545698,-1.2707694,-3.7101517,on bike mount,cyclo cross,False,paving stones,good
38b48263-c6bc-40fc-9e01-e07946a4a1d6,a04a08e0-c924-4f48-9473-96bb87949908,a500188b-37bf-49dd-9369-f0d4b8f2acae,1628436761855,13.4817127,52.4822647,6.921277,-0.28705966,4.3796706,1.3797798,on bike mount,cyclo cross,False,paving stones,good
38b48263-c6bc-40fc-9e01-e07946a4a1d6,a04a08e0-c924-4f48-9473-96bb87949908,7a4b87c1-a500-4273-9e80-bca6aa5908a7,1628436761905,13.4817127,52.4822647,6.921277,0.86536765,-0.850471,-2.9046302,on bike mount,cyclo cross,False,paving stones,good
38b48263-c6bc-40fc-9e01-e07946a4a1d6,a04a08e0-c924-4f48-9473-96bb87949908,6e824a03-900b-4c5f-b75a-e8c068bf037a,1628436761955,13.4817127,52.4822647,6.921277,0.9218855,-0.6608734,1.6651583,on bike mount,cyclo cross,False,paving stones,good
38b48263-c6bc-40fc-9e01-e07946a4a1d6,a04a08e0-c924-4f48-9473-96bb87949908,92db256b-1e0a-4ff1-87bf-33b1817f99b1,1628436762005,13.4817127,52.4822647,6.921277,1.193719,-4.0788493,5.3800373,on bike mount,cyclo cross,False,paving stones,good
38b48263-c6bc-40fc-9e01-e07946a4a1d6,a04a08e0-c924-4f48-9473-96bb87949908,0821507c-b54d-46d3-9737-a8011bdb5624,1628436762056,13.4817127,52.4822647,6.921277,0.98824877,6.438415,-11.369481,on bike mount,cyclo cross,False,paving stones,good
38b48263-c6bc-40fc-9e01-e07946a4a1d6,a04a08e0-c924-4f48-9473-96bb87949908,5c7da5c8-ace8-4bda-911c-0948bbf58dcb,1628436762123,13.4817127,52.4822647,6.921277,1.4691585,-7.619691,2.6140165,on bike mount,cyclo cross,False,paving stones,good
38b48263-c6bc-40fc-9e01-e07946a4a1d6,a04a08e0-c924-4f48-9473-96bb87949908,30775c78-3eef-464a-8fbc-d776f8f5f3f8,1628436762173,13.4817127,52.4822647,6.921277,0.5099013,0.3809197,-8.075222,on bike mount,cyclo cross,False,paving stones,good
38b48263-c6bc-40fc-9e01-e07946a4a1d6,a04a08e0-c924-4f48-9473-96bb87949908,b9d190f8-a43b-4199-a7d9-982778b0e1f6,1628436762223,13.4817127,52.4822647,6.921277,-1.4089141,8.332528,2.5156317,on bike mount,cyclo cross,False,paving stones,good
38b48263-c6bc-40fc-9e01-e07946a4a1d6,a04a08e0-c924-4f48-9473-96bb87949908,ecf2af74-6cdc-464c-97f1-9d56090c0d45,1628436762273,13.4817127,52.4822647,6.921277,-0.05732249,-1.3300563,-4.416008,on bike mount,cyclo cross,False,paving stones,good
38b48263-c6bc-40fc-9e01-e07946a4a1d6,a04a08e0-c924-4f48-9473-96bb87949908,427d5813-fea0-4b77-af93-e8ffa5e1fe6a,1628436762340,13.4817127,52.4822647,6.921277,-1.2024232,3.5492692,3.3812637,on bike mount,cyclo cross,False,paving stones,good
38b48263-c6bc-40fc-9e01-e07946a4a1d6,a04a08e0-c924-4f48-9473-96bb87949908,648d374b-7cb8-45ca-a63e-6b9ca89a8e76,1628436762406,13.4817127,52.4822647,6.921277,0.38699645,-1.0416429,-1.0806785,on bike mount,cyclo cross,False,paving stones,good
38b48263-c6bc-40fc-9e01-e07946a4a1d6,a04a08e0-c924-4f48-9473-96bb87949908,7e6c9cf1-9e69-4095-afde-966f7baf7728,1628436762456,13.4817127,52.4822647,6.921277,1.1500634,-3.2037265,2.0600262,on bike mount,cyclo cross,False,paving stones,good
38b48263-c6bc-40fc-9e01-e07946a4a1d6,a04a08e0-c924-4f48-9473-96bb87949908,584e1687-cfa2-4211-991b-80cd27f6ccdf,1628436762506,13.4817127,52.4822647,6.921277,-1.7410998,1.045409,0.28103924,on bike mount,cyclo cross,False,paving stones,good
38b48263-c6bc-40fc-9e01-e07946a4a1d6,a04a08e0-c924-4f48-9473-96bb87949908,5234be8a-386d-4e6d-93d0-6196adaf30ee,1628436762556,13.4816589,52.4823222,7.0764065,-1.9990652,-4.7892094,-1.227057,on bike mount,cyclo cross,False,paving stones,good
38b48263-c6bc-40fc-9e01-e07946a4a1d6,a04a08e0-c924-4f48-9473-96bb87949908,a619c05a-4cf4-41d8-9c96-44eec100fc3d,1628436762606,13.4816589,52.4823222,7.0764065,1.8962646,5.074437,0.9054594,on bike mount,cyclo cross,False,paving stones,good
38b48263-c6bc-40fc-9e01-e07946a4a1d6,a04a08e0-c924-4f48-9473-96bb87949908,17f89857-4592-454a-8618-2f62a06cf10b,1628436762656,13.4816589,52.4823222,7.0764065,-0.67997295,2.124481,-4.6839104,on bike mount,cyclo cross,False,paving stones,good
38b48263-c6bc-40fc-9e01-e07946a4a1d6,a04a08e0-c924-4f48-9473-96bb87949908,1dad2c38-3680-45d7-925f-6891302f8cdb,1628436762706,13.4816589,52.4823222,7.0764065,-0.74984205,5.6848526,2.5936556,on bike mount,cyclo cross,False,paving stones,good
38b48263-c6bc-40fc-9e01-e07946a4a1d6,a04a08e0-c924-4f48-9473-96bb87949908,afa16a67-4ba8-41af-b6b7-873411de2c52,1628436762757,13.4816589,52.4823222,7.0764065,-0.28208047,-10.92951,4.370949,on bike mount,cyclo cross,False,paving stones,good
38b48263-c6bc-40fc-9e01-e07946a4a1d6,a04a08e0-c924-4f48-9473-96bb87949908,23d36146-01e9-452e-ab96-697916f0141b,1628436762823,13.4816589,52.4823222,7.0764065,2.2736297,9.433634,1.0196972,on bike mount,cyclo cross,False,paving stones,good
38b48263-c6bc-40fc-9e01-e07946a4a1d6,a04a08e0-c924-4f48-9473-96bb87949908,09f994df-2b42-4997-9685-5f2d2f18e48f,1628436762874,13.4816589,52.4823222,7.0764065,-1.3887268,-7.3035626,1.2069693,on bike mount,cyclo cross,False,paving stones,good
38b48263-c6bc-40fc-9e01-e07946a4a1d6,a04a08e0-c924-4f48-9473-96bb87949908,d826abe1-8c43-4c11-951a-d38c7dd6fb3d,1628436762924,13.4816589,52.4823222,7.0764065,-0.25166887,-0.36971498,2.0397482,on bike mount,cyclo cross,False,paving stones,good
38b48263-c6bc-40fc-9e01-e07946a4a1d6,a04a08e0-c924-4f48-9473-96bb87949908,ecf42775-ec8d-41f9-a362-ad8fd6f4c3a1,1628436762990,13.4816589,52.4823222,7.0764065,-1.0285683,4.283415,-12.0641775,on bike mount,cyclo cross,False,paving stones,good
38b48263-c6bc-40fc-9e01-e07946a4a1d6,a04a08e0-c924-4f48-9473-96bb87949908,9e744376-4cdf-4211-9d58-6641d3f2c6ce,1628436763040,13.4816589,52.4823222,7.0764065,-0.83699644,-1.7962908,2.6945257,on bike mount,cyclo cross,False,paving stones,good
38b48263-c6bc-40fc-9e01-e07946a4a1d6,a04a08e0-c924-4f48-9473-96bb87949908,5be97a63-5ee2-4fa7-94ef-ceed0f86bf2d,1628436763090,13.4816589,52.4823222,7.0764065,0.42826322,4.526183,-0.7378378,on bike mount,cyclo cross,False,paving stones,good
38b48263-c6bc-40fc-9e01-e07946a4a1d6,a04a08e0-c924-4f48-9473-96bb87949908,90feba4b-d822-43f5-9193-6d540efb2510,1628436763141,13.4816589,52.4823222,7.0764065,1.9850188,-9.004742,1.8041277,on bike mount,cyclo cross,False,paving stones,good
38b48263-c6bc-40fc-9e01-e07946a4a1d6,a04a08e0-c924-4f48-9473-96bb87949908,54d0da23-5d9e-4d30-8f3e-0b79ce0d3ad7,1628436763191,13.4816589,52.4823222,7.0764065,-0.6077926,2.5376391,-0.07797432,on bike mount,cyclo cross,False,paving stones,good
38b48263-c6bc-40fc-9e01-e07946a4a1d6,a04a08e0-c924-4f48-9473-96bb87949908,c61f125e-4b2c-4be3-9c0f-25386ee6a95f,1628436763257,13.4816589,52.4823222,7.0764065,-1.1237963,-2.4478066,6.0632563,on bike mount,cyclo cross,False,paving stones,good
38b48263-c6bc-40fc-9e01-e07946a4a1d6,a04a08e0-c924-4f48-9473-96bb87949908,b766611c-2e1a-452a-bea6-605afb0b2e08,1628436763307,13.4816589,52.4823222,7.0764065,-0.4873227,-2.6941583,-4.1905026,on bike mount,cyclo cross,False,paving stones,good
38b48263-c6bc-40fc-9e01-e07946a4a1d6,a04a08e0-c924-4f48-9473-96bb87949908,8bb472a4-fe13-44c0-8876-d715e2e624a2,1628436763357,13.4816589,52.4823222,7.0764065,-0.3787617,1.1917815,2.619645,on bike mount,cyclo cross,False,paving stones,good
38b48263-c6bc-40fc-9e01-e07946a4a1d6,a04a08e0-c924-4f48-9473-96bb87949908,23d90297-5727-460b-aecf-fde345f886a1,1628436763408,13.4816589,52.4823222,7.0764065,-0.6694689,-0.71006256,1.8119488,on bike mount,cyclo cross,False,paving stones,good
38b48263-c6bc-40fc-9e01-e07946a4a1d6,a04a08e0-c924-4f48-9473-96bb87949908,397a1393-ba67-4143-be62-18df736d7276,1628436763475,13.4816589,52.4823222,7.0764065,-4.030978,2.6650505,-3.552843,on bike mount,cyclo cross,False,paving stones,good
38b48263-c6bc-40fc-9e01-e07946a4a1d6,a04a08e0-c924-4f48-9473-96bb87949908,508ac8a4-52cd-4f71-9e45-f63cba45f041,1628436763525,13.4816589,52.4823222,7.0764065,-1.9880486,-8.970168,2.666914,on bike mount,cyclo cross,False,paving stones,good
38b48263-c6bc-40fc-9e01-e07946a4a1d6,a04a08e0-c924-4f48-9473-96bb87949908,0cb39719-288c-4a81-8787-d01d19dcb1b9,1628436763591,13.4816115,52.4823797,6.9474535,-1.8703878,-3.1817014,-0.5307255,on bike mount,cyclo cross,False,paving stones,good
38b48263-c6bc-40fc-9e01-e07946a4a1d6,a04a08e0-c924-4f48-9473-96bb87949908,c5f6c231-5fe5-42e5-8dcd-874bcd50ae02,1628436763642,13.4816115,52.4823797,6.9474535,-0.30876616,-7.649698,6.0824986,on bike mount,cyclo cross,False,paving stones,good
38b48263-c6bc-40fc-9e01-e07946a4a1d6,a04a08e0-c924-4f48-9473-96bb87949908,8b130df5-f335-4466-a4b5-ef648e15f2af,1628436763708,13.4816115,52.4823797,6.9474535,1.2457346,1.8358598,-4.3180532,on bike mount,cyclo cross,False,paving stones,good
38b48263-c6bc-40fc-9e01-e07946a4a1d6,a04a08e0-c924-4f48-9473-96bb87949908,44c9ca39-8668-4e29-ad59-02821a1bd930,1628436763758,13.4816115,52.4823797,6.9474535,-0.55489284,-0.4255587,1.3559971,on bike mount,cyclo cross,False,paving stones,good
38b48263-c6bc-40fc-9e01-e07946a4a1d6,a04a08e0-c924-4f48-9473-96bb87949908,4fb2d813-40cb-4041-87a4-66cf11c3dde9,1628436763809,13.4816115,52.4823797,6.9474535,-0.6001927,0.7550006,-1.5513277,on bike mount,cyclo cross,False,paving stones,good
38b48263-c6bc-40fc-9e01-e07946a4a1d6,a04a08e0-c924-4f48-9473-96bb87949908,55d35bac-dcbd-42c5-b149-3f32bcfa9250,1628436763875,13.4816115,52.4823797,6.9474535,-2.3614237,2.5651274,-10.755028,on bike mount,cyclo cross,False,paving stones,good
38b48263-c6bc-40fc-9e01-e07946a4a1d6,a04a08e0-c924-4f48-9473-96bb87949908,5fb05ce5-c0c4-4357-aca5-b3288255b164,1628436763925,13.4816115,52.4823797,6.9474535,-0.38071015,-5.901595,4.7956266,on bike mount,cyclo cross,False,paving stones,good
38b48263-c6bc-40fc-9e01-e07946a4a1d6,a04a08e0-c924-4f48-9473-96bb87949908,3d418cd5-dd5a-437d-a5d1-06f0d8d14053,1628436763975,13.4816115,52.4823797,6.9474535,-1.9690709,3.438437,-3.9851828,on bike mount,cyclo cross,False,paving stones,good
38b48263-c6bc-40fc-9e01-e07946a4a1d6,a04a08e0-c924-4f48-9473-96bb87949908,a3d346f7-cea4-4ec0-baa6-640d7ceb323e,1628436764026,13.4816115,52.4823797,6.9474535,0.24621639,-5.983502,8.702468,on bike mount,cyclo cross,False,paving stones,good
38b48263-c6bc-40fc-9e01-e07946a4a1d6,a04a08e0-c924-4f48-9473-96bb87949908,8981d969-284e-496e-af06-967576308c67,1628436764092,13.4816115,52.4823797,6.9474535,-0.66346014,-9.302525,1.8410378,on bike mount,cyclo cross,False,paving stones,good
38b48263-c6bc-40fc-9e01-e07946a4a1d6,a04a08e0-c924-4f48-9473-96bb87949908,1b2504c0-176a-4296-9513-7f826b18083b,1628436764159,13.4816115,52.4823797,6.9474535,1.0615959,-2.7630389,2.6950283,on bike mount,cyclo cross,False,paving stones,good
38b48263-c6bc-40fc-9e01-e07946a4a1d6,a04a08e0-c924-4f48-9473-96bb87949908,34772e2a-511b-4e97-a34e-adc9531732d6,1628436764225,13.4816115,52.4823797,6.9474535,0.11753617,-0.26899856,-0.8631935,on bike mount,cyclo cross,False,paving stones,good
38b48263-c6bc-40fc-9e01-e07946a4a1d6,a04a08e0-c924-4f48-9473-96bb87949908,8466de0c-bc04-4cd3-a321-31bce4b2bd4f,1628436764276,13.4816115,52.4823797,6.9474535,-1.407585,2.6009316,-4.882139,on bike mount,cyclo cross,False,paving stones,good
38b48263-c6bc-40fc-9e01-e07946a4a1d6,a04a08e0-c924-4f48-9473-96bb87949908,e079f799-e4bf-47f4-b025-47abd6150c94,1628436764343,13.4816115,52.4823797,6.9474535,1.3729758,4.9654284,0.31375885,on bike mount,cyclo cross,False,paving stones,good
38b48263-c6bc-40fc-9e01-e07946a4a1d6,a04a08e0-c924-4f48-9473-96bb87949908,2583bc08-9328-4b84-b340-b46d923c52c2,1628436764392,13.4816115,52.4823797,6.9474535,0.82975996,3.4231672,-6.4155936,on bike mount,cyclo cross,False,paving stones,good
38b48263-c6bc-40fc-9e01-e07946a4a1d6,a04a08e0-c924-4f48-9473-96bb87949908,82cfb575-36de-4623-9ab9-fd3b24f9da24,1628436764443,13.4816115,52.4823797,6.9474535,1.7870208,2.3548293,2.2053118,on bike mount,cyclo cross,False,paving stones,good
38b48263-c6bc-40fc-9e01-e07946a4a1d6,a04a08e0-c924-4f48-9473-96bb87949908,425dc114-7aa5-44fd-9784-bcddcddb6166,1628436764493,13.4816115,52.4823797,6.9474535,5.5535707,-1.7863083,4.999029,on bike mount,cyclo cross,False,paving stones,good
38b48263-c6bc-40fc-9e01-e07946a4a1d6,a04a08e0-c924-4f48-9473-96bb87949908,46f65ee3-418b-402d-ae9a-3240bb9baa25,1628436764559,13.4815572,52.482438,6.9857845,-0.26332623,-3.329388,-4.923958,on bike mount,cyclo cross,False,paving stones,good
38b48263-c6bc-40fc-9e01-e07946a4a1d6,a04a08e0-c924-4f48-9473-96bb87949908,52191729-df43-4ff8-bd78-4a75cf59889f,1628436764626,13.4815572,52.482438,6.9857845,2.1956413,-8.675057,6.655739,on bike mount,cyclo cross,False,paving stones,good
38b48263-c6bc-40fc-9e01-e07946a4a1d6,a04a08e0-c924-4f48-9473-96bb87949908,ad4864fd-c238-4b70-a78e-8048bf529d63,1628436764693,13.4815572,52.482438,6.9857845,1.0925701,-1.1499848,5.7516336,on bike mount,cyclo cross,False,paving stones,good
38b48263-c6bc-40fc-9e01-e07946a4a1d6,a04a08e0-c924-4f48-9473-96bb87949908,2473d323-8d91-4243-8707-bdd0cb2ae690,1628436764742,13.4815572,52.482438,6.9857845,0.33646694,-4.194569,-1.7811742,on bike mount,cyclo cross,False,paving stones,good
38b48263-c6bc-40fc-9e01-e07946a4a1d6,a04a08e0-c924-4f48-9473-96bb87949908,c40263ad-8714-4d4c-aa17-c493658bdf73,1628436764793,13.4815572,52.482438,6.9857845,-0.026006296,3.1300778,0.048977852,on bike mount,cyclo cross,False,paving stones,good
38b48263-c6bc-40fc-9e01-e07946a4a1d6,a04a08e0-c924-4f48-9473-96bb87949908,2669d1ef-6ca2-46e8-b8cf-ea8617fedc99,1628436764843,13.4815572,52.482438,6.9857845,-1.0345525,-1.8721817,2.6352663,on bike mount,cyclo cross,False,paving stones,good
38b48263-c6bc-40fc-9e01-e07946a4a1d6,a04a08e0-c924-4f48-9473-96bb87949908,e1f53852-f3ac-4c44-9dab-b0bc9ab49ee9,1628436764910,13.4815572,52.482438,6.9857845,-0.33436316,0.78950596,0.33921146,on bike mount,cyclo cross,False,paving stones,good
38b48263-c6bc-40fc-9e01-e07946a4a1d6,a04a08e0-c924-4f48-9473-96bb87949908,c1fdbfd0-b477-49ef-b298-bc6bb7ee12fa,1628436764977,13.4815572,52.482438,6.9857845,-0.1372379,2.4206376,5.424266,on bike mount,cyclo cross,False,paving stones,good
38b48263-c6bc-40fc-9e01-e07946a4a1d6,a04a08e0-c924-4f48-9473-96bb87949908,8c619d33-d1a6-42b9-9d2a-74706775a72d,1628436765043,13.4815572,52.482438,6.9857845,-1.9349436,0.77176785,0.45904636,on bike mount,cyclo cross,False,paving stones,good
38b48263-c6bc-40fc-9e01-e07946a4a1d6,a04a08e0-c924-4f48-9473-96bb87949908,2b92cc03-e210-438f-b9d6-6c7fa5ac1e60,1628436765094,13.4815572,52.482438,6.9857845,-1.245521,-0.4654894,3.746952,on bike mount,cyclo cross,False,paving stones,good
38b48263-c6bc-40fc-9e01-e07946a4a1d6,a04a08e0-c924-4f48-9473-96bb87949908,2a80bd84-2f54-4431-bcad-d89b50eaa723,1628436765144,13.4815572,52.482438,6.9857845,1.3339245,-7.2691846,0.82737637,on bike mount,cyclo cross,False,paving stones,good
38b48263-c6bc-40fc-9e01-e07946a4a1d6,a04a08e0-c924-4f48-9473-96bb87949908,da06e701-f3b0-46d9-9db3-423ef7ca2517,1628436765194,13.4815572,52.482438,6.9857845,-1.5957716,2.1132593,-1.6947341,on bike mount,cyclo cross,False,paving stones,good
38b48263-c6bc-40fc-9e01-e07946a4a1d6,a04a08e0-c924-4f48-9473-96bb87949908,40e75ff2-054e-4440-afa7-8f0ba9e77300,1628436765260,13.4815572,52.482438,6.9857845,0.60029495,-2.0766058,-4.2087264,on bike mount,cyclo cross,False,paving stones,good
38b48263-c6bc-40fc-9e01-e07946a4a1d6,a04a08e0-c924-4f48-9473-96bb87949908,06a7dddc-d9fa-4be7-8ce7-93dde9c50fd1,1628436765310,13.4815572,52.482438,6.9857845,2.3851345,-0.047459126,3.8660212,on bike mount,cyclo cross,False,paving stones,good
38b48263-c6bc-40fc-9e01-e07946a4a1d6,a04a08e0-c924-4f48-9473-96bb87949908,1a45987a-83ae-4504-946c-f5f567851e09,1628436765361,13.4815572,52.482438,6.9857845,1.5972883,5.370406,2.2933807,on bike mount,cyclo cross,False,paving stones,good
38b48263-c6bc-40fc-9e01-e07946a4a1d6,a04a08e0-c924-4f48-9473-96bb87949908,704abd54-1e82-46cd-a347-8e8941364a15,1628436765427,13.4815572,52.482438,6.9857845,2.5970721,-3.4435117,-2.0799394,on bike mount,cyclo cross,False,paving stones,good
38b48263-c6bc-40fc-9e01-e07946a4a1d6,a04a08e0-c924-4f48-9473-96bb87949908,f1213087-69de-4d45-accb-a67f2e5ce6b4,1628436765477,13.4815572,52.482438,6.9857845,-1.612454,11.105675,-2.057692,on bike mount,cyclo cross,False,paving stones,good
38b48263-c6bc-40fc-9e01-e07946a4a1d6,a04a08e0-c924-4f48-9473-96bb87949908,5afe9f62-5204-4087-9a05-e6caaeeb12c9,1628436765528,13.4815572,52.482438,6.9857845,-0.049024284,-3.262822,-0.7128706,on bike mount,cyclo cross,False,paving stones,good
38b48263-c6bc-40fc-9e01-e07946a4a1d6,a04a08e0-c924-4f48-9473-96bb87949908,6150ab59-3003-4861-91a6-8512d4d00010,1628436765594,13.481503,52.4824979,7.0048423,1.2985553,-5.497839,5.4331713,on bike mount,cyclo cross,False,paving stones,good
38b48263-c6bc-40fc-9e01-e07946a4a1d6,a04a08e0-c924-4f48-9473-96bb87949908,10fea10c-2105-4ad3-86b0-e59bbd301ebe,1628436765661,13.481503,52.4824979,7.0048423,-0.08290413,3.796095,-1.2424974,on bike mount,cyclo cross,False,paving stones,good
38b48263-c6bc-40fc-9e01-e07946a4a1d6,a04a08e0-c924-4f48-9473-96bb87949908,24040278-dd7b-42f5-a69d-d0daa6f17f63,1628436765728,13.481503,52.4824979,7.0048423,-0.6241239,-4.106585,-4.9884872,on bike mount,cyclo cross,False,paving stones,good
38b48263-c6bc-40fc-9e01-e07946a4a1d6,a04a08e0-c924-4f48-9473-96bb87949908,72ab8e0f-5795-46ae-8934-0b9619a3bc37,1628436765795,13.481503,52.4824979,7.0048423,-1.5632579,0.33436704,2.6785707,on bike mount,cyclo cross,False,paving stones,good
38b48263-c6bc-40fc-9e01-e07946a4a1d6,a04a08e0-c924-4f48-9473-96bb87949908,0f01af46-7d8b-4dba-8ab9-8a88ad7b8df6,1628436765861,13.481503,52.4824979,7.0048423,0.6752265,-3.0107102,1.614542,on bike mount,cyclo cross,False,paving stones,good
38b48263-c6bc-40fc-9e01-e07946a4a1d6,a04a08e0-c924-4f48-9473-96bb87949908,e46ff350-dc0f-4ba1-a58f-c33192c20cf3,1628436765911,13.481503,52.4824979,7.0048423,1.7725544,-0.4677329,7.568239,on bike mount,cyclo cross,False,paving stones,good
38b48263-c6bc-40fc-9e01-e07946a4a1d6,a04a08e0-c924-4f48-9473-96bb87949908,0ad98558-4314-43ab-b843-59f73c2fea53,1628436765962,13.481503,52.4824979,7.0048423,-0.78491783,5.2733006,-1.1373119,on bike mount,cyclo cross,False,paving stones,good
38b48263-c6bc-40fc-9e01-e07946a4a1d6,a04a08e0-c924-4f48-9473-96bb87949908,2dab94fd-8891-4363-9721-958433c99d0c,1628436766012,13.481503,52.4824979,7.0048423,1.2555267,-3.954166,-0.218359,on bike mount,cyclo cross,False,paving stones,good
38b48263-c6bc-40fc-9e01-e07946a4a1d6,a04a08e0-c924-4f48-9473-96bb87949908,b953b127-9c81-4201-8b63-17ff4533f189,1628436766078,13.481503,52.4824979,7.0048423,-0.28851268,-3.3744054,5.9127197,on bike mount,cyclo cross,False,paving stones,good
38b48263-c6bc-40fc-9e01-e07946a4a1d6,a04a08e0-c924-4f48-9473-96bb87949908,ee605d33-44a8-416a-a51c-158fdd2e5eb2,1628436766129,13.481503,52.4824979,7.0048423,0.10729559,-2.5303888,-0.6925831,on bike mount,cyclo cross,False,paving stones,good
38b48263-c6bc-40fc-9e01-e07946a4a1d6,a12a0f59-dacb-4b2a-b204-a19b4a111b7d,cf8ec667-6693-499c-bfe5-355bc6bd561c,1628436763259,13.4816589,52.4823222,7.0764065,-1.2588379,-3.8454034,4.83144,on bike mount,cyclo cross,False,paving stones,good
38b48263-c6bc-40fc-9e01-e07946a4a1d6,a12a0f59-dacb-4b2a-b204-a19b4a111b7d,7086d05b-3b6e-4eb4-98ff-17841e27ebb4,1628436763341,13.4816589,52.4823222,7.0764065,-1.4456378,-2.293657,2.9430408,on bike mount,cyclo cross,False,paving stones,good
38b48263-c6bc-40fc-9e01-e07946a4a1d6,a12a0f59-dacb-4b2a-b204-a19b4a111b7d,6a524a5d-c21a-4655-8b12-c2dba7431756,1628436763408,13.4816589,52.4823222,7.0764065,0.0854232,-4.080152,3.0518503,on bike mount,cyclo cross,False,paving stones,good
38b48263-c6bc-40fc-9e01-e07946a4a1d6,a12a0f59-dacb-4b2a-b204-a19b4a111b7d,6e0ea93f-4bea-4242-a50b-6924a0f055d7,1628436763458,13.4816589,52.4823222,7.0764065,-0.55124867,-1.342617,-2.414775,on bike mount,cyclo cross,False,paving stones,good
38b48263-c6bc-40fc-9e01-e07946a4a1d6,a12a0f59-dacb-4b2a-b204-a19b4a111b7d,0dd66e5e-2c65-434e-984b-7b6345bedf51,1628436763508,13.4816589,52.4823222,7.0764065,-3.565635,11.418326,-8.630762,on bike mount,cyclo cross,False,paving stones,good
38b48263-c6bc-40fc-9e01-e07946a4a1d6,a12a0f59-dacb-4b2a-b204-a19b4a111b7d,ee810d82-b3b5-4c5e-acd9-ad3dc7e61283,1628436763575,13.4816115,52.4823797,6.9474535,-0.378515,3.4469275,-3.1141906,on bike mount,cyclo cross,False,paving stones,good
38b48263-c6bc-40fc-9e01-e07946a4a1d6,a12a0f59-dacb-4b2a-b204-a19b4a111b7d,b32e9b33-a826-4bfb-855f-76b2ef9d9bf5,1628436763641,13.4816115,52.4823797,6.9474535,-0.30876616,-7.649698,6.0824986,on bike mount,cyclo cross,False,paving stones,good
38b48263-c6bc-40fc-9e01-e07946a4a1d6,a12a0f59-dacb-4b2a-b204-a19b4a111b7d,0b8a5f29-903d-4b56-88b1-b8173c979d25,1628436763691,13.4816115,52.4823797,6.9474535,-1.2063543,6.9548874,2.6620092,on bike mount,cyclo cross,False,paving stones,good
38b48263-c6bc-40fc-9e01-e07946a4a1d6,a12a0f59-dacb-4b2a-b204-a19b4a111b7d,c787890b-e5f6-4a27-a74c-7be9d053d8ad,1628436763742,13.4816115,52.4823797,6.9474535,-2.052805,2.7043471,-0.28492355,on bike mount,cyclo cross,False,paving stones,good
38b48263-c6bc-40fc-9e01-e07946a4a1d6,a12a0f59-dacb-4b2a-b204-a19b4a111b7d,286473f5-2225-4725-b625-6c1e5035018d,1628436763809,13.4816115,52.4823797,6.9474535,-0.6001927,0.7550006,-1.5513277,on bike mount,cyclo cross,False,paving stones,good
38b48263-c6bc-40fc-9e01-e07946a4a1d6,a12a0f59-dacb-4b2a-b204-a19b4a111b7d,1e7003dd-e1d5-49ef-99f1-bbfe2e9ccdb3,1628436763859,13.4816115,52.4823797,6.9474535,1.643432,-3.279532,6.290496,on bike mount,cyclo cross,False,paving stones,good
38b48263-c6bc-40fc-9e01-e07946a4a1d6,a12a0f59-dacb-4b2a-b204-a19b4a111b7d,5082a3ec-1277-4a9b-b83f-d082928a8170,1628436763908,13.4816115,52.4823797,6.9474535,-0.026839614,5.1281633,-1.1315365,on bike mount,cyclo cross,False,paving stones,good
38b48263-c6bc-40fc-9e01-e07946a4a1d6,a12a0f59-dacb-4b2a-b204-a19b4a111b7d,79066bf0-d04d-497b-b92b-2320053bb15d,1628436763959,13.4816115,52.4823797,6.9474535,-2.2664747,-0.8713136,3.3342743,on bike mount,cyclo cross,False,paving stones,good
38b48263-c6bc-40fc-9e01-e07946a4a1d6,a12a0f59-dacb-4b2a-b204-a19b4a111b7d,9d731bf0-3979-4988-a67c-df955033ae3c,1628436764025,13.4816115,52.4823797,6.9474535,0.24621639,-5.983502,8.702468,on bike mount,cyclo cross,False,paving stones,good
38b48263-c6bc-40fc-9e01-e07946a4a1d6,a12a0f59-dacb-4b2a-b204-a19b4a111b7d,a533f543-b980-493d-a55b-f57b8ad8cab1,1628436764076,13.4816115,52.4823797,6.9474535,-0.58927226,3.4324412,-2.7413979,on bike mount,cyclo cross,False,paving stones,good
38b48263-c6bc-40fc-9e01-e07946a4a1d6,a12a0f59-dacb-4b2a-b204-a19b4a111b7d,fb34ec44-d4b3-427e-9186-78942159dbcf,1628436764142,13.4816115,52.4823797,6.9474535,3.1358612,4.191765,-3.359078,on bike mount,cyclo cross,False,paving stones,good
38b48263-c6bc-40fc-9e01-e07946a4a1d6,a12a0f59-dacb-4b2a-b204-a19b4a111b7d,84974932-3801-4791-9bb8-9815a9ff896a,1628436764192,13.4816115,52.4823797,6.9474535,-0.09689799,1.3270624,0.3890438,on bike mount,cyclo cross,False,paving stones,good
38b48263-c6bc-40fc-9e01-e07946a4a1d6,a12a0f59-dacb-4b2a-b204-a19b4a111b7d,f658337d-7b72-4e23-9765-a98783bedf70,1628436764242,13.4816115,52.4823797,6.9474535,-0.951847,2.0526476,1.3214293,on bike mount,cyclo cross,False,paving stones,good
38b48263-c6bc-40fc-9e01-e07946a4a1d6,a12a0f59-dacb-4b2a-b204-a19b4a111b7d,2d1fec17-073c-4a7a-9167-703f5d89d8bb,1628436764292,13.4816115,52.4823797,6.9474535,0.04267931,-3.8241816,5.6312084,on bike mount,cyclo cross,False,paving stones,good
38b48263-c6bc-40fc-9e01-e07946a4a1d6,a12a0f59-dacb-4b2a-b204-a19b4a111b7d,a8d123ef-22eb-4308-9f13-b58686e69a1c,1628436764343,13.4816115,52.4823797,6.9474535,1.3729758,4.9654284,0.31375885,on bike mount,cyclo cross,False,paving stones,good
38b48263-c6bc-40fc-9e01-e07946a4a1d6,a12a0f59-dacb-4b2a-b204-a19b4a111b7d,773ff871-f1e4-45c9-b415-3355aa62d921,1628436764409,13.4816115,52.4823797,6.9474535,-1.3574666,-3.807101,-8.37571,on bike mount,cyclo cross,False,paving stones,good
38b48263-c6bc-40fc-9e01-e07946a4a1d6,a12a0f59-dacb-4b2a-b204-a19b4a111b7d,736c1438-a8f0-43f4-ac95-e31fc24215ba,1628436764459,13.4816115,52.4823797,6.9474535,-0.83219385,-9.910598,7.4303627,on bike mount,cyclo cross,False,paving stones,good
38b48263-c6bc-40fc-9e01-e07946a4a1d6,a12a0f59-dacb-4b2a-b204-a19b4a111b7d,cbae6c48-f971-4faf-9c01-efba8230a732,1628436764510,13.4816115,52.4823797,6.9474535,0.15704983,4.3049493,4.6852684,on bike mount,cyclo cross,False,paving stones,good
38b48263-c6bc-40fc-9e01-e07946a4a1d6,a12a0f59-dacb-4b2a-b204-a19b4a111b7d,7d70a81e-38c6-477d-a331-0a3f9bedffa5,1628436764576,13.4815572,52.482438,6.9857845,-0.473011,-7.460959,-3.0503454,on bike mount,cyclo cross,False,paving stones,good
38b48263-c6bc-40fc-9e01-e07946a4a1d6,a12a0f59-dacb-4b2a-b204-a19b4a111b7d,31dd3250-f74f-485b-bd46-9fb546f69d1b,1628436764643,13.4815572,52.482438,6.9857845,-5.0649657,4.145934,-4.8492517,on bike mount,cyclo cross,False,paving stones,good
38b48263-c6bc-40fc-9e01-e07946a4a1d6,a12a0f59-dacb-4b2a-b204-a19b4a111b7d,a71278f3-d14c-4ac8-8590-2476e2c7297d,1628436764709,13.4815572,52.482438,6.9857845,0.08662379,3.20542,0.7221384,on bike mount,cyclo cross,False,paving stones,good
38b48263-c6bc-40fc-9e01-e07946a4a1d6,a12a0f59-dacb-4b2a-b204-a19b4a111b7d,751655a4-5067-4d7c-b31a-01197401d8f4,1628436764760,13.4815572,52.482438,6.9857845,1.0655466,0.95816326,1.124423,on bike mount,cyclo cross,False,paving stones,good
38b48263-c6bc-40fc-9e01-e07946a4a1d6,a12a0f59-dacb-4b2a-b204-a19b4a111b7d,14bab51f-aa59-4896-9232-6cae3c52cd84,1628436764827,13.4815572,52.482438,6.9857845,-0.22895789,-2.4037127,-0.050764084,on bike mount,cyclo cross,False,paving stones,good
38b48263-c6bc-40fc-9e01-e07946a4a1d6,a12a0f59-dacb-4b2a-b204-a19b4a111b7d,51270a48-7a4a-485b-b460-6029f893b1c9,1628436764877,13.4815572,52.482438,6.9857845,-0.27450663,-1.6950396,3.5352564,on bike mount,cyclo cross,False,paving stones,good
38b48263-c6bc-40fc-9e01-e07946a4a1d6,a12a0f59-dacb-4b2a-b204-a19b4a111b7d,e5b07f86-a741-4513-8ce5-e58ae9be79c2,1628436764927,13.4815572,52.482438,6.9857845,0.09663494,1.8674097,-5.5649853,on bike mount,cyclo cross,False,paving stones,good
38b48263-c6bc-40fc-9e01-e07946a4a1d6,a12a0f59-dacb-4b2a-b204-a19b4a111b7d,85267f47-82f0-40cb-ba03-9b0248809fff,1628436764993,13.4815572,52.482438,6.9857845,-3.054202,-4.143866,6.935442,on bike mount,cyclo cross,False,paving stones,good
38b48263-c6bc-40fc-9e01-e07946a4a1d6,a12a0f59-dacb-4b2a-b204-a19b4a111b7d,f702b37f-c1c5-417c-8354-218f82f0a740,1628436765044,13.4815572,52.482438,6.9857845,-1.8358915,-0.53720665,-0.7001877,on bike mount,cyclo cross,False,paving stones,good
38b48263-c6bc-40fc-9e01-e07946a4a1d6,a12a0f59-dacb-4b2a-b204-a19b4a111b7d,118ed834-877b-4af4-a725-e4bb3ba9f524,1628436765111,13.4815572,52.482438,6.9857845,0.53886795,-1.6512887,-3.2223577,on bike mount,cyclo cross,False,paving stones,good
38b48263-c6bc-40fc-9e01-e07946a4a1d6,a12a0f59-dacb-4b2a-b204-a19b4a111b7d,f072445d-3170-40b2-ac4f-1df6e8eb3ef7,1628436765161,13.4815572,52.482438,6.9857845,0.70616454,-1.8387387,2.2687273,on bike mount,cyclo cross,False,paving stones,good
38b48263-c6bc-40fc-9e01-e07946a4a1d6,a12a0f59-dacb-4b2a-b204-a19b4a111b7d,2bc5e913-b709-42db-92d2-17b988c612d2,1628436765211,13.4815572,52.482438,6.9857845,1.1547718,2.119182,2.7425852,on bike mount,cyclo cross,False,paving stones,good
38b48263-c6bc-40fc-9e01-e07946a4a1d6,a12a0f59-dacb-4b2a-b204-a19b4a111b7d,713182d6-311f-4d5e-a076-d9cb89c140bb,1628436765277,13.4815572,52.482438,6.9857845,4.944048,-5.0984707,-1.6395884,on bike mount,cyclo cross,False,paving stones,good
38b48263-c6bc-40fc-9e01-e07946a4a1d6,a12a0f59-dacb-4b2a-b204-a19b4a111b7d,d99e7ab1-e070-4573-903e-0c01b10af987,1628436765327,13.4815572,52.482438,6.9857845,-2.0835545,6.5713863,-3.7808776,on bike mount,cyclo cross,False,paving stones,good
38b48263-c6bc-40fc-9e01-e07946a4a1d6,a12a0f59-dacb-4b2a-b204-a19b4a111b7d,bbc8bb38-1740-4979-a779-1a6b09db40c0,1628436765377,13.4815572,52.482438,6.9857845,-0.8492922,-2.6809103,-1.1699338,on bike mount,cyclo cross,False,paving stones,good
38b48263-c6bc-40fc-9e01-e07946a4a1d6,a12a0f59-dacb-4b2a-b204-a19b4a111b7d,093d1e51-d58d-4f39-a8de-12ae0d0565be,1628436765428,13.4815572,52.482438,6.9857845,2.5970721,-3.4435117,-2.0799394,on bike mount,cyclo cross,False,paving stones,good
38b48263-c6bc-40fc-9e01-e07946a4a1d6,a12a0f59-dacb-4b2a-b204-a19b4a111b7d,f0876fb0-e2ca-4557-9eb5-e649cfdcd51a,1628436765494,13.4815572,52.482438,6.9857845,-1.2216787,-0.9117477,3.167738,on bike mount,cyclo cross,False,paving stones,good
38b48263-c6bc-40fc-9e01-e07946a4a1d6,a12a0f59-dacb-4b2a-b204-a19b4a111b7d,ed723500-c7ad-41eb-8e2a-b8109ad63fcb,1628436765547,13.481503,52.4824979,7.0048423,0.24239269,4.0188837,-5.998147,on bike mount,cyclo cross,False,paving stones,good
38b48263-c6bc-40fc-9e01-e07946a4a1d6,a12a0f59-dacb-4b2a-b204-a19b4a111b7d,30445656-5bab-4cc3-831a-6374b19aceb7,1628436765611,13.481503,52.4824979,7.0048423,0.5460604,-4.3435693,6.424715,on bike mount,cyclo cross,False,paving stones,good
38b48263-c6bc-40fc-9e01-e07946a4a1d6,a12a0f59-dacb-4b2a-b204-a19b4a111b7d,be395454-0a53-4511-b182-7d521ba59315,1628436765678,13.481503,52.4824979,7.0048423,-0.5863081,0.43254375,-0.38869667,on bike mount,cyclo cross,False,paving stones,good
38b48263-c6bc-40fc-9e01-e07946a4a1d6,a12a0f59-dacb-4b2a-b204-a19b4a111b7d,f3f079ab-d1bc-4da0-8cc6-c49d6a36d649,1628436765729,13.481503,52.4824979,7.0048423,-0.6241239,-4.106585,-4.9884872,on bike mount,cyclo cross,False,paving stones,good
38b48263-c6bc-40fc-9e01-e07946a4a1d6,a12a0f59-dacb-4b2a-b204-a19b4a111b7d,684ba53b-89e5-4dfe-9616-b415de6d83f0,1628436765795,13.481503,52.4824979,7.0048423,-2.0437422,1.8753242,5.029499,on bike mount,cyclo cross,False,paving stones,good
38b48263-c6bc-40fc-9e01-e07946a4a1d6,a12a0f59-dacb-4b2a-b204-a19b4a111b7d,0cf13e41-daf5-4845-ab60-ec927b8f0123,1628436765862,13.481503,52.4824979,7.0048423,0.6752265,-3.0107102,1.614542,on bike mount,cyclo cross,False,paving stones,good
38b48263-c6bc-40fc-9e01-e07946a4a1d6,a12a0f59-dacb-4b2a-b204-a19b4a111b7d,6b3acacb-987a-4043-8abb-07b0d75eccfb,1628436765928,13.481503,52.4824979,7.0048423,0.5305126,4.5192375,1.3572531,on bike mount,cyclo cross,False,paving stones,good
38b48263-c6bc-40fc-9e01-e07946a4a1d6,a12a0f59-dacb-4b2a-b204-a19b4a111b7d,229327ce-e716-494d-8616-0e374d6d5286,1628436765978,13.481503,52.4824979,7.0048423,-0.1679837,-6.6784563,4.413701,on bike mount,cyclo cross,False,paving stones,good
38b48263-c6bc-40fc-9e01-e07946a4a1d6,a12a0f59-dacb-4b2a-b204-a19b4a111b7d,ed6e47b2-5d96-4c9e-9b4b-4d62c0f35450,1628436766028,13.481503,52.4824979,7.0048423,0.8385247,-3.9428873,-6.5494986,on bike mount,cyclo cross,False,paving stones,good
38b48263-c6bc-40fc-9e01-e07946a4a1d6,a12a0f59-dacb-4b2a-b204-a19b4a111b7d,1731692b-4fcf-4096-8fc0-ed0d569da30b,1628436766079,13.481503,52.4824979,7.0048423,-0.28851268,-3.3744054,5.9127197,on bike mount,cyclo cross,False,paving stones,good
38b48263-c6bc-40fc-9e01-e07946a4a1d6,a12a0f59-dacb-4b2a-b204-a19b4a111b7d,c8fc7276-3b09-4389-9db2-3ca35be13946,1628436766145,13.481503,52.4824979,7.0048423,-0.045594394,-1.0081973,-7.7638335,on bike mount,cyclo cross,False,paving stones,good
38b48263-c6bc-40fc-9e01-e07946a4a1d6,a12a0f59-dacb-4b2a-b204-a19b4a111b7d,f0169f5e-4708-478c-a537-fef4b256397d,1628436766212,13.481503,52.4824979,7.0048423,0.096995026,1.8106842,3.5569363,on bike mount,cyclo cross,False,paving stones,good
38b48263-c6bc-40fc-9e01-e07946a4a1d6,a12a0f59-dacb-4b2a-b204-a19b4a111b7d,bda39700-67dd-49d0-be1b-6f39a3c12f3d,1628436766279,13.481503,52.4824979,7.0048423,0.30642307,0.529022,2.694666,on bike mount,cyclo cross,False,paving stones,good
38b48263-c6bc-40fc-9e01-e07946a4a1d6,a12a0f59-dacb-4b2a-b204-a19b4a111b7d,a6f13c6a-3320-4089-94df-90237de1d893,1628436766345,13.481503,52.4824979,7.0048423,1.2630401,-0.36944747,-0.71425533,on bike mount,cyclo cross,False,paving stones,good
38b48263-c6bc-40fc-9e01-e07946a4a1d6,a12a0f59-dacb-4b2a-b204-a19b4a111b7d,098eb66b-678f-49e5-a3fb-90aa3667cae2,1628436766396,13.481503,52.4824979,7.0048423,-0.9935168,3.116416,1.800086,on bike mount,cyclo cross,False,paving stones,good
38b48263-c6bc-40fc-9e01-e07946a4a1d6,a12a0f59-dacb-4b2a-b204-a19b4a111b7d,f14ebac9-7e4c-4f67-8094-e1ea552e84f5,1628436766446,13.481503,52.4824979,7.0048423,1.7822587,1.8934193,-0.54672337,on bike mount,cyclo cross,False,paving stones,good
38b48263-c6bc-40fc-9e01-e07946a4a1d6,a12a0f59-dacb-4b2a-b204-a19b4a111b7d,69dbaf43-c9bf-4bf4-86e4-e22b7ab82500,1628436766513,13.481503,52.4824979,7.0048423,0.91726816,-1.4240252,4.632491,on bike mount,cyclo cross,False,paving stones,good
38b48263-c6bc-40fc-9e01-e07946a4a1d6,a12a0f59-dacb-4b2a-b204-a19b4a111b7d,f4edbf9e-6544-4c18-a823-0b2b9fd6d5e2,1628436766579,13.4814493,52.4825604,7.0534663,-0.40517074,3.697712,-1.6497383,on bike mount,cyclo cross,False,paving stones,good
38b48263-c6bc-40fc-9e01-e07946a4a1d6,a12a0f59-dacb-4b2a-b204-a19b4a111b7d,540a6524-ade3-4668-938d-fc08db19275a,1628436766646,13.4814493,52.4825604,7.0534663,-1.0394685,0.91732144,1.770483,on bike mount,cyclo cross,False,paving stones,good
38b48263-c6bc-40fc-9e01-e07946a4a1d6,a12a0f59-dacb-4b2a-b204-a19b4a111b7d,efd801de-06e9-425e-aabb-a2a4faffc851,1628436766713,13.4814493,52.4825604,7.0534663,-1.5094584,0.19881344,4.988779,on bike mount,cyclo cross,False,paving stones,good
38b48263-c6bc-40fc-9e01-e07946a4a1d6,a12a0f59-dacb-4b2a-b204-a19b4a111b7d,9c656b5c-7d26-41a8-ad09-9b2819828f72,1628436766763,13.4814493,52.4825604,7.0534663,0.41919187,-0.02311635,-5.5465546,on bike mount,cyclo cross,False,paving stones,good
38b48263-c6bc-40fc-9e01-e07946a4a1d6,a12a0f59-dacb-4b2a-b204-a19b4a111b7d,550e141d-48de-4969-922a-0c9b7cd14efb,1628436766813,13.4814493,52.4825604,7.0534663,1.8782597,-0.2752905,-1.87433,on bike mount,cyclo cross,False,paving stones,good
38b48263-c6bc-40fc-9e01-e07946a4a1d6,a12a0f59-dacb-4b2a-b204-a19b4a111b7d,fda64330-eadf-4f25-a814-840a9328788c,1628436766880,13.4814493,52.4825604,7.0534663,-0.18928587,2.7706685,-0.06710625,on bike mount,cyclo cross,False,paving stones,good
38b48263-c6bc-40fc-9e01-e07946a4a1d6,a12a0f59-dacb-4b2a-b204-a19b4a111b7d,94e09d9b-e852-471c-a271-9a22da4820b9,1628436766930,13.4814493,52.4825604,7.0534663,1.0409461,-2.355835,-8.102772,on bike mount,cyclo cross,False,paving stones,good
38b48263-c6bc-40fc-9e01-e07946a4a1d6,a12a0f59-dacb-4b2a-b204-a19b4a111b7d,a872a5a9-1411-42b8-903c-70dcb7f982dc,1628436766997,13.4814493,52.4825604,7.0534663,-3.5107799,0.5718038,2.56326,on bike mount,cyclo cross,False,paving stones,good
38b48263-c6bc-40fc-9e01-e07946a4a1d6,a12a0f59-dacb-4b2a-b204-a19b4a111b7d,7a9052e9-9298-4692-b1ce-3954140c0728,1628436767047,13.4814493,52.4825604,7.0534663,-5.5754595,-3.242665,-1.2774878,on bike mount,cyclo cross,False,paving stones,good
38b48263-c6bc-40fc-9e01-e07946a4a1d6,a12a0f59-dacb-4b2a-b204-a19b4a111b7d,93463c0b-9cab-4dc7-aa5e-efd6822f4c97,1628436767097,13.4814493,52.4825604,7.0534663,0.50826377,-5.317683,1.0213289,on bike mount,cyclo cross,False,paving stones,good
38b48263-c6bc-40fc-9e01-e07946a4a1d6,a12a0f59-dacb-4b2a-b204-a19b4a111b7d,6695a96f-94fc-4d30-830d-4e3b6fabb728,1628436767147,13.4814493,52.4825604,7.0534663,1.157228,1.0348895,1.9560013,on bike mount,cyclo cross,False,paving stones,good
38b48263-c6bc-40fc-9e01-e07946a4a1d6,a12a0f59-dacb-4b2a-b204-a19b4a111b7d,8a69f8fd-3a95-4065-881d-89476d94dd4a,1628436767213,13.4814493,52.4825604,7.0534663,-1.3111379,1.7391453,0.64990807,on bike mount,cyclo cross,False,paving stones,good
38b48263-c6bc-40fc-9e01-e07946a4a1d6,a12a0f59-dacb-4b2a-b204-a19b4a111b7d,995dbe0d-f336-4d2c-86ac-755423cf018b,1628436767264,13.4814493,52.4825604,7.0534663,3.0393982,2.4368763,-10.734764,on bike mount,cyclo cross,False,paving stones,good
38b48263-c6bc-40fc-9e01-e07946a4a1d6,a12a0f59-dacb-4b2a-b204-a19b4a111b7d,d40b4e9f-16b3-468b-b032-fdc268aa5f78,1628436767314,13.4814493,52.4825604,7.0534663,-0.8127147,-2.2528791,3.2313204,on bike mount,cyclo cross,False,paving stones,good
38b48263-c6bc-40fc-9e01-e07946a4a1d6,a12a0f59-dacb-4b2a-b204-a19b4a111b7d,68ed6e04-3be1-461e-921c-77e561a4b62e,1628436767364,13.4814493,52.4825604,7.0534663,-1.4235493,-6.1767917,3.0534868,on bike mount,cyclo cross,False,paving stones,good
38b48263-c6bc-40fc-9e01-e07946a4a1d6,a12a0f59-dacb-4b2a-b204-a19b4a111b7d,c6e5ae20-7f6b-4078-8ed9-328b3c6822a5,1628436767414,13.4814493,52.4825604,7.0534663,1.977886,-2.7344828,1.400794,on bike mount,cyclo cross,False,paving stones,good
38b48263-c6bc-40fc-9e01-e07946a4a1d6,a12a0f59-dacb-4b2a-b204-a19b4a111b7d,257a7a65-ba30-4d52-8eaf-d6e4ca23d12a,1628436767481,13.4814493,52.4825604,7.0534663,-0.6612938,-2.7987223,3.0088692,on bike mount,cyclo cross,False,paving stones,good
38b48263-c6bc-40fc-9e01-e07946a4a1d6,a12a0f59-dacb-4b2a-b204-a19b4a111b7d,c67270b4-d729-4714-90f2-a5aa68fa1456,1628436767531,13.4814493,52.4825604,7.0534663,0.18518652,2.6066074,2.346017,on bike mount,cyclo cross,False,paving stones,good
38b48263-c6bc-40fc-9e01-e07946a4a1d6,a12a0f59-dacb-4b2a-b204-a19b4a111b7d,6301a0f5-a136-4e90-9d27-c299c00bb454,1628436767597,13.4813956,52.4826231,7.103566,1.6328962,1.1747236,-3.4551187,on bike mount,cyclo cross,False,paving stones,good
38b48263-c6bc-40fc-9e01-e07946a4a1d6,a12a0f59-dacb-4b2a-b204-a19b4a111b7d,0b661a24-ec00-462f-b3c5-d3d3ea2d5552,1628436767664,13.4813956,52.4826231,7.103566,-2.2957215,-4.382845,1.4922457,on bike mount,cyclo cross,False,paving stones,good
38b48263-c6bc-40fc-9e01-e07946a4a1d6,a12a0f59-dacb-4b2a-b204-a19b4a111b7d,4b751c64-ce68-461f-8b59-c3604efbaa7a,1628436767731,13.4813956,52.4826231,7.103566,0.32028446,-6.590364,-0.81733894,on bike mount,cyclo cross,False,paving stones,good
38b48263-c6bc-40fc-9e01-e07946a4a1d6,a12a0f59-dacb-4b2a-b204-a19b4a111b7d,ac4a6aa3-5d8f-4f9f-8941-90cd8d885d8c,1628436767798,13.4813956,52.4826231,7.103566,-1.3451605,-1.9044306,-7.6092763,on bike mount,cyclo cross,False,paving stones,good
38b48263-c6bc-40fc-9e01-e07946a4a1d6,a12a0f59-dacb-4b2a-b204-a19b4a111b7d,34c0840f-e1b6-4009-9373-080797a6ceac,1628436767865,13.4813956,52.4826231,7.103566,-3.2121015,-1.3231575,1.1413593,on bike mount,cyclo cross,False,paving stones,good
38b48263-c6bc-40fc-9e01-e07946a4a1d6,a12a0f59-dacb-4b2a-b204-a19b4a111b7d,24cd074a-d14a-4ff0-81eb-93c1ac287b6e,1628436767915,13.4813956,52.4826231,7.103566,0.7743889,4.715065,-0.27364445,on bike mount,cyclo cross,False,paving stones,good
38b48263-c6bc-40fc-9e01-e07946a4a1d6,a12a0f59-dacb-4b2a-b204-a19b4a111b7d,84fc1280-438d-436d-85ac-41b9197862e4,1628436767981,13.4813956,52.4826231,7.103566,-0.36682785,-2.9298012,4.2394733,on bike mount,cyclo cross,False,paving stones,good
38b48263-c6bc-40fc-9e01-e07946a4a1d6,a12a0f59-dacb-4b2a-b204-a19b4a111b7d,d33076d4-75ef-415f-8a49-3c65e2c2ba0b,1628436768032,13.4813956,52.4826231,7.103566,2.4284377,1.7093701,4.755039,on bike mount,cyclo cross,False,paving stones,good
38b48263-c6bc-40fc-9e01-e07946a4a1d6,a12a0f59-dacb-4b2a-b204-a19b4a111b7d,ac4e29f9-fc2a-4201-b79f-f1bd964b358a,1628436768081,13.4813956,52.4826231,7.103566,-1.2816774,1.3181438,-9.222454,on bike mount,cyclo cross,False,paving stones,good
38b48263-c6bc-40fc-9e01-e07946a4a1d6,a12a0f59-dacb-4b2a-b204-a19b4a111b7d,6268b24e-6407-48b3-bd5b-8931732fd2b5,1628436768132,13.4813956,52.4826231,7.103566,-0.7764661,-0.20752883,-2.3899388,on bike mount,cyclo cross,False,paving stones,good
38b48263-c6bc-40fc-9e01-e07946a4a1d6,a12a0f59-dacb-4b2a-b204-a19b4a111b7d,b9bb2dec-9de1-440b-ada2-590226a7153a,1628436768198,13.4813956,52.4826231,7.103566,0.6848488,0.23375487,-1.0824847,on bike mount,cyclo cross,False,paving stones,good
38b48263-c6bc-40fc-9e01-e07946a4a1d6,a12a0f59-dacb-4b2a-b204-a19b4a111b7d,1d6de096-dcbe-4852-b94e-bcc1cc2bcae2,1628436768248,13.4813956,52.4826231,7.103566,-0.66769856,-4.0282254,-0.3230729,on bike mount,cyclo cross,False,paving stones,good
38b48263-c6bc-40fc-9e01-e07946a4a1d6,a12a0f59-dacb-4b2a-b204-a19b4a111b7d,fba65347-8c34-4067-965a-ded09494e3f6,1628436768298,13.4813956,52.4826231,7.103566,1.1943583,0.12088704,2.7872162,on bike mount,cyclo cross,False,paving stones,good
38b48263-c6bc-40fc-9e01-e07946a4a1d6,a12a0f59-dacb-4b2a-b204-a19b4a111b7d,76a44b91-6269-4234-b8d2-97339c0c5c9d,1628436768349,13.4813956,52.4826231,7.103566,-0.09882945,5.8874836,2.2405958,on bike mount,cyclo cross,False,paving stones,good
38b48263-c6bc-40fc-9e01-e07946a4a1d6,a12a0f59-dacb-4b2a-b204-a19b4a111b7d,6a2f1361-45ec-491a-a86d-56b9b7436316,1628436768399,13.4813956,52.4826231,7.103566,-0.16810724,-3.271359,-2.2964067,on bike mount,cyclo cross,False,paving stones,good
38b48263-c6bc-40fc-9e01-e07946a4a1d6,a12a0f59-dacb-4b2a-b204-a19b4a111b7d,7e4f0522-be36-4fcd-b94f-c42a377aafc2,1628436768465,13.4813956,52.4826231,7.103566,-0.23407656,0.123590946,5.2619333,on bike mount,cyclo cross,False,paving stones,good
38b48263-c6bc-40fc-9e01-e07946a4a1d6,a12a0f59-dacb-4b2a-b204-a19b4a111b7d,47df930b-41ef-4053-895d-bf5e0f29ea9d,1628436768516,13.4813956,52.4826231,7.103566,0.17034851,0.05217552,6.7892647,on bike mount,cyclo cross,False,paving stones,good
38b48263-c6bc-40fc-9e01-e07946a4a1d6,a12a0f59-dacb-4b2a-b204-a19b4a111b7d,718ce859-5691-4a2b-91f8-6b47d3fded68,1628436768565,13.4813423,52.4826833,7.1385217,0.24837126,2.4850574,-2.6427565,on bike mount,cyclo cross,False,paving stones,good
38b48263-c6bc-40fc-9e01-e07946a4a1d6,a12a0f59-dacb-4b2a-b204-a19b4a111b7d,96382b09-fb8e-4107-a094-66b2db3e1187,1628436768632,13.4813423,52.4826833,7.1385217,-0.28099257,0.16322637,-3.741397,on bike mount,cyclo cross,False,paving stones,good
38b48263-c6bc-40fc-9e01-e07946a4a1d6,a12a0f59-dacb-4b2a-b204-a19b4a111b7d,f060612a-c55c-4d16-9845-dd343b1b95cc,1628436768682,13.4813423,52.4826833,7.1385217,1.2622957,4.284831,3.2457676,on bike mount,cyclo cross,False,paving stones,good
38b48263-c6bc-40fc-9e01-e07946a4a1d6,a12a0f59-dacb-4b2a-b204-a19b4a111b7d,f68e4c6a-d832-4c38-9419-4992a1ca521b,1628436768733,13.4813423,52.4826833,7.1385217,0.41131282,-3.0435479,5.0370064,on bike mount,cyclo cross,False,paving stones,good
38b48263-c6bc-40fc-9e01-e07946a4a1d6,a12a0f59-dacb-4b2a-b204-a19b4a111b7d,ac5709af-865b-4124-afb4-d994dc96e0cb,1628436768783,13.4813423,52.4826833,7.1385217,-1.0021489,-1.3209342,-3.1769133,on bike mount,cyclo cross,False,paving stones,good
38b48263-c6bc-40fc-9e01-e07946a4a1d6,a12a0f59-dacb-4b2a-b204-a19b4a111b7d,66a0c398-1c40-4bfc-a308-f523a372a8f3,1628436768833,13.4813423,52.4826833,7.1385217,-0.017098248,4.9985905,5.4891014,on bike mount,cyclo cross,False,paving stones,good
38b48263-c6bc-40fc-9e01-e07946a4a1d6,a12a0f59-dacb-4b2a-b204-a19b4a111b7d,9afc6b62-2b9b-416b-9e0d-cf77b7b69081,1628436768883,13.4813423,52.4826833,7.1385217,0.07690056,5.1546283,-0.4290142,on bike mount,cyclo cross,False,paving stones,good
38b48263-c6bc-40fc-9e01-e07946a4a1d6,a12a0f59-dacb-4b2a-b204-a19b4a111b7d,1715b7f9-b6e4-4ce2-b992-6ad885313c8b,1628436768949,13.4813423,52.4826833,7.1385217,0.2672109,-0.33406568,-2.7796397,on bike mount,cyclo cross,False,paving stones,good
38b48263-c6bc-40fc-9e01-e07946a4a1d6,a12a0f59-dacb-4b2a-b204-a19b4a111b7d,71e8d660-9578-4416-b6d8-f15c9668fc3c,1628436768999,13.4813423,52.4826833,7.1385217,-0.6572292,-4.7237744,0.80873775,on bike mount,cyclo cross,False,paving stones,good
38b48263-c6bc-40fc-9e01-e07946a4a1d6,a12a0f59-dacb-4b2a-b204-a19b4a111b7d,c700fb35-bc1c-4fe1-b382-7515714bfbce,1628436769066,13.4813423,52.4826833,7.1385217,2.2379067,-12.815415,6.220334,on bike mount,cyclo cross,False,paving stones,good
38b48263-c6bc-40fc-9e01-e07946a4a1d6,a12a0f59-dacb-4b2a-b204-a19b4a111b7d,de00b828-c4da-4e84-8f3d-232553c949dc,1628436769116,13.4813423,52.4826833,7.1385217,1.1372111,4.8289075,-10.2691345,on bike mount,cyclo cross,False,paving stones,good
38b48263-c6bc-40fc-9e01-e07946a4a1d6,a12a0f59-dacb-4b2a-b204-a19b4a111b7d,98d91df8-e046-494f-b358-1669b4eab01e,1628436769166,13.4813423,52.4826833,7.1385217,-0.14981526,-2.4738061,6.677292,on bike mount,cyclo cross,False,paving stones,good
38b48263-c6bc-40fc-9e01-e07946a4a1d6,a12a0f59-dacb-4b2a-b204-a19b4a111b7d,667506a7-f33f-4ba4-83a7-0f81fb0e7789,1628436769216,13.4813423,52.4826833,7.1385217,-1.7034974,4.2990313,-2.984198,on bike mount,cyclo cross,False,paving stones,good
38b48263-c6bc-40fc-9e01-e07946a4a1d6,a12a0f59-dacb-4b2a-b204-a19b4a111b7d,3cc8c681-48bf-4c3d-919f-1e7543796d25,1628436769267,13.4813423,52.4826833,7.1385217,-0.16773376,-2.3120193,0.387537,on bike mount,cyclo cross,False,paving stones,good
38b48263-c6bc-40fc-9e01-e07946a4a1d6,a12a0f59-dacb-4b2a-b204-a19b4a111b7d,fe2440c5-734b-4c1d-bb2d-7ebee7daecf5,1628436769317,13.4813423,52.4826833,7.1385217,-1.6028473,0.74868584,1.5637121,on bike mount,cyclo cross,False,paving stones,good
38b48263-c6bc-40fc-9e01-e07946a4a1d6,a12a0f59-dacb-4b2a-b204-a19b4a111b7d,e29ed516-e5c7-437f-963c-becdbc8fab0e,1628436769367,13.4813423,52.4826833,7.1385217,0.37501132,-3.6426349,3.7320375,on bike mount,cyclo cross,False,paving stones,good
38b48263-c6bc-40fc-9e01-e07946a4a1d6,a12a0f59-dacb-4b2a-b204-a19b4a111b7d,1d5fe53c-ac4e-4018-86a6-f7ff9c3d17ff,1628436769434,13.4813423,52.4826833,7.1385217,-0.056925863,-2.1587481,-1.1990719,on bike mount,cyclo cross,False,paving stones,good
38b48263-c6bc-40fc-9e01-e07946a4a1d6,a12a0f59-dacb-4b2a-b204-a19b4a111b7d,a40dc438-6a4d-488e-9af3-3fcfa166a4e2,1628436769484,13.4813423,52.4826833,7.1385217,-1.0563909,-0.7831228,3.3190079,on bike mount,cyclo cross,False,paving stones,good
38b48263-c6bc-40fc-9e01-e07946a4a1d6,a12a0f59-dacb-4b2a-b204-a19b4a111b7d,33011423-fa5e-404f-9009-69309b54348b,1628436769550,13.4813423,52.4826833,7.1385217,1.8438628,0.11231208,0.3544979,on bike mount,cyclo cross,False,paving stones,good
38b48263-c6bc-40fc-9e01-e07946a4a1d6,a12a0f59-dacb-4b2a-b204-a19b4a111b7d,dc717e79-b15f-4d23-9a86-9aaa3f8828ed,1628436769600,13.4812895,52.4827451,7.2466664,1.0522426,2.7891643,1.8374901,on bike mount,cyclo cross,False,paving stones,good
38b48263-c6bc-40fc-9e01-e07946a4a1d6,a12a0f59-dacb-4b2a-b204-a19b4a111b7d,b04194a5-c04d-4170-a993-1c7f67bc731a,1628436769667,13.4812895,52.4827451,7.2466664,-3.457009,2.9101806,-8.97821,on bike mount,cyclo cross,False,paving stones,good
38b48263-c6bc-40fc-9e01-e07946a4a1d6,a12a0f59-dacb-4b2a-b204-a19b4a111b7d,22ddc81c-6c5f-4906-b6af-6b24501baf75,1628436769717,13.4812895,52.4827451,7.2466664,-3.5870419,-3.4506288,5.5230465,on bike mount,cyclo cross,False,paving stones,good
38b48263-c6bc-40fc-9e01-e07946a4a1d6,a12a0f59-dacb-4b2a-b204-a19b4a111b7d,7e09443e-811d-41b4-9467-c5ea3577c38e,1628436769768,13.4812895,52.4827451,7.2466664,2.295289,-3.1925836,-1.2156944,on bike mount,cyclo cross,False,paving stones,good
38b48263-c6bc-40fc-9e01-e07946a4a1d6,a12a0f59-dacb-4b2a-b204-a19b4a111b7d,5f1ae3e3-6456-4428-b6c8-b9c4975edd4c,1628436769834,13.4812895,52.4827451,7.2466664,-0.090899676,0.094367266,2.4406185,on bike mount,cyclo cross,False,paving stones,good
38b48263-c6bc-40fc-9e01-e07946a4a1d6,a12a0f59-dacb-4b2a-b204-a19b4a111b7d,9b3267e6-c31c-41d6-b855-e087e22355b4,1628436769901,13.4812895,52.4827451,7.2466664,0.2540658,2.5504346,-6.552517,on bike mount,cyclo cross,False,paving stones,good
38b48263-c6bc-40fc-9e01-e07946a4a1d6,a12a0f59-dacb-4b2a-b204-a19b4a111b7d,e751366a-359f-444d-af36-42104e376705,1628436769968,13.4812895,52.4827451,7.2466664,-2.7095451,0.8087983,5.413457,on bike mount,cyclo cross,False,paving stones,good
38b48263-c6bc-40fc-9e01-e07946a4a1d6,a12a0f59-dacb-4b2a-b204-a19b4a111b7d,4c563d78-afec-4aa4-8487-800f351bc071,1628436770035,13.4812895,52.4827451,7.2466664,2.5545616,1.6627411,-0.9327688,on bike mount,cyclo cross,False,paving stones,good
38b48263-c6bc-40fc-9e01-e07946a4a1d6,a12a0f59-dacb-4b2a-b204-a19b4a111b7d,6d57f14b-990e-442e-a9cf-9347332e00e9,1628436770101,13.4812895,52.4827451,7.2466664,-2.2822886,-1.3330466,2.1449242,on bike mount,cyclo cross,False,paving stones,good
38b48263-c6bc-40fc-9e01-e07946a4a1d6,a12a0f59-dacb-4b2a-b204-a19b4a111b7d,ddac20ef-1b77-4f9a-ada1-2eedd7b5606c,1628436770151,13.4812895,52.4827451,7.2466664,-5.7912455,2.9562316,-3.1811085,on bike mount,cyclo cross,False,paving stones,good
38b48263-c6bc-40fc-9e01-e07946a4a1d6,a12a0f59-dacb-4b2a-b204-a19b4a111b7d,3f70e0c8-89d5-4895-96c0-f86af8c1daa2,1628436770201,13.4812895,52.4827451,7.2466664,-1.4439689,0.7723763,0.06607914,on bike mount,cyclo cross,False,paving stones,good
38b48263-c6bc-40fc-9e01-e07946a4a1d6,a12a0f59-dacb-4b2a-b204-a19b4a111b7d,72d9b7c9-e676-4648-8869-cd19f501fc4b,1628436770251,13.4812895,52.4827451,7.2466664,1.7330933,1.1592093,0.7942934,on bike mount,cyclo cross,False,paving stones,good
38b48263-c6bc-40fc-9e01-e07946a4a1d6,a12a0f59-dacb-4b2a-b204-a19b4a111b7d,3495c3b0-f272-4886-be4a-bed2d6e3fb97,1628436770302,13.4812895,52.4827451,7.2466664,-0.93484193,1.088769,-2.2801213,on bike mount,cyclo cross,False,paving stones,good
38b48263-c6bc-40fc-9e01-e07946a4a1d6,a12a0f59-dacb-4b2a-b204-a19b4a111b7d,e11fab37-a3f9-49fb-9831-9071d5897800,1628436770352,13.4812895,52.4827451,7.2466664,0.4082167,-3.1335013,-2.241959,on bike mount,cyclo cross,False,paving stones,good
38b48263-c6bc-40fc-9e01-e07946a4a1d6,a12a0f59-dacb-4b2a-b204-a19b4a111b7d,5b287f35-196a-4434-8392-7fbb28369cd4,1628436770419,13.4812895,52.4827451,7.2466664,-0.45063606,-1.4275162,2.4828615,on bike mount,cyclo cross,False,paving stones,good
38b48263-c6bc-40fc-9e01-e07946a4a1d6,a12a0f59-dacb-4b2a-b204-a19b4a111b7d,f8e342b5-78d7-4e8f-af92-ebfd756599d7,1628436770485,13.4812895,52.4827451,7.2466664,2.0334156,6.3720903,-7.577197,on bike mount,cyclo cross,False,paving stones,good
38b48263-c6bc-40fc-9e01-e07946a4a1d6,a12a0f59-dacb-4b2a-b204-a19b4a111b7d,7764d74f-5d50-47f4-850c-46b8791cc33e,1628436770536,13.4812895,52.4827451,7.2466664,1.6760659,1.7808595,0.39422607,on bike mount,cyclo cross,False,paving stones,good
38b48263-c6bc-40fc-9e01-e07946a4a1d6,a12a0f59-dacb-4b2a-b204-a19b4a111b7d,c60584b1-f695-43cb-b3cd-6cd1c57bf216,1628436770602,13.4812402,52.4828001,7.2690873,0.96212876,3.3438754,-3.643588,on bike mount,cyclo cross,False,paving stones,good
38b48263-c6bc-40fc-9e01-e07946a4a1d6,a12a0f59-dacb-4b2a-b204-a19b4a111b7d,b21c8717-c586-4ebe-9588-8476baed4c3b,1628436770669,13.4812402,52.4828001,7.2690873,0.721296,-0.6445643,-6.0348763,on bike mount,cyclo cross,False,paving stones,good
38b48263-c6bc-40fc-9e01-e07946a4a1d6,a12a0f59-dacb-4b2a-b204-a19b4a111b7d,09342401-0a1c-48fe-8e1a-975efb468a7c,1628436770736,13.4812402,52.4828001,7.2690873,1.6314954,-1.6296374,4.7675343,on bike mount,cyclo cross,False,paving stones,good
38b48263-c6bc-40fc-9e01-e07946a4a1d6,a12a0f59-dacb-4b2a-b204-a19b4a111b7d,a8b760a1-e30d-48ad-8cfc-c417f800e105,1628436770802,13.4812402,52.4828001,7.2690873,-0.51043046,-4.92743,1.8988428,on bike mount,cyclo cross,False,paving stones,good
38b48263-c6bc-40fc-9e01-e07946a4a1d6,a12a0f59-dacb-4b2a-b204-a19b4a111b7d,758cc928-ebaf-4d8d-861c-8a23a3757543,1628436770852,13.4812402,52.4828001,7.2690873,0.053978026,-3.8424873,-6.824312,on bike mount,cyclo cross,False,paving stones,good
38b48263-c6bc-40fc-9e01-e07946a4a1d6,a12a0f59-dacb-4b2a-b204-a19b4a111b7d,5c7540b3-da9c-4d00-b524-b30271f6b653,1628436770902,13.4812402,52.4828001,7.2690873,0.9484211,13.020672,-5.9648447,on bike mount,cyclo cross,False,paving stones,good
38b48263-c6bc-40fc-9e01-e07946a4a1d6,a12a0f59-dacb-4b2a-b204-a19b4a111b7d,dc458286-9d58-41c9-bcaf-649a0930a096,1628436770952,13.4812402,52.4828001,7.2690873,3.0274417,-5.9240036,7.8826694,on bike mount,cyclo cross,False,paving stones,good
38b48263-c6bc-40fc-9e01-e07946a4a1d6,a12a0f59-dacb-4b2a-b204-a19b4a111b7d,5c0840a3-2e9a-4e29-b4a4-9c81ad57abe5,1628436771003,13.4812402,52.4828001,7.2690873,-2.0282197,-2.6174295,0.08128166,on bike mount,cyclo cross,False,paving stones,good
38b48263-c6bc-40fc-9e01-e07946a4a1d6,a12a0f59-dacb-4b2a-b204-a19b4a111b7d,7edc824d-299b-4dcb-a980-301a374aa94e,1628436771053,13.4812402,52.4828001,7.2690873,1.0428827,0.14914703,3.6297083,on bike mount,cyclo cross,False,paving stones,good
38b48263-c6bc-40fc-9e01-e07946a4a1d6,a12a0f59-dacb-4b2a-b204-a19b4a111b7d,851717cc-141e-44bf-afa0-6674dca262bd,1628436771119,13.4812402,52.4828001,7.2690873,2.9660072,7.7868643,-12.8840885,on bike mount,cyclo cross,False,paving stones,good
38b48263-c6bc-40fc-9e01-e07946a4a1d6,a12a0f59-dacb-4b2a-b204-a19b4a111b7d,102d3748-86ac-4c66-a7b0-e6ccc4051b89,1628436771170,13.4812402,52.4828001,7.2690873,1.8797379,10.429637,-2.5635428,on bike mount,cyclo cross,False,paving stones,good
38b48263-c6bc-40fc-9e01-e07946a4a1d6,a12a0f59-dacb-4b2a-b204-a19b4a111b7d,e2e422db-ce2e-432c-87cf-3ce2920fd079,1628436771219,13.4812402,52.4828001,7.2690873,-1.2874231,-5.156846,-1.5750718,on bike mount,cyclo cross,False,paving stones,good
38b48263-c6bc-40fc-9e01-e07946a4a1d6,a12a0f59-dacb-4b2a-b204-a19b4a111b7d,c65eff89-3350-46c7-8a81-b95770bbb8b7,1628436771270,13.4812402,52.4828001,7.2690873,1.1840918,4.5761566,-4.103647,on bike mount,cyclo cross,False,paving stones,good
38b48263-c6bc-40fc-9e01-e07946a4a1d6,a12a0f59-dacb-4b2a-b204-a19b4a111b7d,930733c8-59b3-425e-b63a-c01b1a15e9c8,1628436771336,13.4812402,52.4828001,7.2690873,3.0308244,-5.843843,4.4860544,on bike mount,cyclo cross,False,paving stones,good
38b48263-c6bc-40fc-9e01-e07946a4a1d6,a12a0f59-dacb-4b2a-b204-a19b4a111b7d,2af79414-c786-4663-9433-7e3f1147d41c,1628436771387,13.4812402,52.4828001,7.2690873,-0.37124926,12.444281,-9.881076,on bike mount,cyclo cross,False,paving stones,good
38b48263-c6bc-40fc-9e01-e07946a4a1d6,a12a0f59-dacb-4b2a-b204-a19b4a111b7d,0c8c99df-f7dc-4c09-a356-47b7804778d6,1628436771437,13.4812402,52.4828001,7.2690873,-1.5377369,-0.995697,5.142165,on bike mount,cyclo cross,False,paving stones,good
38b48263-c6bc-40fc-9e01-e07946a4a1d6,a12a0f59-dacb-4b2a-b204-a19b4a111b7d,5f2badb3-cdcf-422c-b770-a4244cdf9612,1628436771487,13.4812402,52.4828001,7.2690873,1.9270133,-4.29062,4.512309,on bike mount,cyclo cross,False,paving stones,good
38b48263-c6bc-40fc-9e01-e07946a4a1d6,a12a0f59-dacb-4b2a-b204-a19b4a111b7d,17752fc0-3339-4984-955b-5796301f5511,1628436771553,13.4811866,52.4828561,7.5645323,1.7728784,-3.6850677,-5.5828476,on bike mount,cyclo cross,False,paving stones,good
38b48263-c6bc-40fc-9e01-e07946a4a1d6,a12a0f59-dacb-4b2a-b204-a19b4a111b7d,812764e6-bfc4-4fec-9d58-74c9a4c4debc,1628436771603,13.4811866,52.4828561,7.5645323,-2.417845,-3.420637,-6.2453146,on bike mount,cyclo cross,False,paving stones,good
38b48263-c6bc-40fc-9e01-e07946a4a1d6,a12a0f59-dacb-4b2a-b204-a19b4a111b7d,a152f49a-d772-47bc-8039-f85ae5267505,1628436771653,13.4811866,52.4828561,7.5645323,-0.60642165,-0.569065,3.757285,on bike mount,cyclo cross,False,paving stones,good
38b48263-c6bc-40fc-9e01-e07946a4a1d6,a12a0f59-dacb-4b2a-b204-a19b4a111b7d,bb44f828-fdb1-4d31-8c4f-e017beb61cc7,1628436771704,13.4811866,52.4828561,7.5645323,0.36735207,-1.1127403,0.5425062,on bike mount,cyclo cross,False,paving stones,good
38b48263-c6bc-40fc-9e01-e07946a4a1d6,a12a0f59-dacb-4b2a-b204-a19b4a111b7d,b0a729be-0064-48e8-b911-1be70c7a0007,1628436771771,13.4811866,52.4828561,7.5645323,-0.9124024,-0.0009100437,1.3043976,on bike mount,cyclo cross,False,paving stones,good
38b48263-c6bc-40fc-9e01-e07946a4a1d6,a12a0f59-dacb-4b2a-b204-a19b4a111b7d,054f85d1-2046-4280-ba74-b6d1359f1752,1628436771837,13.4811866,52.4828561,7.5645323,2.2307994,0.5356538,0.94853973,on bike mount,cyclo cross,False,paving stones,good
38b48263-c6bc-40fc-9e01-e07946a4a1d6,a12a0f59-dacb-4b2a-b204-a19b4a111b7d,9a8b953a-1017-44fe-9286-0778a977fcab,1628436771887,13.4811866,52.4828561,7.5645323,-0.59028345,-0.14404774,5.014017,on bike mount,cyclo cross,False,paving stones,good
38b48263-c6bc-40fc-9e01-e07946a4a1d6,a12a0f59-dacb-4b2a-b204-a19b4a111b7d,a662229e-41b6-42de-bb96-c5f4f36a8c27,1628436771937,13.4811866,52.4828561,7.5645323,-0.6145608,-1.576507,-1.8099031,on bike mount,cyclo cross,False,paving stones,good
38b48263-c6bc-40fc-9e01-e07946a4a1d6,a12a0f59-dacb-4b2a-b204-a19b4a111b7d,c98e9236-c1d5-456f-a397-fa705f2eb56b,1628436771987,13.4811866,52.4828561,7.5645323,1.6895435,-0.24047899,-0.58721924,on bike mount,cyclo cross,False,paving stones,good
38b48263-c6bc-40fc-9e01-e07946a4a1d6,a12a0f59-dacb-4b2a-b204-a19b4a111b7d,65d06652-ade3-4281-a0b6-cc6b6951c4d1,1628436772037,13.4811866,52.4828561,7.5645323,-0.70958656,-0.4748999,0.55602264,on bike mount,cyclo cross,False,paving stones,good
38b48263-c6bc-40fc-9e01-e07946a4a1d6,a12a0f59-dacb-4b2a-b204-a19b4a111b7d,e75eafdc-5f0c-48fd-88b8-6abb0dca1874,1628436772087,13.4811866,52.4828561,7.5645323,0.17330453,-3.6958766,2.8318787,on bike mount,cyclo cross,False,paving stones,good
38b48263-c6bc-40fc-9e01-e07946a4a1d6,a12a0f59-dacb-4b2a-b204-a19b4a111b7d,52d34f29-3cf7-426b-8937-83cedc890329,1628436772138,13.4811866,52.4828561,7.5645323,-0.18225425,2.3355856,1.6510162,on bike mount,cyclo cross,False,paving stones,good
38b48263-c6bc-40fc-9e01-e07946a4a1d6,a12a0f59-dacb-4b2a-b204-a19b4a111b7d,e271c7fd-c5d4-4428-8d7d-84bae040f04e,1628436772188,13.4811866,52.4828561,7.5645323,-0.2068127,4.048562,-1.3103685,on bike mount,cyclo cross,False,paving stones,good
38b48263-c6bc-40fc-9e01-e07946a4a1d6,a12a0f59-dacb-4b2a-b204-a19b4a111b7d,79468d99-a4ba-4906-b74e-a0387e2eb939,1628436772238,13.4811866,52.4828561,7.5645323,0.5935704,-5.0133295,-1.4082899,on bike mount,cyclo cross,False,paving stones,good
38b48263-c6bc-40fc-9e01-e07946a4a1d6,a12a0f59-dacb-4b2a-b204-a19b4a111b7d,3f866ac6-a708-4f01-a7af-13bb37dfb395,1628436772305,13.4811866,52.4828561,7.5645323,-3.3475885,4.023036,4.318198,on bike mount,cyclo cross,False,paving stones,good
38b48263-c6bc-40fc-9e01-e07946a4a1d6,a12a0f59-dacb-4b2a-b204-a19b4a111b7d,cb5f9c9d-678e-4b2d-a8c8-6d85b1bd7ba0,1628436772355,13.4811866,52.4828561,7.5645323,-0.74865735,-0.9320619,-0.014463425,on bike mount,cyclo cross,False,paving stones,good
38b48263-c6bc-40fc-9e01-e07946a4a1d6,a12a0f59-dacb-4b2a-b204-a19b4a111b7d,5abc21eb-2fcc-484d-b120-e25a7e13af4b,1628436772421,13.4811866,52.4828561,7.5645323,-2.010252,-2.0020683,2.064497,on bike mount,cyclo cross,False,paving stones,good
38b48263-c6bc-40fc-9e01-e07946a4a1d6,a12a0f59-dacb-4b2a-b204-a19b4a111b7d,e1d710f6-fda4-4633-998d-739fcabc12df,1628436772471,13.4811866,52.4828561,7.5645323,0.5595017,-0.03447604,5.088748,on bike mount,cyclo cross,False,paving stones,good
38b48263-c6bc-40fc-9e01-e07946a4a1d6,a12a0f59-dacb-4b2a-b204-a19b4a111b7d,607f4849-0c01-4bc8-80c3-1146732e3311,1628436772522,13.4811866,52.4828561,7.5645323,-0.62817585,-1.9748566,1.3627024,on bike mount,cyclo cross,False,paving stones,good
38b48263-c6bc-40fc-9e01-e07946a4a1d6,a12a0f59-dacb-4b2a-b204-a19b4a111b7d,7dfbd88f-d52a-4810-923d-3f708bb19d7b,1628436772588,13.4811301,52.4829147,7.528536,-0.9819509,-3.775366,-1.2258286,on bike mount,cyclo cross,False,paving stones,good
38b48263-c6bc-40fc-9e01-e07946a4a1d6,a12a0f59-dacb-4b2a-b204-a19b4a111b7d,d9f9033f-4ced-4777-91c7-7854048f4298,1628436772639,13.4811301,52.4829147,7.528536,1.0080129,-1.0286417,0.39908123,on bike mount,cyclo cross,False,paving stones,good
38b48263-c6bc-40fc-9e01-e07946a4a1d6,a12a0f59-dacb-4b2a-b204-a19b4a111b7d,e62e1b3e-d291-4a8b-9ee0-14cdb7115984,1628436772705,13.4811301,52.4829147,7.528536,1.3864413,-3.6278794,1.8511105,on bike mount,cyclo cross,False,paving stones,good
38b48263-c6bc-40fc-9e01-e07946a4a1d6,a12a0f59-dacb-4b2a-b204-a19b4a111b7d,ee6e888e-19c4-47e6-a5e1-7388b67cdf40,1628436772756,13.4811301,52.4829147,7.528536,0.5214684,-1.8061851,-2.1352339,on bike mount,cyclo cross,False,paving stones,good
38b48263-c6bc-40fc-9e01-e07946a4a1d6,a12a0f59-dacb-4b2a-b204-a19b4a111b7d,301458c1-254b-4dd9-89d0-4e9a57718a79,1628436772805,13.4811301,52.4829147,7.528536,0.2924871,9.912849,3.8922434,on bike mount,cyclo cross,False,paving stones,good
38b48263-c6bc-40fc-9e01-e07946a4a1d6,a12a0f59-dacb-4b2a-b204-a19b4a111b7d,f15a1fab-6f35-4167-9cbd-354ce62fd2cc,1628436772856,13.4811301,52.4829147,7.528536,-0.2923633,-7.801819,4.5960445,on bike mount,cyclo cross,False,paving stones,good
38b48263-c6bc-40fc-9e01-e07946a4a1d6,a12a0f59-dacb-4b2a-b204-a19b4a111b7d,c26cfc19-48e6-4ea4-92ec-6095d282fe2b,1628436772906,13.4811301,52.4829147,7.528536,0.4349223,2.226389,-5.073875,on bike mount,cyclo cross,False,paving stones,good
38b48263-c6bc-40fc-9e01-e07946a4a1d6,a12a0f59-dacb-4b2a-b204-a19b4a111b7d,a8230fa9-bfe1-443c-ab1a-3bb7a1c9cdb2,1628436772956,13.4811301,52.4829147,7.528536,-0.69266057,-2.5305743,4.5370054,on bike mount,cyclo cross,False,paving stones,good
38b48263-c6bc-40fc-9e01-e07946a4a1d6,a12a0f59-dacb-4b2a-b204-a19b4a111b7d,e0e71083-987a-446d-8ba2-5cf11b9411e9,1628436773006,13.4811301,52.4829147,7.528536,-0.34481025,-1.3165033,1.1670074,on bike mount,cyclo cross,False,paving stones,good
38b48263-c6bc-40fc-9e01-e07946a4a1d6,a12a0f59-dacb-4b2a-b204-a19b4a111b7d,6e198927-2272-49a2-9d90-8cf90b7774b8,1628436773073,13.4811301,52.4829147,7.528536,3.1269326,-3.1337817,-4.208102,on bike mount,cyclo cross,False,paving stones,good
38b48263-c6bc-40fc-9e01-e07946a4a1d6,a12a0f59-dacb-4b2a-b204-a19b4a111b7d,226530b8-76a3-49fd-8eb0-6e6a218ffd4d,1628436773123,13.4811301,52.4829147,7.528536,-2.4276342,13.944742,-0.3004837,on bike mount,cyclo cross,False,paving stones,good
38b48263-c6bc-40fc-9e01-e07946a4a1d6,a12a0f59-dacb-4b2a-b204-a19b4a111b7d,fe1d4057-3bab-46f4-8d1f-f008b3e060e4,1628436773173,13.4811301,52.4829147,7.528536,-1.9278731,4.233854,-2.429265,on bike mount,cyclo cross,False,paving stones,good
38b48263-c6bc-40fc-9e01-e07946a4a1d6,a12a0f59-dacb-4b2a-b204-a19b4a111b7d,fc7ba1d8-8b19-4045-bada-b5773436667c,1628436773239,13.4811301,52.4829147,7.528536,0.9582306,2.5559273,-4.2162924,on bike mount,cyclo cross,False,paving stones,good
38b48263-c6bc-40fc-9e01-e07946a4a1d6,a12a0f59-dacb-4b2a-b204-a19b4a111b7d,8c0e9e83-ce7d-4fb0-8e69-4d814c60fc54,1628436773289,13.4811301,52.4829147,7.528536,0.06662676,-2.8953428,2.8836632,on bike mount,cyclo cross,False,paving stones,good
38b48263-c6bc-40fc-9e01-e07946a4a1d6,a12a0f59-dacb-4b2a-b204-a19b4a111b7d,3da7596c-d8a3-4d10-b405-d4eb08ee6858,1628436773339,13.4811301,52.4829147,7.528536,0.67953813,-5.691119,4.958329,on bike mount,cyclo cross,False,paving stones,good
38b48263-c6bc-40fc-9e01-e07946a4a1d6,a12a0f59-dacb-4b2a-b204-a19b4a111b7d,97201407-67dd-43f3-bb68-9d549139899f,1628436773389,13.4811301,52.4829147,7.528536,2.719403,2.5852451,-13.506748,on bike mount,cyclo cross,False,paving stones,good
38b48263-c6bc-40fc-9e01-e07946a4a1d6,a12a0f59-dacb-4b2a-b204-a19b4a111b7d,a3af4e2c-be17-4dd4-bc89-c835fc735b8f,1628436773439,13.4811301,52.4829147,7.528536,-1.7778434,6.2277927,6.308179,on bike mount,cyclo cross,False,paving stones,good
38b48263-c6bc-40fc-9e01-e07946a4a1d6,a12a0f59-dacb-4b2a-b204-a19b4a111b7d,ab06f27d-f5f1-49cc-97bf-600cb530dd9c,1628436773490,13.4811301,52.4829147,7.528536,-2.683516,-23.929718,18.752195,on bike mount,cyclo cross,False,paving stones,good
38b48263-c6bc-40fc-9e01-e07946a4a1d6,a12a0f59-dacb-4b2a-b204-a19b4a111b7d,0155e3fb-dc0c-430e-9c11-ce249e0cba97,1628436773557,13.4810763,52.4829751,7.5700727,-2.9657297,9.444433,-0.08755016,on bike mount,cyclo cross,False,paving stones,good
38b48263-c6bc-40fc-9e01-e07946a4a1d6,a12a0f59-dacb-4b2a-b204-a19b4a111b7d,cec6559a-ca22-46b4-958f-767f4f93b222,1628436773607,13.4810763,52.4829751,7.5700727,-0.78538877,-14.621754,10.731342,on bike mount,cyclo cross,False,paving stones,good
38b48263-c6bc-40fc-9e01-e07946a4a1d6,a12a0f59-dacb-4b2a-b204-a19b4a111b7d,e9f08f36-362a-4fb3-9193-2f2c605f68b8,1628436773673,13.4810763,52.4829751,7.5700727,-0.6072907,-0.8022475,3.7833185,on bike mount,cyclo cross,False,paving stones,good
38b48263-c6bc-40fc-9e01-e07946a4a1d6,a12a0f59-dacb-4b2a-b204-a19b4a111b7d,ce822e1c-9596-4e0f-9760-fc879bcaec81,1628436773723,13.4810763,52.4829751,7.5700727,1.5130824,-3.2513936,-7.1432447,on bike mount,cyclo cross,False,paving stones,good
38b48263-c6bc-40fc-9e01-e07946a4a1d6,a12a0f59-dacb-4b2a-b204-a19b4a111b7d,c1d11119-c8db-432a-a9d4-be11703ad52b,1628436773773,13.4810763,52.4829751,7.5700727,0.9523756,2.5830832,2.5964832,on bike mount,cyclo cross,False,paving stones,good
38b48263-c6bc-40fc-9e01-e07946a4a1d6,a12a0f59-dacb-4b2a-b204-a19b4a111b7d,25bddc87-23a3-4dd7-bef3-e2a82b07859e,1628436773824,13.4810763,52.4829751,7.5700727,-0.5173014,0.14951587,-1.1686792,on bike mount,cyclo cross,False,paving stones,good
38b48263-c6bc-40fc-9e01-e07946a4a1d6,a12a0f59-dacb-4b2a-b204-a19b4a111b7d,2dde34e8-5f0e-4e7a-8118-8148772a5b7e,1628436773874,13.4810763,52.4829751,7.5700727,-2.9822724,-5.7978144,4.893797,on bike mount,cyclo cross,False,paving stones,good
38b48263-c6bc-40fc-9e01-e07946a4a1d6,a12a0f59-dacb-4b2a-b204-a19b4a111b7d,836cf081-00c0-42af-93d3-80ae988e951c,1628436773940,13.4810763,52.4829751,7.5700727,-0.87482387,-2.543923,2.0420046,on bike mount,cyclo cross,False,paving stones,good
38b48263-c6bc-40fc-9e01-e07946a4a1d6,a12a0f59-dacb-4b2a-b204-a19b4a111b7d,9fd4ed22-eabc-48a6-a921-2c3d729d7096,1628436773990,13.4810763,52.4829751,7.5700727,0.08035339,-6.7884164,7.8315763,on bike mount,cyclo cross,False,paving stones,good
38b48263-c6bc-40fc-9e01-e07946a4a1d6,a12a0f59-dacb-4b2a-b204-a19b4a111b7d,96d3f375-4784-4297-ade1-09153f440e04,1628436774040,13.4810763,52.4829751,7.5700727,0.9596801,-1.7087611,-1.2288022,on bike mount,cyclo cross,False,paving stones,good
38b48263-c6bc-40fc-9e01-e07946a4a1d6,a12a0f59-dacb-4b2a-b204-a19b4a111b7d,82ecb90c-8c8c-4215-9a1e-c443e45cdc31,1628436774091,13.4810763,52.4829751,7.5700727,-0.994111,1.7598639,0.78140545,on bike mount,cyclo cross,False,paving stones,good
38b48263-c6bc-40fc-9e01-e07946a4a1d6,a12a0f59-dacb-4b2a-b204-a19b4a111b7d,afc83d94-3184-442c-9422-69bd9e7c87e5,1628436774158,13.4810763,52.4829751,7.5700727,-0.76893204,4.8484426,2.7472286,on bike mount,cyclo cross,False,paving stones,good
38b48263-c6bc-40fc-9e01-e07946a4a1d6,a12a0f59-dacb-4b2a-b204-a19b4a111b7d,53ca3205-e1bb-4d84-8f4c-8e387b7462b7,1628436774224,13.4810763,52.4829751,7.5700727,0.0065437555,-8.027216,-1.0651889,on bike mount,cyclo cross,False,paving stones,good
38b48263-c6bc-40fc-9e01-e07946a4a1d6,a12a0f59-dacb-4b2a-b204-a19b4a111b7d,ff18b0b1-f3d3-49f6-8323-fa2c4d017493,1628436774291,13.4810763,52.4829751,7.5700727,0.809976,-2.3251567,7.073536,on bike mount,cyclo cross,False,paving stones,good
38b48263-c6bc-40fc-9e01-e07946a4a1d6,a12a0f59-dacb-4b2a-b204-a19b4a111b7d,2d681004-a36e-4f9d-ba97-482115ef2d46,1628436774358,13.4810763,52.4829751,7.5700727,0.12923436,-4.8764887,0.24601364,on bike mount,cyclo cross,False,paving stones,good
38b48263-c6bc-40fc-9e01-e07946a4a1d6,a12a0f59-dacb-4b2a-b204-a19b4a111b7d,d98318f9-54be-4e2a-bdb5-301efee8f6bf,1628436774424,13.4810763,52.4829751,7.5700727,3.261341,-2.8685892,-1.0728054,on bike mount,cyclo cross,False,paving stones,good
38b48263-c6bc-40fc-9e01-e07946a4a1d6,a12a0f59-dacb-4b2a-b204-a19b4a111b7d,fd16b082-d162-499c-b026-e0abfe05dad2,1628436774474,13.4810763,52.4829751,7.5700727,-1.4297633,4.1599135,0.36039352,on bike mount,cyclo cross,False,paving stones,good
38b48263-c6bc-40fc-9e01-e07946a4a1d6,a12a0f59-dacb-4b2a-b204-a19b4a111b7d,b001e5a4-a4c1-4bd6-8eb3-82fd50f0c100,1628436774525,13.4810763,52.4829751,7.5700727,0.28689605,-3.281084,1.8378744,on bike mount,cyclo cross,False,paving stones,good
38b48263-c6bc-40fc-9e01-e07946a4a1d6,a12a0f59-dacb-4b2a-b204-a19b4a111b7d,0fe3a13f-689c-40e3-a8ae-d420fbe9f7c5,1628436774591,13.4810219,52.4830347,7.594136,3.0405586,7.183013,-1.1503115,on bike mount,cyclo cross,False,paving stones,good
38b48263-c6bc-40fc-9e01-e07946a4a1d6,a12a0f59-dacb-4b2a-b204-a19b4a111b7d,58593acf-a8d0-4b62-b3bc-6a8b800d9253,1628436774641,13.4810219,52.4830347,7.594136,0.54423493,2.7168312,4.5447598,on bike mount,cyclo cross,False,paving stones,good
38b48263-c6bc-40fc-9e01-e07946a4a1d6,a12a0f59-dacb-4b2a-b204-a19b4a111b7d,979bf4af-7dbb-43e9-85ab-2e40f8449a3e,1628436774692,13.4810219,52.4830347,7.594136,1.0674012,-1.5084065,2.2119036,on bike mount,cyclo cross,False,paving stones,good
38b48263-c6bc-40fc-9e01-e07946a4a1d6,a12a0f59-dacb-4b2a-b204-a19b4a111b7d,dad37cd2-ed47-48f6-a459-4176cff7713d,1628436774758,13.4810219,52.4830347,7.594136,-0.82235235,1.564373,1.4305115e-05,on bike mount,cyclo cross,False,paving stones,good
38b48263-c6bc-40fc-9e01-e07946a4a1d6,a12a0f59-dacb-4b2a-b204-a19b4a111b7d,b417766d-acc2-4229-b78c-5df7b04ad01d,1628436774809,13.4810219,52.4830347,7.594136,-2.7095923,-1.18307,4.681718,on bike mount,cyclo cross,False,paving stones,good
38b48263-c6bc-40fc-9e01-e07946a4a1d6,a12a0f59-dacb-4b2a-b204-a19b4a111b7d,c89aa5bd-7035-41c6-93cb-209ded797e0f,1628436774876,13.4810219,52.4830347,7.594136,0.06379175,-1.5629835,3.0860996,on bike mount,cyclo cross,False,paving stones,good
38b48263-c6bc-40fc-9e01-e07946a4a1d6,a12a0f59-dacb-4b2a-b204-a19b4a111b7d,a1295441-c13c-49cb-8256-a954b78134c1,1628436774942,13.4810219,52.4830347,7.594136,-1.7499669,1.1040606,-2.9155922,on bike mount,cyclo cross,False,paving stones,good
38b48263-c6bc-40fc-9e01-e07946a4a1d6,a12a0f59-dacb-4b2a-b204-a19b4a111b7d,9f4faef3-9db8-4e5d-8991-756dec2e3da0,1628436775009,13.4810219,52.4830347,7.594136,1.0334339,4.6740813,1.0844879,on bike mount,cyclo cross,False,paving stones,good
38b48263-c6bc-40fc-9e01-e07946a4a1d6,a12a0f59-dacb-4b2a-b204-a19b4a111b7d,4af4b37d-9790-477f-a428-a93618648bb9,1628436775059,13.4810219,52.4830347,7.594136,0.18262625,5.6838627,-0.45844173,on bike mount,cyclo cross,False,paving stones,good
38b48263-c6bc-40fc-9e01-e07946a4a1d6,a12a0f59-dacb-4b2a-b204-a19b4a111b7d,f6f1925a-089d-448a-92f4-ce8ed851b660,1628436775126,13.4810219,52.4830347,7.594136,2.4188714,14.212757,-1.996973,on bike mount,cyclo cross,False,paving stones,good
38b48263-c6bc-40fc-9e01-e07946a4a1d6,a12a0f59-dacb-4b2a-b204-a19b4a111b7d,512caac7-da45-496e-9eff-fef400796d14,1628436775176,13.4810219,52.4830347,7.594136,-0.43447888,-13.773137,10.35708,on bike mount,cyclo cross,False,paving stones,good
38b48263-c6bc-40fc-9e01-e07946a4a1d6,a12a0f59-dacb-4b2a-b204-a19b4a111b7d,06182ad2-4fe2-4f50-ba8a-de5532007161,1628436775242,13.4810219,52.4830347,7.594136,0.0992955,1.4855814,-2.4491954,on bike mount,cyclo cross,False,paving stones,good
38b48263-c6bc-40fc-9e01-e07946a4a1d6,a12a0f59-dacb-4b2a-b204-a19b4a111b7d,9d0b03ae-34ea-4e39-bf54-4a0c91c421b5,1628436775293,13.4810219,52.4830347,7.594136,1.8428638,-12.733943,12.676598,on bike mount,cyclo cross,False,paving stones,good
38b48263-c6bc-40fc-9e01-e07946a4a1d6,a12a0f59-dacb-4b2a-b204-a19b4a111b7d,4584d400-9e10-40c6-b280-37366e126299,1628436775342,13.4810219,52.4830347,7.594136,3.3986077,-1.5383245,-13.601852,on bike mount,cyclo cross,False,paving stones,good
38b48263-c6bc-40fc-9e01-e07946a4a1d6,a12a0f59-dacb-4b2a-b204-a19b4a111b7d,a89df9d5-f178-4548-809b-768e5735425e,1628436775392,13.4810219,52.4830347,7.594136,-1.0874704,4.8240023,-2.7381005,on bike mount,cyclo cross,False,paving stones,good
38b48263-c6bc-40fc-9e01-e07946a4a1d6,a12a0f59-dacb-4b2a-b204-a19b4a111b7d,edd604c1-44ea-48d7-8c2f-4227d097a7ee,1628436775442,13.4810219,52.4830347,7.594136,-0.83426344,-0.42707205,4.208006,on bike mount,cyclo cross,False,paving stones,good
38b48263-c6bc-40fc-9e01-e07946a4a1d6,a12a0f59-dacb-4b2a-b204-a19b4a111b7d,802f9eee-4a29-4874-831b-5b2123858551,1628436775493,13.4810219,52.4830347,7.594136,0.97845256,0.42913914,-1.7008166,on bike mount,cyclo cross,False,paving stones,good
38b48263-c6bc-40fc-9e01-e07946a4a1d6,a12a0f59-dacb-4b2a-b204-a19b4a111b7d,cbab9fce-bfbe-41a9-ad4e-629ac464c909,1628436775560,13.4809684,52.483093,7.329158,-2.1728144,-3.38884,-3.589971,on bike mount,cyclo cross,False,paving stones,good
38b48263-c6bc-40fc-9e01-e07946a4a1d6,a12a0f59-dacb-4b2a-b204-a19b4a111b7d,4ec120c4-7c85-4359-8811-a6df4e26650f,1628436775626,13.4809684,52.483093,7.329158,2.2183943,1.9223952,4.2895308,on bike mount,cyclo cross,False,paving stones,good
38b48263-c6bc-40fc-9e01-e07946a4a1d6,a12a0f59-dacb-4b2a-b204-a19b4a111b7d,c2f99af9-3ac2-4224-a48c-a296d8e42f52,1628436775676,13.4809684,52.483093,7.329158,-1.9332156,-0.5288527,-1.6800404,on bike mount,cyclo cross,False,paving stones,good
38b48263-c6bc-40fc-9e01-e07946a4a1d6,a12a0f59-dacb-4b2a-b204-a19b4a111b7d,eaefbf5d-226c-41ca-bd14-38236593c611,1628436775727,13.4809684,52.483093,7.329158,-0.20196381,-0.750659,-4.0631523,on bike mount,cyclo cross,False,paving stones,good
38b48263-c6bc-40fc-9e01-e07946a4a1d6,a12a0f59-dacb-4b2a-b204-a19b4a111b7d,950003d6-efc8-43a9-8a21-497db8bdd203,1628436775793,13.4809684,52.483093,7.329158,-0.09395443,0.071873665,-1.5507121,on bike mount,cyclo cross,False,paving stones,good
38b48263-c6bc-40fc-9e01-e07946a4a1d6,a12a0f59-dacb-4b2a-b204-a19b4a111b7d,44fbac02-3a00-4f65-88f3-20b01f7f5ca7,1628436775860,13.4809684,52.483093,7.329158,-0.57530415,-11.328733,3.4576588,on bike mount,cyclo cross,False,paving stones,good
38b48263-c6bc-40fc-9e01-e07946a4a1d6,a12a0f59-dacb-4b2a-b204-a19b4a111b7d,384e2f34-27bf-4596-aeac-18f705c5e0de,1628436775927,13.4809684,52.483093,7.329158,-1.3875799,0.09053326,2.355873,on bike mount,cyclo cross,False,paving stones,good
38b48263-c6bc-40fc-9e01-e07946a4a1d6,a12a0f59-dacb-4b2a-b204-a19b4a111b7d,6cb23d03-87cf-426e-806b-c6983d373ddd,1628436775977,13.4809684,52.483093,7.329158,3.6150067,-2.2864377,-2.8912802,on bike mount,cyclo cross,False,paving stones,good
38b48263-c6bc-40fc-9e01-e07946a4a1d6,a12a0f59-dacb-4b2a-b204-a19b4a111b7d,be55ebe4-0a8d-4ed6-ac72-3ad9a84776c9,1628436776043,13.4809684,52.483093,7.329158,-1.0074505,-1.5610306,-5.03472,on bike mount,cyclo cross,False,paving stones,good
38b48263-c6bc-40fc-9e01-e07946a4a1d6,a12a0f59-dacb-4b2a-b204-a19b4a111b7d,84064f74-ad8e-43d9-bbf0-92c970b0cbf8,1628436776094,13.4809684,52.483093,7.329158,0.041758835,-3.409975,7.897867,on bike mount,cyclo cross,False,paving stones,good
38b48263-c6bc-40fc-9e01-e07946a4a1d6,a12a0f59-dacb-4b2a-b204-a19b4a111b7d,8973cb7b-e5ac-46fd-80e4-1bd3f2af105d,1628436776160,13.4809684,52.483093,7.329158,-1.1271656,-0.25615788,-6.5185776,on bike mount,cyclo cross,False,paving stones,good
38b48263-c6bc-40fc-9e01-e07946a4a1d6,a12a0f59-dacb-4b2a-b204-a19b4a111b7d,4965239b-a2b4-4f4d-85e3-7c4cb50eb127,1628436776210,13.4809684,52.483093,7.329158,-0.20240638,-5.862728,-0.6155653,on bike mount,cyclo cross,False,paving stones,good
38b48263-c6bc-40fc-9e01-e07946a4a1d6,a12a0f59-dacb-4b2a-b204-a19b4a111b7d,1cbab5cf-4ccd-4782-b224-99093817bdad,1628436776261,13.4809684,52.483093,7.329158,3.0832698,-2.5467672,0.29171085,on bike mount,cyclo cross,False,paving stones,good
38b48263-c6bc-40fc-9e01-e07946a4a1d6,a12a0f59-dacb-4b2a-b204-a19b4a111b7d,fae848bc-0c81-4030-b834-2192419a61e1,1628436776310,13.4809684,52.483093,7.329158,1.4189253,3.5686798,-2.2996426,on bike mount,cyclo cross,False,paving stones,good
38b48263-c6bc-40fc-9e01-e07946a4a1d6,a12a0f59-dacb-4b2a-b204-a19b4a111b7d,6700e3de-1061-4e6f-b73f-17597e64d9a6,1628436776361,13.4809684,52.483093,7.329158,-3.4765196,5.1523957,-1.4849534,on bike mount,cyclo cross,False,paving stones,good
38b48263-c6bc-40fc-9e01-e07946a4a1d6,a12a0f59-dacb-4b2a-b204-a19b4a111b7d,85175d79-ad15-4702-ab22-6d9b4de39d84,1628436776411,13.4809684,52.483093,7.329158,-1.0454036,-0.7913158,2.9712734,on bike mount,cyclo cross,False,paving stones,good
38b48263-c6bc-40fc-9e01-e07946a4a1d6,a12a0f59-dacb-4b2a-b204-a19b4a111b7d,09b8f5d2-64f5-490b-958b-fb1d7bb64dbb,1628436776478,13.4809684,52.483093,7.329158,0.18387127,0.7101834,-1.9122202,on bike mount,cyclo cross,False,paving stones,good
38b48263-c6bc-40fc-9e01-e07946a4a1d6,a12a0f59-dacb-4b2a-b204-a19b4a111b7d,6b177214-d379-446e-91c7-eea9781cdad1,1628436776528,13.4809112,52.4831505,7.685891,-0.7349366,-0.08943462,8.31646,on bike mount,cyclo cross,False,paving stones,good
38b48263-c6bc-40fc-9e01-e07946a4a1d6,a12a0f59-dacb-4b2a-b204-a19b4a111b7d,fe44fa6f-dbdd-4cd4-ba10-d29c403036c5,1628436776594,13.4809112,52.4831505,7.685891,0.84070253,-2.9333625,5.990244,on bike mount,cyclo cross,False,paving stones,good
38b48263-c6bc-40fc-9e01-e07946a4a1d6,a12a0f59-dacb-4b2a-b204-a19b4a111b7d,e95b0c1b-6341-4f31-ac18-b778fc5245be,1628436776644,13.4809112,52.4831505,7.685891,1.9540901,4.0795946,-3.9647417,on bike mount,cyclo cross,False,paving stones,good
38b48263-c6bc-40fc-9e01-e07946a4a1d6,a12a0f59-dacb-4b2a-b204-a19b4a111b7d,4d88c65c-c340-469b-a224-bc0b009f007c,1628436776694,13.4809112,52.4831505,7.685891,3.8051949,-0.54985666,0.5134134,on bike mount,cyclo cross,False,paving stones,good
38b48263-c6bc-40fc-9e01-e07946a4a1d6,a12a0f59-dacb-4b2a-b204-a19b4a111b7d,9a7e1511-ae1a-4b59-bf4d-39d255a53f81,1628436776744,13.4809112,52.4831505,7.685891,-1.7265599,-3.036176,-13.103584,on bike mount,cyclo cross,False,paving stones,good
38b48263-c6bc-40fc-9e01-e07946a4a1d6,a12a0f59-dacb-4b2a-b204-a19b4a111b7d,0f60b7e8-e60f-4d8c-beae-3b805dbf29a1,1628436776794,13.4809112,52.4831505,7.685891,-1.8364973,7.074748,4.9289646,on bike mount,cyclo cross,False,paving stones,good
38b48263-c6bc-40fc-9e01-e07946a4a1d6,a12a0f59-dacb-4b2a-b204-a19b4a111b7d,f2d5b571-9990-45f5-9a88-aecbdb59b900,1628436776845,13.4809112,52.4831505,7.685891,-1.6502988,-3.465612,4.9088383,on bike mount,cyclo cross,False,paving stones,good
38b48263-c6bc-40fc-9e01-e07946a4a1d6,a12a0f59-dacb-4b2a-b204-a19b4a111b7d,a77ed5f8-7158-43f6-8018-9a6434da9f66,1628436776895,13.4809112,52.4831505,7.685891,0.19827509,-1.1437073,-15.929338,on bike mount,cyclo cross,False,paving stones,good
38b48263-c6bc-40fc-9e01-e07946a4a1d6,a12a0f59-dacb-4b2a-b204-a19b4a111b7d,51e0abb0-33a3-43de-a48b-151fa5adf971,1628436776961,13.4809112,52.4831505,7.685891,-3.6396637,0.88806677,-0.9527559,on bike mount,cyclo cross,False,paving stones,good
38b48263-c6bc-40fc-9e01-e07946a4a1d6,a12a0f59-dacb-4b2a-b204-a19b4a111b7d,9173c9a4-74b4-4d5f-9a05-5e3c78f7205f,1628436777012,13.4809112,52.4831505,7.685891,-3.079407,-2.2593796,-5.742252,on bike mount,cyclo cross,False,paving stones,good
38b48263-c6bc-40fc-9e01-e07946a4a1d6,a12a0f59-dacb-4b2a-b204-a19b4a111b7d,bfc3724d-ac5a-4cac-8a01-5ee3360defe4,1628436777079,13.4809112,52.4831505,7.685891,0.5353561,-2.927506,3.8285398,on bike mount,cyclo cross,False,paving stones,good
38b48263-c6bc-40fc-9e01-e07946a4a1d6,a12a0f59-dacb-4b2a-b204-a19b4a111b7d,57bcc828-528f-4073-b7d3-b6d1eb7691e0,1628436777129,13.4809112,52.4831505,7.685891,1.3102723,0.24727678,7.610856,on bike mount,cyclo cross,False,paving stones,good
38b48263-c6bc-40fc-9e01-e07946a4a1d6,a12a0f59-dacb-4b2a-b204-a19b4a111b7d,a750a62a-18db-4991-a3b0-d3b3f1d2dbed,1628436777179,13.4809112,52.4831505,7.685891,2.4394948,-0.5253403,-1.6699862,on bike mount,cyclo cross,False,paving stones,good
38b48263-c6bc-40fc-9e01-e07946a4a1d6,a12a0f59-dacb-4b2a-b204-a19b4a111b7d,1acb3cf5-185d-4391-8f2e-9e02d07c70f0,1628436777245,13.4809112,52.4831505,7.685891,1.1490796,-3.4109783,-1.3777199,on bike mount,cyclo cross,False,paving stones,good
38b48263-c6bc-40fc-9e01-e07946a4a1d6,a12a0f59-dacb-4b2a-b204-a19b4a111b7d,7fd212e8-7b2f-4cd7-8f26-61a9b50f5a88,1628436777296,13.4809112,52.4831505,7.685891,0.67581826,6.3102174,-1.2754569,on bike mount,cyclo cross,False,paving stones,good
38b48263-c6bc-40fc-9e01-e07946a4a1d6,a12a0f59-dacb-4b2a-b204-a19b4a111b7d,c4bd5857-df44-4417-8f02-d4abd49b4d4c,1628436777346,13.4809112,52.4831505,7.685891,3.604767,1.7207851,-7.1856046,on bike mount,cyclo cross,False,paving stones,good
38b48263-c6bc-40fc-9e01-e07946a4a1d6,a12a0f59-dacb-4b2a-b204-a19b4a111b7d,bd1a964d-95ee-4f99-a5bd-9e8911249269,1628436777396,13.4809112,52.4831505,7.685891,-2.6395938,-5.385793,6.9677334,on bike mount,cyclo cross,False,paving stones,good
38b48263-c6bc-40fc-9e01-e07946a4a1d6,a12a0f59-dacb-4b2a-b204-a19b4a111b7d,4a3986e7-e94a-47a6-9f23-97e785b157c8,1628436777463,13.4809112,52.4831505,7.685891,-0.7088977,5.7237434,-5.8473024,on bike mount,cyclo cross,False,paving stones,good
38b48263-c6bc-40fc-9e01-e07946a4a1d6,a12a0f59-dacb-4b2a-b204-a19b4a111b7d,efe5605e-c305-4d8c-b18b-23902a9a5ad3,1628436777530,13.4809112,52.4831505,7.685891,1.8883394,-2.5713885,3.9075823,on bike mount,cyclo cross,False,paving stones,good
38b48263-c6bc-40fc-9e01-e07946a4a1d6,a12a0f59-dacb-4b2a-b204-a19b4a111b7d,0106a465-0a64-4028-917e-1edc85607fe3,1628436777596,13.4808371,52.4832065,7.2695436,2.56139,-6.616673,6.720669,on bike mount,cyclo cross,False,paving stones,good
38b48263-c6bc-40fc-9e01-e07946a4a1d6,a12a0f59-dacb-4b2a-b204-a19b4a111b7d,77094654-43d7-493b-9a57-083dfa079e78,1628436777663,13.4808371,52.4832065,7.2695436,2.084765,8.564247,-12.995985,on bike mount,cyclo cross,False,paving stones,good
38b48263-c6bc-40fc-9e01-e07946a4a1d6,a12a0f59-dacb-4b2a-b204-a19b4a111b7d,10bb703b-333b-4a8b-b652-d85d5da29189,1628436777730,13.4808371,52.4832065,7.2695436,-0.15588748,-1.22646,1.3266649,on bike mount,cyclo cross,False,paving stones,good
38b48263-c6bc-40fc-9e01-e07946a4a1d6,a12a0f59-dacb-4b2a-b204-a19b4a111b7d,b0a9e6ce-4630-49be-9046-2d48b5bde794,1628436777796,13.4808371,52.4832065,7.2695436,0.80862796,-21.080505,12.185447,on bike mount,cyclo cross,False,paving stones,good
38b48263-c6bc-40fc-9e01-e07946a4a1d6,a12a0f59-dacb-4b2a-b204-a19b4a111b7d,f1bb71ee-63e1-41ed-9278-99651ef8fffc,1628436777846,13.4808371,52.4832065,7.2695436,4.4650836,1.3969302,-0.29670238,on bike mount,cyclo cross,False,paving stones,good
38b48263-c6bc-40fc-9e01-e07946a4a1d6,a12a0f59-dacb-4b2a-b204-a19b4a111b7d,cae6aa47-b431-482e-9b4d-994851135f7d,1628436777896,13.4808371,52.4832065,7.2695436,2.424947,-2.2667906,4.6858797,on bike mount,cyclo cross,False,paving stones,good
38b48263-c6bc-40fc-9e01-e07946a4a1d6,a12a0f59-dacb-4b2a-b204-a19b4a111b7d,b9ec4a92-06a0-4d31-baa3-ad0373df4d47,1628436777946,13.4808371,52.4832065,7.2695436,4.637028,14.844276,-15.158525,on bike mount,cyclo cross,False,paving stones,good
38b48263-c6bc-40fc-9e01-e07946a4a1d6,a12a0f59-dacb-4b2a-b204-a19b4a111b7d,43ec0899-1b67-4a97-9da1-b0c0ccd8c49a,1628436777996,13.4808371,52.4832065,7.2695436,2.064068,1.6755722,-1.8152695,on bike mount,cyclo cross,False,paving stones,good
38b48263-c6bc-40fc-9e01-e07946a4a1d6,a12a0f59-dacb-4b2a-b204-a19b4a111b7d,6b95d960-528e-4876-b63a-0bbefbdbe1c4,1628436778046,13.4808371,52.4832065,7.2695436,0.2601738,1.0451493,5.5336704,on bike mount,cyclo cross,False,paving stones,good
38b48263-c6bc-40fc-9e01-e07946a4a1d6,a12a0f59-dacb-4b2a-b204-a19b4a111b7d,6074eaa8-8e72-437d-b32b-67317f6fc4d8,1628436778097,13.4808371,52.4832065,7.2695436,2.6608918,1.2596598,-2.493001,on bike mount,cyclo cross,False,paving stones,good
38b48263-c6bc-40fc-9e01-e07946a4a1d6,a12a0f59-dacb-4b2a-b204-a19b4a111b7d,7dceb4b4-28bb-4cf2-a13d-2a46ceeb7155,1628436778147,13.4808371,52.4832065,7.2695436,1.248179,4.7180347,-0.015774727,on bike mount,cyclo cross,False,paving stones,good
38b48263-c6bc-40fc-9e01-e07946a4a1d6,a12a0f59-dacb-4b2a-b204-a19b4a111b7d,e0287522-5bf9-4264-907d-3a2bed001bbb,1628436778197,13.4808371,52.4832065,7.2695436,0.14940834,-2.9071257,4.9543133,on bike mount,cyclo cross,False,paving stones,good
38b48263-c6bc-40fc-9e01-e07946a4a1d6,a12a0f59-dacb-4b2a-b204-a19b4a111b7d,3b156881-d3d6-44f1-9118-fe17527ca8b5,1628436778247,13.4808371,52.4832065,7.2695436,2.917236,-0.20665622,2.361127,on bike mount,cyclo cross,False,paving stones,good
38b48263-c6bc-40fc-9e01-e07946a4a1d6,a12a0f59-dacb-4b2a-b204-a19b4a111b7d,9545f5e4-74ea-47c0-b590-fae48782f46e,1628436778314,13.4808371,52.4832065,7.2695436,4.754715,-8.634775,-3.7895317,on bike mount,cyclo cross,False,paving stones,good
38b48263-c6bc-40fc-9e01-e07946a4a1d6,a12a0f59-dacb-4b2a-b204-a19b4a111b7d,7cdff27b-ca36-41e4-9940-4f44f43ac3b6,1628436778380,13.4808371,52.4832065,7.2695436,1.180901,-2.5699172,4.195902,on bike mount,cyclo cross,False,paving stones,good
38b48263-c6bc-40fc-9e01-e07946a4a1d6,a12a0f59-dacb-4b2a-b204-a19b4a111b7d,efe77ded-e144-4168-8191-71503bdf4edb,1628436778430,13.4808371,52.4832065,7.2695436,2.8298235,-9.898913,4.3260736,on bike mount,cyclo cross,False,paving stones,good
38b48263-c6bc-40fc-9e01-e07946a4a1d6,a12a0f59-dacb-4b2a-b204-a19b4a111b7d,716e0f2b-7f73-483c-b271-b38a88e4b65f,1628436778480,13.4808371,52.4832065,7.2695436,-0.11631727,2.8965774,-3.3672028,on bike mount,cyclo cross,False,paving stones,good
38b48263-c6bc-40fc-9e01-e07946a4a1d6,a12a0f59-dacb-4b2a-b204-a19b4a111b7d,5c021125-c450-4785-9ec9-ecfd6629a2b0,1628436778531,13.4808371,52.4832065,7.2695436,2.789664,-4.424629,5.292096,on bike mount,cyclo cross,False,paving stones,good
38b48263-c6bc-40fc-9e01-e07946a4a1d6,a12a0f59-dacb-4b2a-b204-a19b4a111b7d,b0844424-23a7-4f8c-8b3c-3fa1a468956e,1628436778597,13.4807684,52.4832603,7.585578,0.2571864,-1.045481,-5.8753595,on bike mount,cyclo cross,False,paving stones,good
38b48263-c6bc-40fc-9e01-e07946a4a1d6,a12a0f59-dacb-4b2a-b204-a19b4a111b7d,c9b15a1e-1535-4d03-8401-d0e2efc1d6d3,1628436778647,13.4807684,52.4832603,7.585578,-0.70305836,0.9369416,1.5620108,on bike mount,cyclo cross,False,paving stones,good
38b48263-c6bc-40fc-9e01-e07946a4a1d6,a12a0f59-dacb-4b2a-b204-a19b4a111b7d,b7cc3234-4089-4c8c-90f2-75d33834da15,1628436778698,13.4807684,52.4832603,7.585578,2.8274322,0.369462,1.542882,on bike mount,cyclo cross,False,paving stones,good
38b48263-c6bc-40fc-9e01-e07946a4a1d6,a12a0f59-dacb-4b2a-b204-a19b4a111b7d,8254bfa9-6c4b-40fd-bb4a-e50988848bc4,1628436778748,13.4807684,52.4832603,7.585578,-1.4387109,-8.142891,-1.1981411,on bike mount,cyclo cross,False,paving stones,good
38b48263-c6bc-40fc-9e01-e07946a4a1d6,a12a0f59-dacb-4b2a-b204-a19b4a111b7d,29fa07b6-7895-46a0-b946-c3fbf419f68e,1628436778814,13.4807684,52.4832603,7.585578,4.5078454,-3.1917558,14.937798,on bike mount,cyclo cross,False,paving stones,good
38b48263-c6bc-40fc-9e01-e07946a4a1d6,a12a0f59-dacb-4b2a-b204-a19b4a111b7d,522294d1-1883-4a6f-a3d9-2d706ca98c38,1628436778865,13.4807684,52.4832603,7.585578,-0.66756046,-4.082641,-0.39445877,on bike mount,cyclo cross,False,paving stones,good
38b48263-c6bc-40fc-9e01-e07946a4a1d6,a12a0f59-dacb-4b2a-b204-a19b4a111b7d,15d7fbc6-9e7e-4e2a-895b-836cd177a00a,1628436778915,13.4807684,52.4832603,7.585578,-0.47025514,-1.262974,-5.506607,on bike mount,cyclo cross,False,paving stones,good
38b48263-c6bc-40fc-9e01-e07946a4a1d6,a12a0f59-dacb-4b2a-b204-a19b4a111b7d,ab1c90ea-2299-46c6-8783-1ad102241938,1628436778981,13.4807684,52.4832603,7.585578,-0.10396829,-3.848012,5.4647665,on bike mount,cyclo cross,False,paving stones,good
38b48263-c6bc-40fc-9e01-e07946a4a1d6,a12a0f59-dacb-4b2a-b204-a19b4a111b7d,5327b49f-4279-4ae4-a255-1ac4241cb693,1628436779031,13.4807684,52.4832603,7.585578,1.0617565,2.4879885,-4.1075583,on bike mount,cyclo cross,False,paving stones,good
38b48263-c6bc-40fc-9e01-e07946a4a1d6,a12a0f59-dacb-4b2a-b204-a19b4a111b7d,6c2b093e-593d-42c0-be99-615ef06136f8,1628436779082,13.4807684,52.4832603,7.585578,-2.8122296,-0.8980198,3.8154383,on bike mount,cyclo cross,False,paving stones,good
38b48263-c6bc-40fc-9e01-e07946a4a1d6,a12a0f59-dacb-4b2a-b204-a19b4a111b7d,76840a98-9f66-4c0c-a462-5fa955ca4441,1628436779131,13.4807684,52.4832603,7.585578,-9.331367,9.131441,-3.1620884,on bike mount,cyclo cross,False,paving stones,good
38b48263-c6bc-40fc-9e01-e07946a4a1d6,a12a0f59-dacb-4b2a-b204-a19b4a111b7d,4a1167b2-cc6d-4794-b23d-544411faf19a,1628436779182,13.4807684,52.4832603,7.585578,0.6925771,-5.645272,-5.984333,on bike mount,cyclo cross,False,paving stones,good
38b48263-c6bc-40fc-9e01-e07946a4a1d6,a12a0f59-dacb-4b2a-b204-a19b4a111b7d,c1e80624-6248-4747-a844-9d216db2083c,1628436779232,13.4807684,52.4832603,7.585578,0.5143485,1.2891273,-1.9533272,on bike mount,cyclo cross,False,paving stones,good
38b48263-c6bc-40fc-9e01-e07946a4a1d6,a12a0f59-dacb-4b2a-b204-a19b4a111b7d,cb5002be-c8e0-4737-ac2a-bf66fd6e9ee1,1628436779299,13.4807684,52.4832603,7.585578,-1.5567919,-3.756369,-0.36267376,on bike mount,cyclo cross,False,paving stones,good
38b48263-c6bc-40fc-9e01-e07946a4a1d6,a12a0f59-dacb-4b2a-b204-a19b4a111b7d,f76caba4-923c-407e-a8f6-dffbfdd2fb58,1628436779365,13.4807684,52.4832603,7.585578,-1.7688017,-0.36154222,0.2763996,on bike mount,cyclo cross,False,paving stones,good
38b48263-c6bc-40fc-9e01-e07946a4a1d6,a12a0f59-dacb-4b2a-b204-a19b4a111b7d,9d30283d-b405-4517-b498-22dda360998d,1628436779415,13.4807684,52.4832603,7.585578,-1.7867482,0.97301364,5.377326,on bike mount,cyclo cross,False,paving stones,good
38b48263-c6bc-40fc-9e01-e07946a4a1d6,a12a0f59-dacb-4b2a-b204-a19b4a111b7d,b706bd4a-fcae-4cf1-afe3-735bf0101eda,1628436779466,13.4807684,52.4832603,7.585578,0.93283224,-2.4827485,-7.834387,on bike mount,cyclo cross,False,paving stones,good
38b48263-c6bc-40fc-9e01-e07946a4a1d6,a12a0f59-dacb-4b2a-b204-a19b4a111b7d,d5bba18c-68f0-495a-bf5c-ad6447aef0b0,1628436779516,13.4807684,52.4832603,7.585578,2.3424249,7.254902,6.392915,on bike mount,cyclo cross,False,paving stones,good
38b48263-c6bc-40fc-9e01-e07946a4a1d6,a12a0f59-dacb-4b2a-b204-a19b4a111b7d,a192f217-654b-4f28-a80e-1a2e33c6b502,1628436779583,13.4807142,52.483317,7.2716103,-0.3362506,-2.239747,-3.6881325,on bike mount,cyclo cross,False,paving stones,good
38b48263-c6bc-40fc-9e01-e07946a4a1d6,a12a0f59-dacb-4b2a-b204-a19b4a111b7d,b301734b-0256-42a9-8294-7a66c8e373ab,1628436779649,13.4807142,52.483317,7.2716103,-1.3457742,-4.8799114,1.644455,on bike mount,cyclo cross,False,paving stones,good
38b48263-c6bc-40fc-9e01-e07946a4a1d6,a12a0f59-dacb-4b2a-b204-a19b4a111b7d,792f4b3b-cf7c-4b85-8a78-9687325bd017,1628436779716,13.4807142,52.483317,7.2716103,1.1477702,1.6012454,-1.3445234,on bike mount,cyclo cross,False,paving stones,good
38b48263-c6bc-40fc-9e01-e07946a4a1d6,a12a0f59-dacb-4b2a-b204-a19b4a111b7d,e82b5158-369c-4939-a03a-288700a90a7e,1628436779783,13.4807142,52.483317,7.2716103,-0.85328597,-1.9547017,2.4886198,on bike mount,cyclo cross,False,paving stones,good
38b48263-c6bc-40fc-9e01-e07946a4a1d6,a12a0f59-dacb-4b2a-b204-a19b4a111b7d,904a8a53-c0e4-414d-a6f1-b146e8bbd357,1628436779850,13.4807142,52.483317,7.2716103,-2.1525004,2.1848636,-4.910586,on bike mount,cyclo cross,False,paving stones,good
38b48263-c6bc-40fc-9e01-e07946a4a1d6,a12a0f59-dacb-4b2a-b204-a19b4a111b7d,fb16557b-4fcf-41bf-bd6a-ea3b668b49db,1628436779916,13.4807142,52.483317,7.2716103,-1.7942843,1.5322554,3.3708086,on bike mount,cyclo cross,False,paving stones,good
38b48263-c6bc-40fc-9e01-e07946a4a1d6,a12a0f59-dacb-4b2a-b204-a19b4a111b7d,e4d8b759-d107-487a-8d91-9902c0f27801,1628436779966,13.4807142,52.483317,7.2716103,0.47711962,2.0128708,-1.5682821,on bike mount,cyclo cross,False,paving stones,good
38b48263-c6bc-40fc-9e01-e07946a4a1d6,a12a0f59-dacb-4b2a-b204-a19b4a111b7d,e0b05dcd-9d1c-47d7-8282-7666c1092a6a,1628436780016,13.4807142,52.483317,7.2716103,0.07536456,-0.6453855,-2.7288265,on bike mount,cyclo cross,False,paving stones,good
38b48263-c6bc-40fc-9e01-e07946a4a1d6,a12a0f59-dacb-4b2a-b204-a19b4a111b7d,9d570a8a-6645-4f7e-aedb-e4320d71940f,1628436780066,13.4807142,52.483317,7.2716103,-0.08777928,-7.0733786,4.3727093,on bike mount,cyclo cross,False,paving stones,good
38b48263-c6bc-40fc-9e01-e07946a4a1d6,a12a0f59-dacb-4b2a-b204-a19b4a111b7d,80a33ecc-b5f9-4921-bcc1-3c463f73520e,1628436780117,13.4807142,52.483317,7.2716103,-0.25625712,3.3187828,3.7681818,on bike mount,cyclo cross,False,paving stones,good
38b48263-c6bc-40fc-9e01-e07946a4a1d6,a12a0f59-dacb-4b2a-b204-a19b4a111b7d,5cb0a1cc-705e-4ca4-9ccc-0895c7fdf5fb,1628436780167,13.4807142,52.483317,7.2716103,0.26122028,1.0299578,-2.9096823,on bike mount,cyclo cross,False,paving stones,good
