bike_activity_uid,bike_activity_sample_uid,bike_activity_measurement,bike_activity_measurement_timestamp,bike_activity_measurement_lon,bike_activity_measurement_lat,bike_activity_measurement_speed,bike_activity_measurement_accelerometer_x,bike_activity_measurement_accelerometer_y,bike_activity_measurement_accelerometer_z,bike_activity_phone_position,bike_activity_bike_type,bike_activity_flagged_lab_conditions,bike_activity_surface_type,bike_activity_smoothness_type
40b1faa6-1ba9-4218-b2b9-0e4979a6b88a,7d020541-a383-404a-bd2b-459426b2d766,a0d012b4-5736-4335-9c5d-e956c162346b,1633168322803,14.2685686,52.2961742,7.198405,0.062979855,0.90120316,2.528494,on bike mount,cyclo cross,True,asphalt,excellent
40b1faa6-1ba9-4218-b2b9-0e4979a6b88a,7d020541-a383-404a-bd2b-459426b2d766,b53ab290-8f09-4459-a986-d45a96f6baf5,1633168322855,14.2685686,52.2961742,7.198405,0.9479246,-4.8138056,11.88294,on bike mount,cyclo cross,True,asphalt,excellent
40b1faa6-1ba9-4218-b2b9-0e4979a6b88a,7d020541-a383-404a-bd2b-459426b2d766,f1db0152-6666-4ab3-aef8-e7c9e5024db7,1633168322905,14.2685686,52.2961742,7.198405,0.31396386,1.22122,2.1610317,on bike mount,cyclo cross,True,asphalt,excellent
40b1faa6-1ba9-4218-b2b9-0e4979a6b88a,7d020541-a383-404a-bd2b-459426b2d766,98ae9c1d-1570-4445-be6b-c88d2faed886,1633168322959,14.2686599,52.2962126,7.2312407,0.7950474,-4.4956493,3.8108397,on bike mount,cyclo cross,True,asphalt,excellent
40b1faa6-1ba9-4218-b2b9-0e4979a6b88a,7d020541-a383-404a-bd2b-459426b2d766,8033b2c3-f661-4368-8094-e297eb6421f1,1633168323020,14.2686599,52.2962126,7.2312407,-1.3168308,1.6465361,0.9936495,on bike mount,cyclo cross,True,asphalt,excellent
40b1faa6-1ba9-4218-b2b9-0e4979a6b88a,7d020541-a383-404a-bd2b-459426b2d766,906c502a-74c3-4a58-8e46-be3733e0a38c,1633168323070,14.2686599,52.2962126,7.2312407,-0.92329127,-0.7022972,1.8450079,on bike mount,cyclo cross,True,asphalt,excellent
40b1faa6-1ba9-4218-b2b9-0e4979a6b88a,7d020541-a383-404a-bd2b-459426b2d766,d05685ae-5da0-49d3-b0db-749611fcb65b,1633168323121,14.2686599,52.2962126,7.2312407,0.51426244,0.92526174,2.0042067,on bike mount,cyclo cross,True,asphalt,excellent
40b1faa6-1ba9-4218-b2b9-0e4979a6b88a,7d020541-a383-404a-bd2b-459426b2d766,785206e6-0d5a-4be1-90a8-8de55be2a12f,1633168323171,14.2686599,52.2962126,7.2312407,-0.017945684,-1.7610935,3.104804,on bike mount,cyclo cross,True,asphalt,excellent
40b1faa6-1ba9-4218-b2b9-0e4979a6b88a,7d020541-a383-404a-bd2b-459426b2d766,417365d7-cfff-4017-aea5-07ef599ae1d1,1633168323222,14.2686599,52.2962126,7.2312407,-1.1318841,0.5985358,0.92933464,on bike mount,cyclo cross,True,asphalt,excellent
40b1faa6-1ba9-4218-b2b9-0e4979a6b88a,7d020541-a383-404a-bd2b-459426b2d766,b58e164c-63ac-4dff-8cfa-badffe988057,1633168323272,14.2686599,52.2962126,7.2312407,0.25943533,-2.1163154,1.5276079,on bike mount,cyclo cross,True,asphalt,excellent
40b1faa6-1ba9-4218-b2b9-0e4979a6b88a,7d020541-a383-404a-bd2b-459426b2d766,92fa85d9-342e-4550-9685-df476e480d09,1633168323338,14.2686599,52.2962126,7.2312407,-1.4606576,1.9274116,-1.2814908,on bike mount,cyclo cross,True,asphalt,excellent
40b1faa6-1ba9-4218-b2b9-0e4979a6b88a,7d020541-a383-404a-bd2b-459426b2d766,f6c20f92-685e-4192-89d5-23d06bb6f837,1633168323404,14.2686599,52.2962126,7.2312407,0.71016026,-2.3234208,1.270566,on bike mount,cyclo cross,True,asphalt,excellent
40b1faa6-1ba9-4218-b2b9-0e4979a6b88a,7d020541-a383-404a-bd2b-459426b2d766,34767874-b7a0-493b-a32b-cc0272e7e2c6,1633168323455,14.2686599,52.2962126,7.2312407,1.6182865,4.7135334,-0.11348724,on bike mount,cyclo cross,True,asphalt,excellent
40b1faa6-1ba9-4218-b2b9-0e4979a6b88a,7d020541-a383-404a-bd2b-459426b2d766,5f517e5a-2664-4c88-87e0-e92c03bb96c9,1633168323507,14.2686599,52.2962126,7.2312407,-1.03337,0.24341631,0.44538593,on bike mount,cyclo cross,True,asphalt,excellent
40b1faa6-1ba9-4218-b2b9-0e4979a6b88a,7d020541-a383-404a-bd2b-459426b2d766,c1b0d702-5127-49fb-87dd-44e39568ecd0,1633168323558,14.2686599,52.2962126,7.2312407,0.06882841,1.5482378,2.7290945,on bike mount,cyclo cross,True,asphalt,excellent
40b1faa6-1ba9-4218-b2b9-0e4979a6b88a,7d020541-a383-404a-bd2b-459426b2d766,09770bba-a168-4aca-b5ea-305d01351a76,1633168323623,14.2686599,52.2962126,7.2312407,-1.1306363,-2.5959082,-0.37305737,on bike mount,cyclo cross,True,asphalt,excellent
40b1faa6-1ba9-4218-b2b9-0e4979a6b88a,7d020541-a383-404a-bd2b-459426b2d766,12c60499-85d2-42b8-b229-8718a5f0bae2,1633168323672,14.2686599,52.2962126,7.2312407,1.5702137,2.4752479,-5.1425714,on bike mount,cyclo cross,True,asphalt,excellent
40b1faa6-1ba9-4218-b2b9-0e4979a6b88a,7d020541-a383-404a-bd2b-459426b2d766,cdb14693-caee-41ea-b613-ac86e040be6f,1633168323724,14.2686599,52.2962126,7.2312407,-1.0710275,0.84482574,-1.5394568,on bike mount,cyclo cross,True,asphalt,excellent
40b1faa6-1ba9-4218-b2b9-0e4979a6b88a,7d020541-a383-404a-bd2b-459426b2d766,542612fb-e75c-463f-8a16-73341677e6be,1633168323790,14.2686599,52.2962126,7.2312407,-1.3169947,1.9308176,-2.6646323,on bike mount,cyclo cross,True,asphalt,excellent
40b1faa6-1ba9-4218-b2b9-0e4979a6b88a,7d020541-a383-404a-bd2b-459426b2d766,db5ae0b2-c331-4f42-861e-a7edaf54f973,1633168323856,14.2686599,52.2962126,7.2312407,0.7301197,-1.7534244,4.7972317,on bike mount,cyclo cross,True,asphalt,excellent
40b1faa6-1ba9-4218-b2b9-0e4979a6b88a,7d020541-a383-404a-bd2b-459426b2d766,493e71f0-345f-43fb-be4e-c23fc3ccc6bd,1633168323906,14.2686599,52.2962126,7.2312407,-0.07428971,-0.59809375,-0.1962223,on bike mount,cyclo cross,True,asphalt,excellent
40b1faa6-1ba9-4218-b2b9-0e4979a6b88a,7d020541-a383-404a-bd2b-459426b2d766,b6d305bc-a0b5-46d7-aeac-f6f5657a057d,1633168323961,14.2687497,52.2962503,7.2311344,1.7077867,0.4600804,-2.6785188,on bike mount,cyclo cross,True,asphalt,excellent
40b1faa6-1ba9-4218-b2b9-0e4979a6b88a,7d020541-a383-404a-bd2b-459426b2d766,b07098fe-24ea-49bd-9f92-8b1d8bc408f1,1633168324022,14.2687497,52.2962503,7.2311344,-1.1108575,-1.7839972,-1.8979511,on bike mount,cyclo cross,True,asphalt,excellent
40b1faa6-1ba9-4218-b2b9-0e4979a6b88a,7d020541-a383-404a-bd2b-459426b2d766,687cf7da-61b1-4e41-acbf-5a2d312a8846,1633168324072,14.2687497,52.2962503,7.2311344,0.861948,-0.2121365,4.129222,on bike mount,cyclo cross,True,asphalt,excellent
40b1faa6-1ba9-4218-b2b9-0e4979a6b88a,7d020541-a383-404a-bd2b-459426b2d766,f172a017-561f-4627-9ec1-e8c792441316,1633168324124,14.2687497,52.2962503,7.2311344,0.82670516,0.100360155,-0.46191978,on bike mount,cyclo cross,True,asphalt,excellent
40b1faa6-1ba9-4218-b2b9-0e4979a6b88a,7d020541-a383-404a-bd2b-459426b2d766,2cd93b11-283c-43ae-b852-11b9f1e06536,1633168324174,14.2687497,52.2962503,7.2311344,-1.7849193,-0.8937311,-2.6641526,on bike mount,cyclo cross,True,asphalt,excellent
40b1faa6-1ba9-4218-b2b9-0e4979a6b88a,7d020541-a383-404a-bd2b-459426b2d766,4411f31c-4849-4799-82d3-2588e180d877,1633168324242,14.2687497,52.2962503,7.2311344,-0.091849744,0.24018335,-0.009282112,on bike mount,cyclo cross,True,asphalt,excellent
40b1faa6-1ba9-4218-b2b9-0e4979a6b88a,7d020541-a383-404a-bd2b-459426b2d766,3911def4-562c-4151-9cf7-c94f16d1af1a,1633168324291,14.2687497,52.2962503,7.2311344,0.8146676,1.4610014,-2.093638,on bike mount,cyclo cross,True,asphalt,excellent
40b1faa6-1ba9-4218-b2b9-0e4979a6b88a,7d020541-a383-404a-bd2b-459426b2d766,8cea29bf-44c5-4490-afc4-d44a2dfefabc,1633168324342,14.2687497,52.2962503,7.2311344,0.6935909,0.44045687,-0.4616375,on bike mount,cyclo cross,True,asphalt,excellent
40b1faa6-1ba9-4218-b2b9-0e4979a6b88a,7d020541-a383-404a-bd2b-459426b2d766,f86561a2-b32f-4142-bb83-9abe6438a934,1633168324407,14.2687497,52.2962503,7.2311344,0.27663952,0.3643918,-5.411822,on bike mount,cyclo cross,True,asphalt,excellent
40b1faa6-1ba9-4218-b2b9-0e4979a6b88a,7d020541-a383-404a-bd2b-459426b2d766,46552e3d-badd-4be9-8f32-ff609fcfe407,1633168324458,14.2687497,52.2962503,7.2311344,-0.27131593,-0.8908982,0.0398407,on bike mount,cyclo cross,True,asphalt,excellent
40b1faa6-1ba9-4218-b2b9-0e4979a6b88a,7d020541-a383-404a-bd2b-459426b2d766,0299f598-bced-42ae-8a42-1f1d25bfc4a9,1633168324509,14.2687497,52.2962503,7.2311344,0.40494984,-0.0018641949,2.2650614,on bike mount,cyclo cross,True,asphalt,excellent
40b1faa6-1ba9-4218-b2b9-0e4979a6b88a,7d020541-a383-404a-bd2b-459426b2d766,cb38384d-f792-439c-9555-69e9ba219827,1633168324560,14.2687497,52.2962503,7.2311344,2.8475242,-3.1978605,1.3333092,on bike mount,cyclo cross,True,asphalt,excellent
40b1faa6-1ba9-4218-b2b9-0e4979a6b88a,7d020541-a383-404a-bd2b-459426b2d766,d767f79a-1751-4cf1-93ea-c75f97a3e87d,1633168324624,14.2687497,52.2962503,7.2311344,-0.4167185,2.082406,-0.93731976,on bike mount,cyclo cross,True,asphalt,excellent
40b1faa6-1ba9-4218-b2b9-0e4979a6b88a,7d020541-a383-404a-bd2b-459426b2d766,d306c4dc-bf88-438d-8a86-af7ed5b9aee8,1633168324690,14.2687497,52.2962503,7.2311344,-0.5477004,0.26212788,1.038806,on bike mount,cyclo cross,True,asphalt,excellent
40b1faa6-1ba9-4218-b2b9-0e4979a6b88a,7d020541-a383-404a-bd2b-459426b2d766,c36ce071-de3f-4a4c-9212-ac348dcfd977,1633168324740,14.2687497,52.2962503,7.2311344,2.2913833,-0.42332888,0.91803265,on bike mount,cyclo cross,True,asphalt,excellent
40b1faa6-1ba9-4218-b2b9-0e4979a6b88a,7d020541-a383-404a-bd2b-459426b2d766,7c32f4f1-c618-45d5-b123-e0019e446c49,1633168324791,14.2687497,52.2962503,7.2311344,-0.15391213,1.2818732,-4.2796087,on bike mount,cyclo cross,True,asphalt,excellent
40b1faa6-1ba9-4218-b2b9-0e4979a6b88a,7d020541-a383-404a-bd2b-459426b2d766,83b56974-b8aa-4545-b0b8-4f4f0cdddef4,1633168324842,14.2687497,52.2962503,7.2311344,-0.69262135,-1.3326299,-0.35923672,on bike mount,cyclo cross,True,asphalt,excellent
40b1faa6-1ba9-4218-b2b9-0e4979a6b88a,7d020541-a383-404a-bd2b-459426b2d766,13eb204f-613b-4ef2-99ce-3755765a3ed3,1633168324891,14.2687497,52.2962503,7.2311344,0.50601697,-1.4464309,0.42045784,on bike mount,cyclo cross,True,asphalt,excellent
40b1faa6-1ba9-4218-b2b9-0e4979a6b88a,7d020541-a383-404a-bd2b-459426b2d766,259395bf-8751-4a11-9d9c-97de0b1303f1,1633168324942,14.2687497,52.2962503,7.2311344,-0.935267,0.13354707,-0.72341156,on bike mount,cyclo cross,True,asphalt,excellent
40b1faa6-1ba9-4218-b2b9-0e4979a6b88a,7d020541-a383-404a-bd2b-459426b2d766,9ab093f2-11dd-495b-8a9b-65c7f66a602d,1633168325007,14.2688454,52.2962881,7.288597,-0.94242585,0.69106483,-4.493788,on bike mount,cyclo cross,True,asphalt,excellent
40b1faa6-1ba9-4218-b2b9-0e4979a6b88a,7d020541-a383-404a-bd2b-459426b2d766,3e962465-f47c-48e0-a74c-9f89b96e1c04,1633168325059,14.2688454,52.2962881,7.288597,0.37534004,-0.44746995,1.711379,on bike mount,cyclo cross,True,asphalt,excellent
40b1faa6-1ba9-4218-b2b9-0e4979a6b88a,7d020541-a383-404a-bd2b-459426b2d766,853672bc-a944-40e1-9e57-5ce89787e0cd,1633168325124,14.2688454,52.2962881,7.288597,-0.9217299,0.5114815,-1.4804072,on bike mount,cyclo cross,True,asphalt,excellent
40b1faa6-1ba9-4218-b2b9-0e4979a6b88a,7d020541-a383-404a-bd2b-459426b2d766,b43034a1-b11d-4cd5-bb04-0555dad4c346,1633168325176,14.2688454,52.2962881,7.288597,1.0043937,2.8729568,-2.2950459,on bike mount,cyclo cross,True,asphalt,excellent
40b1faa6-1ba9-4218-b2b9-0e4979a6b88a,7d020541-a383-404a-bd2b-459426b2d766,8f5c02b4-7701-4c9c-9576-c7ca12cb2c60,1633168325226,14.2688454,52.2962881,7.288597,-0.96228695,-1.5411382,-1.2750521,on bike mount,cyclo cross,True,asphalt,excellent
40b1faa6-1ba9-4218-b2b9-0e4979a6b88a,7d020541-a383-404a-bd2b-459426b2d766,5621e297-24e9-4608-a18a-52939b7aaa2d,1633168325276,14.2688454,52.2962881,7.288597,-0.3644517,-0.06659579,-0.5008631,on bike mount,cyclo cross,True,asphalt,excellent
40b1faa6-1ba9-4218-b2b9-0e4979a6b88a,7d020541-a383-404a-bd2b-459426b2d766,4124bd63-5497-4171-9a50-93e166dd1da0,1633168325327,14.2688454,52.2962881,7.288597,-0.20496273,-1.4304339,5.468794,on bike mount,cyclo cross,True,asphalt,excellent
40b1faa6-1ba9-4218-b2b9-0e4979a6b88a,7d020541-a383-404a-bd2b-459426b2d766,faffd443-c41d-4bfe-82be-5fa46b1e7cf8,1633168325377,14.2688454,52.2962881,7.288597,0.07169254,0.8741615,-3.022543,on bike mount,cyclo cross,True,asphalt,excellent
40b1faa6-1ba9-4218-b2b9-0e4979a6b88a,7d020541-a383-404a-bd2b-459426b2d766,460378d2-16a4-4274-b5c3-8da2afe77f10,1633168325442,14.2688454,52.2962881,7.288597,-0.6699052,-3.1174002,-0.9277487,on bike mount,cyclo cross,True,asphalt,excellent
40b1faa6-1ba9-4218-b2b9-0e4979a6b88a,7d020541-a383-404a-bd2b-459426b2d766,567c2ca5-4668-4a11-b4d6-aafb2932878c,1633168325494,14.2688454,52.2962881,7.288597,1.4933162,2.1078434,0.24800777,on bike mount,cyclo cross,True,asphalt,excellent
40b1faa6-1ba9-4218-b2b9-0e4979a6b88a,7d020541-a383-404a-bd2b-459426b2d766,727cb195-09ac-43d2-a382-577a488195af,1633168325560,14.2688454,52.2962881,7.288597,0.12830867,2.501076,-7.283291,on bike mount,cyclo cross,True,asphalt,excellent
40b1faa6-1ba9-4218-b2b9-0e4979a6b88a,7d020541-a383-404a-bd2b-459426b2d766,7bc1adee-ff29-4aca-a355-59d8767a729e,1633168325610,14.2688454,52.2962881,7.288597,-1.0780537,-2.9465373,0.92138577,on bike mount,cyclo cross,True,asphalt,excellent
40b1faa6-1ba9-4218-b2b9-0e4979a6b88a,7d020541-a383-404a-bd2b-459426b2d766,ff4dc882-2184-4025-ac23-446e30085a1f,1633168325659,14.2688454,52.2962881,7.288597,0.74536616,-1.5930823,-0.563818,on bike mount,cyclo cross,True,asphalt,excellent
40b1faa6-1ba9-4218-b2b9-0e4979a6b88a,7d020541-a383-404a-bd2b-459426b2d766,76c6efda-846b-4a6b-9c98-8cfd615dc705,1633168325709,14.2688454,52.2962881,7.288597,-0.511551,-2.6486804,0.49956703,on bike mount,cyclo cross,True,asphalt,excellent
40b1faa6-1ba9-4218-b2b9-0e4979a6b88a,7d020541-a383-404a-bd2b-459426b2d766,cdc5e398-4687-474e-9077-41b0ea24cfc3,1633168325759,14.2688454,52.2962881,7.288597,0.17219539,-2.1256542,5.015093,on bike mount,cyclo cross,True,asphalt,excellent
40b1faa6-1ba9-4218-b2b9-0e4979a6b88a,7d020541-a383-404a-bd2b-459426b2d766,35d7f513-08e4-4745-8b4d-459a5e23331e,1633168325809,14.2688454,52.2962881,7.288597,-1.4815062,-0.56264544,0.8886719,on bike mount,cyclo cross,True,asphalt,excellent
40b1faa6-1ba9-4218-b2b9-0e4979a6b88a,7d020541-a383-404a-bd2b-459426b2d766,e502547a-b4ef-4f2b-9522-81ad8cdaef2b,1633168325860,14.2688454,52.2962881,7.288597,1.3964468,1.8429956,-2.5916371,on bike mount,cyclo cross,True,asphalt,excellent
40b1faa6-1ba9-4218-b2b9-0e4979a6b88a,7d020541-a383-404a-bd2b-459426b2d766,6560131c-b2c5-4e4c-827d-b18a05cb558e,1633168325911,14.2688454,52.2962881,7.288597,-0.8154619,-1.6838951,-2.1264963,on bike mount,cyclo cross,True,asphalt,excellent
40b1faa6-1ba9-4218-b2b9-0e4979a6b88a,7d020541-a383-404a-bd2b-459426b2d766,80ed1188-7025-4c65-8bb0-9f6108b0c63a,1633168325978,14.2689371,52.2963245,7.277054,-0.07651907,-2.4540808,0.6946287,on bike mount,cyclo cross,True,asphalt,excellent
40b1faa6-1ba9-4218-b2b9-0e4979a6b88a,7d020541-a383-404a-bd2b-459426b2d766,be9dccc0-6ae5-4d23-bb1b-2d3a05ad1aa5,1633168326044,14.2689371,52.2963245,7.277054,-1.1816409,-0.78789854,0.98044586,on bike mount,cyclo cross,True,asphalt,excellent
40b1faa6-1ba9-4218-b2b9-0e4979a6b88a,ad7c36f4-d54e-42e8-802e-c7898bacd08c,1ee0eab8-aea2-4a03-b6d0-e6759bfc5a6f,1633168324358,14.2687497,52.2962503,7.2311344,1.3659678,1.2290173,-0.65578556,on bike mount,cyclo cross,True,asphalt,excellent
40b1faa6-1ba9-4218-b2b9-0e4979a6b88a,ad7c36f4-d54e-42e8-802e-c7898bacd08c,b9326648-870d-463f-9f34-3cfd64ce5dee,1633168324407,14.2687497,52.2962503,7.2311344,0.27663952,0.3643918,-5.411822,on bike mount,cyclo cross,True,asphalt,excellent
40b1faa6-1ba9-4218-b2b9-0e4979a6b88a,ad7c36f4-d54e-42e8-802e-c7898bacd08c,c57dbd72-ea21-454d-82d7-a98ccfe23425,1633168324457,14.2687497,52.2962503,7.2311344,-0.27131593,-0.8908982,0.0398407,on bike mount,cyclo cross,True,asphalt,excellent
40b1faa6-1ba9-4218-b2b9-0e4979a6b88a,ad7c36f4-d54e-42e8-802e-c7898bacd08c,7d4e57ab-c3f1-4278-acbb-bd8dff3654bb,1633168324507,14.2687497,52.2962503,7.2311344,-0.23048985,-0.6849203,0.2065239,on bike mount,cyclo cross,True,asphalt,excellent
40b1faa6-1ba9-4218-b2b9-0e4979a6b88a,ad7c36f4-d54e-42e8-802e-c7898bacd08c,1ceb6a20-68e1-439d-b80b-c8279c92ad2b,1633168324556,14.2687497,52.2962503,7.2311344,2.8475242,-3.1978605,1.3333092,on bike mount,cyclo cross,True,asphalt,excellent
40b1faa6-1ba9-4218-b2b9-0e4979a6b88a,ad7c36f4-d54e-42e8-802e-c7898bacd08c,ac7b1dc4-783b-4c61-88da-3aba0d319645,1633168324607,14.2687497,52.2962503,7.2311344,-0.64421374,-1.2697793,-4.442281,on bike mount,cyclo cross,True,asphalt,excellent
40b1faa6-1ba9-4218-b2b9-0e4979a6b88a,ad7c36f4-d54e-42e8-802e-c7898bacd08c,5f8eb81e-0357-4f8a-8010-88e69db0c220,1633168324659,14.2687497,52.2962503,7.2311344,-2.0875604,-1.8420548,-2.3187408,on bike mount,cyclo cross,True,asphalt,excellent
40b1faa6-1ba9-4218-b2b9-0e4979a6b88a,ad7c36f4-d54e-42e8-802e-c7898bacd08c,4a97d2e0-916c-435c-8dbe-dbcefab1846a,1633168324725,14.2687497,52.2962503,7.2311344,0.61948264,-1.5468378,1.7923384,on bike mount,cyclo cross,True,asphalt,excellent
40b1faa6-1ba9-4218-b2b9-0e4979a6b88a,ad7c36f4-d54e-42e8-802e-c7898bacd08c,1f7291fe-2351-4ff5-b609-a3a624a11fb1,1633168324775,14.2687497,52.2962503,7.2311344,-0.17716612,1.3306415,1.9239721,on bike mount,cyclo cross,True,asphalt,excellent
40b1faa6-1ba9-4218-b2b9-0e4979a6b88a,ad7c36f4-d54e-42e8-802e-c7898bacd08c,1c296034-e4b4-45d7-b91c-19f680e315db,1633168324825,14.2687497,52.2962503,7.2311344,-1.4784615,-0.09115386,-1.1958604,on bike mount,cyclo cross,True,asphalt,excellent
40b1faa6-1ba9-4218-b2b9-0e4979a6b88a,ad7c36f4-d54e-42e8-802e-c7898bacd08c,79ea767d-462f-4261-91c5-2222cca28b8c,1633168324875,14.2687497,52.2962503,7.2311344,0.05359203,1.3845572,-3.4444137,on bike mount,cyclo cross,True,asphalt,excellent
40b1faa6-1ba9-4218-b2b9-0e4979a6b88a,ad7c36f4-d54e-42e8-802e-c7898bacd08c,91da0148-cc8f-4587-a06b-f63dca8405bd,1633168324925,14.2687497,52.2962503,7.2311344,-0.6275437,2.449658,-4.917639,on bike mount,cyclo cross,True,asphalt,excellent
40b1faa6-1ba9-4218-b2b9-0e4979a6b88a,ad7c36f4-d54e-42e8-802e-c7898bacd08c,7683832f-f085-4db7-9144-19a077fe4df8,1633168324992,14.2688454,52.2962881,7.288597,-0.31674975,0.24203587,3.62914,on bike mount,cyclo cross,True,asphalt,excellent
40b1faa6-1ba9-4218-b2b9-0e4979a6b88a,ad7c36f4-d54e-42e8-802e-c7898bacd08c,b32bf548-bc46-4137-8cc1-1f0dcf6373b6,1633168325042,14.2688454,52.2962881,7.288597,0.24243778,0.91610837,-2.9520178,on bike mount,cyclo cross,True,asphalt,excellent
40b1faa6-1ba9-4218-b2b9-0e4979a6b88a,ad7c36f4-d54e-42e8-802e-c7898bacd08c,85288127-0b0c-4fe8-a4fa-9ba19269f8dc,1633168325108,14.2688454,52.2962881,7.288597,0.26698226,-1.4129611,2.4063816,on bike mount,cyclo cross,True,asphalt,excellent
40b1faa6-1ba9-4218-b2b9-0e4979a6b88a,ad7c36f4-d54e-42e8-802e-c7898bacd08c,c2f4539e-13cf-4b9e-9c59-9dfeb36bd79d,1633168325159,14.2688454,52.2962881,7.288597,-0.2948449,-0.22450852,-3.4627638,on bike mount,cyclo cross,True,asphalt,excellent
40b1faa6-1ba9-4218-b2b9-0e4979a6b88a,ad7c36f4-d54e-42e8-802e-c7898bacd08c,1264b287-c3d4-4806-a222-80978611140a,1633168325209,14.2688454,52.2962881,7.288597,-0.104420654,-0.17893338,-0.9268398,on bike mount,cyclo cross,True,asphalt,excellent
40b1faa6-1ba9-4218-b2b9-0e4979a6b88a,ad7c36f4-d54e-42e8-802e-c7898bacd08c,b55f1c57-cfe2-4cf2-932c-9bec04abdb94,1633168325259,14.2688454,52.2962881,7.288597,-0.53225404,1.6811066,-1.2000761,on bike mount,cyclo cross,True,asphalt,excellent
40b1faa6-1ba9-4218-b2b9-0e4979a6b88a,ad7c36f4-d54e-42e8-802e-c7898bacd08c,cd9dea7c-ce00-45ad-82c9-5056fd546f90,1633168325325,14.2688454,52.2962881,7.288597,-0.19032775,-0.30643868,-0.4043417,on bike mount,cyclo cross,True,asphalt,excellent
40b1faa6-1ba9-4218-b2b9-0e4979a6b88a,ad7c36f4-d54e-42e8-802e-c7898bacd08c,bfcc5c5a-d5eb-4af9-ab77-83ed16683314,1633168325376,14.2688454,52.2962881,7.288597,0.07169254,0.8741615,-3.022543,on bike mount,cyclo cross,True,asphalt,excellent
40b1faa6-1ba9-4218-b2b9-0e4979a6b88a,ad7c36f4-d54e-42e8-802e-c7898bacd08c,75bf7f6c-7432-4931-b6cf-67de39d1dc7c,1633168325426,14.2688454,52.2962881,7.288597,-0.30422312,-2.0302143,0.71706676,on bike mount,cyclo cross,True,asphalt,excellent
40b1faa6-1ba9-4218-b2b9-0e4979a6b88a,ad7c36f4-d54e-42e8-802e-c7898bacd08c,ee819563-3e54-40c1-8f6c-655e24d42761,1633168325494,14.2688454,52.2962881,7.288597,1.4933162,2.1078434,0.24800777,on bike mount,cyclo cross,True,asphalt,excellent
40b1faa6-1ba9-4218-b2b9-0e4979a6b88a,ad7c36f4-d54e-42e8-802e-c7898bacd08c,a3d81ef4-aaab-479e-8ca5-f5c24476bc53,1633168325559,14.2688454,52.2962881,7.288597,0.12830867,2.501076,-7.283291,on bike mount,cyclo cross,True,asphalt,excellent
40b1faa6-1ba9-4218-b2b9-0e4979a6b88a,ad7c36f4-d54e-42e8-802e-c7898bacd08c,372af107-0457-41cc-848e-2620f7ed27b7,1633168325609,14.2688454,52.2962881,7.288597,-1.0780537,-2.9465373,0.92138577,on bike mount,cyclo cross,True,asphalt,excellent
40b1faa6-1ba9-4218-b2b9-0e4979a6b88a,ad7c36f4-d54e-42e8-802e-c7898bacd08c,952464e4-1f93-4e72-a0b8-abdbaf7ef3f5,1633168325660,14.2688454,52.2962881,7.288597,0.74536616,-1.5930823,-0.563818,on bike mount,cyclo cross,True,asphalt,excellent
40b1faa6-1ba9-4218-b2b9-0e4979a6b88a,ad7c36f4-d54e-42e8-802e-c7898bacd08c,cd35ea35-7857-4c71-a069-3ec4c4ee7140,1633168325710,14.2688454,52.2962881,7.288597,-0.511551,-2.6486804,0.49956703,on bike mount,cyclo cross,True,asphalt,excellent
40b1faa6-1ba9-4218-b2b9-0e4979a6b88a,ad7c36f4-d54e-42e8-802e-c7898bacd08c,d2627ea9-ff4d-4096-a6e9-7d974a3f47b0,1633168325760,14.2688454,52.2962881,7.288597,0.17219539,-2.1256542,5.015093,on bike mount,cyclo cross,True,asphalt,excellent
40b1faa6-1ba9-4218-b2b9-0e4979a6b88a,ad7c36f4-d54e-42e8-802e-c7898bacd08c,75e90be9-a846-4d6b-ad58-16180aa877eb,1633168325810,14.2688454,52.2962881,7.288597,-1.4815062,-0.56264544,0.8886719,on bike mount,cyclo cross,True,asphalt,excellent
40b1faa6-1ba9-4218-b2b9-0e4979a6b88a,ad7c36f4-d54e-42e8-802e-c7898bacd08c,821b57a1-9256-467f-a762-1d8f664ae898,1633168325859,14.2688454,52.2962881,7.288597,1.3964468,1.8429956,-2.5916371,on bike mount,cyclo cross,True,asphalt,excellent
40b1faa6-1ba9-4218-b2b9-0e4979a6b88a,ad7c36f4-d54e-42e8-802e-c7898bacd08c,d11135cc-ba47-4541-8904-9da7420317a2,1633168325910,14.2688454,52.2962881,7.288597,-1.4924343,2.2632864,-0.9118166,on bike mount,cyclo cross,True,asphalt,excellent
40b1faa6-1ba9-4218-b2b9-0e4979a6b88a,ad7c36f4-d54e-42e8-802e-c7898bacd08c,2bd27241-2a2e-4330-be94-64dee7c267dc,1633168325961,14.2689371,52.2963245,7.277054,-0.89724,1.8593986,-2.2423024,on bike mount,cyclo cross,True,asphalt,excellent
40b1faa6-1ba9-4218-b2b9-0e4979a6b88a,ad7c36f4-d54e-42e8-802e-c7898bacd08c,6d1ff2b8-20e1-4569-8d56-d2af91813cef,1633168326011,14.2689371,52.2963245,7.277054,0.12035179,-0.500967,0.8611069,on bike mount,cyclo cross,True,asphalt,excellent
40b1faa6-1ba9-4218-b2b9-0e4979a6b88a,ad7c36f4-d54e-42e8-802e-c7898bacd08c,c0fab1c1-612b-4e27-b29b-16eafd00a59c,1633168326061,14.2689371,52.2963245,7.277054,-0.49530298,-1.2924601,-1.0631728,on bike mount,cyclo cross,True,asphalt,excellent
40b1faa6-1ba9-4218-b2b9-0e4979a6b88a,ad7c36f4-d54e-42e8-802e-c7898bacd08c,d9f8f877-0c7f-4c8c-8cb6-76a59f69e027,1633168326111,14.2689371,52.2963245,7.277054,-0.15456778,0.0794487,-0.37260056,on bike mount,cyclo cross,True,asphalt,excellent
40b1faa6-1ba9-4218-b2b9-0e4979a6b88a,ad7c36f4-d54e-42e8-802e-c7898bacd08c,1d48a3d7-ad7c-47d5-94a7-b701018ad18b,1633168326161,14.2689371,52.2963245,7.277054,0.7816987,1.04491,0.62259483,on bike mount,cyclo cross,True,asphalt,excellent
40b1faa6-1ba9-4218-b2b9-0e4979a6b88a,ad7c36f4-d54e-42e8-802e-c7898bacd08c,16336530-d7bc-43a7-8a5a-1bf99f28c279,1633168326211,14.2689371,52.2963245,7.277054,0.1903559,1.7391305,-1.1738596,on bike mount,cyclo cross,True,asphalt,excellent
40b1faa6-1ba9-4218-b2b9-0e4979a6b88a,ad7c36f4-d54e-42e8-802e-c7898bacd08c,108ad6f0-068f-4c91-b084-a20cd0ed4c30,1633168326261,14.2689371,52.2963245,7.277054,1.2782812,1.0641301,0.053424835,on bike mount,cyclo cross,True,asphalt,excellent
40b1faa6-1ba9-4218-b2b9-0e4979a6b88a,ad7c36f4-d54e-42e8-802e-c7898bacd08c,845e8324-e052-4775-bc1c-834896792b8e,1633168326311,14.2689371,52.2963245,7.277054,0.41309914,-0.7823355,-3.3900251,on bike mount,cyclo cross,True,asphalt,excellent
40b1faa6-1ba9-4218-b2b9-0e4979a6b88a,ad7c36f4-d54e-42e8-802e-c7898bacd08c,afdf6c5e-1a87-4b24-acc8-42ba5b9c1331,1633168326361,14.2689371,52.2963245,7.277054,0.7784363,0.27922773,1.2264748,on bike mount,cyclo cross,True,asphalt,excellent
40b1faa6-1ba9-4218-b2b9-0e4979a6b88a,ad7c36f4-d54e-42e8-802e-c7898bacd08c,6f855eef-1fc0-4d1f-8e48-96ea30c73386,1633168326412,14.2689371,52.2963245,7.277054,-0.19908327,-2.5833113,4.0245686,on bike mount,cyclo cross,True,asphalt,excellent
40b1faa6-1ba9-4218-b2b9-0e4979a6b88a,ad7c36f4-d54e-42e8-802e-c7898bacd08c,6d76cb95-6eb6-416a-bf50-1e83abcd164f,1633168326462,14.2689371,52.2963245,7.277054,0.9735937,-0.665066,1.4527969,on bike mount,cyclo cross,True,asphalt,excellent
40b1faa6-1ba9-4218-b2b9-0e4979a6b88a,ad7c36f4-d54e-42e8-802e-c7898bacd08c,02d3081a-d4aa-463b-9ebf-d36fc87e6fa9,1633168326529,14.2689371,52.2963245,7.277054,0.47046915,-0.11889744,1.2446012,on bike mount,cyclo cross,True,asphalt,excellent
40b1faa6-1ba9-4218-b2b9-0e4979a6b88a,ad7c36f4-d54e-42e8-802e-c7898bacd08c,d2c11e8e-0dc5-44ab-bcc2-899657d565c9,1633168326579,14.2689371,52.2963245,7.277054,-1.3910275,0.7140355,-2.1539068,on bike mount,cyclo cross,True,asphalt,excellent
40b1faa6-1ba9-4218-b2b9-0e4979a6b88a,ad7c36f4-d54e-42e8-802e-c7898bacd08c,2e0b0227-979d-4c43-925b-3e8c433f6471,1633168326644,14.2689371,52.2963245,7.277054,0.7730806,1.5591769,3.7424097,on bike mount,cyclo cross,True,asphalt,excellent
40b1faa6-1ba9-4218-b2b9-0e4979a6b88a,ad7c36f4-d54e-42e8-802e-c7898bacd08c,2a7cefa1-3d68-4fa7-84c7-3c384e504d06,1633168326694,14.2689371,52.2963245,7.277054,1.3017,2.384396,-0.84412956,on bike mount,cyclo cross,True,asphalt,excellent
40b1faa6-1ba9-4218-b2b9-0e4979a6b88a,ad7c36f4-d54e-42e8-802e-c7898bacd08c,7f20f7d6-56a0-4d3a-9736-2aabcd38fd54,1633168326746,14.2689371,52.2963245,7.277054,0.56581676,-0.5279746,-0.03643036,on bike mount,cyclo cross,True,asphalt,excellent
40b1faa6-1ba9-4218-b2b9-0e4979a6b88a,ad7c36f4-d54e-42e8-802e-c7898bacd08c,19c0999d-672a-4d2d-9fe9-7e4d504bbe9a,1633168326811,14.2689371,52.2963245,7.277054,-0.31284797,-1.169668,1.1181154,on bike mount,cyclo cross,True,asphalt,excellent
40b1faa6-1ba9-4218-b2b9-0e4979a6b88a,ad7c36f4-d54e-42e8-802e-c7898bacd08c,2b529d27-8f01-4e90-baf3-b47f7446daab,1633168326862,14.2689371,52.2963245,7.277054,-0.58153355,-0.2650106,4.75686,on bike mount,cyclo cross,True,asphalt,excellent
40b1faa6-1ba9-4218-b2b9-0e4979a6b88a,ad7c36f4-d54e-42e8-802e-c7898bacd08c,f00e3d3b-0177-4f88-bf4d-9802a86c54d0,1633168326912,14.2689371,52.2963245,7.277054,0.2938894,-1.0762131,4.169449,on bike mount,cyclo cross,True,asphalt,excellent
40b1faa6-1ba9-4218-b2b9-0e4979a6b88a,ad7c36f4-d54e-42e8-802e-c7898bacd08c,bbdab9e5-a70f-4ea9-9a00-85e5644f1c8b,1633168326963,14.2690243,52.2963603,7.234025,1.253965,1.2901981,-3.9534545,on bike mount,cyclo cross,True,asphalt,excellent
40b1faa6-1ba9-4218-b2b9-0e4979a6b88a,ad7c36f4-d54e-42e8-802e-c7898bacd08c,44acc71f-035f-40ab-9acb-c1c341ac1937,1633168327013,14.2690243,52.2963603,7.234025,-0.37240076,0.8002629,-0.71301174,on bike mount,cyclo cross,True,asphalt,excellent
40b1faa6-1ba9-4218-b2b9-0e4979a6b88a,ad7c36f4-d54e-42e8-802e-c7898bacd08c,9f11053d-a308-4998-8022-32b821cf6512,1633168327063,14.2690243,52.2963603,7.234025,-0.36225808,-0.22973442,2.2564516,on bike mount,cyclo cross,True,asphalt,excellent
40b1faa6-1ba9-4218-b2b9-0e4979a6b88a,ad7c36f4-d54e-42e8-802e-c7898bacd08c,c7f0388e-9dc4-4c00-bc74-48cb8226f8b1,1633168327113,14.2690243,52.2963603,7.234025,1.0659463,-0.26090312,2.9843206,on bike mount,cyclo cross,True,asphalt,excellent
40b1faa6-1ba9-4218-b2b9-0e4979a6b88a,ad7c36f4-d54e-42e8-802e-c7898bacd08c,09cd3196-f0de-4a16-8fa5-9073141089f0,1633168327181,14.2690243,52.2963603,7.234025,-0.43484908,-1.0833528,-1.6578021,on bike mount,cyclo cross,True,asphalt,excellent
40b1faa6-1ba9-4218-b2b9-0e4979a6b88a,ad7c36f4-d54e-42e8-802e-c7898bacd08c,6c02b3a5-7e30-465e-98be-e9c155d38df2,1633168327247,14.2690243,52.2963603,7.234025,0.4697121,-1.9003351,0.21189213,on bike mount,cyclo cross,True,asphalt,excellent
40b1faa6-1ba9-4218-b2b9-0e4979a6b88a,ad7c36f4-d54e-42e8-802e-c7898bacd08c,b23717ed-588f-4688-95cc-22b897a46603,1633168327297,14.2690243,52.2963603,7.234025,0.16724089,-0.12737226,-1.6691027,on bike mount,cyclo cross,True,asphalt,excellent
40b1faa6-1ba9-4218-b2b9-0e4979a6b88a,ad7c36f4-d54e-42e8-802e-c7898bacd08c,507be4cd-5548-491e-9ca6-b0d81f8d4dae,1633168327348,14.2690243,52.2963603,7.234025,0.7583643,-1.8746866,3.0409985,on bike mount,cyclo cross,True,asphalt,excellent
40b1faa6-1ba9-4218-b2b9-0e4979a6b88a,ad7c36f4-d54e-42e8-802e-c7898bacd08c,8a1fe183-8b02-4553-b1d8-b6db6bd5ede4,1633168327398,14.2690243,52.2963603,7.234025,2.957836,0.6994052,1.1867914,on bike mount,cyclo cross,True,asphalt,excellent
40b1faa6-1ba9-4218-b2b9-0e4979a6b88a,ad7c36f4-d54e-42e8-802e-c7898bacd08c,9fa6d139-64d8-408e-a0ca-38ca0a036f5a,1633168327449,14.2690243,52.2963603,7.234025,-1.4130512,0.55518985,0.8849869,on bike mount,cyclo cross,True,asphalt,excellent
40b1faa6-1ba9-4218-b2b9-0e4979a6b88a,ad7c36f4-d54e-42e8-802e-c7898bacd08c,13ce6029-6c0c-48bb-a9d8-a3e227d58812,1633168327514,14.2690243,52.2963603,7.234025,0.3084649,3.6276484,-1.6748328,on bike mount,cyclo cross,True,asphalt,excellent
40b1faa6-1ba9-4218-b2b9-0e4979a6b88a,ad7c36f4-d54e-42e8-802e-c7898bacd08c,ee443fd4-f88e-4b28-92a3-164a126142f5,1633168327564,14.2690243,52.2963603,7.234025,1.058696,-0.771199,-1.5374098,on bike mount,cyclo cross,True,asphalt,excellent
40b1faa6-1ba9-4218-b2b9-0e4979a6b88a,ad7c36f4-d54e-42e8-802e-c7898bacd08c,f7d9e6af-f5fb-45d5-ba27-b23717456649,1633168327614,14.2690243,52.2963603,7.234025,-0.637863,-3.292191,1.4302979,on bike mount,cyclo cross,True,asphalt,excellent
40b1faa6-1ba9-4218-b2b9-0e4979a6b88a,ad7c36f4-d54e-42e8-802e-c7898bacd08c,e1369798-8328-48b4-af3a-72989e15c94c,1633168327664,14.2690243,52.2963603,7.234025,0.3923012,-1.076281,13.158311,on bike mount,cyclo cross,True,asphalt,excellent
40b1faa6-1ba9-4218-b2b9-0e4979a6b88a,ad7c36f4-d54e-42e8-802e-c7898bacd08c,16b90f8a-98ca-48eb-a3c3-e78278da7af5,1633168327714,14.2690243,52.2963603,7.234025,-0.23341042,-1.0104983,5.030669,on bike mount,cyclo cross,True,asphalt,excellent
40b1faa6-1ba9-4218-b2b9-0e4979a6b88a,ad7c36f4-d54e-42e8-802e-c7898bacd08c,07e09e59-fb69-4065-a8da-7dce56a59117,1633168327764,14.2690243,52.2963603,7.234025,1.1369741,-1.6869419,-1.1753693,on bike mount,cyclo cross,True,asphalt,excellent
40b1faa6-1ba9-4218-b2b9-0e4979a6b88a,ad7c36f4-d54e-42e8-802e-c7898bacd08c,093d26ef-0643-4a15-8ce4-810c71041535,1633168327814,14.2690243,52.2963603,7.234025,0.3675295,2.4493852,3.2564993,on bike mount,cyclo cross,True,asphalt,excellent
40b1faa6-1ba9-4218-b2b9-0e4979a6b88a,ad7c36f4-d54e-42e8-802e-c7898bacd08c,5600f376-8da5-4d49-be57-dace98d72bd5,1633168327864,14.2690243,52.2963603,7.234025,0.52941656,0.008733988,0.8783827,on bike mount,cyclo cross,True,asphalt,excellent
40b1faa6-1ba9-4218-b2b9-0e4979a6b88a,ad7c36f4-d54e-42e8-802e-c7898bacd08c,80562eeb-1168-4ef5-9f9b-aa9e980aa156,1633168327914,14.2690243,52.2963603,7.234025,0.6906178,-1.8617864,-0.010953903,on bike mount,cyclo cross,True,asphalt,excellent
40b1faa6-1ba9-4218-b2b9-0e4979a6b88a,ad7c36f4-d54e-42e8-802e-c7898bacd08c,64e52cd9-df86-4b94-be87-75eb83116219,1633168327965,14.2691082,52.2963921,7.1375146,-0.046015356,1.0441401,-1.5352321,on bike mount,cyclo cross,True,asphalt,excellent
40b1faa6-1ba9-4218-b2b9-0e4979a6b88a,ad7c36f4-d54e-42e8-802e-c7898bacd08c,5070d889-cc82-464a-9b67-d6ad946522a5,1633168328015,14.2691082,52.2963921,7.1375146,-0.7823594,-2.6464658,2.0333853,on bike mount,cyclo cross,True,asphalt,excellent
40b1faa6-1ba9-4218-b2b9-0e4979a6b88a,ad7c36f4-d54e-42e8-802e-c7898bacd08c,8ba8ff27-6390-4263-ae48-ace4c80f3d15,1633168328065,14.2691082,52.2963921,7.1375146,-0.59050727,0.21698761,2.7835064,on bike mount,cyclo cross,True,asphalt,excellent
40b1faa6-1ba9-4218-b2b9-0e4979a6b88a,ad7c36f4-d54e-42e8-802e-c7898bacd08c,0a97b233-41a6-47fd-a38e-2f839c1615b4,1633168328116,14.2691082,52.2963921,7.1375146,-0.5341297,-1.1903601,0.07643032,on bike mount,cyclo cross,True,asphalt,excellent
40b1faa6-1ba9-4218-b2b9-0e4979a6b88a,ad7c36f4-d54e-42e8-802e-c7898bacd08c,b7b26d0a-febe-4dc1-93cc-b35dd5dd9037,1633168328181,14.2691082,52.2963921,7.1375146,-0.94146276,-1.9936908,13.853561,on bike mount,cyclo cross,True,asphalt,excellent
40b1faa6-1ba9-4218-b2b9-0e4979a6b88a,ad7c36f4-d54e-42e8-802e-c7898bacd08c,75f4c324-10ca-4445-bf20-4427c221358f,1633168328231,14.2691082,52.2963921,7.1375146,1.1260374,3.779459,-7.4940057,on bike mount,cyclo cross,True,asphalt,excellent
40b1faa6-1ba9-4218-b2b9-0e4979a6b88a,ad7c36f4-d54e-42e8-802e-c7898bacd08c,a7e1ca31-1e03-4329-af42-e3161a2fa951,1633168328283,14.2691082,52.2963921,7.1375146,2.2153933,2.188314,-1.4449573,on bike mount,cyclo cross,True,asphalt,excellent
40b1faa6-1ba9-4218-b2b9-0e4979a6b88a,ad7c36f4-d54e-42e8-802e-c7898bacd08c,4dd15c61-47ef-4bb8-9d5b-b5500f5667eb,1633168328333,14.2691082,52.2963921,7.1375146,0.6606195,12.556257,0.7894697,on bike mount,cyclo cross,True,asphalt,excellent
40b1faa6-1ba9-4218-b2b9-0e4979a6b88a,ad7c36f4-d54e-42e8-802e-c7898bacd08c,05144378-5601-4f8b-95f2-9f2d09513172,1633168328383,14.2691082,52.2963921,7.1375146,-4.4954815,-8.207986,8.719337,on bike mount,cyclo cross,True,asphalt,excellent
40b1faa6-1ba9-4218-b2b9-0e4979a6b88a,ad7c36f4-d54e-42e8-802e-c7898bacd08c,6a3cc23d-efcd-4bd9-a86d-171066a04ee4,1633168328433,14.2691082,52.2963921,7.1375146,-1.1183358,-0.8890538,0.32957554,on bike mount,cyclo cross,True,asphalt,excellent
40b1faa6-1ba9-4218-b2b9-0e4979a6b88a,ad7c36f4-d54e-42e8-802e-c7898bacd08c,8561e09b-eacf-4df6-ae6d-3f683858b9de,1633168328499,14.2691082,52.2963921,7.1375146,-2.384473,-6.449951,-1.8637371,on bike mount,cyclo cross,True,asphalt,excellent
40b1faa6-1ba9-4218-b2b9-0e4979a6b88a,ad7c36f4-d54e-42e8-802e-c7898bacd08c,0ae547ce-fe2d-4737-9136-aee0243dea8e,1633168328548,14.2691082,52.2963921,7.1375146,0.74634564,4.443822,0.76308155,on bike mount,cyclo cross,True,asphalt,excellent
40b1faa6-1ba9-4218-b2b9-0e4979a6b88a,ad7c36f4-d54e-42e8-802e-c7898bacd08c,8875d85b-7b38-486b-be73-51d0b193eb39,1633168328599,14.2691082,52.2963921,7.1375146,0.9597665,5.7900906,6.4064817,on bike mount,cyclo cross,True,asphalt,excellent
40b1faa6-1ba9-4218-b2b9-0e4979a6b88a,ad7c36f4-d54e-42e8-802e-c7898bacd08c,04e630ab-4cc8-4163-b4f7-14121d13c7fc,1633168328649,14.2691082,52.2963921,7.1375146,-2.7837262,-1.0719439,2.856783,on bike mount,cyclo cross,True,asphalt,excellent
40b1faa6-1ba9-4218-b2b9-0e4979a6b88a,ad7c36f4-d54e-42e8-802e-c7898bacd08c,fd5b2be3-ea17-4bc6-beee-3524a3c8c907,1633168328699,14.2691082,52.2963921,7.1375146,1.2861158,-4.1502852,0.27166176,on bike mount,cyclo cross,True,asphalt,excellent
40b1faa6-1ba9-4218-b2b9-0e4979a6b88a,ad7c36f4-d54e-42e8-802e-c7898bacd08c,bd3aa517-8650-45cd-8c17-90abcba7ba5e,1633168328750,14.2691082,52.2963921,7.1375146,1.1770515,1.2957668,2.1417503,on bike mount,cyclo cross,True,asphalt,excellent
40b1faa6-1ba9-4218-b2b9-0e4979a6b88a,ad7c36f4-d54e-42e8-802e-c7898bacd08c,52732b1f-3fa8-466a-ba51-f66a3de66505,1633168328800,14.2691082,52.2963921,7.1375146,-0.08830136,-2.4058619,5.049677,on bike mount,cyclo cross,True,asphalt,excellent
40b1faa6-1ba9-4218-b2b9-0e4979a6b88a,ad7c36f4-d54e-42e8-802e-c7898bacd08c,c1da9707-2f3a-4996-9c04-a74f70e5c581,1633168328851,14.2691082,52.2963921,7.1375146,0.82725006,-0.87294924,-4.218121,on bike mount,cyclo cross,True,asphalt,excellent
40b1faa6-1ba9-4218-b2b9-0e4979a6b88a,ad7c36f4-d54e-42e8-802e-c7898bacd08c,75e1e64a-ace8-4241-9c3b-83a61eb6a36d,1633168328916,14.2691082,52.2963921,7.1375146,-0.46983218,0.56725264,-0.6841593,on bike mount,cyclo cross,True,asphalt,excellent
40b1faa6-1ba9-4218-b2b9-0e4979a6b88a,ad7c36f4-d54e-42e8-802e-c7898bacd08c,bd3e2107-4b06-4642-b838-df943792124f,1633168328966,14.2691082,52.2963921,7.1375146,-0.2937659,-1.0349767,-1.1744213,on bike mount,cyclo cross,True,asphalt,excellent
40b1faa6-1ba9-4218-b2b9-0e4979a6b88a,ad7c36f4-d54e-42e8-802e-c7898bacd08c,941d927f-9140-493f-aba5-487a7c951801,1633168329017,14.2691904,52.296425,7.073576,-2.426147,1.9312639,-1.8351703,on bike mount,cyclo cross,True,asphalt,excellent
40b1faa6-1ba9-4218-b2b9-0e4979a6b88a,ad7c36f4-d54e-42e8-802e-c7898bacd08c,ce328ac5-746b-448f-9769-1b132accd391,1633168329083,14.2691904,52.296425,7.073576,1.523695,-1.2345759,1.8688374,on bike mount,cyclo cross,True,asphalt,excellent
40b1faa6-1ba9-4218-b2b9-0e4979a6b88a,ad7c36f4-d54e-42e8-802e-c7898bacd08c,4f6a8dfb-950e-4a95-ba13-cadbaab0789e,1633168329135,14.2691904,52.296425,7.073576,0.30601922,1.5732379,-1.8640804,on bike mount,cyclo cross,True,asphalt,excellent
40b1faa6-1ba9-4218-b2b9-0e4979a6b88a,ad7c36f4-d54e-42e8-802e-c7898bacd08c,836125c6-d716-45d4-a377-0f30328307c0,1633168329185,14.2691904,52.296425,7.073576,0.016614795,0.9250517,-0.3814993,on bike mount,cyclo cross,True,asphalt,excellent
40b1faa6-1ba9-4218-b2b9-0e4979a6b88a,ad7c36f4-d54e-42e8-802e-c7898bacd08c,e60e598e-ed5c-43be-b3ef-d5826b9ff885,1633168329236,14.2691904,52.296425,7.073576,0.42522055,-1.5514771,3.3896904,on bike mount,cyclo cross,True,asphalt,excellent
40b1faa6-1ba9-4218-b2b9-0e4979a6b88a,ad7c36f4-d54e-42e8-802e-c7898bacd08c,4c499af2-ae7d-4a19-a0cf-5c074ba1b62a,1633168329301,14.2691904,52.296425,7.073576,0.26463497,-0.11650801,2.9218426,on bike mount,cyclo cross,True,asphalt,excellent
40b1faa6-1ba9-4218-b2b9-0e4979a6b88a,ad7c36f4-d54e-42e8-802e-c7898bacd08c,82125799-b3bc-4f5c-aaca-ee72d225d79d,1633168329351,14.2691904,52.296425,7.073576,1.2356113,0.48947167,-0.84029007,on bike mount,cyclo cross,True,asphalt,excellent
40b1faa6-1ba9-4218-b2b9-0e4979a6b88a,ad7c36f4-d54e-42e8-802e-c7898bacd08c,6381f144-4a30-4d1a-b11b-231c4ff9b7b3,1633168329418,14.2691904,52.296425,7.073576,0.5524589,0.77895164,0.08823109,on bike mount,cyclo cross,True,asphalt,excellent
40b1faa6-1ba9-4218-b2b9-0e4979a6b88a,ad7c36f4-d54e-42e8-802e-c7898bacd08c,db643931-7bc7-4140-a5e5-8fea00f34053,1633168329469,14.2691904,52.296425,7.073576,-2.6587536,1.7805419,3.522975,on bike mount,cyclo cross,True,asphalt,excellent
40b1faa6-1ba9-4218-b2b9-0e4979a6b88a,ad7c36f4-d54e-42e8-802e-c7898bacd08c,efe92fe8-3969-4411-b8a1-457fcbab6995,1633168329519,14.2691904,52.296425,7.073576,-0.775045,-1.701338,0.75335026,on bike mount,cyclo cross,True,asphalt,excellent
40b1faa6-1ba9-4218-b2b9-0e4979a6b88a,ad7c36f4-d54e-42e8-802e-c7898bacd08c,ab713a31-6dfc-4ee4-a811-88f695bb98ef,1633168329570,14.2691904,52.296425,7.073576,1.1250561,1.3345399,-2.7635937,on bike mount,cyclo cross,True,asphalt,excellent
40b1faa6-1ba9-4218-b2b9-0e4979a6b88a,ad7c36f4-d54e-42e8-802e-c7898bacd08c,c719a216-e77f-4b59-b65a-38924b27c180,1633168329620,14.2691904,52.296425,7.073576,-0.7401545,0.6095574,-0.10235405,on bike mount,cyclo cross,True,asphalt,excellent
40b1faa6-1ba9-4218-b2b9-0e4979a6b88a,ad7c36f4-d54e-42e8-802e-c7898bacd08c,21c6c642-1fad-45b9-a1bd-5101112c149b,1633168329686,14.2691904,52.296425,7.073576,-0.11868009,0.08199191,-0.86930656,on bike mount,cyclo cross,True,asphalt,excellent
40b1faa6-1ba9-4218-b2b9-0e4979a6b88a,ad7c36f4-d54e-42e8-802e-c7898bacd08c,ab1dcd4e-a5c0-4d32-baa0-4c0f2fd7d4b2,1633168329735,14.2691904,52.296425,7.073576,0.87658054,-3.0737712,-1.081738,on bike mount,cyclo cross,True,asphalt,excellent
40b1faa6-1ba9-4218-b2b9-0e4979a6b88a,ad7c36f4-d54e-42e8-802e-c7898bacd08c,fc2bf46a-4a26-4289-a969-5b4f00438d8f,1633168329786,14.2691904,52.296425,7.073576,-0.74867177,2.6547375,-0.7187977,on bike mount,cyclo cross,True,asphalt,excellent
40b1faa6-1ba9-4218-b2b9-0e4979a6b88a,ad7c36f4-d54e-42e8-802e-c7898bacd08c,c9da8fb5-0303-46c7-854a-ab41cc2574aa,1633168329835,14.2691904,52.296425,7.073576,0.1094732,-0.6483078,-0.8469138,on bike mount,cyclo cross,True,asphalt,excellent
40b1faa6-1ba9-4218-b2b9-0e4979a6b88a,ad7c36f4-d54e-42e8-802e-c7898bacd08c,54b76779-6102-45f3-bed2-7582881e37d3,1633168329886,14.2691904,52.296425,7.073576,0.45788467,-1.4345227,-0.41980457,on bike mount,cyclo cross,True,asphalt,excellent
40b1faa6-1ba9-4218-b2b9-0e4979a6b88a,ad7c36f4-d54e-42e8-802e-c7898bacd08c,7d2dcdef-ad3c-48ba-b921-2c7db296b6c2,1633168329943,14.2691904,52.296425,7.073576,-1.0643241,-1.9549239,1.529521,on bike mount,cyclo cross,True,asphalt,excellent
40b1faa6-1ba9-4218-b2b9-0e4979a6b88a,ad7c36f4-d54e-42e8-802e-c7898bacd08c,5d2cdd63-6583-48f4-acbc-1039f2d5cdde,1633168330003,14.2692747,52.2964574,7.049421,-1.0040203,-0.77006364,1.4020195,on bike mount,cyclo cross,True,asphalt,excellent
40b1faa6-1ba9-4218-b2b9-0e4979a6b88a,ad7c36f4-d54e-42e8-802e-c7898bacd08c,904e0968-8811-420f-b915-eacc31b00ffe,1633168330052,14.2692747,52.2964574,7.049421,-0.27060762,1.1608338,-2.131299,on bike mount,cyclo cross,True,asphalt,excellent
40b1faa6-1ba9-4218-b2b9-0e4979a6b88a,ad7c36f4-d54e-42e8-802e-c7898bacd08c,f7ccd21f-f80a-40a0-bec1-4733043e643b,1633168330103,14.2692747,52.2964574,7.049421,0.9938273,-3.6985016,0.39277267,on bike mount,cyclo cross,True,asphalt,excellent
40b1faa6-1ba9-4218-b2b9-0e4979a6b88a,ad7c36f4-d54e-42e8-802e-c7898bacd08c,ff548662-67dc-48c3-a5bc-d938d40b87c0,1633168330153,14.2692747,52.2964574,7.049421,-0.06655243,-1.9297938,-1.0704141,on bike mount,cyclo cross,True,asphalt,excellent
40b1faa6-1ba9-4218-b2b9-0e4979a6b88a,ad7c36f4-d54e-42e8-802e-c7898bacd08c,e594ad80-7bb6-4152-af60-6e3b6bcc136c,1633168330205,14.2692747,52.2964574,7.049421,-0.58482766,-0.22555232,1.4817619,on bike mount,cyclo cross,True,asphalt,excellent
40b1faa6-1ba9-4218-b2b9-0e4979a6b88a,ad7c36f4-d54e-42e8-802e-c7898bacd08c,92fe6ff6-c43d-44fb-8604-88e39d8a8b67,1633168330270,14.2692747,52.2964574,7.049421,0.18502572,-0.42393088,-0.6694107,on bike mount,cyclo cross,True,asphalt,excellent
40b1faa6-1ba9-4218-b2b9-0e4979a6b88a,ad7c36f4-d54e-42e8-802e-c7898bacd08c,4589b659-75f2-4a38-add7-d73fe46e8406,1633168330320,14.2692747,52.2964574,7.049421,-0.46684355,1.89781,0.89068794,on bike mount,cyclo cross,True,asphalt,excellent
40b1faa6-1ba9-4218-b2b9-0e4979a6b88a,ad7c36f4-d54e-42e8-802e-c7898bacd08c,92909444-0dd4-4111-9c57-55f90736375b,1633168330370,14.2692747,52.2964574,7.049421,0.109780625,-2.1109872,1.740448,on bike mount,cyclo cross,True,asphalt,excellent
40b1faa6-1ba9-4218-b2b9-0e4979a6b88a,ad7c36f4-d54e-42e8-802e-c7898bacd08c,99e81d2d-dd9d-403d-b650-c276581782cd,1633168330420,14.2692747,52.2964574,7.049421,-0.11756881,-1.3338486,0.55847263,on bike mount,cyclo cross,True,asphalt,excellent
40b1faa6-1ba9-4218-b2b9-0e4979a6b88a,ad7c36f4-d54e-42e8-802e-c7898bacd08c,8e89db07-d5cd-42fe-a7cf-3f3050f70ff4,1633168330470,14.2692747,52.2964574,7.049421,-0.26546687,0.24415565,-4.2088966,on bike mount,cyclo cross,True,asphalt,excellent
40b1faa6-1ba9-4218-b2b9-0e4979a6b88a,ad7c36f4-d54e-42e8-802e-c7898bacd08c,a072c858-8e9e-485b-800c-123540995a79,1633168330520,14.2692747,52.2964574,7.049421,-0.7200525,-0.6014707,5.42817,on bike mount,cyclo cross,True,asphalt,excellent
40b1faa6-1ba9-4218-b2b9-0e4979a6b88a,ad7c36f4-d54e-42e8-802e-c7898bacd08c,ff51a612-de08-4d8e-998f-ad055329f1f4,1633168330570,14.2692747,52.2964574,7.049421,1.0667434,-0.42903256,-0.61646366,on bike mount,cyclo cross,True,asphalt,excellent
40b1faa6-1ba9-4218-b2b9-0e4979a6b88a,ad7c36f4-d54e-42e8-802e-c7898bacd08c,e78af709-a7b4-483c-b69d-c8cb2a71a91b,1633168330621,14.2692747,52.2964574,7.049421,-0.7198516,-0.5473746,-1.3425531,on bike mount,cyclo cross,True,asphalt,excellent
40b1faa6-1ba9-4218-b2b9-0e4979a6b88a,ad7c36f4-d54e-42e8-802e-c7898bacd08c,0755e013-38c7-43c9-aa23-d8a69be8efb9,1633168330671,14.2692747,52.2964574,7.049421,1.7198018,-0.31964707,0.4019184,on bike mount,cyclo cross,True,asphalt,excellent
40b1faa6-1ba9-4218-b2b9-0e4979a6b88a,ad7c36f4-d54e-42e8-802e-c7898bacd08c,79df5918-ba58-4ebc-ab89-723a1502154f,1633168330720,14.2692747,52.2964574,7.049421,1.301162,0.31101346,-0.19703388,on bike mount,cyclo cross,True,asphalt,excellent
40b1faa6-1ba9-4218-b2b9-0e4979a6b88a,ad7c36f4-d54e-42e8-802e-c7898bacd08c,52fbd907-857d-4b03-b69c-1035db5c9eac,1633168330770,14.2692747,52.2964574,7.049421,0.17910214,-0.09062433,3.0055532,on bike mount,cyclo cross,True,asphalt,excellent
40b1faa6-1ba9-4218-b2b9-0e4979a6b88a,ad7c36f4-d54e-42e8-802e-c7898bacd08c,bb462ef8-98b0-450c-bb39-d15180f0c117,1633168330820,14.2692747,52.2964574,7.049421,-0.21648479,2.0312662,-0.41318417,on bike mount,cyclo cross,True,asphalt,excellent
40b1faa6-1ba9-4218-b2b9-0e4979a6b88a,ad7c36f4-d54e-42e8-802e-c7898bacd08c,c316e65c-4961-45df-b6b3-a305851eee57,1633168330870,14.2692747,52.2964574,7.049421,1.19413,-0.8534634,1.7343693,on bike mount,cyclo cross,True,asphalt,excellent
40b1faa6-1ba9-4218-b2b9-0e4979a6b88a,ad7c36f4-d54e-42e8-802e-c7898bacd08c,42ac394c-4391-4ba6-a9eb-b727d7a273c1,1633168330921,14.2692747,52.2964574,7.049421,0.58589816,-0.45970988,-0.5653019,on bike mount,cyclo cross,True,asphalt,excellent
40b1faa6-1ba9-4218-b2b9-0e4979a6b88a,ad7c36f4-d54e-42e8-802e-c7898bacd08c,9577b0db-5e90-4d42-bb53-d7147d81a7cc,1633168330972,14.2693596,52.2964948,7.031579,-1.1494503,-0.83152866,1.0080633,on bike mount,cyclo cross,True,asphalt,excellent
40b1faa6-1ba9-4218-b2b9-0e4979a6b88a,ad7c36f4-d54e-42e8-802e-c7898bacd08c,a35140ce-1e03-4e07-8f85-3326f14d9a6b,1633168331022,14.2693596,52.2964948,7.031579,-1.2087228,0.72967887,-1.8898807,on bike mount,cyclo cross,True,asphalt,excellent
40b1faa6-1ba9-4218-b2b9-0e4979a6b88a,ad7c36f4-d54e-42e8-802e-c7898bacd08c,1b32d32d-d94f-404c-a889-ff5dffee4a23,1633168331072,14.2693596,52.2964948,7.031579,1.3408989,-0.7890947,-2.2164588,on bike mount,cyclo cross,True,asphalt,excellent
40b1faa6-1ba9-4218-b2b9-0e4979a6b88a,ad7c36f4-d54e-42e8-802e-c7898bacd08c,13832091-0723-4c39-b342-4a2c353bce68,1633168331140,14.2693596,52.2964948,7.031579,-0.052099824,0.1129415,2.1433153,on bike mount,cyclo cross,True,asphalt,excellent
40b1faa6-1ba9-4218-b2b9-0e4979a6b88a,ad7c36f4-d54e-42e8-802e-c7898bacd08c,9e12fd1b-8d7e-484d-8d91-9378276ee746,1633168331205,14.2693596,52.2964948,7.031579,0.0060786083,-1.7061015,1.9949408,on bike mount,cyclo cross,True,asphalt,excellent
40b1faa6-1ba9-4218-b2b9-0e4979a6b88a,ad7c36f4-d54e-42e8-802e-c7898bacd08c,16ee65a9-a08f-41bc-8795-950d7182bb8a,1633168331255,14.2693596,52.2964948,7.031579,0.5394742,-0.4135208,-0.6431031,on bike mount,cyclo cross,True,asphalt,excellent
40b1faa6-1ba9-4218-b2b9-0e4979a6b88a,ad7c36f4-d54e-42e8-802e-c7898bacd08c,ff2f45ef-392e-4c6e-9e2e-e7c3ba5de572,1633168331305,14.2693596,52.2964948,7.031579,0.19551931,0.49621344,-2.7421007,on bike mount,cyclo cross,True,asphalt,excellent
40b1faa6-1ba9-4218-b2b9-0e4979a6b88a,ad7c36f4-d54e-42e8-802e-c7898bacd08c,093e182a-62e9-4485-a59e-02b098480b01,1633168331355,14.2693596,52.2964948,7.031579,0.979393,-0.7770796,-3.790902,on bike mount,cyclo cross,True,asphalt,excellent
40b1faa6-1ba9-4218-b2b9-0e4979a6b88a,ad7c36f4-d54e-42e8-802e-c7898bacd08c,ab7ec45d-59b7-4c70-bba1-d533f3c5cf79,1633168331406,14.2693596,52.2964948,7.031579,-0.3762281,-1.722867,0.44084454,on bike mount,cyclo cross,True,asphalt,excellent
40b1faa6-1ba9-4218-b2b9-0e4979a6b88a,ad7c36f4-d54e-42e8-802e-c7898bacd08c,e748e5a0-892a-4487-a6d0-1b338d3089d6,1633168331456,14.2693596,52.2964948,7.031579,0.14408797,-0.0434227,-3.3662724,on bike mount,cyclo cross,True,asphalt,excellent
40b1faa6-1ba9-4218-b2b9-0e4979a6b88a,ad7c36f4-d54e-42e8-802e-c7898bacd08c,7865cd97-85fe-46a8-a964-f8962442caec,1633168331508,14.2693596,52.2964948,7.031579,0.36217758,-0.37381172,-0.73948383,on bike mount,cyclo cross,True,asphalt,excellent
40b1faa6-1ba9-4218-b2b9-0e4979a6b88a,ad7c36f4-d54e-42e8-802e-c7898bacd08c,89557ca2-9dac-4ddb-8267-dae668e5833d,1633168331558,14.2693596,52.2964948,7.031579,-0.79007465,2.0535398,0.59388924,on bike mount,cyclo cross,True,asphalt,excellent
40b1faa6-1ba9-4218-b2b9-0e4979a6b88a,ad7c36f4-d54e-42e8-802e-c7898bacd08c,31dc8b13-a1a8-4fb7-8a18-4256bd27fc18,1633168331623,14.2693596,52.2964948,7.031579,-0.2830494,1.057642,-2.426292,on bike mount,cyclo cross,True,asphalt,excellent
40b1faa6-1ba9-4218-b2b9-0e4979a6b88a,ad7c36f4-d54e-42e8-802e-c7898bacd08c,fa4d4b7b-02c5-4c0a-af0c-3682ec5c652b,1633168331673,14.2693596,52.2964948,7.031579,0.26767263,0.02089572,0.9487295,on bike mount,cyclo cross,True,asphalt,excellent
40b1faa6-1ba9-4218-b2b9-0e4979a6b88a,ad7c36f4-d54e-42e8-802e-c7898bacd08c,72323155-c33f-4de9-b386-581ed5c53c7c,1633168331722,14.2693596,52.2964948,7.031579,0.1297197,0.976382,-2.1530447,on bike mount,cyclo cross,True,asphalt,excellent
40b1faa6-1ba9-4218-b2b9-0e4979a6b88a,ad7c36f4-d54e-42e8-802e-c7898bacd08c,14172b8a-4a02-411f-bb6c-b9766a90c0c3,1633168331773,14.2693596,52.2964948,7.031579,0.60470986,-2.549371,-0.548398,on bike mount,cyclo cross,True,asphalt,excellent
40b1faa6-1ba9-4218-b2b9-0e4979a6b88a,ad7c36f4-d54e-42e8-802e-c7898bacd08c,306d3097-4798-4d34-945b-d795e35f5448,1633168331823,14.2693596,52.2964948,7.031579,0.8785901,0.017792702,0.90380955,on bike mount,cyclo cross,True,asphalt,excellent
40b1faa6-1ba9-4218-b2b9-0e4979a6b88a,ad7c36f4-d54e-42e8-802e-c7898bacd08c,61f81519-fcce-4e51-ab0d-31df91157fb3,1633168331873,14.2693596,52.2964948,7.031579,0.26153663,1.4611013,-3.6442337,on bike mount,cyclo cross,True,asphalt,excellent
40b1faa6-1ba9-4218-b2b9-0e4979a6b88a,ad7c36f4-d54e-42e8-802e-c7898bacd08c,a6531d89-24ca-4fcb-98c4-56ff02f900ab,1633168331924,14.2693596,52.2964948,7.031579,-1.8537556,-0.42162538,1.909625,on bike mount,cyclo cross,True,asphalt,excellent
40b1faa6-1ba9-4218-b2b9-0e4979a6b88a,ad7c36f4-d54e-42e8-802e-c7898bacd08c,2c43844b-08f2-4a84-9ce2-1b547f88fdd6,1633168331974,14.2694499,52.2965285,7.037682,1.2703452,2.1037893,-0.4169035,on bike mount,cyclo cross,True,asphalt,excellent
40b1faa6-1ba9-4218-b2b9-0e4979a6b88a,ad7c36f4-d54e-42e8-802e-c7898bacd08c,4c5db781-e3dd-445f-9773-4f3c459a542a,1633168332040,14.2694499,52.2965285,7.037682,-0.60979646,1.0729856,-0.8266673,on bike mount,cyclo cross,True,asphalt,excellent
40b1faa6-1ba9-4218-b2b9-0e4979a6b88a,ad7c36f4-d54e-42e8-802e-c7898bacd08c,6b5b6df6-42a5-4e53-b10c-1bdf7bdd74b1,1633168332090,14.2694499,52.2965285,7.037682,-0.20508549,-1.5394933,2.634698,on bike mount,cyclo cross,True,asphalt,excellent
40b1faa6-1ba9-4218-b2b9-0e4979a6b88a,ad7c36f4-d54e-42e8-802e-c7898bacd08c,8157a8b6-af23-4969-8b08-96a248cef200,1633168332142,14.2694499,52.2965285,7.037682,-0.22355631,-0.38888335,2.1416588,on bike mount,cyclo cross,True,asphalt,excellent
40b1faa6-1ba9-4218-b2b9-0e4979a6b88a,ad7c36f4-d54e-42e8-802e-c7898bacd08c,9d756fdd-0edc-46d4-9537-6f6938ab04ff,1633168332206,14.2694499,52.2965285,7.037682,-0.9593571,1.073039,4.001178,on bike mount,cyclo cross,True,asphalt,excellent
40b1faa6-1ba9-4218-b2b9-0e4979a6b88a,ad7c36f4-d54e-42e8-802e-c7898bacd08c,73c867f4-98e6-477a-ad9c-87c9073ce3e7,1633168332258,14.2694499,52.2965285,7.037682,0.011977248,5.021676,-7.000447,on bike mount,cyclo cross,True,asphalt,excellent
40b1faa6-1ba9-4218-b2b9-0e4979a6b88a,ad7c36f4-d54e-42e8-802e-c7898bacd08c,2b367487-29f7-4e94-a1a1-2007170a4e65,1633168332324,14.2694499,52.2965285,7.037682,-0.4009271,0.32686305,6.232401,on bike mount,cyclo cross,True,asphalt,excellent
40b1faa6-1ba9-4218-b2b9-0e4979a6b88a,ad7c36f4-d54e-42e8-802e-c7898bacd08c,67a01688-a07d-402e-8d0e-941cb9b84e53,1633168332375,14.2694499,52.2965285,7.037682,0.6175513,2.9042583,-0.8098383,on bike mount,cyclo cross,True,asphalt,excellent
40b1faa6-1ba9-4218-b2b9-0e4979a6b88a,ad7c36f4-d54e-42e8-802e-c7898bacd08c,7db5a6d1-8af8-4bfb-87b1-d19139bcda41,1633168332425,14.2694499,52.2965285,7.037682,0.03976296,-0.18098378,4.2175694,on bike mount,cyclo cross,True,asphalt,excellent
40b1faa6-1ba9-4218-b2b9-0e4979a6b88a,ad7c36f4-d54e-42e8-802e-c7898bacd08c,7ebc13b5-e852-47cd-ae33-b67090cddddf,1633168332491,14.2694499,52.2965285,7.037682,-0.68973583,0.27618432,-0.075369835,on bike mount,cyclo cross,True,asphalt,excellent
40b1faa6-1ba9-4218-b2b9-0e4979a6b88a,ad7c36f4-d54e-42e8-802e-c7898bacd08c,496a8813-7300-4ead-bfca-81cc04361b78,1633168332542,14.2694499,52.2965285,7.037682,-0.044116437,2.5941944,-1.1319175,on bike mount,cyclo cross,True,asphalt,excellent
40b1faa6-1ba9-4218-b2b9-0e4979a6b88a,ad7c36f4-d54e-42e8-802e-c7898bacd08c,1be51bbd-6f14-460b-a855-8c70605e4e0d,1633168332591,14.2694499,52.2965285,7.037682,-0.57258165,-2.0948195,-1.0087018,on bike mount,cyclo cross,True,asphalt,excellent
40b1faa6-1ba9-4218-b2b9-0e4979a6b88a,ad7c36f4-d54e-42e8-802e-c7898bacd08c,d61f1e99-e1b1-43c6-8d9f-60df4127d905,1633168332642,14.2694499,52.2965285,7.037682,1.2680665,-0.9340298,-3.9613414,on bike mount,cyclo cross,True,asphalt,excellent
40b1faa6-1ba9-4218-b2b9-0e4979a6b88a,ad7c36f4-d54e-42e8-802e-c7898bacd08c,c283c5de-8ecb-42cd-b4db-d7aa302e68e6,1633168332692,14.2694499,52.2965285,7.037682,-2.7407334,0.99147177,0.013318062,on bike mount,cyclo cross,True,asphalt,excellent
40b1faa6-1ba9-4218-b2b9-0e4979a6b88a,ad7c36f4-d54e-42e8-802e-c7898bacd08c,eaa5d52d-7a76-4797-9528-9dace210477c,1633168332742,14.2694499,52.2965285,7.037682,0.11831471,1.2026985,-0.59493923,on bike mount,cyclo cross,True,asphalt,excellent
40b1faa6-1ba9-4218-b2b9-0e4979a6b88a,ad7c36f4-d54e-42e8-802e-c7898bacd08c,252c2cd8-3b80-4fd8-bc76-3d02d2ba914a,1633168332808,14.2694499,52.2965285,7.037682,0.7505239,1.6792116,-4.7617183,on bike mount,cyclo cross,True,asphalt,excellent
40b1faa6-1ba9-4218-b2b9-0e4979a6b88a,ad7c36f4-d54e-42e8-802e-c7898bacd08c,9c8cae9f-03d3-4d77-855d-4d7ade8ed714,1633168332860,14.2694499,52.2965285,7.037682,-1.3442937,-3.7030387,1.9438591,on bike mount,cyclo cross,True,asphalt,excellent
40b1faa6-1ba9-4218-b2b9-0e4979a6b88a,ad7c36f4-d54e-42e8-802e-c7898bacd08c,43b318ac-43c3-427c-9bee-788e3c1746e3,1633168332910,14.2694499,52.2965285,7.037682,0.69751984,0.3340509,2.9936485,on bike mount,cyclo cross,True,asphalt,excellent
40b1faa6-1ba9-4218-b2b9-0e4979a6b88a,ad7c36f4-d54e-42e8-802e-c7898bacd08c,bf7612ce-8474-4375-aae7-056428c522c7,1633168332975,14.2694499,52.2965285,7.037682,1.0011337,5.6158066,-8.116343,on bike mount,cyclo cross,True,asphalt,excellent
40b1faa6-1ba9-4218-b2b9-0e4979a6b88a,ad7c36f4-d54e-42e8-802e-c7898bacd08c,7e33dc01-db7e-455a-be3e-325ecba39345,1633168333025,14.2695374,52.2965622,7.020351,-1.0452354,2.1819324,-4.9062705,on bike mount,cyclo cross,True,asphalt,excellent
40b1faa6-1ba9-4218-b2b9-0e4979a6b88a,ad7c36f4-d54e-42e8-802e-c7898bacd08c,4d3e4a91-dc48-4aab-8e21-fca2d76d024e,1633168333077,14.2695374,52.2965622,7.020351,5.207211,-16.022152,4.648182,on bike mount,cyclo cross,True,asphalt,excellent
40b1faa6-1ba9-4218-b2b9-0e4979a6b88a,ad7c36f4-d54e-42e8-802e-c7898bacd08c,5064a5a9-4164-40f9-b01c-7ce3a91836c1,1633168333143,14.2695374,52.2965622,7.020351,0.709859,-1.0830188,15.11551,on bike mount,cyclo cross,True,asphalt,excellent
40b1faa6-1ba9-4218-b2b9-0e4979a6b88a,ad7c36f4-d54e-42e8-802e-c7898bacd08c,0942e52c-1d7d-4027-9f5b-7405f8c554b0,1633168333192,14.2695374,52.2965622,7.020351,0.34144536,2.9442759,-0.090278625,on bike mount,cyclo cross,True,asphalt,excellent
40b1faa6-1ba9-4218-b2b9-0e4979a6b88a,ad7c36f4-d54e-42e8-802e-c7898bacd08c,ecc98917-a6d4-4494-9267-058b0bacaa3f,1633168333242,14.2695374,52.2965622,7.020351,0.6096772,-2.0020893,0.47708797,on bike mount,cyclo cross,True,asphalt,excellent
40b1faa6-1ba9-4218-b2b9-0e4979a6b88a,ad7c36f4-d54e-42e8-802e-c7898bacd08c,66f7c9bf-c40e-4c32-81f1-b367315d4994,1633168333294,14.2695374,52.2965622,7.020351,0.42732784,-1.4984066,1.9152985,on bike mount,cyclo cross,True,asphalt,excellent
40b1faa6-1ba9-4218-b2b9-0e4979a6b88a,ad7c36f4-d54e-42e8-802e-c7898bacd08c,aa168e1a-cd7d-472f-a52e-e2290bd07e5a,1633168333344,14.2695374,52.2965622,7.020351,-0.23766953,-3.6620812,2.4518776,on bike mount,cyclo cross,True,asphalt,excellent
40b1faa6-1ba9-4218-b2b9-0e4979a6b88a,ad7c36f4-d54e-42e8-802e-c7898bacd08c,d6cd9960-e31a-48bf-9a7d-6af710069724,1633168333410,14.2695374,52.2965622,7.020351,0.19199434,2.5967956,-2.2337523,on bike mount,cyclo cross,True,asphalt,excellent
40b1faa6-1ba9-4218-b2b9-0e4979a6b88a,ad7c36f4-d54e-42e8-802e-c7898bacd08c,392a0b89-17f0-4fdd-b822-eb6389fb1761,1633168333460,14.2695374,52.2965622,7.020351,0.27548647,5.660198,-2.2216496,on bike mount,cyclo cross,True,asphalt,excellent
40b1faa6-1ba9-4218-b2b9-0e4979a6b88a,ad7c36f4-d54e-42e8-802e-c7898bacd08c,d2aec94d-75e7-4923-9661-d9e6b388ae26,1633168333511,14.2695374,52.2965622,7.020351,-0.004104346,-0.04042244,2.6739407,on bike mount,cyclo cross,True,asphalt,excellent
40b1faa6-1ba9-4218-b2b9-0e4979a6b88a,ad7c36f4-d54e-42e8-802e-c7898bacd08c,961dbc66-4200-4686-8f62-5398fb157c1c,1633168333578,14.2695374,52.2965622,7.020351,0.23710242,-2.0172756,-8.815289,on bike mount,cyclo cross,True,asphalt,excellent
40b1faa6-1ba9-4218-b2b9-0e4979a6b88a,ad7c36f4-d54e-42e8-802e-c7898bacd08c,2c37a83b-1896-4e53-bdbe-1d67212eaa75,1633168333628,14.2695374,52.2965622,7.020351,-4.2200947,5.4715595,-14.20404,on bike mount,cyclo cross,True,asphalt,excellent
40b1faa6-1ba9-4218-b2b9-0e4979a6b88a,ad7c36f4-d54e-42e8-802e-c7898bacd08c,734fda4b-5725-4c12-bf9c-9cf7264d74a1,1633168333679,14.2695374,52.2965622,7.020351,1.7862684,1.1697907,0.29364872,on bike mount,cyclo cross,True,asphalt,excellent
40b1faa6-1ba9-4218-b2b9-0e4979a6b88a,ad7c36f4-d54e-42e8-802e-c7898bacd08c,225be6ea-a743-45ce-8e03-51e66be00eea,1633168333744,14.2695374,52.2965622,7.020351,1.003541,-2.424645,-0.535738,on bike mount,cyclo cross,True,asphalt,excellent
40b1faa6-1ba9-4218-b2b9-0e4979a6b88a,ad7c36f4-d54e-42e8-802e-c7898bacd08c,146141c3-2e66-4ffe-90a5-63ad81a57915,1633168333794,14.2695374,52.2965622,7.020351,0.72308564,-8.117778,1.4738655,on bike mount,cyclo cross,True,asphalt,excellent
40b1faa6-1ba9-4218-b2b9-0e4979a6b88a,ad7c36f4-d54e-42e8-802e-c7898bacd08c,ec3a1f0e-8b08-4cfc-9889-c9edc106a84f,1633168333844,14.2695374,52.2965622,7.020351,-2.1294394,2.4164505,-0.51631975,on bike mount,cyclo cross,True,asphalt,excellent
40b1faa6-1ba9-4218-b2b9-0e4979a6b88a,ad7c36f4-d54e-42e8-802e-c7898bacd08c,3e8a8c53-7fee-446a-8374-cb8d476b4341,1633168333911,14.2695374,52.2965622,7.020351,3.047906,-3.543603,-0.86627865,on bike mount,cyclo cross,True,asphalt,excellent
40b1faa6-1ba9-4218-b2b9-0e4979a6b88a,ad7c36f4-d54e-42e8-802e-c7898bacd08c,02dd76c9-365a-42b7-89ba-fff67ab2d774,1633168333966,14.269628,52.2965939,7.0473723,-0.62237823,-0.8527305,0.7415104,on bike mount,cyclo cross,True,asphalt,excellent
40b1faa6-1ba9-4218-b2b9-0e4979a6b88a,ad7c36f4-d54e-42e8-802e-c7898bacd08c,c3d791ce-9e91-4c27-ab60-d7785133f66b,1633168334027,14.269628,52.2965939,7.0473723,0.7473226,1.8685102,-1.1533604,on bike mount,cyclo cross,True,asphalt,excellent
40b1faa6-1ba9-4218-b2b9-0e4979a6b88a,ad7c36f4-d54e-42e8-802e-c7898bacd08c,be02ea25-99e9-4cb0-b067-591432dec137,1633168334077,14.269628,52.2965939,7.0473723,-1.1086091,-3.4465404,-1.0379381,on bike mount,cyclo cross,True,asphalt,excellent
40b1faa6-1ba9-4218-b2b9-0e4979a6b88a,ad7c36f4-d54e-42e8-802e-c7898bacd08c,e4e7d733-91b0-459c-867a-3a068da8e6f7,1633168334127,14.269628,52.2965939,7.0473723,0.7020539,-3.2856622,-5.119413,on bike mount,cyclo cross,True,asphalt,excellent
40b1faa6-1ba9-4218-b2b9-0e4979a6b88a,ad7c36f4-d54e-42e8-802e-c7898bacd08c,4979b745-7713-4064-bff7-834bc4b93e4b,1633168334177,14.269628,52.2965939,7.0473723,-0.95997584,0.11014366,1.9037352,on bike mount,cyclo cross,True,asphalt,excellent
40b1faa6-1ba9-4218-b2b9-0e4979a6b88a,ad7c36f4-d54e-42e8-802e-c7898bacd08c,728ea178-0624-41a0-8796-d2fd3b3a2a3e,1633168334227,14.269628,52.2965939,7.0473723,-0.37336278,0.101840734,-0.2070961,on bike mount,cyclo cross,True,asphalt,excellent
40b1faa6-1ba9-4218-b2b9-0e4979a6b88a,ad7c36f4-d54e-42e8-802e-c7898bacd08c,26216527-85f1-41ae-be48-19482825f5fc,1633168334277,14.269628,52.2965939,7.0473723,-0.6310624,-3.2458243,-1.1654224,on bike mount,cyclo cross,True,asphalt,excellent
40b1faa6-1ba9-4218-b2b9-0e4979a6b88a,ad7c36f4-d54e-42e8-802e-c7898bacd08c,78dbee32-30f9-434d-9920-3db015717637,1633168334329,14.269628,52.2965939,7.0473723,0.035921663,1.9916325,-1.7268257,on bike mount,cyclo cross,True,asphalt,excellent
40b1faa6-1ba9-4218-b2b9-0e4979a6b88a,ad7c36f4-d54e-42e8-802e-c7898bacd08c,36d58c37-1baa-401e-b3b6-4d53ad848953,1633168334394,14.269628,52.2965939,7.0473723,0.8524662,-0.6682935,1.8920946,on bike mount,cyclo cross,True,asphalt,excellent
40b1faa6-1ba9-4218-b2b9-0e4979a6b88a,ad7c36f4-d54e-42e8-802e-c7898bacd08c,e3dc6064-edfd-4f69-a547-00c476e5a17a,1633168334445,14.269628,52.2965939,7.0473723,1.135513,-0.09818268,1.1455107,on bike mount,cyclo cross,True,asphalt,excellent
40b1faa6-1ba9-4218-b2b9-0e4979a6b88a,ad7c36f4-d54e-42e8-802e-c7898bacd08c,2f5be3c0-fda4-44c1-83f2-9473b9c26f76,1633168334496,14.269628,52.2965939,7.0473723,-0.84372526,1.7021258,-0.6847,on bike mount,cyclo cross,True,asphalt,excellent
40b1faa6-1ba9-4218-b2b9-0e4979a6b88a,ad7c36f4-d54e-42e8-802e-c7898bacd08c,861f6379-2d5f-4abc-b6d8-24ca2f203583,1633168334546,14.269628,52.2965939,7.0473723,0.8117314,-1.2312452,5.416416,on bike mount,cyclo cross,True,asphalt,excellent
40b1faa6-1ba9-4218-b2b9-0e4979a6b88a,ad7c36f4-d54e-42e8-802e-c7898bacd08c,dab3219b-23ac-421a-a63a-7e569bc85427,1633168334596,14.269628,52.2965939,7.0473723,0.76941365,3.6827164,-3.0391097,on bike mount,cyclo cross,True,asphalt,excellent
40b1faa6-1ba9-4218-b2b9-0e4979a6b88a,ad7c36f4-d54e-42e8-802e-c7898bacd08c,e4b6c66d-3756-43f0-b20f-3c4ed7b87152,1633168334646,14.269628,52.2965939,7.0473723,-1.8477573,0.17029524,-0.41318226,on bike mount,cyclo cross,True,asphalt,excellent
40b1faa6-1ba9-4218-b2b9-0e4979a6b88a,ad7c36f4-d54e-42e8-802e-c7898bacd08c,42ff13b2-9c27-48a5-a23a-8132a2c5bbaa,1633168334696,14.269628,52.2965939,7.0473723,1.6347402,0.2162931,-1.1864676,on bike mount,cyclo cross,True,asphalt,excellent
40b1faa6-1ba9-4218-b2b9-0e4979a6b88a,ad7c36f4-d54e-42e8-802e-c7898bacd08c,64d73418-66b4-45a6-9505-fa3e5c63f3f3,1633168334746,14.269628,52.2965939,7.0473723,1.1274102,0.7539749,0.04246235,on bike mount,cyclo cross,True,asphalt,excellent
40b1faa6-1ba9-4218-b2b9-0e4979a6b88a,ad7c36f4-d54e-42e8-802e-c7898bacd08c,cef30d37-4ad7-48ed-923a-1bb9df80ba70,1633168334797,14.269628,52.2965939,7.0473723,-0.14491847,3.5486097,1.5652857,on bike mount,cyclo cross,True,asphalt,excellent
40b1faa6-1ba9-4218-b2b9-0e4979a6b88a,ad7c36f4-d54e-42e8-802e-c7898bacd08c,6186b8c6-2442-44ff-bea1-4b7f694c4f27,1633168334864,14.269628,52.2965939,7.0473723,0.1999299,-0.06679773,-1.3175192,on bike mount,cyclo cross,True,asphalt,excellent
40b1faa6-1ba9-4218-b2b9-0e4979a6b88a,ad7c36f4-d54e-42e8-802e-c7898bacd08c,a395077f-7f70-4fda-9da9-81c654470f27,1633168334914,14.269628,52.2965939,7.0473723,-0.06499521,-0.85047865,0.4676962,on bike mount,cyclo cross,True,asphalt,excellent
40b1faa6-1ba9-4218-b2b9-0e4979a6b88a,ad7c36f4-d54e-42e8-802e-c7898bacd08c,e0ed4219-04e9-422a-9ee8-86f3687abd5b,1633168334964,14.2697201,52.2966267,7.0251436,0.34091097,0.72573113,-0.18828487,on bike mount,cyclo cross,True,asphalt,excellent
40b1faa6-1ba9-4218-b2b9-0e4979a6b88a,ad7c36f4-d54e-42e8-802e-c7898bacd08c,31b54ce1-5325-4016-bcdf-72efce30a321,1633168335014,14.2697201,52.2966267,7.0251436,0.1700162,0.5210948,-3.7324317,on bike mount,cyclo cross,True,asphalt,excellent
40b1faa6-1ba9-4218-b2b9-0e4979a6b88a,ad7c36f4-d54e-42e8-802e-c7898bacd08c,f88eb3eb-61a2-4d79-a6d9-7bda1ee3c28c,1633168335079,14.2697201,52.2966267,7.0251436,-1.4550159,-0.35279202,0.8276472,on bike mount,cyclo cross,True,asphalt,excellent
40b1faa6-1ba9-4218-b2b9-0e4979a6b88a,ad7c36f4-d54e-42e8-802e-c7898bacd08c,efedf03c-1626-42e2-b6f1-e133ca1861eb,1633168335129,14.2697201,52.2966267,7.0251436,-0.35450068,-1.5454895,-0.31589985,on bike mount,cyclo cross,True,asphalt,excellent
40b1faa6-1ba9-4218-b2b9-0e4979a6b88a,ad7c36f4-d54e-42e8-802e-c7898bacd08c,5bd9540b-957c-4fdd-ab7a-326438f4a0dd,1633168335181,14.2697201,52.2966267,7.0251436,-0.059097067,5.075478,-2.0295033,on bike mount,cyclo cross,True,asphalt,excellent
40b1faa6-1ba9-4218-b2b9-0e4979a6b88a,ad7c36f4-d54e-42e8-802e-c7898bacd08c,4f695fe5-0fe4-4766-a92c-03fac4cb42ca,1633168335246,14.2697201,52.2966267,7.0251436,-0.63214374,-2.0768538,4.6955376,on bike mount,cyclo cross,True,asphalt,excellent
40b1faa6-1ba9-4218-b2b9-0e4979a6b88a,ad7c36f4-d54e-42e8-802e-c7898bacd08c,8b9eea55-c736-44b0-ad75-1f40308ce7b8,1633168335298,14.2697201,52.2966267,7.0251436,-0.40992332,-2.283977,-2.987218,on bike mount,cyclo cross,True,asphalt,excellent
40b1faa6-1ba9-4218-b2b9-0e4979a6b88a,ad7c36f4-d54e-42e8-802e-c7898bacd08c,47b72a47-f851-4b47-b546-f60e713b2eff,1633168335348,14.2697201,52.2966267,7.0251436,0.29611492,-0.6413126,4.618685,on bike mount,cyclo cross,True,asphalt,excellent
40b1faa6-1ba9-4218-b2b9-0e4979a6b88a,ad7c36f4-d54e-42e8-802e-c7898bacd08c,6a687163-4add-4612-9185-acd1db3f2197,1633168335398,14.2697201,52.2966267,7.0251436,1.4108267,3.220595,0.56997347,on bike mount,cyclo cross,True,asphalt,excellent
40b1faa6-1ba9-4218-b2b9-0e4979a6b88a,ad7c36f4-d54e-42e8-802e-c7898bacd08c,89e9bf8b-af23-41cf-828c-5b3594a4ce8e,1633168335448,14.2697201,52.2966267,7.0251436,3.043215,-1.71039,3.9372168,on bike mount,cyclo cross,True,asphalt,excellent
40b1faa6-1ba9-4218-b2b9-0e4979a6b88a,ad7c36f4-d54e-42e8-802e-c7898bacd08c,b8059209-0c84-4e4c-808c-90ad53f76690,1633168335499,14.2697201,52.2966267,7.0251436,3.3672028,1.7821293,0.53668976,on bike mount,cyclo cross,True,asphalt,excellent
40b1faa6-1ba9-4218-b2b9-0e4979a6b88a,ad7c36f4-d54e-42e8-802e-c7898bacd08c,1698c1b6-8f13-4e40-a01c-67a909d9df18,1633168335566,14.2697201,52.2966267,7.0251436,1.6410942,1.1627269,-3.2977595,on bike mount,cyclo cross,True,asphalt,excellent
40b1faa6-1ba9-4218-b2b9-0e4979a6b88a,ad7c36f4-d54e-42e8-802e-c7898bacd08c,da4b27d4-8e9f-4457-8d57-e101f0963058,1633168335632,14.2697201,52.2966267,7.0251436,0.26114613,-0.020937443,-0.019604683,on bike mount,cyclo cross,True,asphalt,excellent
40b1faa6-1ba9-4218-b2b9-0e4979a6b88a,ad7c36f4-d54e-42e8-802e-c7898bacd08c,3679c414-53d2-489a-8b64-06b81fcf2c86,1633168335682,14.2697201,52.2966267,7.0251436,1.0553293,-0.2193644,0.9588928,on bike mount,cyclo cross,True,asphalt,excellent
40b1faa6-1ba9-4218-b2b9-0e4979a6b88a,ad7c36f4-d54e-42e8-802e-c7898bacd08c,afca3ba3-9c3c-4e36-9864-c9af05af7baf,1633168335733,14.2697201,52.2966267,7.0251436,-0.4939837,2.5988188,-2.8794928,on bike mount,cyclo cross,True,asphalt,excellent
40b1faa6-1ba9-4218-b2b9-0e4979a6b88a,ad7c36f4-d54e-42e8-802e-c7898bacd08c,ce40aa26-8d7b-4289-937d-f3e4c50c4e10,1633168335783,14.2697201,52.2966267,7.0251436,0.6274489,-3.1590827,4.246582,on bike mount,cyclo cross,True,asphalt,excellent
40b1faa6-1ba9-4218-b2b9-0e4979a6b88a,ad7c36f4-d54e-42e8-802e-c7898bacd08c,3d6994a8-9189-4406-adfb-9520f47d5f59,1633168335833,14.2697201,52.2966267,7.0251436,0.72275066,1.2058764,0.15229225,on bike mount,cyclo cross,True,asphalt,excellent
40b1faa6-1ba9-4218-b2b9-0e4979a6b88a,ad7c36f4-d54e-42e8-802e-c7898bacd08c,25686223-adf0-4c96-aec0-0c89404802ec,1633168335883,14.2697201,52.2966267,7.0251436,-1.1813906,-2.0388694,1.0343704,on bike mount,cyclo cross,True,asphalt,excellent
40b1faa6-1ba9-4218-b2b9-0e4979a6b88a,ad7c36f4-d54e-42e8-802e-c7898bacd08c,1d5ad8fb-ab01-41a3-b597-8b7025aed2e0,1633168335934,14.2697201,52.2966267,7.0251436,0.4154353,-0.31510997,1.6185446,on bike mount,cyclo cross,True,asphalt,excellent
40b1faa6-1ba9-4218-b2b9-0e4979a6b88a,ad7c36f4-d54e-42e8-802e-c7898bacd08c,8c36399c-bb32-42e2-9a49-565c0807a68f,1633168335999,14.2698153,52.2966604,7.0650735,0.09140937,0.14905643,1.1537533,on bike mount,cyclo cross,True,asphalt,excellent
40b1faa6-1ba9-4218-b2b9-0e4979a6b88a,ad7c36f4-d54e-42e8-802e-c7898bacd08c,8177aae0-6a01-4d3a-94a3-fed892548b30,1633168336066,14.2698153,52.2966604,7.0650735,-2.2004426,0.9597173,2.7319918,on bike mount,cyclo cross,True,asphalt,excellent
40b1faa6-1ba9-4218-b2b9-0e4979a6b88a,ad7c36f4-d54e-42e8-802e-c7898bacd08c,61abc733-b6b8-45be-a50b-756130b4cdde,1633168336131,14.2698153,52.2966604,7.0650735,-0.03406231,-1.8692148,1.3817339,on bike mount,cyclo cross,True,asphalt,excellent
40b1faa6-1ba9-4218-b2b9-0e4979a6b88a,ad7c36f4-d54e-42e8-802e-c7898bacd08c,8f13ce79-0611-49ea-a308-cd003533a7d9,1633168336181,14.2698153,52.2966604,7.0650735,2.3795798,-0.034972906,6.0315933,on bike mount,cyclo cross,True,asphalt,excellent
40b1faa6-1ba9-4218-b2b9-0e4979a6b88a,ad7c36f4-d54e-42e8-802e-c7898bacd08c,a0ca993f-f07c-40e7-85d0-3812ffed46f0,1633168336231,14.2698153,52.2966604,7.0650735,-0.7601372,3.2427607,-2.3682146,on bike mount,cyclo cross,True,asphalt,excellent
40b1faa6-1ba9-4218-b2b9-0e4979a6b88a,ad7c36f4-d54e-42e8-802e-c7898bacd08c,33285bd3-520d-4148-99ad-fed762bdf764,1633168336282,14.2698153,52.2966604,7.0650735,1.1468148,-1.6875145,-1.1286716,on bike mount,cyclo cross,True,asphalt,excellent
40b1faa6-1ba9-4218-b2b9-0e4979a6b88a,ad7c36f4-d54e-42e8-802e-c7898bacd08c,f8024b12-1552-4d63-898e-0f2a1bfed15c,1633168336332,14.2698153,52.2966604,7.0650735,0.0944363,1.9621878,2.1595364,on bike mount,cyclo cross,True,asphalt,excellent
40b1faa6-1ba9-4218-b2b9-0e4979a6b88a,ad7c36f4-d54e-42e8-802e-c7898bacd08c,9d3cf667-c83f-43ce-8d1d-31e2f30eabbb,1633168336383,14.2698153,52.2966604,7.0650735,-0.9225917,-0.66734076,-0.9465132,on bike mount,cyclo cross,True,asphalt,excellent
40b1faa6-1ba9-4218-b2b9-0e4979a6b88a,ad7c36f4-d54e-42e8-802e-c7898bacd08c,39f764ca-6f7e-4923-ae5d-e2ebf6f7ad71,1633168336433,14.2698153,52.2966604,7.0650735,0.03624417,1.1202569,-2.6479435,on bike mount,cyclo cross,True,asphalt,excellent
40b1faa6-1ba9-4218-b2b9-0e4979a6b88a,ad7c36f4-d54e-42e8-802e-c7898bacd08c,066f41e3-0163-4711-b9c8-0c1471d44537,1633168336483,14.2698153,52.2966604,7.0650735,0.4593073,-0.6585109,-1.0280323,on bike mount,cyclo cross,True,asphalt,excellent
40b1faa6-1ba9-4218-b2b9-0e4979a6b88a,ad7c36f4-d54e-42e8-802e-c7898bacd08c,46fb2616-c2dd-4fba-b58f-9e22131913d5,1633168336533,14.2698153,52.2966604,7.0650735,0.42471534,0.40154314,-2.6886787,on bike mount,cyclo cross,True,asphalt,excellent
40b1faa6-1ba9-4218-b2b9-0e4979a6b88a,ad7c36f4-d54e-42e8-802e-c7898bacd08c,71f239ad-74e4-4cc8-a0fb-31d1e42678cc,1633168336583,14.2698153,52.2966604,7.0650735,-0.2619043,-1.1080645,-2.410191,on bike mount,cyclo cross,True,asphalt,excellent
40b1faa6-1ba9-4218-b2b9-0e4979a6b88a,ad7c36f4-d54e-42e8-802e-c7898bacd08c,050a4fd3-d9b1-4f77-a0ba-2b9e55fbf15b,1633168336634,14.2698153,52.2966604,7.0650735,1.0107883,-0.53661084,2.3880777,on bike mount,cyclo cross,True,asphalt,excellent
40b1faa6-1ba9-4218-b2b9-0e4979a6b88a,ad7c36f4-d54e-42e8-802e-c7898bacd08c,a7fa60b4-d3d9-4d43-9c99-b337b4557072,1633168336684,14.2698153,52.2966604,7.0650735,0.9639951,-0.32950544,0.6354523,on bike mount,cyclo cross,True,asphalt,excellent
40b1faa6-1ba9-4218-b2b9-0e4979a6b88a,ad7c36f4-d54e-42e8-802e-c7898bacd08c,c739a210-df97-40a1-9b12-e8e366064dde,1633168336734,14.2698153,52.2966604,7.0650735,0.92955565,-1.2814994,-1.2462626,on bike mount,cyclo cross,True,asphalt,excellent
40b1faa6-1ba9-4218-b2b9-0e4979a6b88a,ad7c36f4-d54e-42e8-802e-c7898bacd08c,4187a99c-3bf0-4f6f-b905-fcd073cf50ff,1633168336785,14.2698153,52.2966604,7.0650735,0.7645217,1.8110642,-1.1930723,on bike mount,cyclo cross,True,asphalt,excellent
40b1faa6-1ba9-4218-b2b9-0e4979a6b88a,ad7c36f4-d54e-42e8-802e-c7898bacd08c,771d6335-a031-42c8-ab6a-ca56ddb0a25e,1633168336836,14.2698153,52.2966604,7.0650735,0.4124617,-2.206764,0.45837498,on bike mount,cyclo cross,True,asphalt,excellent
40b1faa6-1ba9-4218-b2b9-0e4979a6b88a,ad7c36f4-d54e-42e8-802e-c7898bacd08c,7dc71958-bd7b-4561-9cb7-fdce5c7e8ab7,1633168336900,14.2698153,52.2966604,7.0650735,-0.21134442,-1.0898687,0.05585575,on bike mount,cyclo cross,True,asphalt,excellent
40b1faa6-1ba9-4218-b2b9-0e4979a6b88a,ad7c36f4-d54e-42e8-802e-c7898bacd08c,5ae67a5f-2c83-4d84-909e-24dbaa44702c,1633168336957,14.2699138,52.2966941,7.1348805,1.3992271,-1.0425882,0.5062828,on bike mount,cyclo cross,True,asphalt,excellent
40b1faa6-1ba9-4218-b2b9-0e4979a6b88a,ad7c36f4-d54e-42e8-802e-c7898bacd08c,02cb5150-0b2d-4537-b6ca-a88d23c44e9d,1633168337016,14.2699138,52.2966941,7.1348805,-2.3124366,0.084169626,0.29246998,on bike mount,cyclo cross,True,asphalt,excellent
40b1faa6-1ba9-4218-b2b9-0e4979a6b88a,ad7c36f4-d54e-42e8-802e-c7898bacd08c,ecbcead5-f4be-41ed-b7ef-2692254d42b6,1633168337068,14.2699138,52.2966941,7.1348805,0.58169067,3.718999,-1.3282223,on bike mount,cyclo cross,True,asphalt,excellent
40b1faa6-1ba9-4218-b2b9-0e4979a6b88a,ad7c36f4-d54e-42e8-802e-c7898bacd08c,5dfc0733-586e-4c80-8e4d-4e434d3dae2e,1633168337119,14.2699138,52.2966941,7.1348805,1.7675916,0.5232649,2.6553555,on bike mount,cyclo cross,True,asphalt,excellent
40b1faa6-1ba9-4218-b2b9-0e4979a6b88a,ad7c36f4-d54e-42e8-802e-c7898bacd08c,053cc269-759b-472f-a611-a7d15fe61a7f,1633168337168,14.2699138,52.2966941,7.1348805,0.10466539,-2.5661378,-0.83558464,on bike mount,cyclo cross,True,asphalt,excellent
40b1faa6-1ba9-4218-b2b9-0e4979a6b88a,ad7c36f4-d54e-42e8-802e-c7898bacd08c,2fed89c7-5cf1-45b0-a270-3b0991f85225,1633168337219,14.2699138,52.2966941,7.1348805,-0.06608805,-2.3824894,-0.5520153,on bike mount,cyclo cross,True,asphalt,excellent
40b1faa6-1ba9-4218-b2b9-0e4979a6b88a,ad7c36f4-d54e-42e8-802e-c7898bacd08c,640d0cf8-81fc-4a74-a46c-13ed05f88d92,1633168337268,14.2699138,52.2966941,7.1348805,-1.0957086,-1.1776067,-2.849495,on bike mount,cyclo cross,True,asphalt,excellent
40b1faa6-1ba9-4218-b2b9-0e4979a6b88a,ad7c36f4-d54e-42e8-802e-c7898bacd08c,167ae80c-ce38-471e-8442-b9ea4e70e0f8,1633168337319,14.2699138,52.2966941,7.1348805,-0.028304935,0.8760946,2.362854,on bike mount,cyclo cross,True,asphalt,excellent
40b1faa6-1ba9-4218-b2b9-0e4979a6b88a,ad7c36f4-d54e-42e8-802e-c7898bacd08c,8223966b-a22d-464c-b640-3b145d3763ae,1633168337369,14.2699138,52.2966941,7.1348805,-0.20832399,-2.1819103,0.9790716,on bike mount,cyclo cross,True,asphalt,excellent
40b1faa6-1ba9-4218-b2b9-0e4979a6b88a,ad7c36f4-d54e-42e8-802e-c7898bacd08c,4a78f4c9-f9d3-449b-b5b3-9a35cc238d75,1633168337418,14.2699138,52.2966941,7.1348805,0.15919217,-1.4512737,-0.87339735,on bike mount,cyclo cross,True,asphalt,excellent
40b1faa6-1ba9-4218-b2b9-0e4979a6b88a,ad7c36f4-d54e-42e8-802e-c7898bacd08c,63a695ea-2bbe-40d3-b461-d37c85ca248b,1633168337485,14.2699138,52.2966941,7.1348805,-0.8977567,-1.8619494,3.7248163,on bike mount,cyclo cross,True,asphalt,excellent
40b1faa6-1ba9-4218-b2b9-0e4979a6b88a,ad7c36f4-d54e-42e8-802e-c7898bacd08c,7d99d1be-c643-4a18-a072-e1847d698406,1633168337536,14.2699138,52.2966941,7.1348805,0.44504765,-1.6183598,-2.058507,on bike mount,cyclo cross,True,asphalt,excellent
40b1faa6-1ba9-4218-b2b9-0e4979a6b88a,ad7c36f4-d54e-42e8-802e-c7898bacd08c,8152d6d7-e622-4f5b-b024-624f6df6c4b2,1633168337585,14.2699138,52.2966941,7.1348805,0.87670773,-1.3279886,1.4289122,on bike mount,cyclo cross,True,asphalt,excellent
40b1faa6-1ba9-4218-b2b9-0e4979a6b88a,ad7c36f4-d54e-42e8-802e-c7898bacd08c,0695d5fd-0208-43e6-b762-37de66d9a3d2,1633168337635,14.2699138,52.2966941,7.1348805,-1.3776214,-0.81395483,1.2280779,on bike mount,cyclo cross,True,asphalt,excellent
40b1faa6-1ba9-4218-b2b9-0e4979a6b88a,ad7c36f4-d54e-42e8-802e-c7898bacd08c,f6908ce0-2ea2-46be-b111-3b9bc207344b,1633168337685,14.2699138,52.2966941,7.1348805,-1.4609827,0.38944745,0.22672081,on bike mount,cyclo cross,True,asphalt,excellent
40b1faa6-1ba9-4218-b2b9-0e4979a6b88a,ad7c36f4-d54e-42e8-802e-c7898bacd08c,5290391b-c47c-4738-8f32-e5885a890852,1633168337736,14.2699138,52.2966941,7.1348805,0.21848759,-0.032844782,-1.0607462,on bike mount,cyclo cross,True,asphalt,excellent
40b1faa6-1ba9-4218-b2b9-0e4979a6b88a,ad7c36f4-d54e-42e8-802e-c7898bacd08c,a47e7259-1d64-4b35-8527-553bc2d198d9,1633168337786,14.2699138,52.2966941,7.1348805,-0.14808552,-0.57227063,-1.4711494,on bike mount,cyclo cross,True,asphalt,excellent
40b1faa6-1ba9-4218-b2b9-0e4979a6b88a,ad7c36f4-d54e-42e8-802e-c7898bacd08c,0565a710-0623-4592-85aa-0ca75a2ecc8f,1633168337836,14.2699138,52.2966941,7.1348805,-1.2865013,0.12714648,-2.9827971,on bike mount,cyclo cross,True,asphalt,excellent
40b1faa6-1ba9-4218-b2b9-0e4979a6b88a,ad7c36f4-d54e-42e8-802e-c7898bacd08c,9187e9c1-f610-4dfe-be58-23eaf0b7623d,1633168337886,14.2699138,52.2966941,7.1348805,0.6857144,2.5890026,-2.4324145,on bike mount,cyclo cross,True,asphalt,excellent
40b1faa6-1ba9-4218-b2b9-0e4979a6b88a,ad7c36f4-d54e-42e8-802e-c7898bacd08c,8a3eb1e3-a9fc-496e-af38-fea199932b56,1633168337938,14.2699138,52.2966941,7.1348805,0.058993027,-0.7552314,0.74812126,on bike mount,cyclo cross,True,asphalt,excellent
40b1faa6-1ba9-4218-b2b9-0e4979a6b88a,ad7c36f4-d54e-42e8-802e-c7898bacd08c,78d9a10c-ced3-450e-912f-659a875d19fe,1633168337988,14.27001,52.2967268,7.160361,-1.1281341,-2.7106612,-2.2544541,on bike mount,cyclo cross,True,asphalt,excellent
40b1faa6-1ba9-4218-b2b9-0e4979a6b88a,ad7c36f4-d54e-42e8-802e-c7898bacd08c,a71c7ea6-3a36-43f0-aafa-d835202aba9f,1633168338053,14.27001,52.2967268,7.160361,-0.23517671,0.73227525,-0.3949709,on bike mount,cyclo cross,True,asphalt,excellent
40b1faa6-1ba9-4218-b2b9-0e4979a6b88a,ad7c36f4-d54e-42e8-802e-c7898bacd08c,92bd8b78-4e49-450e-aad8-7ccd65873414,1633168338103,14.27001,52.2967268,7.160361,0.04441063,-1.295791,2.548871,on bike mount,cyclo cross,True,asphalt,excellent
40b1faa6-1ba9-4218-b2b9-0e4979a6b88a,ad7c36f4-d54e-42e8-802e-c7898bacd08c,d09dbe87-da6f-410e-9fc3-f7333de181e5,1633168338153,14.27001,52.2967268,7.160361,-0.3234574,-1.5594472,1.7330923,on bike mount,cyclo cross,True,asphalt,excellent
40b1faa6-1ba9-4218-b2b9-0e4979a6b88a,ad7c36f4-d54e-42e8-802e-c7898bacd08c,c9011042-5ff7-4ca1-a379-99f7dd14400b,1633168338203,14.27001,52.2967268,7.160361,-0.15846132,-1.2651818,2.7409563,on bike mount,cyclo cross,True,asphalt,excellent
40b1faa6-1ba9-4218-b2b9-0e4979a6b88a,ad7c36f4-d54e-42e8-802e-c7898bacd08c,1cacc547-a551-4e10-a901-4c35c2cd2f27,1633168338253,14.27001,52.2967268,7.160361,0.100701615,2.2379003,-3.1402192,on bike mount,cyclo cross,True,asphalt,excellent
40b1faa6-1ba9-4218-b2b9-0e4979a6b88a,ad7c36f4-d54e-42e8-802e-c7898bacd08c,7f754604-4412-43ce-aa86-fb9da08ef622,1633168338303,14.27001,52.2967268,7.160361,0.5314874,0.74153256,-3.3431025,on bike mount,cyclo cross,True,asphalt,excellent
40b1faa6-1ba9-4218-b2b9-0e4979a6b88a,ad7c36f4-d54e-42e8-802e-c7898bacd08c,bc583c1d-0d7b-430f-a81b-abe015d955af,1633168338354,14.27001,52.2967268,7.160361,6.6616483,-12.778944,-2.2104816,on bike mount,cyclo cross,True,asphalt,excellent
40b1faa6-1ba9-4218-b2b9-0e4979a6b88a,ad7c36f4-d54e-42e8-802e-c7898bacd08c,2e61f220-072a-490b-9fb9-86b374b8be09,1633168338403,14.27001,52.2967268,7.160361,-1.5246247,-2.1471574,2.7498388,on bike mount,cyclo cross,True,asphalt,excellent
40b1faa6-1ba9-4218-b2b9-0e4979a6b88a,ad7c36f4-d54e-42e8-802e-c7898bacd08c,333a0c27-af21-42fb-97eb-d0a1169bf1da,1633168338455,14.27001,52.2967268,7.160361,1.8382521,2.4501534,-0.62255,on bike mount,cyclo cross,True,asphalt,excellent
40b1faa6-1ba9-4218-b2b9-0e4979a6b88a,ad7c36f4-d54e-42e8-802e-c7898bacd08c,8482000f-cfa1-4a0f-aab8-61bf2585e427,1633168338521,14.27001,52.2967268,7.160361,1.4682432,0.27970195,-1.6813459,on bike mount,cyclo cross,True,asphalt,excellent
40b1faa6-1ba9-4218-b2b9-0e4979a6b88a,ad7c36f4-d54e-42e8-802e-c7898bacd08c,341838c0-4cc3-4a8d-b27a-6ee01f4b9da4,1633168338571,14.27001,52.2967268,7.160361,-1.524189,-0.2187252,-3.2695627,on bike mount,cyclo cross,True,asphalt,excellent
40b1faa6-1ba9-4218-b2b9-0e4979a6b88a,ad7c36f4-d54e-42e8-802e-c7898bacd08c,8edf8530-db61-4d88-aea8-0f195e5aedfe,1633168338621,14.27001,52.2967268,7.160361,1.1080744,-0.869936,0.02196312,on bike mount,cyclo cross,True,asphalt,excellent
40b1faa6-1ba9-4218-b2b9-0e4979a6b88a,ad7c36f4-d54e-42e8-802e-c7898bacd08c,eb00aea3-36e2-48ca-8bbb-e05e366653c5,1633168338672,14.27001,52.2967268,7.160361,0.86991334,1.3666527,-0.46360493,on bike mount,cyclo cross,True,asphalt,excellent
40b1faa6-1ba9-4218-b2b9-0e4979a6b88a,ad7c36f4-d54e-42e8-802e-c7898bacd08c,8e3f35fb-1627-4872-b63b-4b0ff714befc,1633168338722,14.27001,52.2967268,7.160361,0.18993153,0.9166906,0.77612114,on bike mount,cyclo cross,True,asphalt,excellent
40b1faa6-1ba9-4218-b2b9-0e4979a6b88a,ad7c36f4-d54e-42e8-802e-c7898bacd08c,d3864070-e170-4644-976c-1289194d99c1,1633168338788,14.27001,52.2967268,7.160361,0.121616244,-0.86054826,0.59982204,on bike mount,cyclo cross,True,asphalt,excellent
40b1faa6-1ba9-4218-b2b9-0e4979a6b88a,ad7c36f4-d54e-42e8-802e-c7898bacd08c,24441a6a-e1c4-47d0-a9ab-d8a00746dd7b,1633168338838,14.27001,52.2967268,7.160361,-0.93171895,-2.7162776,1.5886288,on bike mount,cyclo cross,True,asphalt,excellent
40b1faa6-1ba9-4218-b2b9-0e4979a6b88a,ad7c36f4-d54e-42e8-802e-c7898bacd08c,5c259327-c2ed-4b1f-abb8-674b7455dda5,1633168338888,14.27001,52.2967268,7.160361,-0.12153895,0.97245073,-0.24129963,on bike mount,cyclo cross,True,asphalt,excellent
40b1faa6-1ba9-4218-b2b9-0e4979a6b88a,ad7c36f4-d54e-42e8-802e-c7898bacd08c,51a942d3-6251-4bfa-93fe-fefeaa309728,1633168338943,14.27001,52.2967268,7.160361,0.5570038,-1.1102614,0.114352226,on bike mount,cyclo cross,True,asphalt,excellent
40b1faa6-1ba9-4218-b2b9-0e4979a6b88a,ad7c36f4-d54e-42e8-802e-c7898bacd08c,01a49ed3-e80e-4e24-a0e6-71565a58162c,1633168339005,14.270103,52.2967583,7.145555,-0.26035708,-0.5825496,0.7096329,on bike mount,cyclo cross,True,asphalt,excellent
40b1faa6-1ba9-4218-b2b9-0e4979a6b88a,ad7c36f4-d54e-42e8-802e-c7898bacd08c,711d6e09-d8ae-475c-8d5b-a691c127f5de,1633168339055,14.270103,52.2967583,7.145555,0.5369444,0.53315735,-0.2622099,on bike mount,cyclo cross,True,asphalt,excellent
40b1faa6-1ba9-4218-b2b9-0e4979a6b88a,ad7c36f4-d54e-42e8-802e-c7898bacd08c,55230aec-4e05-4111-8155-05b53ab1d75e,1633168339105,14.270103,52.2967583,7.145555,-0.6603056,2.6976619,2.7923212,on bike mount,cyclo cross,True,asphalt,excellent
40b1faa6-1ba9-4218-b2b9-0e4979a6b88a,ad7c36f4-d54e-42e8-802e-c7898bacd08c,3348fc20-d8b4-4f53-a089-75050d4eec53,1633168339156,14.270103,52.2967583,7.145555,1.2805693,0.6071334,-2.5692878,on bike mount,cyclo cross,True,asphalt,excellent
40b1faa6-1ba9-4218-b2b9-0e4979a6b88a,ad7c36f4-d54e-42e8-802e-c7898bacd08c,786d537c-2736-4aac-be95-fcec31dfcec9,1633168339206,14.270103,52.2967583,7.145555,-0.27152765,-0.2774632,0.8903885,on bike mount,cyclo cross,True,asphalt,excellent
40b1faa6-1ba9-4218-b2b9-0e4979a6b88a,ad7c36f4-d54e-42e8-802e-c7898bacd08c,e6c946c1-15d0-45e4-acd4-ac4d72d6224e,1633168339256,14.270103,52.2967583,7.145555,-0.39241076,1.4263515,-1.2405028,on bike mount,cyclo cross,True,asphalt,excellent
40b1faa6-1ba9-4218-b2b9-0e4979a6b88a,ad7c36f4-d54e-42e8-802e-c7898bacd08c,118f94c9-3958-4a86-a1d8-70a8dcf73366,1633168339305,14.270103,52.2967583,7.145555,-1.0572197,-0.9916431,3.1177177,on bike mount,cyclo cross,True,asphalt,excellent
40b1faa6-1ba9-4218-b2b9-0e4979a6b88a,ad7c36f4-d54e-42e8-802e-c7898bacd08c,b8b34089-5347-46e6-bbea-0b2ad541eda4,1633168339355,14.270103,52.2967583,7.145555,0.23106688,-2.1644053,-1.5222006,on bike mount,cyclo cross,True,asphalt,excellent
40b1faa6-1ba9-4218-b2b9-0e4979a6b88a,ad7c36f4-d54e-42e8-802e-c7898bacd08c,13845847-c1d8-4253-80f3-02e57a55aa4a,1633168339405,14.270103,52.2967583,7.145555,-0.50027776,1.6069078,-4.160646,on bike mount,cyclo cross,True,asphalt,excellent
40b1faa6-1ba9-4218-b2b9-0e4979a6b88a,ad7c36f4-d54e-42e8-802e-c7898bacd08c,467823b9-a72b-475d-9af8-fece641302e0,1633168339457,14.270103,52.2967583,7.145555,0.46284112,-2.5946956,1.8021135,on bike mount,cyclo cross,True,asphalt,excellent
40b1faa6-1ba9-4218-b2b9-0e4979a6b88a,ad7c36f4-d54e-42e8-802e-c7898bacd08c,693a257d-7035-4116-a51f-d2b342e291bd,1633168339507,14.270103,52.2967583,7.145555,1.2236373,-0.14391184,-3.928915,on bike mount,cyclo cross,True,asphalt,excellent
40b1faa6-1ba9-4218-b2b9-0e4979a6b88a,ad7c36f4-d54e-42e8-802e-c7898bacd08c,894e77fe-cd0f-419b-a1e4-32cdcf94df89,1633168339573,14.270103,52.2967583,7.145555,-0.5357961,-0.8079426,1.4587431,on bike mount,cyclo cross,True,asphalt,excellent
40b1faa6-1ba9-4218-b2b9-0e4979a6b88a,ad7c36f4-d54e-42e8-802e-c7898bacd08c,6e4a41d3-1f9d-4309-83d6-f53278c0869f,1633168339623,14.270103,52.2967583,7.145555,-0.8654489,0.032888412,3.0189953,on bike mount,cyclo cross,True,asphalt,excellent
40b1faa6-1ba9-4218-b2b9-0e4979a6b88a,ad7c36f4-d54e-42e8-802e-c7898bacd08c,c3ff0023-8823-4f10-969b-a4021ccdab91,1633168339673,14.270103,52.2967583,7.145555,-1.0398041,-1.7652463,-1.1369457,on bike mount,cyclo cross,True,asphalt,excellent
40b1faa6-1ba9-4218-b2b9-0e4979a6b88a,ad7c36f4-d54e-42e8-802e-c7898bacd08c,38d241cf-eacc-4b0d-893e-37c302522e47,1633168339723,14.270103,52.2967583,7.145555,0.1903953,-2.2504838,1.0396719,on bike mount,cyclo cross,True,asphalt,excellent
40b1faa6-1ba9-4218-b2b9-0e4979a6b88a,ad7c36f4-d54e-42e8-802e-c7898bacd08c,37538ddd-5c20-437c-926d-889b3987a19c,1633168339773,14.270103,52.2967583,7.145555,-1.2875514,0.02346468,-0.01997757,on bike mount,cyclo cross,True,asphalt,excellent
40b1faa6-1ba9-4218-b2b9-0e4979a6b88a,ad7c36f4-d54e-42e8-802e-c7898bacd08c,3561cf02-9617-4989-978f-93559826adf0,1633168339823,14.270103,52.2967583,7.145555,-0.46923193,1.0492077,0.35790157,on bike mount,cyclo cross,True,asphalt,excellent
40b1faa6-1ba9-4218-b2b9-0e4979a6b88a,ad7c36f4-d54e-42e8-802e-c7898bacd08c,a9bd3795-6238-413f-a13a-3ee9ded76956,1633168339873,14.270103,52.2967583,7.145555,-0.49053514,0.6211164,1.5357819,on bike mount,cyclo cross,True,asphalt,excellent
40b1faa6-1ba9-4218-b2b9-0e4979a6b88a,ad7c36f4-d54e-42e8-802e-c7898bacd08c,ca9918c4-8644-4133-a2cd-4f5ce871cb37,1633168339923,14.270103,52.2967583,7.145555,-0.83654195,1.0200253,-1.6896944,on bike mount,cyclo cross,True,asphalt,excellent
40b1faa6-1ba9-4218-b2b9-0e4979a6b88a,ad7c36f4-d54e-42e8-802e-c7898bacd08c,c7aa6fd0-b0aa-4ac4-b52a-3052c5ad8399,1633168339973,14.2701911,52.2967911,7.1116176,1.0879725,0.41417933,-0.1357851,on bike mount,cyclo cross,True,asphalt,excellent
40b1faa6-1ba9-4218-b2b9-0e4979a6b88a,ad7c36f4-d54e-42e8-802e-c7898bacd08c,10b9a52b-3d7b-4041-bc72-6b0daac5a774,1633168340024,14.2701911,52.2967911,7.1116176,0.87033284,-2.5741823,1.1538153,on bike mount,cyclo cross,True,asphalt,excellent
40b1faa6-1ba9-4218-b2b9-0e4979a6b88a,ad7c36f4-d54e-42e8-802e-c7898bacd08c,2c6b20e5-066d-4415-9936-0038dc9b428a,1633168340074,14.2701911,52.2967911,7.1116176,0.23681132,-0.9047265,1.8350353,on bike mount,cyclo cross,True,asphalt,excellent
40b1faa6-1ba9-4218-b2b9-0e4979a6b88a,ad7c36f4-d54e-42e8-802e-c7898bacd08c,49a7d2df-7a12-4cf2-85ba-5c5baf8e99e7,1633168340125,14.2701911,52.2967911,7.1116176,0.053028792,-2.8319216,-4.163976,on bike mount,cyclo cross,True,asphalt,excellent
40b1faa6-1ba9-4218-b2b9-0e4979a6b88a,ad7c36f4-d54e-42e8-802e-c7898bacd08c,5f0ae7d6-8f79-4ddc-8481-6f357a55e20e,1633168340175,14.2701911,52.2967911,7.1116176,-0.2922727,-2.251554,-2.6905046,on bike mount,cyclo cross,True,asphalt,excellent
40b1faa6-1ba9-4218-b2b9-0e4979a6b88a,ad7c36f4-d54e-42e8-802e-c7898bacd08c,c78373a2-8b39-4583-bc91-f66d39013e6a,1633168340241,14.2701911,52.2967911,7.1116176,0.082459986,0.4021244,1.2703695,on bike mount,cyclo cross,True,asphalt,excellent
40b1faa6-1ba9-4218-b2b9-0e4979a6b88a,ad7c36f4-d54e-42e8-802e-c7898bacd08c,3b3a3829-bb43-4419-97cb-5d21ef93b32b,1633168340290,14.2701911,52.2967911,7.1116176,0.7675565,-1.6047382,-1.0305796,on bike mount,cyclo cross,True,asphalt,excellent
40b1faa6-1ba9-4218-b2b9-0e4979a6b88a,ad7c36f4-d54e-42e8-802e-c7898bacd08c,473dbd0f-4b2b-4569-8a0c-1455df612ad7,1633168340340,14.2701911,52.2967911,7.1116176,-0.35091758,-0.4419613,3.7770681,on bike mount,cyclo cross,True,asphalt,excellent
40b1faa6-1ba9-4218-b2b9-0e4979a6b88a,ad7c36f4-d54e-42e8-802e-c7898bacd08c,3edc5d93-6bf1-4eb6-99a9-0e1d1f46bc7d,1633168340390,14.2701911,52.2967911,7.1116176,-0.20249535,-1.4605488,-0.02189827,on bike mount,cyclo cross,True,asphalt,excellent
40b1faa6-1ba9-4218-b2b9-0e4979a6b88a,ad7c36f4-d54e-42e8-802e-c7898bacd08c,f158fed3-60f4-496c-994b-139da48df1a5,1633168340440,14.2701911,52.2967911,7.1116176,-0.72003156,-1.270799,-2.4406219,on bike mount,cyclo cross,True,asphalt,excellent
40b1faa6-1ba9-4218-b2b9-0e4979a6b88a,ad7c36f4-d54e-42e8-802e-c7898bacd08c,618f7aa3-d33c-4c9a-b268-d8e7183e05a8,1633168340490,14.2701911,52.2967911,7.1116176,-0.12889901,0.033661842,3.341711,on bike mount,cyclo cross,True,asphalt,excellent
40b1faa6-1ba9-4218-b2b9-0e4979a6b88a,ad7c36f4-d54e-42e8-802e-c7898bacd08c,24a8d7ff-fef1-4c05-b64a-9bd15f13a127,1633168340540,14.2701911,52.2967911,7.1116176,-0.2808059,-0.85439754,-2.5523167,on bike mount,cyclo cross,True,asphalt,excellent
40b1faa6-1ba9-4218-b2b9-0e4979a6b88a,ad7c36f4-d54e-42e8-802e-c7898bacd08c,fb6758b9-d530-49c4-9e12-afe45d508c54,1633168340592,14.2701911,52.2967911,7.1116176,-0.7754102,-1.1908343,-0.4758892,on bike mount,cyclo cross,True,asphalt,excellent
40b1faa6-1ba9-4218-b2b9-0e4979a6b88a,ad7c36f4-d54e-42e8-802e-c7898bacd08c,85505387-14b0-4615-a7fa-1d3556bda92f,1633168340641,14.2701911,52.2967911,7.1116176,-0.14861026,1.6424193,-1.3398762,on bike mount,cyclo cross,True,asphalt,excellent
40b1faa6-1ba9-4218-b2b9-0e4979a6b88a,ad7c36f4-d54e-42e8-802e-c7898bacd08c,d1e2f661-1662-4389-bc39-c62b43351df0,1633168340692,14.2701911,52.2967911,7.1116176,-0.60526824,0.16932225,2.034689,on bike mount,cyclo cross,True,asphalt,excellent
40b1faa6-1ba9-4218-b2b9-0e4979a6b88a,ad7c36f4-d54e-42e8-802e-c7898bacd08c,3123f4c7-d046-4dc8-958a-b068a0d17671,1633168340742,14.2701911,52.2967911,7.1116176,-1.2867091,1.3134427,-0.030277252,on bike mount,cyclo cross,True,asphalt,excellent
40b1faa6-1ba9-4218-b2b9-0e4979a6b88a,ad7c36f4-d54e-42e8-802e-c7898bacd08c,ebd71f5d-e06f-46df-af83-df05df5bceb0,1633168340808,14.2701911,52.2967911,7.1116176,1.1252601,1.1723571,-0.4318676,on bike mount,cyclo cross,True,asphalt,excellent
40b1faa6-1ba9-4218-b2b9-0e4979a6b88a,ad7c36f4-d54e-42e8-802e-c7898bacd08c,22e666bf-a786-4955-a01c-9edfbadcae78,1633168340858,14.2701911,52.2967911,7.1116176,0.1207379,-0.5130608,-1.0635552,on bike mount,cyclo cross,True,asphalt,excellent
40b1faa6-1ba9-4218-b2b9-0e4979a6b88a,ad7c36f4-d54e-42e8-802e-c7898bacd08c,dbe19faa-8c8d-44b3-8da1-265a8abf5172,1633168340909,14.2701911,52.2967911,7.1116176,-1.4834367,1.681828,-0.7729769,on bike mount,cyclo cross,True,asphalt,excellent
40b1faa6-1ba9-4218-b2b9-0e4979a6b88a,ad7c36f4-d54e-42e8-802e-c7898bacd08c,1a5122c2-5104-4d91-9b85-0c21edc434ae,1633168340965,14.270278,52.2968263,7.094062,-0.2372452,2.3545609,-0.258111,on bike mount,cyclo cross,True,asphalt,excellent
40b1faa6-1ba9-4218-b2b9-0e4979a6b88a,ad7c36f4-d54e-42e8-802e-c7898bacd08c,241e8ef2-e9a5-4523-ae80-e100a7b6c77d,1633168341025,14.270278,52.2968263,7.094062,-0.40815032,-1.5639464,1.1094484,on bike mount,cyclo cross,True,asphalt,excellent
40b1faa6-1ba9-4218-b2b9-0e4979a6b88a,ad7c36f4-d54e-42e8-802e-c7898bacd08c,fd51ab98-c712-41e1-b360-7275f0864f49,1633168341075,14.270278,52.2968263,7.094062,-0.32820988,-0.13635683,1.6039438,on bike mount,cyclo cross,True,asphalt,excellent
40b1faa6-1ba9-4218-b2b9-0e4979a6b88a,ad7c36f4-d54e-42e8-802e-c7898bacd08c,3c3bfb1f-81d6-428a-b2ae-decd49bec10b,1633168341125,14.270278,52.2968263,7.094062,1.2001709,0.37160206,-3.686804,on bike mount,cyclo cross,True,asphalt,excellent
40b1faa6-1ba9-4218-b2b9-0e4979a6b88a,ad7c36f4-d54e-42e8-802e-c7898bacd08c,8a19e148-44ad-4f4b-93e2-d39a8d42e492,1633168341175,14.270278,52.2968263,7.094062,-0.93363357,-1.7004135,3.9080343,on bike mount,cyclo cross,True,asphalt,excellent
40b1faa6-1ba9-4218-b2b9-0e4979a6b88a,ad7c36f4-d54e-42e8-802e-c7898bacd08c,7812896e-328b-4fd9-a0ee-f2ac92d510a9,1633168341225,14.270278,52.2968263,7.094062,0.29145455,0.8500452,3.6452265,on bike mount,cyclo cross,True,asphalt,excellent
40b1faa6-1ba9-4218-b2b9-0e4979a6b88a,ad7c36f4-d54e-42e8-802e-c7898bacd08c,1a39f3f7-c9c5-451f-b507-d075e2d76027,1633168341275,14.270278,52.2968263,7.094062,0.860205,-2.0586984,9.149562,on bike mount,cyclo cross,True,asphalt,excellent
40b1faa6-1ba9-4218-b2b9-0e4979a6b88a,ad7c36f4-d54e-42e8-802e-c7898bacd08c,0f8bb5eb-dcc4-43b8-8036-7b02a4efd517,1633168341325,14.270278,52.2968263,7.094062,1.2668,-3.4744701,-5.0000916,on bike mount,cyclo cross,True,asphalt,excellent
40b1faa6-1ba9-4218-b2b9-0e4979a6b88a,ad7c36f4-d54e-42e8-802e-c7898bacd08c,a7aea8cc-2fd1-47b9-8ffa-67f984800073,1633168341376,14.270278,52.2968263,7.094062,-1.3535359,0.2849164,4.0705357,on bike mount,cyclo cross,True,asphalt,excellent
40b1faa6-1ba9-4218-b2b9-0e4979a6b88a,ad7c36f4-d54e-42e8-802e-c7898bacd08c,a4d30884-0eea-49ec-8eac-63ee27283510,1633168341427,14.270278,52.2968263,7.094062,1.5666542,0.497334,-0.06245613,on bike mount,cyclo cross,True,asphalt,excellent
40b1faa6-1ba9-4218-b2b9-0e4979a6b88a,ad7c36f4-d54e-42e8-802e-c7898bacd08c,7093ca15-3551-4955-a1ce-1eb6f3940139,1633168341477,14.270278,52.2968263,7.094062,-1.7007959,-6.7942386,4.11697,on bike mount,cyclo cross,True,asphalt,excellent
40b1faa6-1ba9-4218-b2b9-0e4979a6b88a,ad7c36f4-d54e-42e8-802e-c7898bacd08c,8c15ce82-2dcb-4773-a8f1-343d6247049a,1633168341527,14.270278,52.2968263,7.094062,0.6809192,-1.5751526,-3.1004677,on bike mount,cyclo cross,True,asphalt,excellent
40b1faa6-1ba9-4218-b2b9-0e4979a6b88a,ad7c36f4-d54e-42e8-802e-c7898bacd08c,6e786d2e-077b-4d2a-997a-d0f36118c704,1633168341577,14.270278,52.2968263,7.094062,1.5288433,0.7386489,-0.18837547,on bike mount,cyclo cross,True,asphalt,excellent
40b1faa6-1ba9-4218-b2b9-0e4979a6b88a,ad7c36f4-d54e-42e8-802e-c7898bacd08c,ca073e9d-3142-4b7e-8576-7d939474c3aa,1633168341627,14.270278,52.2968263,7.094062,0.39055192,-2.7216942,0.2916832,on bike mount,cyclo cross,True,asphalt,excellent
40b1faa6-1ba9-4218-b2b9-0e4979a6b88a,ad7c36f4-d54e-42e8-802e-c7898bacd08c,f343d57b-3be7-4cac-9638-9aec7077d562,1633168341677,14.270278,52.2968263,7.094062,-0.44637388,-2.2957618,-3.8671987,on bike mount,cyclo cross,True,asphalt,excellent
40b1faa6-1ba9-4218-b2b9-0e4979a6b88a,ad7c36f4-d54e-42e8-802e-c7898bacd08c,d73e68aa-9795-4d29-bad6-19da8b9435fb,1633168341727,14.270278,52.2968263,7.094062,-0.06319931,-0.49511528,-0.97704506,on bike mount,cyclo cross,True,asphalt,excellent
40b1faa6-1ba9-4218-b2b9-0e4979a6b88a,ad7c36f4-d54e-42e8-802e-c7898bacd08c,0bebf930-6e1b-4d84-ada7-a46d1d695034,1633168341777,14.270278,52.2968263,7.094062,-0.25852904,0.22334886,-2.1274629,on bike mount,cyclo cross,True,asphalt,excellent
40b1faa6-1ba9-4218-b2b9-0e4979a6b88a,ad7c36f4-d54e-42e8-802e-c7898bacd08c,cd68b00d-dc02-40d2-a226-b10e5d07d263,1633168341829,14.270278,52.2968263,7.094062,-0.32355064,0.51601195,-2.3480587,on bike mount,cyclo cross,True,asphalt,excellent
40b1faa6-1ba9-4218-b2b9-0e4979a6b88a,ad7c36f4-d54e-42e8-802e-c7898bacd08c,f5f0edf9-3ef2-421d-9cf7-483d0323348b,1633168341880,14.270278,52.2968263,7.094062,0.41838148,-2.5849571,4.7048626,on bike mount,cyclo cross,True,asphalt,excellent
40b1faa6-1ba9-4218-b2b9-0e4979a6b88a,ad7c36f4-d54e-42e8-802e-c7898bacd08c,8980fef1-e934-46af-b78b-da9670dc75f7,1633168341950,14.270278,52.2968263,7.094062,0.07311791,-4.852386,2.2696056,on bike mount,cyclo cross,True,asphalt,excellent
40b1faa6-1ba9-4218-b2b9-0e4979a6b88a,ad7c36f4-d54e-42e8-802e-c7898bacd08c,21bdfbd0-b608-4a1b-bdfc-a7c157018b77,1633168342010,14.2703621,52.296859,7.032693,1.4282222,-1.2308829,2.6522226,on bike mount,cyclo cross,True,asphalt,excellent
40b1faa6-1ba9-4218-b2b9-0e4979a6b88a,ad7c36f4-d54e-42e8-802e-c7898bacd08c,44091be6-fd0e-4b68-97aa-e8e66fe2ec4d,1633168342061,14.2703621,52.296859,7.032693,-0.10914239,-2.2609715,-2.3616357,on bike mount,cyclo cross,True,asphalt,excellent
40b1faa6-1ba9-4218-b2b9-0e4979a6b88a,ad7c36f4-d54e-42e8-802e-c7898bacd08c,6f243d1a-31b7-416e-ba59-8e1bb7c96ef8,1633168342111,14.2703621,52.296859,7.032693,1.4632709,-1.9527305,-0.19452095,on bike mount,cyclo cross,True,asphalt,excellent
40b1faa6-1ba9-4218-b2b9-0e4979a6b88a,ad7c36f4-d54e-42e8-802e-c7898bacd08c,b334fb2f-0cd6-406b-a762-9f1b6e2b86ea,1633168342162,14.2703621,52.296859,7.032693,-0.8356161,1.2649312,-3.077826,on bike mount,cyclo cross,True,asphalt,excellent
40b1faa6-1ba9-4218-b2b9-0e4979a6b88a,ad7c36f4-d54e-42e8-802e-c7898bacd08c,33c90845-d15d-4201-a915-adb45896209e,1633168342211,14.2703621,52.296859,7.032693,0.9003317,0.8942077,-2.8888688,on bike mount,cyclo cross,True,asphalt,excellent
40b1faa6-1ba9-4218-b2b9-0e4979a6b88a,ad7c36f4-d54e-42e8-802e-c7898bacd08c,f05f3e83-989e-42d2-a5a5-18699723723b,1633168342262,14.2703621,52.296859,7.032693,-0.98078734,-0.4101932,1.7032633,on bike mount,cyclo cross,True,asphalt,excellent
40b1faa6-1ba9-4218-b2b9-0e4979a6b88a,ad7c36f4-d54e-42e8-802e-c7898bacd08c,ff9f1f05-bcbc-4c0d-a750-b5b6e5444fa7,1633168342312,14.2703621,52.296859,7.032693,0.11883122,-2.4111207,-4.0177927,on bike mount,cyclo cross,True,asphalt,excellent
40b1faa6-1ba9-4218-b2b9-0e4979a6b88a,ad7c36f4-d54e-42e8-802e-c7898bacd08c,b389e35c-5d8b-4c71-b570-63dea4d9b5c5,1633168342362,14.2703621,52.296859,7.032693,0.76667404,0.3997922,0.08472347,on bike mount,cyclo cross,True,asphalt,excellent
40b1faa6-1ba9-4218-b2b9-0e4979a6b88a,ad7c36f4-d54e-42e8-802e-c7898bacd08c,bb78e2d1-17a5-43e5-9f96-dcdbad7274c1,1633168342412,14.2703621,52.296859,7.032693,2.2373428,0.92521715,0.012763977,on bike mount,cyclo cross,True,asphalt,excellent
40b1faa6-1ba9-4218-b2b9-0e4979a6b88a,ad7c36f4-d54e-42e8-802e-c7898bacd08c,64666828-9402-45b8-a493-306b63c5c306,1633168342462,14.2703621,52.296859,7.032693,-1.1010308,0.055404186,-2.967793,on bike mount,cyclo cross,True,asphalt,excellent
40b1faa6-1ba9-4218-b2b9-0e4979a6b88a,ad7c36f4-d54e-42e8-802e-c7898bacd08c,7972e42a-ad00-419a-9cce-40e574713f6e,1633168342512,14.2703621,52.296859,7.032693,0.6699606,1.0555913,-0.73723793,on bike mount,cyclo cross,True,asphalt,excellent
40b1faa6-1ba9-4218-b2b9-0e4979a6b88a,ad7c36f4-d54e-42e8-802e-c7898bacd08c,9a5bd2bf-6ec7-403e-812a-5c89b6a79897,1633168342562,14.2703621,52.296859,7.032693,0.89496267,2.5250502,0.38353062,on bike mount,cyclo cross,True,asphalt,excellent
40b1faa6-1ba9-4218-b2b9-0e4979a6b88a,ad7c36f4-d54e-42e8-802e-c7898bacd08c,0371b0ee-7068-4006-a6c3-a61c5c85503a,1633168342612,14.2703621,52.296859,7.032693,-0.054897726,-0.80673766,-0.89370155,on bike mount,cyclo cross,True,asphalt,excellent
40b1faa6-1ba9-4218-b2b9-0e4979a6b88a,ad7c36f4-d54e-42e8-802e-c7898bacd08c,7249ff13-fdd2-4598-a858-701a5e9a7f55,1633168342662,14.2703621,52.296859,7.032693,-1.8266258,-0.3661344,1.2057247,on bike mount,cyclo cross,True,asphalt,excellent
40b1faa6-1ba9-4218-b2b9-0e4979a6b88a,ad7c36f4-d54e-42e8-802e-c7898bacd08c,dc45c225-d715-49f9-9707-0ccd1382c846,1633168342712,14.2703621,52.296859,7.032693,1.4001597,2.0705638,-0.76522493,on bike mount,cyclo cross,True,asphalt,excellent
40b1faa6-1ba9-4218-b2b9-0e4979a6b88a,ad7c36f4-d54e-42e8-802e-c7898bacd08c,0645a026-a4eb-4c09-8721-cfb55e826c1a,1633168342762,14.2703621,52.296859,7.032693,0.9628657,-1.7704062,0.6554432,on bike mount,cyclo cross,True,asphalt,excellent
40b1faa6-1ba9-4218-b2b9-0e4979a6b88a,ad7c36f4-d54e-42e8-802e-c7898bacd08c,9d09252a-e946-490a-8646-40485476ad97,1633168342813,14.2703621,52.296859,7.032693,-0.48775166,0.06570983,0.39525032,on bike mount,cyclo cross,True,asphalt,excellent
40b1faa6-1ba9-4218-b2b9-0e4979a6b88a,ad7c36f4-d54e-42e8-802e-c7898bacd08c,5df2bacc-1f39-4b3b-be2c-1f9eb79078b9,1633168342863,14.2703621,52.296859,7.032693,1.3976443,-1.5393966,-0.4961338,on bike mount,cyclo cross,True,asphalt,excellent
40b1faa6-1ba9-4218-b2b9-0e4979a6b88a,ad7c36f4-d54e-42e8-802e-c7898bacd08c,37f531c7-a546-404a-a52d-59fbec956cfe,1633168342913,14.2703621,52.296859,7.032693,-0.66512954,-1.4662879,5.528453,on bike mount,cyclo cross,True,asphalt,excellent
40b1faa6-1ba9-4218-b2b9-0e4979a6b88a,ad7c36f4-d54e-42e8-802e-c7898bacd08c,91222e94-fb3a-4817-b8fb-034fc7d86c87,1633168342967,14.2704642,52.2968873,7.0858755,0.78620625,-2.2721634,2.121873,on bike mount,cyclo cross,True,asphalt,excellent
40b1faa6-1ba9-4218-b2b9-0e4979a6b88a,ad7c36f4-d54e-42e8-802e-c7898bacd08c,2274558c-2bac-4535-9fea-309f26d45890,1633168343029,14.2704642,52.2968873,7.0858755,1.5896542,-4.162059,0.74867153,on bike mount,cyclo cross,True,asphalt,excellent
40b1faa6-1ba9-4218-b2b9-0e4979a6b88a,ad7c36f4-d54e-42e8-802e-c7898bacd08c,4d77d519-438a-451c-81e0-53404c7daa86,1633168343080,14.2704642,52.2968873,7.0858755,1.0424544,-3.3521688,-0.48110485,on bike mount,cyclo cross,True,asphalt,excellent
40b1faa6-1ba9-4218-b2b9-0e4979a6b88a,ad7c36f4-d54e-42e8-802e-c7898bacd08c,341653b0-06d2-422e-a521-8c476db30a93,1633168343130,14.2704642,52.2968873,7.0858755,1.9529465,-3.2281127,-0.36087418,on bike mount,cyclo cross,True,asphalt,excellent
40b1faa6-1ba9-4218-b2b9-0e4979a6b88a,ad7c36f4-d54e-42e8-802e-c7898bacd08c,70e80ae8-d8e0-4b0c-b5e7-71533372bef8,1633168343180,14.2704642,52.2968873,7.0858755,-0.81398904,0.32463217,-0.24053097,on bike mount,cyclo cross,True,asphalt,excellent
40b1faa6-1ba9-4218-b2b9-0e4979a6b88a,ad7c36f4-d54e-42e8-802e-c7898bacd08c,8a938951-34e2-4759-82ce-b393922bad39,1633168343231,14.2704642,52.2968873,7.0858755,-0.3135299,-0.39876676,1.4194889,on bike mount,cyclo cross,True,asphalt,excellent
40b1faa6-1ba9-4218-b2b9-0e4979a6b88a,ad7c36f4-d54e-42e8-802e-c7898bacd08c,c0b10eba-c0b9-480a-8926-d74d451b6bf6,1633168343281,14.2704642,52.2968873,7.0858755,-0.82349706,1.2888665,-0.26510525,on bike mount,cyclo cross,True,asphalt,excellent
40b1faa6-1ba9-4218-b2b9-0e4979a6b88a,ad7c36f4-d54e-42e8-802e-c7898bacd08c,4c823341-0eb1-4a93-a277-cf69af033887,1633168343348,14.2704642,52.2968873,7.0858755,0.39628094,-0.30523276,0.38871765,on bike mount,cyclo cross,True,asphalt,excellent
40b1faa6-1ba9-4218-b2b9-0e4979a6b88a,ad7c36f4-d54e-42e8-802e-c7898bacd08c,fa634727-ca65-490e-b253-8b5825bb09c9,1633168343398,14.2704642,52.2968873,7.0858755,0.02259396,-1.0625169,-0.9565687,on bike mount,cyclo cross,True,asphalt,excellent
40b1faa6-1ba9-4218-b2b9-0e4979a6b88a,ad7c36f4-d54e-42e8-802e-c7898bacd08c,c6c76bbf-6036-4504-8b4d-4d1a9867f45b,1633168343464,14.2704642,52.2968873,7.0858755,-2.1408906,-0.7917304,1.1085978,on bike mount,cyclo cross,True,asphalt,excellent
40b1faa6-1ba9-4218-b2b9-0e4979a6b88a,ad7c36f4-d54e-42e8-802e-c7898bacd08c,83331d34-4d5f-4c0d-8ab1-b147ce322e7d,1633168343514,14.2704642,52.2968873,7.0858755,1.3006955,1.3457654,-1.598474,on bike mount,cyclo cross,True,asphalt,excellent
40b1faa6-1ba9-4218-b2b9-0e4979a6b88a,ad7c36f4-d54e-42e8-802e-c7898bacd08c,32284821-389f-4391-b7c7-c31b59b003aa,1633168343566,14.2704642,52.2968873,7.0858755,-0.12235753,2.308196,-2.7951264,on bike mount,cyclo cross,True,asphalt,excellent
40b1faa6-1ba9-4218-b2b9-0e4979a6b88a,ad7c36f4-d54e-42e8-802e-c7898bacd08c,4b3ef727-a470-43db-92d6-b627a2577341,1633168343631,14.2704642,52.2968873,7.0858755,-1.1725459,2.2783866,-1.869019,on bike mount,cyclo cross,True,asphalt,excellent
40b1faa6-1ba9-4218-b2b9-0e4979a6b88a,ad7c36f4-d54e-42e8-802e-c7898bacd08c,272a31bd-0cf2-4cb4-aa60-ac8fda9e3770,1633168343682,14.2704642,52.2968873,7.0858755,-0.75216675,0.29368114,0.5574894,on bike mount,cyclo cross,True,asphalt,excellent
40b1faa6-1ba9-4218-b2b9-0e4979a6b88a,ad7c36f4-d54e-42e8-802e-c7898bacd08c,3072e59b-fdf4-478f-b09a-3ab9bfe25288,1633168343732,14.2704642,52.2968873,7.0858755,-0.03823462,-1.5646424,1.4492302,on bike mount,cyclo cross,True,asphalt,excellent
40b1faa6-1ba9-4218-b2b9-0e4979a6b88a,ad7c36f4-d54e-42e8-802e-c7898bacd08c,70162b8b-1373-4843-abfe-5b3239ee15a6,1633168343782,14.2704642,52.2968873,7.0858755,-0.29275113,-0.76997685,-2.0181756,on bike mount,cyclo cross,True,asphalt,excellent
40b1faa6-1ba9-4218-b2b9-0e4979a6b88a,ad7c36f4-d54e-42e8-802e-c7898bacd08c,885c09ae-887f-4e08-b0bf-7a6d028c4c64,1633168343833,14.2704642,52.2968873,7.0858755,-0.069221914,-2.8718424,2.1953983,on bike mount,cyclo cross,True,asphalt,excellent
40b1faa6-1ba9-4218-b2b9-0e4979a6b88a,ad7c36f4-d54e-42e8-802e-c7898bacd08c,7ff5b0c7-17b5-4cb0-b193-9f7a22f1af1c,1633168343883,14.2704642,52.2968873,7.0858755,-0.124038756,-2.9036515,-1.0528202,on bike mount,cyclo cross,True,asphalt,excellent
40b1faa6-1ba9-4218-b2b9-0e4979a6b88a,ad7c36f4-d54e-42e8-802e-c7898bacd08c,daa59aa8-423f-456f-a008-dc378c2f5a5b,1633168343936,14.2704642,52.2968873,7.0858755,-1.6442095,-2.2136343,2.537445,on bike mount,cyclo cross,True,asphalt,excellent
40b1faa6-1ba9-4218-b2b9-0e4979a6b88a,ad7c36f4-d54e-42e8-802e-c7898bacd08c,69b4e4e7-ca18-4f3d-882a-abf248f1810b,1633168343998,14.2705683,52.2969116,7.0840874,0.97060376,-2.4267154,-1.1114774,on bike mount,cyclo cross,True,asphalt,excellent
40b1faa6-1ba9-4218-b2b9-0e4979a6b88a,ad7c36f4-d54e-42e8-802e-c7898bacd08c,4c81a214-6c41-4ea5-a8f3-b27dae2db1d8,1633168344049,14.2705683,52.2969116,7.0840874,-0.12257023,2.8765259,0.9284344,on bike mount,cyclo cross,True,asphalt,excellent
40b1faa6-1ba9-4218-b2b9-0e4979a6b88a,ad7c36f4-d54e-42e8-802e-c7898bacd08c,90e6d020-614c-4922-8c80-43424e8ae9dd,1633168344099,14.2705683,52.2969116,7.0840874,0.020397455,-6.237356,2.6347475,on bike mount,cyclo cross,True,asphalt,excellent
40b1faa6-1ba9-4218-b2b9-0e4979a6b88a,ad7c36f4-d54e-42e8-802e-c7898bacd08c,809e96a3-37cc-4317-8065-a9de1667436b,1633168344149,14.2705683,52.2969116,7.0840874,0.062877156,1.8268337,-2.0804968,on bike mount,cyclo cross,True,asphalt,excellent
40b1faa6-1ba9-4218-b2b9-0e4979a6b88a,ad7c36f4-d54e-42e8-802e-c7898bacd08c,293432d9-258c-4cc9-84e4-63b45f85bf39,1633168344199,14.2705683,52.2969116,7.0840874,-0.11941776,-2.8638659,1.968298,on bike mount,cyclo cross,True,asphalt,excellent
40b1faa6-1ba9-4218-b2b9-0e4979a6b88a,ad7c36f4-d54e-42e8-802e-c7898bacd08c,63b04521-e1b9-48a1-b2c2-2f60e5c298b8,1633168344249,14.2705683,52.2969116,7.0840874,0.33824086,4.0460525,-0.92118263,on bike mount,cyclo cross,True,asphalt,excellent
40b1faa6-1ba9-4218-b2b9-0e4979a6b88a,ad7c36f4-d54e-42e8-802e-c7898bacd08c,64297b89-5a07-4881-8747-84917a00ed19,1633168344299,14.2705683,52.2969116,7.0840874,-1.4003936,1.7096825,-1.8579702,on bike mount,cyclo cross,True,asphalt,excellent
40b1faa6-1ba9-4218-b2b9-0e4979a6b88a,ad7c36f4-d54e-42e8-802e-c7898bacd08c,dc887999-cdfb-4f7c-a0cd-b141a5423526,1633168344349,14.2705683,52.2969116,7.0840874,0.24631882,1.106446,2.777522,on bike mount,cyclo cross,True,asphalt,excellent
40b1faa6-1ba9-4218-b2b9-0e4979a6b88a,ad7c36f4-d54e-42e8-802e-c7898bacd08c,9d81321e-8f22-4d52-9f18-a0bb73cd0150,1633168344399,14.2705683,52.2969116,7.0840874,-2.1281285,-2.1441987,-0.9961195,on bike mount,cyclo cross,True,asphalt,excellent
40b1faa6-1ba9-4218-b2b9-0e4979a6b88a,ad7c36f4-d54e-42e8-802e-c7898bacd08c,94414586-277b-49d4-bbee-49bc39429c66,1633168344451,14.2705683,52.2969116,7.0840874,-2.0537949,0.3818798,-0.7682104,on bike mount,cyclo cross,True,asphalt,excellent
40b1faa6-1ba9-4218-b2b9-0e4979a6b88a,ad7c36f4-d54e-42e8-802e-c7898bacd08c,13430c4e-9869-4eac-930a-a84c7a40ff76,1633168344501,14.2705683,52.2969116,7.0840874,-0.9263755,-3.0264792,3.4355078,on bike mount,cyclo cross,True,asphalt,excellent
40b1faa6-1ba9-4218-b2b9-0e4979a6b88a,ad7c36f4-d54e-42e8-802e-c7898bacd08c,02e4962e-9a12-4dd0-b726-fd62dc7b300c,1633168344567,14.2705683,52.2969116,7.0840874,-0.5001169,2.5956082,-0.58281183,on bike mount,cyclo cross,True,asphalt,excellent
40b1faa6-1ba9-4218-b2b9-0e4979a6b88a,ad7c36f4-d54e-42e8-802e-c7898bacd08c,28665e20-72b9-4f45-be24-cf07f04c119f,1633168344618,14.2705683,52.2969116,7.0840874,0.36803257,1.0005109,4.253584,on bike mount,cyclo cross,True,asphalt,excellent
40b1faa6-1ba9-4218-b2b9-0e4979a6b88a,ad7c36f4-d54e-42e8-802e-c7898bacd08c,d2d739c2-69eb-449b-b2aa-1f8cae7c777a,1633168344684,14.2705683,52.2969116,7.0840874,0.5159255,-0.69488835,3.1244965,on bike mount,cyclo cross,True,asphalt,excellent
40b1faa6-1ba9-4218-b2b9-0e4979a6b88a,ad7c36f4-d54e-42e8-802e-c7898bacd08c,76909790-00e2-4380-b352-6cfe80555e24,1633168344751,14.2705683,52.2969116,7.0840874,0.06822212,2.6200614,-2.9040627,on bike mount,cyclo cross,True,asphalt,excellent
40b1faa6-1ba9-4218-b2b9-0e4979a6b88a,ad7c36f4-d54e-42e8-802e-c7898bacd08c,76597eb7-e790-4cd4-8167-1099c10a72b6,1633168344801,14.2705683,52.2969116,7.0840874,0.21271548,0.47791886,0.91431713,on bike mount,cyclo cross,True,asphalt,excellent
40b1faa6-1ba9-4218-b2b9-0e4979a6b88a,ad7c36f4-d54e-42e8-802e-c7898bacd08c,6f579f76-c2fc-416d-abee-36d07f3783aa,1633168344866,14.2705683,52.2969116,7.0840874,0.1529716,-0.47863555,2.0037298,on bike mount,cyclo cross,True,asphalt,excellent
40b1faa6-1ba9-4218-b2b9-0e4979a6b88a,ad7c36f4-d54e-42e8-802e-c7898bacd08c,69951457-a40e-4ec0-b958-4be4cbe7c92a,1633168344916,14.2705683,52.2969116,7.0840874,1.107891,-1.2872266,-1.1213169,on bike mount,cyclo cross,True,asphalt,excellent
40b1faa6-1ba9-4218-b2b9-0e4979a6b88a,ad7c36f4-d54e-42e8-802e-c7898bacd08c,d504f520-be91-4631-be80-c8194942539e,1633168344967,14.2706726,52.2969375,7.0915875,0.18888424,1.3402691,1.8601503,on bike mount,cyclo cross,True,asphalt,excellent
40b1faa6-1ba9-4218-b2b9-0e4979a6b88a,ad7c36f4-d54e-42e8-802e-c7898bacd08c,f10e771e-e14f-42d0-8a40-6a123f518459,1633168345017,14.2706726,52.2969375,7.0915875,0.91272676,0.30526948,-0.4018693,on bike mount,cyclo cross,True,asphalt,excellent
40b1faa6-1ba9-4218-b2b9-0e4979a6b88a,ad7c36f4-d54e-42e8-802e-c7898bacd08c,2e667c84-e35f-49f0-9848-509a588369e6,1633168345067,14.2706726,52.2969375,7.0915875,-1.1077313,-1.585947,0.21265411,on bike mount,cyclo cross,True,asphalt,excellent
40b1faa6-1ba9-4218-b2b9-0e4979a6b88a,ad7c36f4-d54e-42e8-802e-c7898bacd08c,b956199c-f1f7-4b64-8333-1b297e4a43d5,1633168345117,14.2706726,52.2969375,7.0915875,2.3256958,0.32759786,-0.9080744,on bike mount,cyclo cross,True,asphalt,excellent
40b1faa6-1ba9-4218-b2b9-0e4979a6b88a,ad7c36f4-d54e-42e8-802e-c7898bacd08c,aec89eac-579a-48f4-81f5-7ebb54185a5b,1633168345167,14.2706726,52.2969375,7.0915875,0.6517716,0.2497387,-0.29568863,on bike mount,cyclo cross,True,asphalt,excellent
40b1faa6-1ba9-4218-b2b9-0e4979a6b88a,ad7c36f4-d54e-42e8-802e-c7898bacd08c,0f202c36-6ec9-41b4-9275-39499aad8e6e,1633168345217,14.2706726,52.2969375,7.0915875,-0.47006857,2.0526304,0.39399433,on bike mount,cyclo cross,True,asphalt,excellent
40b1faa6-1ba9-4218-b2b9-0e4979a6b88a,ad7c36f4-d54e-42e8-802e-c7898bacd08c,17c1d09a-7de3-4503-a832-81eea3827ca5,1633168345268,14.2706726,52.2969375,7.0915875,1.2396449,-1.0999467,-0.8679838,on bike mount,cyclo cross,True,asphalt,excellent
40b1faa6-1ba9-4218-b2b9-0e4979a6b88a,ad7c36f4-d54e-42e8-802e-c7898bacd08c,219e69ef-a1a1-4d9e-980f-1cf6dc909068,1633168345318,14.2706726,52.2969375,7.0915875,0.17184749,-0.47695875,1.28545,on bike mount,cyclo cross,True,asphalt,excellent
40b1faa6-1ba9-4218-b2b9-0e4979a6b88a,ad7c36f4-d54e-42e8-802e-c7898bacd08c,3cca5a05-8b5c-4ab4-9aa1-90e7b6747688,1633168345368,14.2706726,52.2969375,7.0915875,-0.6225337,0.6930597,0.02299118,on bike mount,cyclo cross,True,asphalt,excellent
40b1faa6-1ba9-4218-b2b9-0e4979a6b88a,ad7c36f4-d54e-42e8-802e-c7898bacd08c,cee3dfe3-e01a-449e-bdf5-4e2474f803de,1633168345418,14.2706726,52.2969375,7.0915875,-0.14529899,-0.5566616,-0.09920406,on bike mount,cyclo cross,True,asphalt,excellent
40b1faa6-1ba9-4218-b2b9-0e4979a6b88a,ad7c36f4-d54e-42e8-802e-c7898bacd08c,460b1d7c-5732-43e2-9390-2d1868bc8105,1633168345469,14.2706726,52.2969375,7.0915875,0.7156379,2.0356123,1.9359503,on bike mount,cyclo cross,True,asphalt,excellent
40b1faa6-1ba9-4218-b2b9-0e4979a6b88a,ad7c36f4-d54e-42e8-802e-c7898bacd08c,cedb265b-9446-40c1-a1f3-b2b78abcae4a,1633168345519,14.2706726,52.2969375,7.0915875,0.007127106,0.055640697,0.18246746,on bike mount,cyclo cross,True,asphalt,excellent
40b1faa6-1ba9-4218-b2b9-0e4979a6b88a,ad7c36f4-d54e-42e8-802e-c7898bacd08c,6e447f95-1e0e-426d-85c6-25d6da2c843f,1633168345569,14.2706726,52.2969375,7.0915875,0.7151694,1.2463627,1.3973656,on bike mount,cyclo cross,True,asphalt,excellent
40b1faa6-1ba9-4218-b2b9-0e4979a6b88a,ad7c36f4-d54e-42e8-802e-c7898bacd08c,00153d69-8abb-4dd9-879e-55f970ca349e,1633168345619,14.2706726,52.2969375,7.0915875,2.496551,-0.6827812,1.3280077,on bike mount,cyclo cross,True,asphalt,excellent
40b1faa6-1ba9-4218-b2b9-0e4979a6b88a,ad7c36f4-d54e-42e8-802e-c7898bacd08c,25c46f2a-c705-43d1-bd3e-e970f946e5fd,1633168345670,14.2706726,52.2969375,7.0915875,0.93825734,-1.7197264,1.0737782,on bike mount,cyclo cross,True,asphalt,excellent
40b1faa6-1ba9-4218-b2b9-0e4979a6b88a,ad7c36f4-d54e-42e8-802e-c7898bacd08c,5c2aeb05-d69f-476f-82ab-82b2faaf54bb,1633168345720,14.2706726,52.2969375,7.0915875,-0.11571324,-3.4170537,2.6660738,on bike mount,cyclo cross,True,asphalt,excellent
40b1faa6-1ba9-4218-b2b9-0e4979a6b88a,ad7c36f4-d54e-42e8-802e-c7898bacd08c,3760c9d1-c585-430c-ab32-ce333afbc05c,1633168345771,14.2706726,52.2969375,7.0915875,1.6032209,-2.6063118,-2.2285604,on bike mount,cyclo cross,True,asphalt,excellent
40b1faa6-1ba9-4218-b2b9-0e4979a6b88a,ad7c36f4-d54e-42e8-802e-c7898bacd08c,08f07dbf-a822-407f-b302-79c98a31955a,1633168345836,14.2706726,52.2969375,7.0915875,-1.2545235,-2.6591873,0.80775166,on bike mount,cyclo cross,True,asphalt,excellent
40b1faa6-1ba9-4218-b2b9-0e4979a6b88a,ad7c36f4-d54e-42e8-802e-c7898bacd08c,72b53466-f3f3-4f0a-a678-e589dedfec3f,1633168345886,14.2706726,52.2969375,7.0915875,-0.25795478,0.2933879,-1.5461617,on bike mount,cyclo cross,True,asphalt,excellent
40b1faa6-1ba9-4218-b2b9-0e4979a6b88a,ad7c36f4-d54e-42e8-802e-c7898bacd08c,7bed700e-d845-40de-8a31-4c9cffc2043b,1633168345937,14.2706726,52.2969375,7.0915875,1.0172963,2.0065556,-2.658599,on bike mount,cyclo cross,True,asphalt,excellent
40b1faa6-1ba9-4218-b2b9-0e4979a6b88a,ad7c36f4-d54e-42e8-802e-c7898bacd08c,bc60d915-b1db-4cea-813d-f9838bd59918,1633168345987,14.2707746,52.2969612,7.0638885,-0.8510196,-0.68294764,2.1779757,on bike mount,cyclo cross,True,asphalt,excellent
40b1faa6-1ba9-4218-b2b9-0e4979a6b88a,ad7c36f4-d54e-42e8-802e-c7898bacd08c,e2967327-6e64-495b-b971-d7eef981fd72,1633168346037,14.2707746,52.2969612,7.0638885,1.1703508,-1.9975352,1.6754436,on bike mount,cyclo cross,True,asphalt,excellent
40b1faa6-1ba9-4218-b2b9-0e4979a6b88a,ad7c36f4-d54e-42e8-802e-c7898bacd08c,197b85a1-6087-47e2-aef4-e10b1d241478,1633168346103,14.2707746,52.2969612,7.0638885,1.0981956,0.34801102,0.2699833,on bike mount,cyclo cross,True,asphalt,excellent
40b1faa6-1ba9-4218-b2b9-0e4979a6b88a,ad7c36f4-d54e-42e8-802e-c7898bacd08c,8275beab-542f-4b1e-9f64-97069174f4b8,1633168346153,14.2707746,52.2969612,7.0638885,-0.16328016,-0.92206,3.5442076,on bike mount,cyclo cross,True,asphalt,excellent
40b1faa6-1ba9-4218-b2b9-0e4979a6b88a,ad7c36f4-d54e-42e8-802e-c7898bacd08c,51a7ff93-9e7d-4d8f-8f43-c558f4dcf4c2,1633168346203,14.2707746,52.2969612,7.0638885,-0.5352808,0.19882488,-5.419701,on bike mount,cyclo cross,True,asphalt,excellent
40b1faa6-1ba9-4218-b2b9-0e4979a6b88a,ad7c36f4-d54e-42e8-802e-c7898bacd08c,8f3109a8-1d59-4627-849b-8123b5143765,1633168346253,14.2707746,52.2969612,7.0638885,-2.5341852,-0.18416834,-2.0128613,on bike mount,cyclo cross,True,asphalt,excellent
40b1faa6-1ba9-4218-b2b9-0e4979a6b88a,ad7c36f4-d54e-42e8-802e-c7898bacd08c,dd4555ab-ad8c-42d0-ac69-939a228e5c45,1633168346303,14.2707746,52.2969612,7.0638885,-2.2877474,10.150629,-21.301481,on bike mount,cyclo cross,True,asphalt,excellent
40b1faa6-1ba9-4218-b2b9-0e4979a6b88a,ad7c36f4-d54e-42e8-802e-c7898bacd08c,1131682b-9db2-4492-ba2a-3c5360a9b7d4,1633168346353,14.2707746,52.2969612,7.0638885,-0.8449721,-30.847792,24.54681,on bike mount,cyclo cross,True,asphalt,excellent
40b1faa6-1ba9-4218-b2b9-0e4979a6b88a,ad7c36f4-d54e-42e8-802e-c7898bacd08c,a782fc4e-cd0a-4810-97c7-bfb8a09bca08,1633168346403,14.2707746,52.2969612,7.0638885,3.9838853,7.164053,-8.569997,on bike mount,cyclo cross,True,asphalt,excellent
40b1faa6-1ba9-4218-b2b9-0e4979a6b88a,ad7c36f4-d54e-42e8-802e-c7898bacd08c,bc83888d-2646-4651-a55d-a2317b62e94f,1633168346455,14.2707746,52.2969612,7.0638885,-3.6008534,-7.8739524,-7.4878554,on bike mount,cyclo cross,True,asphalt,excellent
40b1faa6-1ba9-4218-b2b9-0e4979a6b88a,ad7c36f4-d54e-42e8-802e-c7898bacd08c,8b5e5820-5a52-49b2-8b96-5bebe4893d1a,1633168346505,14.2707746,52.2969612,7.0638885,2.9833395,-0.49803257,-0.6571598,on bike mount,cyclo cross,True,asphalt,excellent
40b1faa6-1ba9-4218-b2b9-0e4979a6b88a,ad7c36f4-d54e-42e8-802e-c7898bacd08c,6dced1a1-0178-4acc-9e02-760bd07c6511,1633168346572,14.2707746,52.2969612,7.0638885,-0.2947333,2.1709795,-0.2716484,on bike mount,cyclo cross,True,asphalt,excellent
40b1faa6-1ba9-4218-b2b9-0e4979a6b88a,ad7c36f4-d54e-42e8-802e-c7898bacd08c,086ffdc1-9915-410d-bf7b-267b31a117cb,1633168346622,14.2707746,52.2969612,7.0638885,-3.839036,-2.792922,2.0244179,on bike mount,cyclo cross,True,asphalt,excellent
40b1faa6-1ba9-4218-b2b9-0e4979a6b88a,ad7c36f4-d54e-42e8-802e-c7898bacd08c,c18f3795-7c5b-4091-b8c6-2326a7c26f2c,1633168346672,14.2707746,52.2969612,7.0638885,3.0692682,-6.5822625,5.5154057,on bike mount,cyclo cross,True,asphalt,excellent
40b1faa6-1ba9-4218-b2b9-0e4979a6b88a,ad7c36f4-d54e-42e8-802e-c7898bacd08c,c764f20e-2b94-4659-a785-a5da948918d7,1633168346722,14.2707746,52.2969612,7.0638885,1.9759934,0.0787487,-0.17494106,on bike mount,cyclo cross,True,asphalt,excellent
40b1faa6-1ba9-4218-b2b9-0e4979a6b88a,ad7c36f4-d54e-42e8-802e-c7898bacd08c,0f478dd3-a68e-469a-8401-6993916dfa87,1633168346772,14.2707746,52.2969612,7.0638885,-2.3399208,4.0718503,-4.02394,on bike mount,cyclo cross,True,asphalt,excellent
40b1faa6-1ba9-4218-b2b9-0e4979a6b88a,ad7c36f4-d54e-42e8-802e-c7898bacd08c,63bb5dfb-f8bd-428d-87ca-ec82b3752eaf,1633168346822,14.2707746,52.2969612,7.0638885,-1.14501,3.9155073,6.0642405,on bike mount,cyclo cross,True,asphalt,excellent
40b1faa6-1ba9-4218-b2b9-0e4979a6b88a,ad7c36f4-d54e-42e8-802e-c7898bacd08c,0445779c-f580-49b7-91fd-766660ff7b44,1633168346872,14.2707746,52.2969612,7.0638885,0.07840887,-4.402629,2.2199364,on bike mount,cyclo cross,True,asphalt,excellent
40b1faa6-1ba9-4218-b2b9-0e4979a6b88a,ad7c36f4-d54e-42e8-802e-c7898bacd08c,72e23e87-2829-4ac4-9a14-20e1415b6914,1633168346922,14.2707746,52.2969612,7.0638885,0.65115535,-2.3822095,-1.591721,on bike mount,cyclo cross,True,asphalt,excellent
40b1faa6-1ba9-4218-b2b9-0e4979a6b88a,ad7c36f4-d54e-42e8-802e-c7898bacd08c,fea77f84-009e-472c-8efd-c37e6c64b727,1633168346973,14.2708791,52.2969849,7.0587983,0.061144143,-0.39323854,1.9634361,on bike mount,cyclo cross,True,asphalt,excellent
40b1faa6-1ba9-4218-b2b9-0e4979a6b88a,ad7c36f4-d54e-42e8-802e-c7898bacd08c,78db6cc2-9a8e-48c7-bbc6-7980d6b9ade2,1633168347038,14.2708791,52.2969849,7.0587983,-1.0224589,1.2887957,0.7629833,on bike mount,cyclo cross,True,asphalt,excellent
40b1faa6-1ba9-4218-b2b9-0e4979a6b88a,ad7c36f4-d54e-42e8-802e-c7898bacd08c,2d696395-1c35-4d4f-ad1e-e2c6158adc49,1633168347088,14.2708791,52.2969849,7.0587983,0.19033203,-1.9001408,-0.14034557,on bike mount,cyclo cross,True,asphalt,excellent
40b1faa6-1ba9-4218-b2b9-0e4979a6b88a,ad7c36f4-d54e-42e8-802e-c7898bacd08c,440d8941-ecb7-4451-a4a9-d548b780d021,1633168347138,14.2708791,52.2969849,7.0587983,-0.12818238,-1.981715,-0.714592,on bike mount,cyclo cross,True,asphalt,excellent
40b1faa6-1ba9-4218-b2b9-0e4979a6b88a,ad7c36f4-d54e-42e8-802e-c7898bacd08c,fcd14286-d91b-4f98-adb6-02d9ca38109b,1633168347188,14.2708791,52.2969849,7.0587983,0.92954457,-0.8032079,0.3162775,on bike mount,cyclo cross,True,asphalt,excellent
40b1faa6-1ba9-4218-b2b9-0e4979a6b88a,ad7c36f4-d54e-42e8-802e-c7898bacd08c,d497b049-fbaf-43ce-b373-c155527998e5,1633168347240,14.2708791,52.2969849,7.0587983,0.38632572,0.30277252,1.7703257,on bike mount,cyclo cross,True,asphalt,excellent
40b1faa6-1ba9-4218-b2b9-0e4979a6b88a,ad7c36f4-d54e-42e8-802e-c7898bacd08c,40aa09c7-f36e-454e-bb1f-0fd8f433bdce,1633168347290,14.2708791,52.2969849,7.0587983,-0.45220685,0.48945093,-1.1937184,on bike mount,cyclo cross,True,asphalt,excellent
40b1faa6-1ba9-4218-b2b9-0e4979a6b88a,ad7c36f4-d54e-42e8-802e-c7898bacd08c,8a73e0a7-ac33-4c23-927b-5c05359ca120,1633168347340,14.2708791,52.2969849,7.0587983,1.0028656,-1.9339523,4.4424257,on bike mount,cyclo cross,True,asphalt,excellent
40b1faa6-1ba9-4218-b2b9-0e4979a6b88a,ad7c36f4-d54e-42e8-802e-c7898bacd08c,a61b5e36-db31-4f21-9875-f472ff8e26b0,1633168347406,14.2708791,52.2969849,7.0587983,-0.58983946,1.6284156,-3.8409915,on bike mount,cyclo cross,True,asphalt,excellent
40b1faa6-1ba9-4218-b2b9-0e4979a6b88a,ad7c36f4-d54e-42e8-802e-c7898bacd08c,c277a8b9-b7fc-42fd-be07-d1039dbfd972,1633168347456,14.2708791,52.2969849,7.0587983,0.25133428,2.2144885,-0.9125042,on bike mount,cyclo cross,True,asphalt,excellent
40b1faa6-1ba9-4218-b2b9-0e4979a6b88a,ad7c36f4-d54e-42e8-802e-c7898bacd08c,1f3ce59f-5da2-4d4a-ac60-b80491a21388,1633168347506,14.2708791,52.2969849,7.0587983,0.31861752,0.44025898,0.5483475,on bike mount,cyclo cross,True,asphalt,excellent
40b1faa6-1ba9-4218-b2b9-0e4979a6b88a,ad7c36f4-d54e-42e8-802e-c7898bacd08c,3e4718a0-5300-4f05-b6d9-3395827cb82b,1633168347556,14.2708791,52.2969849,7.0587983,-0.30752116,-2.460768,-1.2235208,on bike mount,cyclo cross,True,asphalt,excellent
