bike_activity_uid,bike_activity_sample_uid,bike_activity_measurement,bike_activity_measurement_timestamp,bike_activity_measurement_lon,bike_activity_measurement_lat,bike_activity_measurement_speed,bike_activity_measurement_accelerometer_x,bike_activity_measurement_accelerometer_y,bike_activity_measurement_accelerometer_z,bike_activity_phone_position,bike_activity_bike_type,bike_activity_flagged_lab_conditions,bike_activity_surface_type,bike_activity_smoothness_type
6d699189-c4f1-4e5e-9b20-0bac5d67ebe9,1cdc7027-0921-43a0-a99d-25230ed35dda,47d5de5f-3acf-4e61-8211-e443ff72a136,1634144449828,13.4182424,52.4935591,4.516123,-3.140059,4.3324213,11.817738,on bike mount,cyclo cross,True,sett,intermediate
6d699189-c4f1-4e5e-9b20-0bac5d67ebe9,1cdc7027-0921-43a0-a99d-25230ed35dda,554784c5-c51d-4a41-815f-8e99449cfb11,1634144449894,13.4182424,52.4935591,4.516123,3.1457424,-3.745428,-16.116573,on bike mount,cyclo cross,True,sett,intermediate
6d699189-c4f1-4e5e-9b20-0bac5d67ebe9,1cdc7027-0921-43a0-a99d-25230ed35dda,3c2a0a80-8755-41f2-bde7-aee30d2b510d,1634144449945,13.4182424,52.4935591,4.516123,0.03509894,8.017551,-3.4378862,on bike mount,cyclo cross,True,sett,intermediate
6d699189-c4f1-4e5e-9b20-0bac5d67ebe9,1cdc7027-0921-43a0-a99d-25230ed35dda,ce2379b0-25b2-48ac-9862-75461dd6bc5a,1634144449995,13.4182424,52.4935591,4.516123,-0.35154554,-0.07650709,-2.2096825,on bike mount,cyclo cross,True,sett,intermediate
6d699189-c4f1-4e5e-9b20-0bac5d67ebe9,1cdc7027-0921-43a0-a99d-25230ed35dda,a4fff7f3-ed60-495d-88e6-b6916860b62c,1634144450045,13.4182424,52.4935591,4.516123,-0.677932,3.7136617,-7.338485,on bike mount,cyclo cross,True,sett,intermediate
6d699189-c4f1-4e5e-9b20-0bac5d67ebe9,1cdc7027-0921-43a0-a99d-25230ed35dda,fa522a40-d48a-4bfa-afd9-b679f226a396,1634144450095,13.4182424,52.4935591,4.516123,1.7799125,-4.5681553,6.6223106,on bike mount,cyclo cross,True,sett,intermediate
6d699189-c4f1-4e5e-9b20-0bac5d67ebe9,1cdc7027-0921-43a0-a99d-25230ed35dda,c0e2a94f-5b1f-40bd-ac41-6973d05446f1,1634144450161,13.4182424,52.4935591,4.516123,-3.6798265,3.218399,-5.5719953,on bike mount,cyclo cross,True,sett,intermediate
6d699189-c4f1-4e5e-9b20-0bac5d67ebe9,1cdc7027-0921-43a0-a99d-25230ed35dda,69d44903-34ca-4b16-9624-3ec8add96e6a,1634144450211,13.4182424,52.4935591,4.516123,-6.0324564,6.4807916,-4.0885353,on bike mount,cyclo cross,True,sett,intermediate
6d699189-c4f1-4e5e-9b20-0bac5d67ebe9,1cdc7027-0921-43a0-a99d-25230ed35dda,43101df4-6619-42a3-896c-7e74495087a6,1634144450262,13.4182424,52.4935591,4.516123,-5.255171,13.014246,-2.2338758,on bike mount,cyclo cross,True,sett,intermediate
6d699189-c4f1-4e5e-9b20-0bac5d67ebe9,1cdc7027-0921-43a0-a99d-25230ed35dda,5a6167b4-80a1-408b-90b7-9a1ebd6217cc,1634144450312,13.4182424,52.4935591,4.516123,-3.636617,4.9137745,10.561693,on bike mount,cyclo cross,True,sett,intermediate
6d699189-c4f1-4e5e-9b20-0bac5d67ebe9,1cdc7027-0921-43a0-a99d-25230ed35dda,3a4c712e-4070-4d52-802e-b485ff791fd4,1634144450362,13.4182424,52.4935591,4.516123,-0.19991244,-9.847915,9.369741,on bike mount,cyclo cross,True,sett,intermediate
6d699189-c4f1-4e5e-9b20-0bac5d67ebe9,1cdc7027-0921-43a0-a99d-25230ed35dda,160d8b01-d67e-447c-944d-c7cef03f29a2,1634144450412,13.4182424,52.4935591,4.516123,1.1333395,-9.976385,-11.030113,on bike mount,cyclo cross,True,sett,intermediate
6d699189-c4f1-4e5e-9b20-0bac5d67ebe9,1cdc7027-0921-43a0-a99d-25230ed35dda,e927a7d7-68a5-4ddf-8023-688dc578dec1,1634144450463,13.4182424,52.4935591,4.516123,0.71865016,-15.999443,10.683054,on bike mount,cyclo cross,True,sett,intermediate
6d699189-c4f1-4e5e-9b20-0bac5d67ebe9,1cdc7027-0921-43a0-a99d-25230ed35dda,5def3e13-1cd3-4f47-a774-41e730a186f9,1634144450512,13.4182676,52.4935998,4.05131,-1.795237,8.946943,-12.337576,on bike mount,cyclo cross,True,sett,intermediate
6d699189-c4f1-4e5e-9b20-0bac5d67ebe9,1cdc7027-0921-43a0-a99d-25230ed35dda,a1614a41-6845-4033-8e56-4c59f4fb6f2d,1634144450562,13.4182676,52.4935998,4.05131,-0.7889464,5.451227,-8.327205,on bike mount,cyclo cross,True,sett,intermediate
6d699189-c4f1-4e5e-9b20-0bac5d67ebe9,1cdc7027-0921-43a0-a99d-25230ed35dda,14dab525-5b8c-49af-a40d-491fb3bf3609,1634144450613,13.4182676,52.4935998,4.05131,-1.0808935,2.7873611,9.1508045,on bike mount,cyclo cross,True,sett,intermediate
6d699189-c4f1-4e5e-9b20-0bac5d67ebe9,1cdc7027-0921-43a0-a99d-25230ed35dda,1cc25df9-0183-42c8-a30c-457feecaed70,1634144450663,13.4182676,52.4935998,4.05131,-1.7900305,2.5436058,-9.625458,on bike mount,cyclo cross,True,sett,intermediate
6d699189-c4f1-4e5e-9b20-0bac5d67ebe9,1cdc7027-0921-43a0-a99d-25230ed35dda,d7e33a65-9382-4e7b-9e2c-aae44a29753d,1634144450713,13.4182676,52.4935998,4.05131,5.9889894,7.2155204,-9.281124,on bike mount,cyclo cross,True,sett,intermediate
6d699189-c4f1-4e5e-9b20-0bac5d67ebe9,1cdc7027-0921-43a0-a99d-25230ed35dda,2ffd417c-eb4e-4181-a0a3-c840e30a2c68,1634144450764,13.4182676,52.4935998,4.05131,7.04541,-1.4678543,8.214039,on bike mount,cyclo cross,True,sett,intermediate
6d699189-c4f1-4e5e-9b20-0bac5d67ebe9,1cdc7027-0921-43a0-a99d-25230ed35dda,f65aebda-fce6-4907-bb9c-be56da03e21e,1634144450815,13.4182676,52.4935998,4.05131,-0.54716694,2.9815588,-4.94454,on bike mount,cyclo cross,True,sett,intermediate
6d699189-c4f1-4e5e-9b20-0bac5d67ebe9,1cdc7027-0921-43a0-a99d-25230ed35dda,3ccfccf3-93cd-4810-8a63-c86e76d4fbb7,1634144450880,13.4182676,52.4935998,4.05131,-3.2221463,3.1187315,-9.0691395,on bike mount,cyclo cross,True,sett,intermediate
6d699189-c4f1-4e5e-9b20-0bac5d67ebe9,1cdc7027-0921-43a0-a99d-25230ed35dda,b972ef24-9561-45de-86c9-2040249ba4c6,1634144450930,13.4182676,52.4935998,4.05131,1.3109567,-15.912043,8.38302,on bike mount,cyclo cross,True,sett,intermediate
6d699189-c4f1-4e5e-9b20-0bac5d67ebe9,1cdc7027-0921-43a0-a99d-25230ed35dda,90e89108-ef26-49e2-8f23-9cfee76e7e12,1634144450980,13.4182676,52.4935998,4.05131,6.2722025,-19.685951,0.9476385,on bike mount,cyclo cross,True,sett,intermediate
6d699189-c4f1-4e5e-9b20-0bac5d67ebe9,1cdc7027-0921-43a0-a99d-25230ed35dda,f4823140-9232-4c67-8382-7c1dcb850d5e,1634144451031,13.4182676,52.4935998,4.05131,-1.5399152,-7.3474526,0.593977,on bike mount,cyclo cross,True,sett,intermediate
6d699189-c4f1-4e5e-9b20-0bac5d67ebe9,1cdc7027-0921-43a0-a99d-25230ed35dda,22a9ba78-410f-4161-a6f6-655ab539ce7c,1634144451081,13.4182676,52.4935998,4.05131,0.74271154,-1.0763016,2.0522223,on bike mount,cyclo cross,True,sett,intermediate
6d699189-c4f1-4e5e-9b20-0bac5d67ebe9,1cdc7027-0921-43a0-a99d-25230ed35dda,bedc1d14-f72c-4897-8c6c-541035e30be8,1634144451131,13.4182676,52.4935998,4.05131,3.9230747,-8.680406,-2.0416393,on bike mount,cyclo cross,True,sett,intermediate
6d699189-c4f1-4e5e-9b20-0bac5d67ebe9,1cdc7027-0921-43a0-a99d-25230ed35dda,45fb82ce-77b9-4ed9-9d03-ecb70840a41e,1634144451181,13.4182676,52.4935998,4.05131,-0.12070191,-1.9461133,-6.549679,on bike mount,cyclo cross,True,sett,intermediate
6d699189-c4f1-4e5e-9b20-0bac5d67ebe9,1cdc7027-0921-43a0-a99d-25230ed35dda,ba35cf51-85bf-49f9-8259-e34a2c5ba37d,1634144451231,13.4182676,52.4935998,4.05131,2.0590448,0.67866135,-2.5744472,on bike mount,cyclo cross,True,sett,intermediate
6d699189-c4f1-4e5e-9b20-0bac5d67ebe9,1cdc7027-0921-43a0-a99d-25230ed35dda,1c7e52d0-5c9e-4bf0-bb18-a00bcb1b63f4,1634144451282,13.4182676,52.4935998,4.05131,1.953363,-0.6906276,-13.491706,on bike mount,cyclo cross,True,sett,intermediate
6d699189-c4f1-4e5e-9b20-0bac5d67ebe9,1cdc7027-0921-43a0-a99d-25230ed35dda,7efef782-5d84-46cc-83a0-93c9a3c65dd1,1634144451347,13.4182676,52.4935998,4.05131,3.1173902,5.4230704,10.077584,on bike mount,cyclo cross,True,sett,intermediate
6d699189-c4f1-4e5e-9b20-0bac5d67ebe9,1cdc7027-0921-43a0-a99d-25230ed35dda,845e2bb5-335c-485a-880a-9744d9782589,1634144451399,13.4182676,52.4935998,4.05131,-3.146921,5.690938,4.180152,on bike mount,cyclo cross,True,sett,intermediate
6d699189-c4f1-4e5e-9b20-0bac5d67ebe9,1cdc7027-0921-43a0-a99d-25230ed35dda,e5c92ea3-e11c-4acc-811b-b96d35cb1bbc,1634144451449,13.4182676,52.4935998,4.05131,0.22487903,2.5970902,7.7106647,on bike mount,cyclo cross,True,sett,intermediate
6d699189-c4f1-4e5e-9b20-0bac5d67ebe9,1cdc7027-0921-43a0-a99d-25230ed35dda,2dba987d-de7c-4e6b-82ee-b3fa7a2030a4,1634144451499,13.4182867,52.4936336,3.608226,2.2115014,-13.731134,4.814353,on bike mount,cyclo cross,True,sett,intermediate
6d699189-c4f1-4e5e-9b20-0bac5d67ebe9,1cdc7027-0921-43a0-a99d-25230ed35dda,86ed024c-cb83-4595-a7ae-414b2e0cc159,1634144451564,13.4182867,52.4936336,3.608226,2.7270713,-2.9496212,1.6212378,on bike mount,cyclo cross,True,sett,intermediate
6d699189-c4f1-4e5e-9b20-0bac5d67ebe9,1cdc7027-0921-43a0-a99d-25230ed35dda,2f585405-f20a-4dd5-a812-46585d93b85f,1634144451615,13.4182867,52.4936336,3.608226,-3.447959,-5.2548766,7.863861,on bike mount,cyclo cross,True,sett,intermediate
6d699189-c4f1-4e5e-9b20-0bac5d67ebe9,1cdc7027-0921-43a0-a99d-25230ed35dda,3971b164-5a99-4012-9b23-408e82454dc7,1634144451665,13.4182867,52.4936336,3.608226,2.1118166,-0.88811994,-7.103423,on bike mount,cyclo cross,True,sett,intermediate
6d699189-c4f1-4e5e-9b20-0bac5d67ebe9,1cdc7027-0921-43a0-a99d-25230ed35dda,d3e48c25-5fbf-4c75-ae3b-007c8729d9ce,1634144451715,13.4182867,52.4936336,3.608226,-2.1687574,4.607913,-6.278482,on bike mount,cyclo cross,True,sett,intermediate
6d699189-c4f1-4e5e-9b20-0bac5d67ebe9,1cdc7027-0921-43a0-a99d-25230ed35dda,220c6400-8e31-4240-a62a-a4a4d3ef53f3,1634144451765,13.4182867,52.4936336,3.608226,1.4199666,-1.2832149,2.159997,on bike mount,cyclo cross,True,sett,intermediate
6d699189-c4f1-4e5e-9b20-0bac5d67ebe9,1cdc7027-0921-43a0-a99d-25230ed35dda,4d6bae4b-5d1c-4af6-8acf-7db8ff53e7c9,1634144451816,13.4182867,52.4936336,3.608226,3.409036,-3.0136964,1.9681168,on bike mount,cyclo cross,True,sett,intermediate
6d699189-c4f1-4e5e-9b20-0bac5d67ebe9,1cdc7027-0921-43a0-a99d-25230ed35dda,93b9a46b-892f-4a9e-96fa-fb12054692b0,1634144451866,13.4182867,52.4936336,3.608226,2.7939472,-2.630214,0.049803734,on bike mount,cyclo cross,True,sett,intermediate
6d699189-c4f1-4e5e-9b20-0bac5d67ebe9,1cdc7027-0921-43a0-a99d-25230ed35dda,9977715a-c050-47d5-ab8e-1895701f9d31,1634144451917,13.4182867,52.4936336,3.608226,4.6354003,-13.516029,13.607204,on bike mount,cyclo cross,True,sett,intermediate
6d699189-c4f1-4e5e-9b20-0bac5d67ebe9,1cdc7027-0921-43a0-a99d-25230ed35dda,27f26237-ce50-4609-bf2a-aafb42a21eae,1634144451984,13.4182867,52.4936336,3.608226,-0.4004264,-16.424702,1.0970974,on bike mount,cyclo cross,True,sett,intermediate
6d699189-c4f1-4e5e-9b20-0bac5d67ebe9,1cdc7027-0921-43a0-a99d-25230ed35dda,a9d8b8d5-7d17-4db0-aa4d-56cf3567eb44,1634144452052,13.4182867,52.4936336,3.608226,2.471954,12.1601305,1.1285181,on bike mount,cyclo cross,True,sett,intermediate
6d699189-c4f1-4e5e-9b20-0bac5d67ebe9,1cdc7027-0921-43a0-a99d-25230ed35dda,63b148da-1a40-40f1-92e8-322d5c791cd8,1634144452119,13.4182867,52.4936336,3.608226,2.7785757,-21.118166,10.22263,on bike mount,cyclo cross,True,sett,intermediate
6d699189-c4f1-4e5e-9b20-0bac5d67ebe9,1cdc7027-0921-43a0-a99d-25230ed35dda,c025ea55-8229-4313-8738-7ba19ea867bc,1634144452168,13.4182867,52.4936336,3.608226,-0.089405894,1.4858041,-5.48825,on bike mount,cyclo cross,True,sett,intermediate
6d699189-c4f1-4e5e-9b20-0bac5d67ebe9,1cdc7027-0921-43a0-a99d-25230ed35dda,d4087463-9451-4860-92df-714ba3e97afb,1634144452219,13.4182867,52.4936336,3.608226,1.8236039,2.6738057,-4.8778076,on bike mount,cyclo cross,True,sett,intermediate
6d699189-c4f1-4e5e-9b20-0bac5d67ebe9,1cdc7027-0921-43a0-a99d-25230ed35dda,eb2c331f-1b87-4764-bd8c-24fc8b9d86e7,1634144452284,13.4182867,52.4936336,3.608226,-1.8070601,3.2435808,-7.1693506,on bike mount,cyclo cross,True,sett,intermediate
6d699189-c4f1-4e5e-9b20-0bac5d67ebe9,1cdc7027-0921-43a0-a99d-25230ed35dda,cad115e9-8ddf-40f2-939f-0a6035e00da5,1634144452335,13.4182867,52.4936336,3.608226,0.85152733,3.4200168,6.001478,on bike mount,cyclo cross,True,sett,intermediate
6d699189-c4f1-4e5e-9b20-0bac5d67ebe9,1cdc7027-0921-43a0-a99d-25230ed35dda,ad8151f8-1022-41b8-b014-306bc214ab44,1634144452384,13.4182867,52.4936336,3.608226,-1.0576184,0.87735796,1.9914322,on bike mount,cyclo cross,True,sett,intermediate
6d699189-c4f1-4e5e-9b20-0bac5d67ebe9,1cdc7027-0921-43a0-a99d-25230ed35dda,ff3a4a28-3a72-4b71-a616-b8fff0029fc7,1634144452437,13.4182867,52.4936336,3.608226,1.4693344,-6.0191026,4.4461327,on bike mount,cyclo cross,True,sett,intermediate
6d699189-c4f1-4e5e-9b20-0bac5d67ebe9,1cdc7027-0921-43a0-a99d-25230ed35dda,fd32037c-c99b-49ae-ae5a-8db4a8cd75da,1634144452502,13.4182867,52.4936336,3.608226,1.9763144,1.7313728,-0.2845335,on bike mount,cyclo cross,True,sett,intermediate
6d699189-c4f1-4e5e-9b20-0bac5d67ebe9,1cdc7027-0921-43a0-a99d-25230ed35dda,708acc1e-b623-4f69-9ec4-789e62374069,1634144452568,13.4183031,52.4936623,3.6836836,1.440242,-6.614955,11.287491,on bike mount,cyclo cross,True,sett,intermediate
6d699189-c4f1-4e5e-9b20-0bac5d67ebe9,1cdc7027-0921-43a0-a99d-25230ed35dda,9d961c69-5fc6-4ef4-8b84-4f425fe65495,1634144452618,13.4183031,52.4936623,3.6836836,-1.1585548,-3.6708255,6.825042,on bike mount,cyclo cross,True,sett,intermediate
6d699189-c4f1-4e5e-9b20-0bac5d67ebe9,1cdc7027-0921-43a0-a99d-25230ed35dda,1d0fa190-1c2f-4ddf-880e-a1e0a66abcea,1634144452669,13.4183031,52.4936623,3.6836836,0.24397129,3.67092,-5.9083204,on bike mount,cyclo cross,True,sett,intermediate
6d699189-c4f1-4e5e-9b20-0bac5d67ebe9,1cdc7027-0921-43a0-a99d-25230ed35dda,2abe7be8-16cc-4b9e-8dd4-d99196340e96,1634144452719,13.4183031,52.4936623,3.6836836,1.0122895,0.72437906,4.619583,on bike mount,cyclo cross,True,sett,intermediate
6d699189-c4f1-4e5e-9b20-0bac5d67ebe9,1cdc7027-0921-43a0-a99d-25230ed35dda,1f43e54a-178c-4917-a93b-767239c836a9,1634144452786,13.4183031,52.4936623,3.6836836,-3.7498589,6.813723,-2.5048723,on bike mount,cyclo cross,True,sett,intermediate
6d699189-c4f1-4e5e-9b20-0bac5d67ebe9,1cdc7027-0921-43a0-a99d-25230ed35dda,bf5da185-a24e-4f3d-b79d-94a773c262a4,1634144452836,13.4183031,52.4936623,3.6836836,-1.4157996,-1.694993,2.5069551,on bike mount,cyclo cross,True,sett,intermediate
6d699189-c4f1-4e5e-9b20-0bac5d67ebe9,1cdc7027-0921-43a0-a99d-25230ed35dda,10e4409e-f3dd-4447-b0a3-5cc81d850298,1634144452886,13.4183031,52.4936623,3.6836836,3.2493548,-3.6547933,0.3704195,on bike mount,cyclo cross,True,sett,intermediate
6d699189-c4f1-4e5e-9b20-0bac5d67ebe9,1cdc7027-0921-43a0-a99d-25230ed35dda,f3b706ac-b8a6-4953-9806-d6f7ae57f62b,1634144452937,13.4183031,52.4936623,3.6836836,-1.3009472,0.18526983,-3.7917697,on bike mount,cyclo cross,True,sett,intermediate
6d699189-c4f1-4e5e-9b20-0bac5d67ebe9,1cdc7027-0921-43a0-a99d-25230ed35dda,8f13d6b0-2aec-4dfe-9225-fe5f2ed798ff,1634144453004,13.4183031,52.4936623,3.6836836,-0.325259,-6.3381476,-0.46233654,on bike mount,cyclo cross,True,sett,intermediate
6d699189-c4f1-4e5e-9b20-0bac5d67ebe9,1cdc7027-0921-43a0-a99d-25230ed35dda,6fe97659-70a8-428c-8d87-ff2e9d10d38c,1634144453053,13.4183031,52.4936623,3.6836836,1.0651516,6.2581005,-8.334843,on bike mount,cyclo cross,True,sett,intermediate
6d699189-c4f1-4e5e-9b20-0bac5d67ebe9,1cdc7027-0921-43a0-a99d-25230ed35dda,385a2f38-c8ee-472e-958e-5d8c9fe1d50c,1634144453121,13.4183031,52.4936623,3.6836836,0.27332783,-8.139698,2.3803368,on bike mount,cyclo cross,True,sett,intermediate
6d699189-c4f1-4e5e-9b20-0bac5d67ebe9,1cdc7027-0921-43a0-a99d-25230ed35dda,e83bce53-901d-4b83-a4bb-6879dbbd566c,1634144453171,13.4183031,52.4936623,3.6836836,0.690717,-2.8163218,3.3512297,on bike mount,cyclo cross,True,sett,intermediate
6d699189-c4f1-4e5e-9b20-0bac5d67ebe9,1cdc7027-0921-43a0-a99d-25230ed35dda,a70eeb50-1fa3-4d68-9d15-bc227f49ec3a,1634144453237,13.4183031,52.4936623,3.6836836,-2.6892533,3.5927515,3.6117287,on bike mount,cyclo cross,True,sett,intermediate
6d699189-c4f1-4e5e-9b20-0bac5d67ebe9,1cdc7027-0921-43a0-a99d-25230ed35dda,f25d40f1-69cb-4181-aa2f-424c52bdc64a,1634144453287,13.4183031,52.4936623,3.6836836,0.40560007,-3.1313126,0.20017529,on bike mount,cyclo cross,True,sett,intermediate
6d699189-c4f1-4e5e-9b20-0bac5d67ebe9,1cdc7027-0921-43a0-a99d-25230ed35dda,e6025f08-ec6b-401c-b65b-0b5ccba9abb8,1634144453338,13.4183031,52.4936623,3.6836836,-1.0511522,1.5590458,-8.495486,on bike mount,cyclo cross,True,sett,intermediate
6d699189-c4f1-4e5e-9b20-0bac5d67ebe9,1cdc7027-0921-43a0-a99d-25230ed35dda,d91634e9-5c0e-455b-a34c-016d0419e092,1634144453388,13.4183031,52.4936623,3.6836836,0.03440225,-0.7527778,-0.69585085,on bike mount,cyclo cross,True,sett,intermediate
6d699189-c4f1-4e5e-9b20-0bac5d67ebe9,1cdc7027-0921-43a0-a99d-25230ed35dda,bf24688f-b7ab-4ffb-987c-3796e49b1554,1634144453439,13.4183031,52.4936623,3.6836836,-1.5682185,1.0914397,-0.15032196,on bike mount,cyclo cross,True,sett,intermediate
6d699189-c4f1-4e5e-9b20-0bac5d67ebe9,1cdc7027-0921-43a0-a99d-25230ed35dda,dc4cdf5b-f0a0-45e4-a41a-f0c34d8ed6f8,1634144453504,13.4183346,52.4936949,3.6990201,0.66300225,1.4850049,-1.3296657,on bike mount,cyclo cross,True,sett,intermediate
6d699189-c4f1-4e5e-9b20-0bac5d67ebe9,1cdc7027-0921-43a0-a99d-25230ed35dda,cdd2a2bd-20ec-43c3-90e2-94aa13f62a6b,1634144453554,13.4183346,52.4936949,3.6990201,0.13498712,-2.0043626,-1.6495018,on bike mount,cyclo cross,True,sett,intermediate
6d699189-c4f1-4e5e-9b20-0bac5d67ebe9,1cdc7027-0921-43a0-a99d-25230ed35dda,6c1f6797-f66f-4c17-b9d3-e7387f9bd654,1634144453604,13.4183346,52.4936949,3.6990201,0.30751276,-1.3318176,-2.5977893,on bike mount,cyclo cross,True,sett,intermediate
6d699189-c4f1-4e5e-9b20-0bac5d67ebe9,1cdc7027-0921-43a0-a99d-25230ed35dda,985110ad-c6d6-439d-b67d-cfaaa0d78ea4,1634144453655,13.4183346,52.4936949,3.6990201,-1.0567449,-0.0494287,-2.3372784,on bike mount,cyclo cross,True,sett,intermediate
6d699189-c4f1-4e5e-9b20-0bac5d67ebe9,1cdc7027-0921-43a0-a99d-25230ed35dda,29185af2-a6f7-4790-a0c1-4f386dce651e,1634144453705,13.4183346,52.4936949,3.6990201,-0.4625667,-6.7619576,2.909812,on bike mount,cyclo cross,True,sett,intermediate
6d699189-c4f1-4e5e-9b20-0bac5d67ebe9,1cdc7027-0921-43a0-a99d-25230ed35dda,e1047f5d-9a46-48f3-9b27-73e4c2ebebe7,1634144453754,13.4183346,52.4936949,3.6990201,0.56649995,-1.8526963,-0.975142,on bike mount,cyclo cross,True,sett,intermediate
6d699189-c4f1-4e5e-9b20-0bac5d67ebe9,1cdc7027-0921-43a0-a99d-25230ed35dda,f912459b-2ac4-45c1-8f4e-34b673fa59e4,1634144453805,13.4183346,52.4936949,3.6990201,-0.17902482,-1.0592065,1.5385981,on bike mount,cyclo cross,True,sett,intermediate
6d699189-c4f1-4e5e-9b20-0bac5d67ebe9,1cdc7027-0921-43a0-a99d-25230ed35dda,a464c82a-2c96-4edd-a45f-65833c60ed64,1634144453856,13.4183346,52.4936949,3.6990201,-0.7079404,0.9242139,-0.30183554,on bike mount,cyclo cross,True,sett,intermediate
6d699189-c4f1-4e5e-9b20-0bac5d67ebe9,1cdc7027-0921-43a0-a99d-25230ed35dda,4d4ec972-30db-4e8e-b263-361f11b55050,1634144453921,13.4183346,52.4936949,3.6990201,-0.480958,2.9230094,3.8514996,on bike mount,cyclo cross,True,sett,intermediate
6d699189-c4f1-4e5e-9b20-0bac5d67ebe9,1cdc7027-0921-43a0-a99d-25230ed35dda,ca8e750d-7f02-45e5-a796-d5b9e3f71433,1634144453971,13.4183346,52.4936949,3.6990201,-0.12293762,-5.1086864,5.277155,on bike mount,cyclo cross,True,sett,intermediate
6d699189-c4f1-4e5e-9b20-0bac5d67ebe9,1cdc7027-0921-43a0-a99d-25230ed35dda,9a8d5cce-3d11-4a15-8fee-ede54ec2c3ef,1634144454023,13.4183346,52.4936949,3.6990201,1.2946186,1.7835388,-5.3112144,on bike mount,cyclo cross,True,sett,intermediate
6d699189-c4f1-4e5e-9b20-0bac5d67ebe9,1cdc7027-0921-43a0-a99d-25230ed35dda,686b6e3f-88ba-4ef1-8bc1-50fdede1f645,1634144454089,13.4183346,52.4936949,3.6990201,1.7037992,1.1401584,-3.4861822,on bike mount,cyclo cross,True,sett,intermediate
6d699189-c4f1-4e5e-9b20-0bac5d67ebe9,1cdc7027-0921-43a0-a99d-25230ed35dda,9f1fed6f-4734-4054-a0d4-2f61b14e9cfb,1634144454148,13.4183346,52.4936949,3.6990201,0.61499333,-2.028243,-0.0023832321,on bike mount,cyclo cross,True,sett,intermediate
6d699189-c4f1-4e5e-9b20-0bac5d67ebe9,1cdc7027-0921-43a0-a99d-25230ed35dda,08141ee6-5223-474b-8471-2d115b20eff3,1634144454205,13.4183346,52.4936949,3.6990201,0.544122,-0.81552935,0.7170496,on bike mount,cyclo cross,True,sett,intermediate
6d699189-c4f1-4e5e-9b20-0bac5d67ebe9,1cdc7027-0921-43a0-a99d-25230ed35dda,31876991-9173-4c4c-898e-36299b780eef,1634144454256,13.4183346,52.4936949,3.6990201,-0.24726558,-0.6796036,6.9608364,on bike mount,cyclo cross,True,sett,intermediate
6d699189-c4f1-4e5e-9b20-0bac5d67ebe9,1cdc7027-0921-43a0-a99d-25230ed35dda,9d4873da-d517-4542-980f-1a805e001d45,1634144454306,13.4183346,52.4936949,3.6990201,0.5304405,2.9326243,-3.6664796,on bike mount,cyclo cross,True,sett,intermediate
6d699189-c4f1-4e5e-9b20-0bac5d67ebe9,1cdc7027-0921-43a0-a99d-25230ed35dda,5cfff50d-6f47-46de-9c57-58bcec51c2d7,1634144454356,13.4183676,52.493715,2.811791,-1.5011052,-7.64366,5.1578283,on bike mount,cyclo cross,True,sett,intermediate
6d699189-c4f1-4e5e-9b20-0bac5d67ebe9,1cdc7027-0921-43a0-a99d-25230ed35dda,e98e43ea-3297-437d-855c-d0df3bf8cea9,1634144454406,13.4183676,52.493715,2.811791,1.12538,1.3057728,-6.7329564,on bike mount,cyclo cross,True,sett,intermediate
6d699189-c4f1-4e5e-9b20-0bac5d67ebe9,1cdc7027-0921-43a0-a99d-25230ed35dda,96e39e8c-56ee-4c71-ae14-89f0595271f1,1634144454457,13.4183676,52.493715,2.811791,-0.042820215,-14.505951,19.805698,on bike mount,cyclo cross,True,sett,intermediate
6d699189-c4f1-4e5e-9b20-0bac5d67ebe9,1cdc7027-0921-43a0-a99d-25230ed35dda,bdeec039-88c9-4ac7-9c65-3b2665c426c7,1634144454523,13.4183676,52.493715,2.811791,0.42909265,9.0273285,-1.5216141,on bike mount,cyclo cross,True,sett,intermediate
6d699189-c4f1-4e5e-9b20-0bac5d67ebe9,1cdc7027-0921-43a0-a99d-25230ed35dda,524901a7-502d-46a1-94bf-96ca8be04f33,1634144454574,13.4183676,52.493715,2.811791,1.6796882,-1.2694786,-4.20525,on bike mount,cyclo cross,True,sett,intermediate
6d699189-c4f1-4e5e-9b20-0bac5d67ebe9,1cdc7027-0921-43a0-a99d-25230ed35dda,529e65de-b3bf-4ad5-9713-875c2eff37fc,1634144454640,13.4183676,52.493715,2.811791,4.5406623,-11.184608,27.240452,on bike mount,cyclo cross,True,sett,intermediate
6d699189-c4f1-4e5e-9b20-0bac5d67ebe9,1cdc7027-0921-43a0-a99d-25230ed35dda,36eafa13-79c4-4612-a44f-776eae4def8a,1634144454690,13.4183676,52.493715,2.811791,-6.7402563,-6.7855835,-1.2803621,on bike mount,cyclo cross,True,sett,intermediate
6d699189-c4f1-4e5e-9b20-0bac5d67ebe9,1cdc7027-0921-43a0-a99d-25230ed35dda,11ca20b2-79c2-4c78-a7b8-647f80b90fa6,1634144454740,13.4183676,52.493715,2.811791,-1.80235,1.2419014,-5.382083,on bike mount,cyclo cross,True,sett,intermediate
6d699189-c4f1-4e5e-9b20-0bac5d67ebe9,1cdc7027-0921-43a0-a99d-25230ed35dda,9d04acdd-1333-474e-916e-1d2eab876588,1634144454790,13.4183676,52.493715,2.811791,0.39073688,-0.97204137,-3.107943,on bike mount,cyclo cross,True,sett,intermediate
6d699189-c4f1-4e5e-9b20-0bac5d67ebe9,1cdc7027-0921-43a0-a99d-25230ed35dda,eec7c2a2-5fce-4b7f-9a09-ecdbc7f79846,1634144454840,13.4183676,52.493715,2.811791,5.154321,-2.4796963,-1.3073568,on bike mount,cyclo cross,True,sett,intermediate
6d699189-c4f1-4e5e-9b20-0bac5d67ebe9,1cdc7027-0921-43a0-a99d-25230ed35dda,8ccb529c-c0b1-4692-9e2b-3f368b9f4c9c,1634144454890,13.4183676,52.493715,2.811791,-7.037668,13.152277,-8.73486,on bike mount,cyclo cross,True,sett,intermediate
6d699189-c4f1-4e5e-9b20-0bac5d67ebe9,1cdc7027-0921-43a0-a99d-25230ed35dda,318f9b0c-eb19-4b80-a080-785bd01a9070,1634144454941,13.4183676,52.493715,2.811791,1.5383232,-1.1629138,-7.29866,on bike mount,cyclo cross,True,sett,intermediate
6d699189-c4f1-4e5e-9b20-0bac5d67ebe9,1cdc7027-0921-43a0-a99d-25230ed35dda,0c723ead-f298-44a8-bbac-cb356dfa1639,1634144454991,13.4183676,52.493715,2.811791,-0.1297661,3.1828132,5.3031273,on bike mount,cyclo cross,True,sett,intermediate
6d699189-c4f1-4e5e-9b20-0bac5d67ebe9,1cdc7027-0921-43a0-a99d-25230ed35dda,9bdd3bc7-a08e-4260-bdba-ee4879c8eca5,1634144455041,13.4183676,52.493715,2.811791,-0.9731717,-3.8261797,5.697111,on bike mount,cyclo cross,True,sett,intermediate
6d699189-c4f1-4e5e-9b20-0bac5d67ebe9,1cdc7027-0921-43a0-a99d-25230ed35dda,0ae78aea-9ed8-4f67-8b60-c6741b43b165,1634144455091,13.4183676,52.493715,2.811791,-2.5987911,2.9626489,1.2829351,on bike mount,cyclo cross,True,sett,intermediate
6d699189-c4f1-4e5e-9b20-0bac5d67ebe9,1cdc7027-0921-43a0-a99d-25230ed35dda,4f3b2ee8-5851-4e9b-a67b-02902a01e979,1634144455143,13.4183676,52.493715,2.811791,-1.7615713,-6.4746294,-3.4844055,on bike mount,cyclo cross,True,sett,intermediate
6d699189-c4f1-4e5e-9b20-0bac5d67ebe9,1cdc7027-0921-43a0-a99d-25230ed35dda,735ae79c-79cd-4589-9a8d-15c7cfab261e,1634144455208,13.4183676,52.493715,2.811791,1.7607539,-7.3604436,5.9109325,on bike mount,cyclo cross,True,sett,intermediate
6d699189-c4f1-4e5e-9b20-0bac5d67ebe9,1cdc7027-0921-43a0-a99d-25230ed35dda,3cfb29b6-fa60-4672-9fe9-ae42fce19982,1634144455260,13.4183676,52.493715,2.811791,0.2490406,-2.7539127,-4.8328953,on bike mount,cyclo cross,True,sett,intermediate
6d699189-c4f1-4e5e-9b20-0bac5d67ebe9,1cdc7027-0921-43a0-a99d-25230ed35dda,8f29acef-95d4-4761-b890-3f8415f19cd6,1634144455310,13.4183676,52.493715,2.811791,-3.0970302,-9.181923,10.539643,on bike mount,cyclo cross,True,sett,intermediate
6d699189-c4f1-4e5e-9b20-0bac5d67ebe9,1cdc7027-0921-43a0-a99d-25230ed35dda,e0bf99d4-7d04-49de-b85c-40e28ffe1334,1634144455360,13.4183676,52.493715,2.811791,-1.8438003,-2.6606336,-0.5310335,on bike mount,cyclo cross,True,sett,intermediate
6d699189-c4f1-4e5e-9b20-0bac5d67ebe9,1cdc7027-0921-43a0-a99d-25230ed35dda,c949ca15-0d91-4630-8caf-6273bb55d88c,1634144455410,13.4183676,52.493715,2.811791,-2.5046184,0.14542937,2.0637789,on bike mount,cyclo cross,True,sett,intermediate
6d699189-c4f1-4e5e-9b20-0bac5d67ebe9,1cdc7027-0921-43a0-a99d-25230ed35dda,6b33978f-98b8-44e8-833d-2b333d95e962,1634144455460,13.4183676,52.493715,2.811791,-4.2456875,4.730963,-0.58730364,on bike mount,cyclo cross,True,sett,intermediate
6d699189-c4f1-4e5e-9b20-0bac5d67ebe9,1cdc7027-0921-43a0-a99d-25230ed35dda,0783733e-46a2-4972-a586-a082c8ca1d51,1634144455510,13.4183999,52.4937358,2.8046005,1.008857,-2.2021537,0.1939907,on bike mount,cyclo cross,True,sett,intermediate
6d699189-c4f1-4e5e-9b20-0bac5d67ebe9,1cdc7027-0921-43a0-a99d-25230ed35dda,c2f14b0a-ecfe-429d-bc9a-8e477970e403,1634144455560,13.4183999,52.4937358,2.8046005,0.44818115,7.959439,-8.525887,on bike mount,cyclo cross,True,sett,intermediate
6d699189-c4f1-4e5e-9b20-0bac5d67ebe9,1cdc7027-0921-43a0-a99d-25230ed35dda,d36188de-a6a4-4ad2-926c-375e79f32beb,1634144455611,13.4183999,52.4937358,2.8046005,-1.4501789,4.163492,6.511839,on bike mount,cyclo cross,True,sett,intermediate
6d699189-c4f1-4e5e-9b20-0bac5d67ebe9,1cdc7027-0921-43a0-a99d-25230ed35dda,90be8b38-f758-4374-bce6-b09c646132c3,1634144455662,13.4183999,52.4937358,2.8046005,-0.6421162,2.4752288,3.9698095,on bike mount,cyclo cross,True,sett,intermediate
6d699189-c4f1-4e5e-9b20-0bac5d67ebe9,1cdc7027-0921-43a0-a99d-25230ed35dda,a9890e72-9667-4e12-a0b6-46e8c0d8011a,1634144455728,13.4183999,52.4937358,2.8046005,1.0229723,-0.07132864,-6.8281264,on bike mount,cyclo cross,True,sett,intermediate
6d699189-c4f1-4e5e-9b20-0bac5d67ebe9,1cdc7027-0921-43a0-a99d-25230ed35dda,6e532493-af57-4c05-9fb7-88da0ed39672,1634144455796,13.4183999,52.4937358,2.8046005,-4.0424013,-2.8287287,1.597291,on bike mount,cyclo cross,True,sett,intermediate
6d699189-c4f1-4e5e-9b20-0bac5d67ebe9,1cdc7027-0921-43a0-a99d-25230ed35dda,9e8f06fe-59c8-4e2b-875b-511ba446a53d,1634144455862,13.4183999,52.4937358,2.8046005,-0.25190425,-2.0062394,-8.94689,on bike mount,cyclo cross,True,sett,intermediate
6d699189-c4f1-4e5e-9b20-0bac5d67ebe9,1cdc7027-0921-43a0-a99d-25230ed35dda,400029d3-8874-4c15-ab41-058cf0958ed9,1634144455912,13.4183999,52.4937358,2.8046005,-2.6549604,3.1408176,-1.7476907,on bike mount,cyclo cross,True,sett,intermediate
6d699189-c4f1-4e5e-9b20-0bac5d67ebe9,1cdc7027-0921-43a0-a99d-25230ed35dda,a2835c4d-b65f-4eae-ade2-3e20c7802b55,1634144455979,13.4183999,52.4937358,2.8046005,2.4041119,0.9245753,-4.307144,on bike mount,cyclo cross,True,sett,intermediate
6d699189-c4f1-4e5e-9b20-0bac5d67ebe9,1cdc7027-0921-43a0-a99d-25230ed35dda,211dded1-51ed-4108-88f7-99fc78fb1829,1634144456030,13.4183999,52.4937358,2.8046005,-1.1404941,-1.0119181,5.997074,on bike mount,cyclo cross,True,sett,intermediate
6d699189-c4f1-4e5e-9b20-0bac5d67ebe9,1cdc7027-0921-43a0-a99d-25230ed35dda,f4ccf091-5e5e-498f-a0a1-3883754b2c88,1634144456095,13.4183999,52.4937358,2.8046005,0.80976033,-0.8541355,-2.7563267,on bike mount,cyclo cross,True,sett,intermediate
6d699189-c4f1-4e5e-9b20-0bac5d67ebe9,1cdc7027-0921-43a0-a99d-25230ed35dda,00697481-a2fa-4f59-8a49-8ddbd1a48806,1634144456145,13.4183999,52.4937358,2.8046005,-1.1223959,-1.0582843,-2.5592632,on bike mount,cyclo cross,True,sett,intermediate
6d699189-c4f1-4e5e-9b20-0bac5d67ebe9,1cdc7027-0921-43a0-a99d-25230ed35dda,6387f4a9-7612-4402-8594-dab36849cc8f,1634144456196,13.4183999,52.4937358,2.8046005,5.025705,1.9004369,-4.1382647,on bike mount,cyclo cross,True,sett,intermediate
6d699189-c4f1-4e5e-9b20-0bac5d67ebe9,1cdc7027-0921-43a0-a99d-25230ed35dda,fed98913-ade9-44aa-bebf-2efa0c306c8a,1634144456247,13.4183999,52.4937358,2.8046005,-0.62442476,-8.067177,9.625191,on bike mount,cyclo cross,True,sett,intermediate
6d699189-c4f1-4e5e-9b20-0bac5d67ebe9,1cdc7027-0921-43a0-a99d-25230ed35dda,c377fb94-8e6b-4fe3-af4c-a23c413eae27,1634144456296,13.4184228,52.4937509,2.8192115,2.3141766,-5.678366,3.9472036,on bike mount,cyclo cross,True,sett,intermediate
6d699189-c4f1-4e5e-9b20-0bac5d67ebe9,1cdc7027-0921-43a0-a99d-25230ed35dda,39128098-ffd5-4361-afa0-657304efca33,1634144456346,13.4184228,52.4937509,2.8192115,0.4751048,0.9870002,5.0718546,on bike mount,cyclo cross,True,sett,intermediate
6d699189-c4f1-4e5e-9b20-0bac5d67ebe9,1cdc7027-0921-43a0-a99d-25230ed35dda,3dde6f3c-55c7-436d-aa50-2a7401885958,1634144456397,13.4184228,52.4937509,2.8192115,4.2178087,-16.17884,26.037819,on bike mount,cyclo cross,True,sett,intermediate
6d699189-c4f1-4e5e-9b20-0bac5d67ebe9,1cdc7027-0921-43a0-a99d-25230ed35dda,0e767177-90c8-42ae-82f8-932fefd12848,1634144456462,13.4184228,52.4937509,2.8192115,-0.5771804,7.0661345,3.694169,on bike mount,cyclo cross,True,sett,intermediate
6d699189-c4f1-4e5e-9b20-0bac5d67ebe9,1cdc7027-0921-43a0-a99d-25230ed35dda,156aab45-5512-4ec5-84f6-5c2d5aa495b0,1634144456512,13.4184228,52.4937509,2.8192115,-4.368438,4.606451,-5.8428364,on bike mount,cyclo cross,True,sett,intermediate
6d699189-c4f1-4e5e-9b20-0bac5d67ebe9,1cdc7027-0921-43a0-a99d-25230ed35dda,1724579d-33e7-40d0-be3b-ff48200505de,1634144456562,13.4184228,52.4937509,2.8192115,4.6395493,5.7867146,-11.140907,on bike mount,cyclo cross,True,sett,intermediate
6d699189-c4f1-4e5e-9b20-0bac5d67ebe9,1cdc7027-0921-43a0-a99d-25230ed35dda,c4c517df-427b-4ee3-b451-77e2601436c5,1634144456612,13.4184228,52.4937509,2.8192115,1.9725553,-1.6209393,-1.2928901,on bike mount,cyclo cross,True,sett,intermediate
6d699189-c4f1-4e5e-9b20-0bac5d67ebe9,1cdc7027-0921-43a0-a99d-25230ed35dda,3a4486ba-2511-426b-90ca-b011a066c023,1634144456664,13.4184228,52.4937509,2.8192115,-4.3388853,-20.251537,5.2976646,on bike mount,cyclo cross,True,sett,intermediate
6d699189-c4f1-4e5e-9b20-0bac5d67ebe9,1cdc7027-0921-43a0-a99d-25230ed35dda,fcf1e763-5f6d-463e-937d-679c1ac47360,1634144456714,13.4184228,52.4937509,2.8192115,6.2206516,4.5323534,-7.5692854,on bike mount,cyclo cross,True,sett,intermediate
6d699189-c4f1-4e5e-9b20-0bac5d67ebe9,1cdc7027-0921-43a0-a99d-25230ed35dda,b5a7cc65-afec-4299-bb18-09bf6513d858,1634144456765,13.4184228,52.4937509,2.8192115,-1.3518481,9.145248,-0.9537339,on bike mount,cyclo cross,True,sett,intermediate
6d699189-c4f1-4e5e-9b20-0bac5d67ebe9,1cdc7027-0921-43a0-a99d-25230ed35dda,aa851d16-16b1-408a-90fe-74ca4b07812f,1634144456830,13.4184228,52.4937509,2.8192115,0.33951196,0.18143511,-9.953526,on bike mount,cyclo cross,True,sett,intermediate
6d699189-c4f1-4e5e-9b20-0bac5d67ebe9,1cdc7027-0921-43a0-a99d-25230ed35dda,d8a8c44c-7ed6-498d-8f69-c09832df5d32,1634144456881,13.4184228,52.4937509,2.8192115,1.1862016,1.9733696,-0.876369,on bike mount,cyclo cross,True,sett,intermediate
6d699189-c4f1-4e5e-9b20-0bac5d67ebe9,1cdc7027-0921-43a0-a99d-25230ed35dda,0f8df838-c144-4986-820c-471afbebac4a,1634144456932,13.4184228,52.4937509,2.8192115,1.134114,3.411911,1.6860256,on bike mount,cyclo cross,True,sett,intermediate
6d699189-c4f1-4e5e-9b20-0bac5d67ebe9,1cdc7027-0921-43a0-a99d-25230ed35dda,539ede0d-6d9a-4979-9db7-d581aacddfea,1634144456999,13.4184228,52.4937509,2.8192115,-0.44913018,8.755274,-5.9779377,on bike mount,cyclo cross,True,sett,intermediate
6d699189-c4f1-4e5e-9b20-0bac5d67ebe9,1cdc7027-0921-43a0-a99d-25230ed35dda,9c01aa2d-5a9b-4b20-8952-0645094e6e3c,1634144457064,13.4184228,52.4937509,2.8192115,-3.0328217,10.558147,-13.579829,on bike mount,cyclo cross,True,sett,intermediate
6d699189-c4f1-4e5e-9b20-0bac5d67ebe9,1cdc7027-0921-43a0-a99d-25230ed35dda,5c312443-9b7d-46c8-8945-23bed9a53ae1,1634144457117,13.4184228,52.4937509,2.8192115,-4.0828276,7.70604,-23.80657,on bike mount,cyclo cross,True,sett,intermediate
6d699189-c4f1-4e5e-9b20-0bac5d67ebe9,1cdc7027-0921-43a0-a99d-25230ed35dda,2ca5e357-ea5c-4020-9b57-2d7598f83830,1634144457182,13.418445,52.4937757,2.9111683,5.374246,-5.5002747,-15.748957,on bike mount,cyclo cross,True,sett,intermediate
6d699189-c4f1-4e5e-9b20-0bac5d67ebe9,1cdc7027-0921-43a0-a99d-25230ed35dda,62938438-322f-4a29-a658-eef9fe8ee5a6,1634144457232,13.418445,52.4937757,2.9111683,-3.3666577,11.659787,10.543186,on bike mount,cyclo cross,True,sett,intermediate
6d699189-c4f1-4e5e-9b20-0bac5d67ebe9,1cdc7027-0921-43a0-a99d-25230ed35dda,d14542b2-a89f-4272-8570-aaa9e8d98b93,1634144457284,13.418445,52.4937757,2.9111683,-2.5904741,-0.34852123,-5.1787724,on bike mount,cyclo cross,True,sett,intermediate
6d699189-c4f1-4e5e-9b20-0bac5d67ebe9,1cdc7027-0921-43a0-a99d-25230ed35dda,108528db-cee0-4cf5-b9d9-1b668cd2ba4a,1634144457334,13.418445,52.4937757,2.9111683,2.677682,3.0140476,-11.884103,on bike mount,cyclo cross,True,sett,intermediate
6d699189-c4f1-4e5e-9b20-0bac5d67ebe9,1cdc7027-0921-43a0-a99d-25230ed35dda,90e1ce26-2dcc-4ef1-af1e-0fbfd8137a58,1634144457399,13.418445,52.4937757,2.9111683,-2.547471,8.154835,2.4706383,on bike mount,cyclo cross,True,sett,intermediate
6d699189-c4f1-4e5e-9b20-0bac5d67ebe9,1cdc7027-0921-43a0-a99d-25230ed35dda,bacbd167-f64e-449b-9177-553bee4f61c3,1634144457449,13.418445,52.4937757,2.9111683,2.0445204,7.397648,-18.000547,on bike mount,cyclo cross,True,sett,intermediate
6d699189-c4f1-4e5e-9b20-0bac5d67ebe9,1cdc7027-0921-43a0-a99d-25230ed35dda,d1d5a2b7-dea2-48fc-b90b-0950e7f492c0,1634144457501,13.418445,52.4937757,2.9111683,3.5720916,-7.319852,3.0615497,on bike mount,cyclo cross,True,sett,intermediate
6d699189-c4f1-4e5e-9b20-0bac5d67ebe9,1cdc7027-0921-43a0-a99d-25230ed35dda,eb6560f2-7e8e-4d39-b895-5ba14e7e65dc,1634144457565,13.418445,52.4937757,2.9111683,-3.3580363,-8.348387,20.482468,on bike mount,cyclo cross,True,sett,intermediate
6d699189-c4f1-4e5e-9b20-0bac5d67ebe9,1cdc7027-0921-43a0-a99d-25230ed35dda,3830d10d-a9b1-49fa-9c0a-58e839e19afd,1634144457615,13.418445,52.4937757,2.9111683,1.6380584,4.2472296,-0.70588493,on bike mount,cyclo cross,True,sett,intermediate
6d699189-c4f1-4e5e-9b20-0bac5d67ebe9,1cdc7027-0921-43a0-a99d-25230ed35dda,8bdefcdb-7298-4b2b-b71e-b8d91660cb28,1634144457667,13.418445,52.4937757,2.9111683,3.9190316,-5.7996416,14.837315,on bike mount,cyclo cross,True,sett,intermediate
6d699189-c4f1-4e5e-9b20-0bac5d67ebe9,1cdc7027-0921-43a0-a99d-25230ed35dda,f305023d-3137-46cf-a1f5-5635ea62f5d2,1634144457719,13.418445,52.4937757,2.9111683,3.8676333,21.777868,2.6990976,on bike mount,cyclo cross,True,sett,intermediate
6d699189-c4f1-4e5e-9b20-0bac5d67ebe9,1cdc7027-0921-43a0-a99d-25230ed35dda,d4703e27-db9e-4558-8ada-e01ae1864569,1634144457769,13.418445,52.4937757,2.9111683,-5.509575,6.327039,7.4448795,on bike mount,cyclo cross,True,sett,intermediate
6d699189-c4f1-4e5e-9b20-0bac5d67ebe9,1cdc7027-0921-43a0-a99d-25230ed35dda,70c5f3f5-e76a-4358-b9b5-bba8ffd22bf5,1634144457834,13.418445,52.4937757,2.9111683,-1.825825,-15.631013,6.1052322,on bike mount,cyclo cross,True,sett,intermediate
6d699189-c4f1-4e5e-9b20-0bac5d67ebe9,1cdc7027-0921-43a0-a99d-25230ed35dda,f01a9efd-758d-4c8d-8318-340bb31e2635,1634144457884,13.4184589,52.4938013,3.094774,1.5998826,-8.940308,-4.7733755,on bike mount,cyclo cross,True,sett,intermediate
6d699189-c4f1-4e5e-9b20-0bac5d67ebe9,1cdc7027-0921-43a0-a99d-25230ed35dda,d433fe79-c809-4a85-957b-69660c487712,1634144457935,13.4184589,52.4938013,3.094774,-0.5492804,-1.6503876,4.360325,on bike mount,cyclo cross,True,sett,intermediate
6d699189-c4f1-4e5e-9b20-0bac5d67ebe9,1cdc7027-0921-43a0-a99d-25230ed35dda,8baec4d4-60cd-4ade-a6e8-e929f33ce89d,1634144458001,13.4184589,52.4938013,3.094774,1.6228918,0.1312151,-10.163067,on bike mount,cyclo cross,True,sett,intermediate
6d699189-c4f1-4e5e-9b20-0bac5d67ebe9,1cdc7027-0921-43a0-a99d-25230ed35dda,1f144d77-2871-471e-bec1-1408a07a40bb,1634144458051,13.4184589,52.4938013,3.094774,-3.207152,3.86196,-11.691202,on bike mount,cyclo cross,True,sett,intermediate
6d699189-c4f1-4e5e-9b20-0bac5d67ebe9,1cdc7027-0921-43a0-a99d-25230ed35dda,5a267d2e-c3cb-47b7-a3ff-97882cbd840f,1634144458102,13.4184589,52.4938013,3.094774,-3.1863062,-0.5570812,-14.702149,on bike mount,cyclo cross,True,sett,intermediate
6d699189-c4f1-4e5e-9b20-0bac5d67ebe9,1cdc7027-0921-43a0-a99d-25230ed35dda,638180bc-8911-4549-b778-1c3c89d964f6,1634144458167,13.4184589,52.4938013,3.094774,-2.6824389,0.3221302,3.612811,on bike mount,cyclo cross,True,sett,intermediate
6d699189-c4f1-4e5e-9b20-0bac5d67ebe9,1cdc7027-0921-43a0-a99d-25230ed35dda,618c5d2b-460b-4028-9e9d-f58164d670e3,1634144458219,13.4184589,52.4938013,3.094774,0.65791655,-11.827984,16.205486,on bike mount,cyclo cross,True,sett,intermediate
6d699189-c4f1-4e5e-9b20-0bac5d67ebe9,1cdc7027-0921-43a0-a99d-25230ed35dda,9e757637-a4ae-403d-93cc-379ab9391161,1634144458269,13.4184589,52.4938013,3.094774,2.635755,14.436411,-5.416544,on bike mount,cyclo cross,True,sett,intermediate
6d699189-c4f1-4e5e-9b20-0bac5d67ebe9,1cdc7027-0921-43a0-a99d-25230ed35dda,28ef0acf-ee70-4a04-bdc9-3f07f6283d1f,1634144458319,13.4184589,52.4938013,3.094774,-2.187197,-2.334138,-16.757118,on bike mount,cyclo cross,True,sett,intermediate
6d699189-c4f1-4e5e-9b20-0bac5d67ebe9,1cdc7027-0921-43a0-a99d-25230ed35dda,646553fd-a996-450f-ba66-b359aa3726ea,1634144458386,13.4184589,52.4938013,3.094774,2.6690423,1.9307078,2.5980968,on bike mount,cyclo cross,True,sett,intermediate
6d699189-c4f1-4e5e-9b20-0bac5d67ebe9,1cdc7027-0921-43a0-a99d-25230ed35dda,918afe69-0f79-4ec1-a4ac-af236d348a48,1634144458451,13.4184589,52.4938013,3.094774,-4.605994,-5.5720377,6.8804245,on bike mount,cyclo cross,True,sett,intermediate
6d699189-c4f1-4e5e-9b20-0bac5d67ebe9,1cdc7027-0921-43a0-a99d-25230ed35dda,5adc03d1-9faf-47c3-9f1f-a9992181d1c0,1634144458503,13.4184743,52.4938212,3.171937,-2.712762,2.9250336,-10.40296,on bike mount,cyclo cross,True,sett,intermediate
6d699189-c4f1-4e5e-9b20-0bac5d67ebe9,1cdc7027-0921-43a0-a99d-25230ed35dda,cbaeacde-a32a-4a27-8f9c-5d713de000d5,1634144458552,13.4184743,52.4938212,3.171937,-3.3198314,-7.4082484,8.12368,on bike mount,cyclo cross,True,sett,intermediate
6d699189-c4f1-4e5e-9b20-0bac5d67ebe9,1cdc7027-0921-43a0-a99d-25230ed35dda,47b21a4a-b712-487b-a23f-b7c69337f72e,1634144458603,13.4184743,52.4938212,3.171937,0.8090918,9.483445,-3.68011,on bike mount,cyclo cross,True,sett,intermediate
6d699189-c4f1-4e5e-9b20-0bac5d67ebe9,1cdc7027-0921-43a0-a99d-25230ed35dda,d5a31720-89d6-40cb-84db-3144dee0520b,1634144458653,13.4184743,52.4938212,3.171937,-2.0785875,2.0316148,-4.8132725,on bike mount,cyclo cross,True,sett,intermediate
6d699189-c4f1-4e5e-9b20-0bac5d67ebe9,1cdc7027-0921-43a0-a99d-25230ed35dda,7618e197-ca1a-44f0-ad51-77d61e4966ae,1634144458720,13.4184743,52.4938212,3.171937,-0.48531023,-2.8009515,-5.486873,on bike mount,cyclo cross,True,sett,intermediate
6d699189-c4f1-4e5e-9b20-0bac5d67ebe9,1cdc7027-0921-43a0-a99d-25230ed35dda,12268996-4780-44ed-bcd4-3c1c6f9e5a33,1634144458771,13.4184743,52.4938212,3.171937,2.0321631,3.4888344,-6.7506437,on bike mount,cyclo cross,True,sett,intermediate
6d699189-c4f1-4e5e-9b20-0bac5d67ebe9,1cdc7027-0921-43a0-a99d-25230ed35dda,0d43bed1-7dff-48d5-ba28-68b9004639c9,1634144458821,13.4184743,52.4938212,3.171937,-4.9956455,-7.6040487,-10.476077,on bike mount,cyclo cross,True,sett,intermediate
6d699189-c4f1-4e5e-9b20-0bac5d67ebe9,1cdc7027-0921-43a0-a99d-25230ed35dda,f10ed6e6-bd7d-4b57-9fae-63dbebaa0765,1634144458871,13.4184743,52.4938212,3.171937,-1.8147855,-7.3805246,3.2561226,on bike mount,cyclo cross,True,sett,intermediate
6d699189-c4f1-4e5e-9b20-0bac5d67ebe9,1cdc7027-0921-43a0-a99d-25230ed35dda,81320e9e-1c98-4c64-8286-9bf789992c72,1634144458937,13.4184743,52.4938212,3.171937,-4.897229,8.081216,-6.3014493,on bike mount,cyclo cross,True,sett,intermediate
6d699189-c4f1-4e5e-9b20-0bac5d67ebe9,1cdc7027-0921-43a0-a99d-25230ed35dda,258a7848-76ea-4f0d-8797-e891c2ac04e8,1634144458988,13.4184743,52.4938212,3.171937,3.2997363,6.1384897,-17.65606,on bike mount,cyclo cross,True,sett,intermediate
6d699189-c4f1-4e5e-9b20-0bac5d67ebe9,1cdc7027-0921-43a0-a99d-25230ed35dda,6eb07a03-12c2-4830-8960-a04dc0ee2d8a,1634144459038,13.4184743,52.4938212,3.171937,-2.2077856,-1.1312587,-4.0531335,on bike mount,cyclo cross,True,sett,intermediate
6d699189-c4f1-4e5e-9b20-0bac5d67ebe9,1cdc7027-0921-43a0-a99d-25230ed35dda,b2a07995-679a-445b-88b1-78e382652156,1634144459105,13.4184743,52.4938212,3.171937,-1.670882,15.406363,-28.429352,on bike mount,cyclo cross,True,sett,intermediate
6d699189-c4f1-4e5e-9b20-0bac5d67ebe9,1cdc7027-0921-43a0-a99d-25230ed35dda,308302f8-e580-4749-add4-bbd0b44207e9,1634144459155,13.4184743,52.4938212,3.171937,6.156523,0.7250099,-2.2630277,on bike mount,cyclo cross,True,sett,intermediate
6d699189-c4f1-4e5e-9b20-0bac5d67ebe9,1cdc7027-0921-43a0-a99d-25230ed35dda,9519b9ab-615f-4352-a581-b31727d6f9e6,1634144459221,13.4184743,52.4938212,3.171937,-2.6754837,4.8534403,-2.6564598,on bike mount,cyclo cross,True,sett,intermediate
6d699189-c4f1-4e5e-9b20-0bac5d67ebe9,1cdc7027-0921-43a0-a99d-25230ed35dda,df45b52c-d0a1-40c0-a05e-53081da94303,1634144459271,13.4184743,52.4938212,3.171937,1.004324,-7.5312653,-1.0746956,on bike mount,cyclo cross,True,sett,intermediate
6d699189-c4f1-4e5e-9b20-0bac5d67ebe9,1cdc7027-0921-43a0-a99d-25230ed35dda,1f432986-4557-427f-baeb-fdf3cc8acd8d,1634144459321,13.4184743,52.4938212,3.171937,-0.7598027,-12.716366,14.163738,on bike mount,cyclo cross,True,sett,intermediate
6d699189-c4f1-4e5e-9b20-0bac5d67ebe9,1cdc7027-0921-43a0-a99d-25230ed35dda,77c36b5d-a87c-4ec8-8c31-efaaf5d5c56e,1634144459371,13.4184743,52.4938212,3.171937,2.7879102,-5.3590326,-21.12543,on bike mount,cyclo cross,True,sett,intermediate
6d699189-c4f1-4e5e-9b20-0bac5d67ebe9,1cdc7027-0921-43a0-a99d-25230ed35dda,f5c1279e-d2e6-432c-aa8c-a0adf9391b9e,1634144459422,13.4184743,52.4938212,3.171937,-0.090547256,15.226566,-10.118166,on bike mount,cyclo cross,True,sett,intermediate
6d699189-c4f1-4e5e-9b20-0bac5d67ebe9,1cdc7027-0921-43a0-a99d-25230ed35dda,bfbac963-258f-4f25-b2df-702813bded48,1634144459473,13.4184743,52.4938212,3.171937,7.255854,2.7145195,7.737013,on bike mount,cyclo cross,True,sett,intermediate
6d699189-c4f1-4e5e-9b20-0bac5d67ebe9,1cdc7027-0921-43a0-a99d-25230ed35dda,64463bbe-5c21-430c-8f6d-c46b6e426120,1634144459538,13.4184923,52.493856,3.2843018,-1.5209663,-4.3287315,-8.481138,on bike mount,cyclo cross,True,sett,intermediate
6d699189-c4f1-4e5e-9b20-0bac5d67ebe9,1cdc7027-0921-43a0-a99d-25230ed35dda,f1de5abb-3626-403b-951d-74c36cbfd1ef,1634144459588,13.4184923,52.493856,3.2843018,-2.78129,-22.353554,36.560173,on bike mount,cyclo cross,True,sett,intermediate
6d699189-c4f1-4e5e-9b20-0bac5d67ebe9,1cdc7027-0921-43a0-a99d-25230ed35dda,40b1043e-80cf-4027-bc5c-5dd31c41df0f,1634144459639,13.4184923,52.493856,3.2843018,-4.08213,31.589901,-11.0885515,on bike mount,cyclo cross,True,sett,intermediate
6d699189-c4f1-4e5e-9b20-0bac5d67ebe9,1cdc7027-0921-43a0-a99d-25230ed35dda,a5c85866-a726-48e5-9cb8-d37c134b669d,1634144459688,13.4184923,52.493856,3.2843018,-2.2231095,13.222462,-15.792139,on bike mount,cyclo cross,True,sett,intermediate
6d699189-c4f1-4e5e-9b20-0bac5d67ebe9,1cdc7027-0921-43a0-a99d-25230ed35dda,6be2aa48-8cf3-4b80-bda0-7832290efa18,1634144459740,13.4184923,52.493856,3.2843018,-0.94948703,-3.7402985,0.25589943,on bike mount,cyclo cross,True,sett,intermediate
6d699189-c4f1-4e5e-9b20-0bac5d67ebe9,1cdc7027-0921-43a0-a99d-25230ed35dda,f45bfa10-1914-464b-82c9-f77b9272ca03,1634144459790,13.4184923,52.493856,3.2843018,0.23262256,-10.295645,0.37913132,on bike mount,cyclo cross,True,sett,intermediate
6d699189-c4f1-4e5e-9b20-0bac5d67ebe9,1cdc7027-0921-43a0-a99d-25230ed35dda,c53ae5ce-7dd1-406b-bfd7-2144f6e65793,1634144459856,13.4184923,52.493856,3.2843018,2.701917,-3.2487414,-7.8942327,on bike mount,cyclo cross,True,sett,intermediate
6d699189-c4f1-4e5e-9b20-0bac5d67ebe9,1cdc7027-0921-43a0-a99d-25230ed35dda,476742fa-5ec6-4cde-9a25-d87e31edf067,1634144459906,13.4184923,52.493856,3.2843018,1.0071564,-17.928196,10.560627,on bike mount,cyclo cross,True,sett,intermediate
6d699189-c4f1-4e5e-9b20-0bac5d67ebe9,1cdc7027-0921-43a0-a99d-25230ed35dda,d9117b49-66f3-46b0-b495-c56fa87ccf66,1634144459956,13.4184923,52.493856,3.2843018,-0.3501894,-11.624893,21.233856,on bike mount,cyclo cross,True,sett,intermediate
6d699189-c4f1-4e5e-9b20-0bac5d67ebe9,1cdc7027-0921-43a0-a99d-25230ed35dda,085f5931-ef50-4067-8ba2-17f1e6a6fa0e,1634144460006,13.4184923,52.493856,3.2843018,9.209358,-1.5305488,-5.0706263,on bike mount,cyclo cross,True,sett,intermediate
6d699189-c4f1-4e5e-9b20-0bac5d67ebe9,1cdc7027-0921-43a0-a99d-25230ed35dda,060f291f-a5d9-4dec-9d1c-e0b3a14bcf12,1634144460056,13.4184923,52.493856,3.2843018,-4.7446885,-9.097092,8.832876,on bike mount,cyclo cross,True,sett,intermediate
6d699189-c4f1-4e5e-9b20-0bac5d67ebe9,1cdc7027-0921-43a0-a99d-25230ed35dda,a485f195-1d22-4a83-8c18-32e755567fd3,1634144460106,13.4184923,52.493856,3.2843018,-1.8271235,2.0850806,-17.950233,on bike mount,cyclo cross,True,sett,intermediate
6d699189-c4f1-4e5e-9b20-0bac5d67ebe9,1cdc7027-0921-43a0-a99d-25230ed35dda,1725974c-1097-4bd0-8e81-76bd94d59709,1634144460158,13.4184923,52.493856,3.2843018,0.04755366,0.96636105,-10.470752,on bike mount,cyclo cross,True,sett,intermediate
6d699189-c4f1-4e5e-9b20-0bac5d67ebe9,1cdc7027-0921-43a0-a99d-25230ed35dda,de648abf-cbdd-43ba-ba96-1d529a907996,1634144460225,13.4184923,52.493856,3.2843018,-2.5104678,-5.588969,4.945303,on bike mount,cyclo cross,True,sett,intermediate
6d699189-c4f1-4e5e-9b20-0bac5d67ebe9,1cdc7027-0921-43a0-a99d-25230ed35dda,731a3f64-f9e5-4d38-b163-84f923cee134,1634144460291,13.4184923,52.493856,3.2843018,1.8798702,0.23907709,-5.3196545,on bike mount,cyclo cross,True,sett,intermediate
6d699189-c4f1-4e5e-9b20-0bac5d67ebe9,1cdc7027-0921-43a0-a99d-25230ed35dda,b9793814-eabb-4e64-b4a5-40ff4cb10726,1634144460342,13.4184923,52.493856,3.2843018,6.2219286,1.6299596,4.282032,on bike mount,cyclo cross,True,sett,intermediate
6d699189-c4f1-4e5e-9b20-0bac5d67ebe9,1cdc7027-0921-43a0-a99d-25230ed35dda,d8697503-2d6a-4b25-b714-d1de74e7b97e,1634144460391,13.4184923,52.493856,3.2843018,1.0396501,-1.2142463,-6.6027436,on bike mount,cyclo cross,True,sett,intermediate
6d699189-c4f1-4e5e-9b20-0bac5d67ebe9,1cdc7027-0921-43a0-a99d-25230ed35dda,f807263d-d153-4b2e-a26b-2ed845033910,1634144460442,13.4184923,52.493856,3.2843018,-1.8032558,7.1932516,11.8440275,on bike mount,cyclo cross,True,sett,intermediate
6d699189-c4f1-4e5e-9b20-0bac5d67ebe9,1cdc7027-0921-43a0-a99d-25230ed35dda,2d921de9-75f7-451d-8e40-a8c87e54b488,1634144460508,13.4185113,52.4938868,3.3563256,0.054101348,0.9408426,8.792775,on bike mount,cyclo cross,True,sett,intermediate
6d699189-c4f1-4e5e-9b20-0bac5d67ebe9,1cdc7027-0921-43a0-a99d-25230ed35dda,63814dd7-8e54-41d0-b383-2c3658cdc084,1634144460559,13.4185113,52.4938868,3.3563256,-8.939037,8.659752,-11.481121,on bike mount,cyclo cross,True,sett,intermediate
6d699189-c4f1-4e5e-9b20-0bac5d67ebe9,1cdc7027-0921-43a0-a99d-25230ed35dda,f3c706e7-99e3-41a3-a587-0662b778e427,1634144460609,13.4185113,52.4938868,3.3563256,-9.959289,9.902792,-21.10389,on bike mount,cyclo cross,True,sett,intermediate
6d699189-c4f1-4e5e-9b20-0bac5d67ebe9,1cdc7027-0921-43a0-a99d-25230ed35dda,49e64678-6fcc-4654-838a-affbc722826b,1634144460676,13.4185113,52.4938868,3.3563256,1.1700858,10.807539,-10.351187,on bike mount,cyclo cross,True,sett,intermediate
6d699189-c4f1-4e5e-9b20-0bac5d67ebe9,1cdc7027-0921-43a0-a99d-25230ed35dda,b52f2e17-e8ac-4f27-8369-14327fb1abc0,1634144460727,13.4185113,52.4938868,3.3563256,2.02794,3.6213174,6.6541204,on bike mount,cyclo cross,True,sett,intermediate
6d699189-c4f1-4e5e-9b20-0bac5d67ebe9,1cdc7027-0921-43a0-a99d-25230ed35dda,a247dfcb-34e6-4b4f-981d-485e67dec3f4,1634144460776,13.4185113,52.4938868,3.3563256,-4.3325977,8.1136,-9.934923,on bike mount,cyclo cross,True,sett,intermediate
6d699189-c4f1-4e5e-9b20-0bac5d67ebe9,1cdc7027-0921-43a0-a99d-25230ed35dda,6a380d09-3dbc-403b-a6d5-2c2f2b550aff,1634144460844,13.4185113,52.4938868,3.3563256,2.9542425,-1.3349459,-15.339506,on bike mount,cyclo cross,True,sett,intermediate
6d699189-c4f1-4e5e-9b20-0bac5d67ebe9,1cdc7027-0921-43a0-a99d-25230ed35dda,88b967b1-8189-4ca0-b246-6e12e3bbbc6e,1634144460910,13.4185113,52.4938868,3.3563256,-4.600358,-8.939081,-0.7657385,on bike mount,cyclo cross,True,sett,intermediate
6d699189-c4f1-4e5e-9b20-0bac5d67ebe9,1cdc7027-0921-43a0-a99d-25230ed35dda,010c4fc9-6720-4bb2-92ca-2ada7094cd87,1634144460975,13.4185113,52.4938868,3.3563256,-2.8413062,0.038598657,-11.877389,on bike mount,cyclo cross,True,sett,intermediate
6d699189-c4f1-4e5e-9b20-0bac5d67ebe9,1cdc7027-0921-43a0-a99d-25230ed35dda,4d6ad4bf-36f7-468f-93d8-54f0ff2920c9,1634144461026,13.4185113,52.4938868,3.3563256,-1.2675725,-0.72379994,6.1964874,on bike mount,cyclo cross,True,sett,intermediate
6d699189-c4f1-4e5e-9b20-0bac5d67ebe9,1cdc7027-0921-43a0-a99d-25230ed35dda,56f51c0c-4a26-4bd3-8d79-ade4501d503d,1634144461077,13.4185113,52.4938868,3.3563256,-2.046008,7.0762234,0.901803,on bike mount,cyclo cross,True,sett,intermediate
6d699189-c4f1-4e5e-9b20-0bac5d67ebe9,1cdc7027-0921-43a0-a99d-25230ed35dda,f39cdd43-c2ed-4abb-8569-468b198630de,1634144461142,13.4185113,52.4938868,3.3563256,2.803883,1.5337205,-6.9653444,on bike mount,cyclo cross,True,sett,intermediate
6d699189-c4f1-4e5e-9b20-0bac5d67ebe9,1cdc7027-0921-43a0-a99d-25230ed35dda,5fc2021e-7d2c-4f87-8562-fc3d8c7249a0,1634144461195,13.4185113,52.4938868,3.3563256,2.533688,-15.5468645,8.922837,on bike mount,cyclo cross,True,sett,intermediate
6d699189-c4f1-4e5e-9b20-0bac5d67ebe9,1cdc7027-0921-43a0-a99d-25230ed35dda,256883b0-95f1-430c-9aea-b0968e5446d9,1634144461244,13.4185113,52.4938868,3.3563256,0.70149636,-18.008568,10.353449,on bike mount,cyclo cross,True,sett,intermediate
6d699189-c4f1-4e5e-9b20-0bac5d67ebe9,1cdc7027-0921-43a0-a99d-25230ed35dda,89927972-bb3c-4618-bac5-e79bc38a2a6a,1634144461294,13.4185113,52.4938868,3.3563256,1.325398,11.167661,-9.240227,on bike mount,cyclo cross,True,sett,intermediate
6d699189-c4f1-4e5e-9b20-0bac5d67ebe9,1cdc7027-0921-43a0-a99d-25230ed35dda,99f3203d-5974-478b-adb3-109aa92c5859,1634144461345,13.4185113,52.4938868,3.3563256,0.6775454,-0.088270426,-7.688863,on bike mount,cyclo cross,True,sett,intermediate
6d699189-c4f1-4e5e-9b20-0bac5d67ebe9,1cdc7027-0921-43a0-a99d-25230ed35dda,0dfc5824-757e-43dd-80ca-81c14e62bd35,1634144461395,13.4185291,52.493918,3.4127154,-0.1842276,-3.7121677,2.7536526,on bike mount,cyclo cross,True,sett,intermediate
6d699189-c4f1-4e5e-9b20-0bac5d67ebe9,1cdc7027-0921-43a0-a99d-25230ed35dda,64712560-2fe3-49d9-b0c3-3337a1e68b99,1634144461462,13.4185291,52.493918,3.4127154,-2.281236,3.8799753,-6.6534224,on bike mount,cyclo cross,True,sett,intermediate
6d699189-c4f1-4e5e-9b20-0bac5d67ebe9,1cdc7027-0921-43a0-a99d-25230ed35dda,ab1c211d-e06d-4456-8cf8-4e346423945e,1634144461527,13.4185291,52.493918,3.4127154,2.785856,8.176673,8.387328,on bike mount,cyclo cross,True,sett,intermediate
6d699189-c4f1-4e5e-9b20-0bac5d67ebe9,1cdc7027-0921-43a0-a99d-25230ed35dda,a4ba8a77-b1ac-4109-b780-932b8ddfd77e,1634144461577,13.4185291,52.493918,3.4127154,-2.980344,-13.730171,1.0923891,on bike mount,cyclo cross,True,sett,intermediate
6d699189-c4f1-4e5e-9b20-0bac5d67ebe9,1cdc7027-0921-43a0-a99d-25230ed35dda,09ffbc53-0b35-468d-8e88-ac7271a81e1c,1634144461629,13.4185291,52.493918,3.4127154,-1.9437072,6.556039,-3.490623,on bike mount,cyclo cross,True,sett,intermediate
6d699189-c4f1-4e5e-9b20-0bac5d67ebe9,1cdc7027-0921-43a0-a99d-25230ed35dda,fec5d61f-790e-4596-ae8b-4c5b1f4b6021,1634144461695,13.4185291,52.493918,3.4127154,1.884625,4.300329,-9.135067,on bike mount,cyclo cross,True,sett,intermediate
6d699189-c4f1-4e5e-9b20-0bac5d67ebe9,1cdc7027-0921-43a0-a99d-25230ed35dda,6ac8af97-71d7-4eac-b3bf-827e76d0c63e,1634144461745,13.4185291,52.493918,3.4127154,-0.58650804,-14.390396,14.204791,on bike mount,cyclo cross,True,sett,intermediate
6d699189-c4f1-4e5e-9b20-0bac5d67ebe9,1cdc7027-0921-43a0-a99d-25230ed35dda,857606b0-1452-42d2-bc80-dc14708ea31d,1634144461812,13.4185291,52.493918,3.4127154,-1.0742644,8.981126,-10.76568,on bike mount,cyclo cross,True,sett,intermediate
6d699189-c4f1-4e5e-9b20-0bac5d67ebe9,1cdc7027-0921-43a0-a99d-25230ed35dda,6d97ddb1-55d1-45d2-a979-4dcfe65994a8,1634144461862,13.4185291,52.493918,3.4127154,3.8838625,4.526148,-11.819646,on bike mount,cyclo cross,True,sett,intermediate
6d699189-c4f1-4e5e-9b20-0bac5d67ebe9,1cdc7027-0921-43a0-a99d-25230ed35dda,4a48fd95-8b44-4d2d-959d-75d4767ffa59,1634144461913,13.4185291,52.493918,3.4127154,0.08656645,-3.9418695,17.835615,on bike mount,cyclo cross,True,sett,intermediate
6d699189-c4f1-4e5e-9b20-0bac5d67ebe9,1cdc7027-0921-43a0-a99d-25230ed35dda,d6aedd15-812c-4b42-a0ac-f660c4d172aa,1634144461963,13.4185291,52.493918,3.4127154,-0.341695,4.1848063,-12.728287,on bike mount,cyclo cross,True,sett,intermediate
6d699189-c4f1-4e5e-9b20-0bac5d67ebe9,1cdc7027-0921-43a0-a99d-25230ed35dda,f2cbe592-2874-40e2-bc63-72fa1b8d5460,1634144462013,13.4185407,52.4939423,3.490956,-3.4494598,-8.706052,-9.2360525,on bike mount,cyclo cross,True,sett,intermediate
6d699189-c4f1-4e5e-9b20-0bac5d67ebe9,1cdc7027-0921-43a0-a99d-25230ed35dda,be6d60b1-361d-49a3-b75d-edabbf474eab,1634144462081,13.4185407,52.4939423,3.490956,3.7771406,7.240307,-4.5688987,on bike mount,cyclo cross,True,sett,intermediate
6d699189-c4f1-4e5e-9b20-0bac5d67ebe9,1cdc7027-0921-43a0-a99d-25230ed35dda,aca9aa1f-33ff-4630-ae80-fb0d754517ec,1634144462147,13.4185407,52.4939423,3.490956,-1.7590957,-44.043427,-3.4470806,on bike mount,cyclo cross,True,sett,intermediate
6d699189-c4f1-4e5e-9b20-0bac5d67ebe9,1cdc7027-0921-43a0-a99d-25230ed35dda,8550e3c2-d208-4b0d-94d9-ee201b76ac46,1634144462196,13.4185407,52.4939423,3.490956,-4.3243093,-9.637243,9.1865835,on bike mount,cyclo cross,True,sett,intermediate
6d699189-c4f1-4e5e-9b20-0bac5d67ebe9,1cdc7027-0921-43a0-a99d-25230ed35dda,e3f7f4ce-8cd3-4b2a-867d-cdc653d72a22,1634144462247,13.4185407,52.4939423,3.490956,-5.0027466,20.86703,12.830437,on bike mount,cyclo cross,True,sett,intermediate
6d699189-c4f1-4e5e-9b20-0bac5d67ebe9,1cdc7027-0921-43a0-a99d-25230ed35dda,7a19cb0f-3b08-4452-9abb-4ebfba1b215c,1634144462297,13.4185407,52.4939423,3.490956,-1.4215003,15.599539,8.6076,on bike mount,cyclo cross,True,sett,intermediate
6d699189-c4f1-4e5e-9b20-0bac5d67ebe9,1cdc7027-0921-43a0-a99d-25230ed35dda,646f3aef-da8d-4d4d-866d-6c370a85b47b,1634144462348,13.4185407,52.4939423,3.490956,-2.6385474,-0.73054385,13.286488,on bike mount,cyclo cross,True,sett,intermediate
6d699189-c4f1-4e5e-9b20-0bac5d67ebe9,1cdc7027-0921-43a0-a99d-25230ed35dda,bd1ff308-92c7-4fc0-aaf6-90165eabf6aa,1634144462414,13.4185407,52.4939423,3.490956,2.409202,-4.772476,-2.0639687,on bike mount,cyclo cross,True,sett,intermediate
6d699189-c4f1-4e5e-9b20-0bac5d67ebe9,1cdc7027-0921-43a0-a99d-25230ed35dda,5d7d63ed-a1c8-4e9a-b69f-cbf6266ce251,1634144462466,13.4185407,52.4939423,3.490956,0.8857744,-12.347546,0.50439644,on bike mount,cyclo cross,True,sett,intermediate
6d699189-c4f1-4e5e-9b20-0bac5d67ebe9,1cdc7027-0921-43a0-a99d-25230ed35dda,116047a0-27a1-4c0f-a94a-33bcb4d628f7,1634144462529,13.4185407,52.4939423,3.490956,-5.065161,2.830985,-1.2564945,on bike mount,cyclo cross,True,sett,intermediate
6d699189-c4f1-4e5e-9b20-0bac5d67ebe9,1cdc7027-0921-43a0-a99d-25230ed35dda,2245aa52-a878-43ab-9c4f-a82aa3aae205,1634144462580,13.4185407,52.4939423,3.490956,5.052192,9.870029,12.304409,on bike mount,cyclo cross,True,sett,intermediate
6d699189-c4f1-4e5e-9b20-0bac5d67ebe9,1cdc7027-0921-43a0-a99d-25230ed35dda,ee74f25d-6d9f-4ceb-80dd-35560ec3c400,1634144462630,13.4185407,52.4939423,3.490956,1.252476,21.67445,-13.743164,on bike mount,cyclo cross,True,sett,intermediate
6d699189-c4f1-4e5e-9b20-0bac5d67ebe9,1cdc7027-0921-43a0-a99d-25230ed35dda,b8000737-4169-4928-b778-00373b243d69,1634144462681,13.4185407,52.4939423,3.490956,1.7768022,-6.5395184,-6.804,on bike mount,cyclo cross,True,sett,intermediate
6d699189-c4f1-4e5e-9b20-0bac5d67ebe9,1cdc7027-0921-43a0-a99d-25230ed35dda,2c090052-9a39-482b-8ca4-ceabf61315ab,1634144462731,13.4185407,52.4939423,3.490956,2.9291396,-19.006105,-4.394406,on bike mount,cyclo cross,True,sett,intermediate
6d699189-c4f1-4e5e-9b20-0bac5d67ebe9,1cdc7027-0921-43a0-a99d-25230ed35dda,94dec95b-ac8d-483f-93a3-2a445a3768bc,1634144462781,13.4185407,52.4939423,3.490956,0.81349885,-2.2207942,-2.455946,on bike mount,cyclo cross,True,sett,intermediate
6d699189-c4f1-4e5e-9b20-0bac5d67ebe9,1cdc7027-0921-43a0-a99d-25230ed35dda,8e8a313a-74fa-4de1-9336-2d7050f2392f,1634144462832,13.4185407,52.4939423,3.490956,3.0505676,-2.8450942,1.5110035,on bike mount,cyclo cross,True,sett,intermediate
6d699189-c4f1-4e5e-9b20-0bac5d67ebe9,1cdc7027-0921-43a0-a99d-25230ed35dda,9e0f4374-b9e0-48c6-bc39-6b750c4b5261,1634144462883,13.4185407,52.4939423,3.490956,-0.34762633,-5.647352,10.8207,on bike mount,cyclo cross,True,sett,intermediate
6d699189-c4f1-4e5e-9b20-0bac5d67ebe9,1cdc7027-0921-43a0-a99d-25230ed35dda,72099f6c-7fd4-4e5c-989a-6a6fd27f15ef,1634144462949,13.4185407,52.4939423,3.490956,0.7936593,-7.9405613,15.802198,on bike mount,cyclo cross,True,sett,intermediate
6d699189-c4f1-4e5e-9b20-0bac5d67ebe9,1cdc7027-0921-43a0-a99d-25230ed35dda,e17232b3-c65e-47f5-b079-06ae63181fea,1634144462999,13.4185407,52.4939423,3.490956,-0.29538465,-2.3230138,-8.970855,on bike mount,cyclo cross,True,sett,intermediate
6d699189-c4f1-4e5e-9b20-0bac5d67ebe9,1cdc7027-0921-43a0-a99d-25230ed35dda,79e4925f-4905-44fe-b967-af13d63837e9,1634144463066,13.4185407,52.4939423,3.490956,-1.9083827,-14.083927,7.244132,on bike mount,cyclo cross,True,sett,intermediate
6d699189-c4f1-4e5e-9b20-0bac5d67ebe9,1cdc7027-0921-43a0-a99d-25230ed35dda,73ea3b80-b1e4-427f-b862-5c80daecd3ba,1634144463132,13.4185407,52.4939423,3.490956,-4.841749,5.2784104,4.13976,on bike mount,cyclo cross,True,sett,intermediate
6d699189-c4f1-4e5e-9b20-0bac5d67ebe9,1cdc7027-0921-43a0-a99d-25230ed35dda,c43c22e6-79ac-4083-9578-eb644e066d41,1634144463183,13.4185407,52.4939423,3.490956,-2.45717,2.0626984,-11.492018,on bike mount,cyclo cross,True,sett,intermediate
6d699189-c4f1-4e5e-9b20-0bac5d67ebe9,1cdc7027-0921-43a0-a99d-25230ed35dda,6e89cc04-9528-4a6b-bdda-1c9744cd1843,1634144463234,13.4185407,52.4939423,3.490956,2.290897,-1.4944391,1.7830706,on bike mount,cyclo cross,True,sett,intermediate
6d699189-c4f1-4e5e-9b20-0bac5d67ebe9,1cdc7027-0921-43a0-a99d-25230ed35dda,e08fe5b0-2f3a-4c82-8682-ab75cb68fd79,1634144463300,13.4185407,52.4939423,3.490956,0.8979555,10.160927,2.3481293,on bike mount,cyclo cross,True,sett,intermediate
6d699189-c4f1-4e5e-9b20-0bac5d67ebe9,1cdc7027-0921-43a0-a99d-25230ed35dda,ca39995d-8ffb-481b-bfaf-9f777e293e78,1634144463351,13.4185407,52.4939423,3.490956,0.9049691,-1.7555146,6.1622906,on bike mount,cyclo cross,True,sett,intermediate
6d699189-c4f1-4e5e-9b20-0bac5d67ebe9,1cdc7027-0921-43a0-a99d-25230ed35dda,54ef91d3-4568-49eb-bb3b-9df24ae00646,1634144463417,13.4185407,52.4939423,3.490956,2.266863,-13.341955,-6.3272686,on bike mount,cyclo cross,True,sett,intermediate
6d699189-c4f1-4e5e-9b20-0bac5d67ebe9,1cdc7027-0921-43a0-a99d-25230ed35dda,5db5fefb-0c56-4ec0-a524-0b0901a409e4,1634144463471,13.4185407,52.4939423,3.490956,1.5601892,-6.3601665,2.8730679,on bike mount,cyclo cross,True,sett,intermediate
6d699189-c4f1-4e5e-9b20-0bac5d67ebe9,1cdc7027-0921-43a0-a99d-25230ed35dda,1ed94c74-903e-49ae-ad47-88caefc47741,1634144463533,13.4185957,52.4940312,3.779955,2.787407,-18.969917,6.427721,on bike mount,cyclo cross,True,sett,intermediate
6d699189-c4f1-4e5e-9b20-0bac5d67ebe9,1cdc7027-0921-43a0-a99d-25230ed35dda,36316b67-a9e7-49bf-a6ee-43fac22f56dd,1634144463583,13.4185957,52.4940312,3.779955,-1.9125135,-14.79114,-6.13272,on bike mount,cyclo cross,True,sett,intermediate
6d699189-c4f1-4e5e-9b20-0bac5d67ebe9,1cdc7027-0921-43a0-a99d-25230ed35dda,b08bfc45-af68-49f7-a12b-6a700e031452,1634144463634,13.4185957,52.4940312,3.779955,7.8279924,16.139004,10.725407,on bike mount,cyclo cross,True,sett,intermediate
6d699189-c4f1-4e5e-9b20-0bac5d67ebe9,1cdc7027-0921-43a0-a99d-25230ed35dda,851fd7e7-ae57-4693-af3d-ff99f58c8aa9,1634144463683,13.4185957,52.4940312,3.779955,-0.029967308,-10.996998,14.493622,on bike mount,cyclo cross,True,sett,intermediate
6d699189-c4f1-4e5e-9b20-0bac5d67ebe9,1cdc7027-0921-43a0-a99d-25230ed35dda,95885ad6-e830-4cd8-bc0a-34e491520604,1634144463734,13.4185957,52.4940312,3.779955,-5.0248384,4.107445,-2.7563536,on bike mount,cyclo cross,True,sett,intermediate
6d699189-c4f1-4e5e-9b20-0bac5d67ebe9,1cdc7027-0921-43a0-a99d-25230ed35dda,3f6fe459-f635-4d7a-bed8-9d2d4b33765e,1634144463785,13.4185957,52.4940312,3.779955,-0.41120476,-7.8731227,10.61087,on bike mount,cyclo cross,True,sett,intermediate
6d699189-c4f1-4e5e-9b20-0bac5d67ebe9,1cdc7027-0921-43a0-a99d-25230ed35dda,16600ecc-bbad-40fc-b5e6-75ff1ed372e5,1634144463834,13.4185957,52.4940312,3.779955,0.96344197,1.6909385,-6.9882345,on bike mount,cyclo cross,True,sett,intermediate
6d699189-c4f1-4e5e-9b20-0bac5d67ebe9,1cdc7027-0921-43a0-a99d-25230ed35dda,888314ce-f6df-4caa-a1e0-412754f56091,1634144463885,13.4185957,52.4940312,3.779955,1.8902167,1.2910886,-9.600018,on bike mount,cyclo cross,True,sett,intermediate
6d699189-c4f1-4e5e-9b20-0bac5d67ebe9,1cdc7027-0921-43a0-a99d-25230ed35dda,4dd3c6a2-68b0-413c-8da9-f3d70d45b586,1634144463952,13.4185957,52.4940312,3.779955,4.0159826,10.725706,-11.768415,on bike mount,cyclo cross,True,sett,intermediate
6d699189-c4f1-4e5e-9b20-0bac5d67ebe9,1cdc7027-0921-43a0-a99d-25230ed35dda,5316438e-293b-4059-86bb-947c0f1545a6,1634144464002,13.4185957,52.4940312,3.779955,-0.86886394,0.0505867,-15.531973,on bike mount,cyclo cross,True,sett,intermediate
6d699189-c4f1-4e5e-9b20-0bac5d67ebe9,1cdc7027-0921-43a0-a99d-25230ed35dda,fc62799e-6530-4f32-a30b-1a7f9d6922e9,1634144464053,13.4185957,52.4940312,3.779955,0.46571657,-3.5939994,-13.2678995,on bike mount,cyclo cross,True,sett,intermediate
6d699189-c4f1-4e5e-9b20-0bac5d67ebe9,1cdc7027-0921-43a0-a99d-25230ed35dda,712b50e8-4809-4b2d-847f-bbbec8aa4cd6,1634144464120,13.4185957,52.4940312,3.779955,-0.93154407,10.596703,-17.910568,on bike mount,cyclo cross,True,sett,intermediate
6d699189-c4f1-4e5e-9b20-0bac5d67ebe9,1cdc7027-0921-43a0-a99d-25230ed35dda,da6929f5-0fa5-45a6-be93-ad9c05460384,1634144464173,13.4185957,52.4940312,3.779955,-0.9707915,7.508602,-9.894676,on bike mount,cyclo cross,True,sett,intermediate
6d699189-c4f1-4e5e-9b20-0bac5d67ebe9,1cdc7027-0921-43a0-a99d-25230ed35dda,6c8bea79-3c50-4e5c-b508-ac27d1d45f6f,1634144464236,13.4185957,52.4940312,3.779955,-5.9235897,2.1470695,6.1856785,on bike mount,cyclo cross,True,sett,intermediate
6d699189-c4f1-4e5e-9b20-0bac5d67ebe9,1cdc7027-0921-43a0-a99d-25230ed35dda,f5833e99-5284-4a90-9296-59f80c891c59,1634144464303,13.4185957,52.4940312,3.779955,-1.2080097,0.610868,-6.516204,on bike mount,cyclo cross,True,sett,intermediate
6d699189-c4f1-4e5e-9b20-0bac5d67ebe9,1cdc7027-0921-43a0-a99d-25230ed35dda,7f0a8457-3844-463d-aad9-752a82273254,1634144464368,13.4185957,52.4940312,3.779955,-2.3626184,2.4430118,-3.420125,on bike mount,cyclo cross,True,sett,intermediate
6d699189-c4f1-4e5e-9b20-0bac5d67ebe9,1cdc7027-0921-43a0-a99d-25230ed35dda,1a474c25-b662-4561-a474-03c8bd8f866b,1634144464418,13.4185957,52.4940312,3.779955,-0.742072,-1.7479725,6.7506475,on bike mount,cyclo cross,True,sett,intermediate
6d699189-c4f1-4e5e-9b20-0bac5d67ebe9,1cdc7027-0921-43a0-a99d-25230ed35dda,c4473e40-7034-4c6e-9b62-67b5e9af8868,1634144464471,13.418619,52.494066,3.8971093,-1.7538986,15.461645,-9.704459,on bike mount,cyclo cross,True,sett,intermediate
6d699189-c4f1-4e5e-9b20-0bac5d67ebe9,1cdc7027-0921-43a0-a99d-25230ed35dda,f4764d7f-c530-43bd-bf88-223bd52f9970,1634144464535,13.418619,52.494066,3.8971093,3.3036761,-27.058573,2.0990543,on bike mount,cyclo cross,True,sett,intermediate
6d699189-c4f1-4e5e-9b20-0bac5d67ebe9,1cdc7027-0921-43a0-a99d-25230ed35dda,ef25f6a6-f842-49f1-8e07-5e1bd3a2bdfe,1634144464585,13.418619,52.494066,3.8971093,2.6587238,-8.226507,13.578645,on bike mount,cyclo cross,True,sett,intermediate
6d699189-c4f1-4e5e-9b20-0bac5d67ebe9,1cdc7027-0921-43a0-a99d-25230ed35dda,244da2aa-2fea-4901-a637-0ba31efa30dc,1634144464636,13.418619,52.494066,3.8971093,3.660815,-13.312018,10.418151,on bike mount,cyclo cross,True,sett,intermediate
6d699189-c4f1-4e5e-9b20-0bac5d67ebe9,1cdc7027-0921-43a0-a99d-25230ed35dda,0a9ee085-6aea-4a0f-9212-db2cc5768101,1634144464687,13.418619,52.494066,3.8971093,2.2552314,-6.68666,11.573336,on bike mount,cyclo cross,True,sett,intermediate
6d699189-c4f1-4e5e-9b20-0bac5d67ebe9,1cdc7027-0921-43a0-a99d-25230ed35dda,091b9a31-0c2f-4934-8c4a-5d950b38e253,1634144464738,13.418619,52.494066,3.8971093,-2.7994056,3.5128665,4.6475143,on bike mount,cyclo cross,True,sett,intermediate
6d699189-c4f1-4e5e-9b20-0bac5d67ebe9,1cdc7027-0921-43a0-a99d-25230ed35dda,33f22e29-a6f0-4a1b-9c2f-317b77fa0e8f,1634144464787,13.418619,52.494066,3.8971093,-3.2451653,9.70569,8.258359,on bike mount,cyclo cross,True,sett,intermediate
6d699189-c4f1-4e5e-9b20-0bac5d67ebe9,1cdc7027-0921-43a0-a99d-25230ed35dda,a5be8f3b-d675-454b-bbff-7258d2f1e5d5,1634144464837,13.418619,52.494066,3.8971093,0.112503126,-1.392319,3.7618093,on bike mount,cyclo cross,True,sett,intermediate
6d699189-c4f1-4e5e-9b20-0bac5d67ebe9,1cdc7027-0921-43a0-a99d-25230ed35dda,798aa80b-7044-4114-a1fd-85f98cee94d2,1634144464888,13.418619,52.494066,3.8971093,1.565897,4.58121,5.176511,on bike mount,cyclo cross,True,sett,intermediate
6d699189-c4f1-4e5e-9b20-0bac5d67ebe9,1cdc7027-0921-43a0-a99d-25230ed35dda,4b539bc5-92e9-4b38-8fb5-7529a3f1c6de,1634144464954,13.418619,52.494066,3.8971093,0.9875598,-12.29148,1.683054,on bike mount,cyclo cross,True,sett,intermediate
6d699189-c4f1-4e5e-9b20-0bac5d67ebe9,1cdc7027-0921-43a0-a99d-25230ed35dda,5f765d0d-2d64-4f1b-a773-1fe7af508044,1634144465004,13.418619,52.494066,3.8971093,-2.382516,2.887939,-3.8476815,on bike mount,cyclo cross,True,sett,intermediate
6d699189-c4f1-4e5e-9b20-0bac5d67ebe9,1cdc7027-0921-43a0-a99d-25230ed35dda,552c8d2b-d959-4812-a3fa-43e48353ea2e,1634144465055,13.418619,52.494066,3.8971093,1.7100871,-6.9371037,4.598899,on bike mount,cyclo cross,True,sett,intermediate
6d699189-c4f1-4e5e-9b20-0bac5d67ebe9,1cdc7027-0921-43a0-a99d-25230ed35dda,71706ebb-11f5-445d-85de-78946b4d6b59,1634144465105,13.418619,52.494066,3.8971093,1.6814866,-8.953444,5.663553,on bike mount,cyclo cross,True,sett,intermediate
6d699189-c4f1-4e5e-9b20-0bac5d67ebe9,1cdc7027-0921-43a0-a99d-25230ed35dda,74642f7b-a8fd-48a2-bd11-2f8f08daa88b,1634144465155,13.418619,52.494066,3.8971093,0.09800313,-3.0476103,-1.6009188,on bike mount,cyclo cross,True,sett,intermediate
6d699189-c4f1-4e5e-9b20-0bac5d67ebe9,1cdc7027-0921-43a0-a99d-25230ed35dda,3feab913-3c40-41dc-bd55-36329b04fa5f,1634144465222,13.418619,52.494066,3.8971093,-0.12201965,1.165607,11.344608,on bike mount,cyclo cross,True,sett,intermediate
6d699189-c4f1-4e5e-9b20-0bac5d67ebe9,1cdc7027-0921-43a0-a99d-25230ed35dda,aa2e5ce4-7d10-43b7-92d3-ad3e123fe46f,1634144465272,13.418619,52.494066,3.8971093,-1.0335778,-1.606858,-13.338091,on bike mount,cyclo cross,True,sett,intermediate
6d699189-c4f1-4e5e-9b20-0bac5d67ebe9,1cdc7027-0921-43a0-a99d-25230ed35dda,ac095395-7bf9-44ff-9d50-f5b0c0f3e59c,1634144465322,13.418619,52.494066,3.8971093,1.2051516,8.108267,-5.638163,on bike mount,cyclo cross,True,sett,intermediate
6d699189-c4f1-4e5e-9b20-0bac5d67ebe9,1cdc7027-0921-43a0-a99d-25230ed35dda,fb85e90e-ef9f-48ae-914b-d82349b2c00c,1634144465372,13.418619,52.494066,3.8971093,2.3894744,-2.4867828,-11.4590845,on bike mount,cyclo cross,True,sett,intermediate
6d699189-c4f1-4e5e-9b20-0bac5d67ebe9,1cdc7027-0921-43a0-a99d-25230ed35dda,5eea5c2e-00c1-4a06-ad08-75a075e648ef,1634144465422,13.418619,52.494066,3.8971093,3.699383,-16.128513,13.88822,on bike mount,cyclo cross,True,sett,intermediate
6d699189-c4f1-4e5e-9b20-0bac5d67ebe9,1cdc7027-0921-43a0-a99d-25230ed35dda,ccb29134-1886-4ef5-9b8e-ab33d2a48835,1634144465473,13.418619,52.494066,3.8971093,-7.7034135,-7.285063,-0.4233632,on bike mount,cyclo cross,True,sett,intermediate
6d699189-c4f1-4e5e-9b20-0bac5d67ebe9,1cdc7027-0921-43a0-a99d-25230ed35dda,76b55aa8-38ca-41c5-a9a2-1711d8d67cf4,1634144465523,13.418666,52.4941385,4.1680875,-0.142852,-14.276778,0.8412466,on bike mount,cyclo cross,True,sett,intermediate
6d699189-c4f1-4e5e-9b20-0bac5d67ebe9,1cdc7027-0921-43a0-a99d-25230ed35dda,b344c85e-ac14-4fc0-a005-bebcfcb8ed77,1634144465589,13.418666,52.4941385,4.1680875,1.3607458,0.59338665,-27.309065,on bike mount,cyclo cross,True,sett,intermediate
6d699189-c4f1-4e5e-9b20-0bac5d67ebe9,1cdc7027-0921-43a0-a99d-25230ed35dda,d83ec84a-ad28-4207-ae3e-757659229547,1634144465640,13.418666,52.4941385,4.1680875,10.676363,-5.4504213,-20.459076,on bike mount,cyclo cross,True,sett,intermediate
6d699189-c4f1-4e5e-9b20-0bac5d67ebe9,1cdc7027-0921-43a0-a99d-25230ed35dda,87dfe003-70e6-473b-b8c6-819dbfcff52d,1634144465706,13.418666,52.4941385,4.1680875,-6.135032,-2.6599715,-2.4373293,on bike mount,cyclo cross,True,sett,intermediate
6d699189-c4f1-4e5e-9b20-0bac5d67ebe9,1cdc7027-0921-43a0-a99d-25230ed35dda,2cda9995-578d-4007-b8ab-506c7c1df024,1634144465756,13.418666,52.4941385,4.1680875,3.7185376,6.306511,1.8518162,on bike mount,cyclo cross,True,sett,intermediate
6d699189-c4f1-4e5e-9b20-0bac5d67ebe9,1cdc7027-0921-43a0-a99d-25230ed35dda,e6cf789f-39e3-4c83-907d-3c5239300554,1634144465807,13.418666,52.4941385,4.1680875,6.7450023,15.371489,-6.926507,on bike mount,cyclo cross,True,sett,intermediate
6d699189-c4f1-4e5e-9b20-0bac5d67ebe9,1cdc7027-0921-43a0-a99d-25230ed35dda,95915939-42e3-457c-b335-b8d38e3708f3,1634144465857,13.418666,52.4941385,4.1680875,2.4304879,10.863858,-12.342115,on bike mount,cyclo cross,True,sett,intermediate
6d699189-c4f1-4e5e-9b20-0bac5d67ebe9,1cdc7027-0921-43a0-a99d-25230ed35dda,3ea629c4-d4dc-44b8-a2fe-52d55a01694c,1634144465907,13.418666,52.4941385,4.1680875,-3.4966955,11.515919,-9.193051,on bike mount,cyclo cross,True,sett,intermediate
6d699189-c4f1-4e5e-9b20-0bac5d67ebe9,1cdc7027-0921-43a0-a99d-25230ed35dda,0f0a101b-2983-4e92-885d-9b8033c4cc76,1634144465974,13.418666,52.4941385,4.1680875,6.119947,-34.11483,6.4918003,on bike mount,cyclo cross,True,sett,intermediate
6d699189-c4f1-4e5e-9b20-0bac5d67ebe9,1cdc7027-0921-43a0-a99d-25230ed35dda,e32cac07-c744-45bd-9578-9f26adfc9c17,1634144466024,13.418666,52.4941385,4.1680875,0.14849913,-8.921102,-0.78782654,on bike mount,cyclo cross,True,sett,intermediate
6d699189-c4f1-4e5e-9b20-0bac5d67ebe9,1cdc7027-0921-43a0-a99d-25230ed35dda,7e752eed-a7ab-450e-af64-1665f346802a,1634144466074,13.418666,52.4941385,4.1680875,1.659214,-1.69117,2.885953,on bike mount,cyclo cross,True,sett,intermediate
6d699189-c4f1-4e5e-9b20-0bac5d67ebe9,1cdc7027-0921-43a0-a99d-25230ed35dda,7d1dcf8e-42c1-4379-94ca-2eb8b61cf508,1634144466141,13.418666,52.4941385,4.1680875,1.6771164,-4.066248,-2.2863522,on bike mount,cyclo cross,True,sett,intermediate
6d699189-c4f1-4e5e-9b20-0bac5d67ebe9,1cdc7027-0921-43a0-a99d-25230ed35dda,eefd4726-e818-49dd-8c0a-5413f06ab704,1634144466191,13.418666,52.4941385,4.1680875,1.5591565,-3.6101828,4.7517624,on bike mount,cyclo cross,True,sett,intermediate
6d699189-c4f1-4e5e-9b20-0bac5d67ebe9,1cdc7027-0921-43a0-a99d-25230ed35dda,b0e7f36a-8054-4a4d-80db-b548560ee9d2,1634144466241,13.418666,52.4941385,4.1680875,-2.3302994,-6.106231,1.4039288,on bike mount,cyclo cross,True,sett,intermediate
6d699189-c4f1-4e5e-9b20-0bac5d67ebe9,1cdc7027-0921-43a0-a99d-25230ed35dda,622dcdb3-1b1e-42cf-9e05-0494cd689865,1634144466292,13.418666,52.4941385,4.1680875,-0.088108346,15.095769,3.865737,on bike mount,cyclo cross,True,sett,intermediate
6d699189-c4f1-4e5e-9b20-0bac5d67ebe9,1cdc7027-0921-43a0-a99d-25230ed35dda,5ddf5c03-e729-4662-84a8-e7c596652c06,1634144466341,13.418666,52.4941385,4.1680875,-0.7666755,-4.1981072,6.246669,on bike mount,cyclo cross,True,sett,intermediate
6d699189-c4f1-4e5e-9b20-0bac5d67ebe9,1cdc7027-0921-43a0-a99d-25230ed35dda,6f1bbfb6-2e83-4cfa-890f-d945cc3bb1d1,1634144466392,13.418666,52.4941385,4.1680875,1.2879188,2.6189508,4.4589252,on bike mount,cyclo cross,True,sett,intermediate
6d699189-c4f1-4e5e-9b20-0bac5d67ebe9,1cdc7027-0921-43a0-a99d-25230ed35dda,6aafcfba-c938-4193-b81c-858151dd7228,1634144466442,13.418666,52.4941385,4.1680875,0.70424384,-2.8555229,-2.5600476,on bike mount,cyclo cross,True,sett,intermediate
6d699189-c4f1-4e5e-9b20-0bac5d67ebe9,1cdc7027-0921-43a0-a99d-25230ed35dda,5e84dc5d-6fd0-4e07-97aa-1cdc7c9cfc9e,1634144466509,13.4187001,52.4941851,4.252192,-0.11351186,10.319887,-9.6849785,on bike mount,cyclo cross,True,sett,intermediate
6d699189-c4f1-4e5e-9b20-0bac5d67ebe9,1cdc7027-0921-43a0-a99d-25230ed35dda,a0ce90a4-c895-43c1-bbb2-de6dc6899707,1634144466576,13.4187001,52.4941851,4.252192,-9.9085245,4.4601727,1.4031677,on bike mount,cyclo cross,True,sett,intermediate
6d699189-c4f1-4e5e-9b20-0bac5d67ebe9,1cdc7027-0921-43a0-a99d-25230ed35dda,1ae20b5b-2cf1-4fd9-b33e-288bcdee908b,1634144466626,13.4187001,52.4941851,4.252192,-3.437851,3.784236,1.9033499,on bike mount,cyclo cross,True,sett,intermediate
6d699189-c4f1-4e5e-9b20-0bac5d67ebe9,1cdc7027-0921-43a0-a99d-25230ed35dda,6c0e6d47-2a96-44ea-b664-53b99d94a55c,1634144466693,13.4187001,52.4941851,4.252192,5.736459,13.55695,-20.63246,on bike mount,cyclo cross,True,sett,intermediate
6d699189-c4f1-4e5e-9b20-0bac5d67ebe9,1cdc7027-0921-43a0-a99d-25230ed35dda,309ebaf3-7803-43e8-997b-e9bb6d56245c,1634144466742,13.4187001,52.4941851,4.252192,0.34353352,10.622517,-0.6165829,on bike mount,cyclo cross,True,sett,intermediate
6d699189-c4f1-4e5e-9b20-0bac5d67ebe9,1cdc7027-0921-43a0-a99d-25230ed35dda,294a1710-be83-44a1-8bcf-7cf821e766a8,1634144466793,13.4187001,52.4941851,4.252192,4.2681704,-12.549812,23.889763,on bike mount,cyclo cross,True,sett,intermediate
6d699189-c4f1-4e5e-9b20-0bac5d67ebe9,1cdc7027-0921-43a0-a99d-25230ed35dda,eb3ea03d-36fb-4c53-b901-4ca28452245d,1634144466843,13.4187001,52.4941851,4.252192,1.8864576,-9.988028,-20.012596,on bike mount,cyclo cross,True,sett,intermediate
6d699189-c4f1-4e5e-9b20-0bac5d67ebe9,1cdc7027-0921-43a0-a99d-25230ed35dda,3bee31bf-b36d-4ba2-9555-14725bc82da9,1634144466894,13.4187001,52.4941851,4.252192,-11.753471,-1.3909674,-9.488048,on bike mount,cyclo cross,True,sett,intermediate
6d699189-c4f1-4e5e-9b20-0bac5d67ebe9,1cdc7027-0921-43a0-a99d-25230ed35dda,87bc03f1-d2ac-49cd-a79c-0a24e391a054,1634144466961,13.4187001,52.4941851,4.252192,-2.6897774,-9.834657,1.879859,on bike mount,cyclo cross,True,sett,intermediate
6d699189-c4f1-4e5e-9b20-0bac5d67ebe9,1cdc7027-0921-43a0-a99d-25230ed35dda,3993dc1d-7292-4536-8558-d5ac3a4b51d9,1634144467011,13.4187001,52.4941851,4.252192,4.684903,3.7103148,-21.480698,on bike mount,cyclo cross,True,sett,intermediate
6d699189-c4f1-4e5e-9b20-0bac5d67ebe9,1cdc7027-0921-43a0-a99d-25230ed35dda,7f118b53-5a7c-44c5-9f8b-4115cf6c3eb1,1634144467077,13.4187001,52.4941851,4.252192,1.5116978,-10.915574,9.919384,on bike mount,cyclo cross,True,sett,intermediate
6d699189-c4f1-4e5e-9b20-0bac5d67ebe9,1cdc7027-0921-43a0-a99d-25230ed35dda,6ce0bd5f-0ea5-404f-bb1e-74a728a74da5,1634144467129,13.4187001,52.4941851,4.252192,-0.42103326,-15.612068,4.350583,on bike mount,cyclo cross,True,sett,intermediate
6d699189-c4f1-4e5e-9b20-0bac5d67ebe9,1cdc7027-0921-43a0-a99d-25230ed35dda,1fe0c944-601c-4cb3-b4f8-021fbee853d3,1634144467194,13.4187001,52.4941851,4.252192,2.150768,-34.99437,30.13906,on bike mount,cyclo cross,True,sett,intermediate
6d699189-c4f1-4e5e-9b20-0bac5d67ebe9,1cdc7027-0921-43a0-a99d-25230ed35dda,fedd9f60-549f-406d-8c56-61197df8d518,1634144467246,13.4187001,52.4941851,4.252192,3.053328,2.6590042,8.816068,on bike mount,cyclo cross,True,sett,intermediate
6d699189-c4f1-4e5e-9b20-0bac5d67ebe9,1cdc7027-0921-43a0-a99d-25230ed35dda,cfcb56dc-d4fb-4603-b560-8cf8468223df,1634144467312,13.4187001,52.4941851,4.252192,-8.798826,-5.113246,4.751135,on bike mount,cyclo cross,True,sett,intermediate
6d699189-c4f1-4e5e-9b20-0bac5d67ebe9,1cdc7027-0921-43a0-a99d-25230ed35dda,d9464934-3d37-4ff4-8975-26fe8a0dcbc3,1634144467361,13.4187001,52.4941851,4.252192,-5.6503935,0.65160227,-1.5788989,on bike mount,cyclo cross,True,sett,intermediate
6d699189-c4f1-4e5e-9b20-0bac5d67ebe9,1cdc7027-0921-43a0-a99d-25230ed35dda,dcc70eb6-d2f5-488f-b6f4-a1c0dccf188b,1634144467412,13.4187001,52.4941851,4.252192,-1.8354678,-14.054556,15.107529,on bike mount,cyclo cross,True,sett,intermediate
6d699189-c4f1-4e5e-9b20-0bac5d67ebe9,1cdc7027-0921-43a0-a99d-25230ed35dda,a2bb5b2b-56c0-4f9a-adae-b9ec2815b35f,1634144467461,13.4187001,52.4941851,4.252192,1.7657905,-13.557505,34.250725,on bike mount,cyclo cross,True,sett,intermediate
6d699189-c4f1-4e5e-9b20-0bac5d67ebe9,1cdc7027-0921-43a0-a99d-25230ed35dda,ba0693dc-b31f-4ec2-89b6-68e85620569e,1634144467512,13.4187376,52.4942335,4.40415,0.9848794,-6.859851,-0.56506586,on bike mount,cyclo cross,True,sett,intermediate
6d699189-c4f1-4e5e-9b20-0bac5d67ebe9,1cdc7027-0921-43a0-a99d-25230ed35dda,cebce79b-c08d-4a04-bc74-c9af11bd8344,1634144467563,13.4187376,52.4942335,4.40415,-7.0084205,18.53226,-9.787783,on bike mount,cyclo cross,True,sett,intermediate
6d699189-c4f1-4e5e-9b20-0bac5d67ebe9,1cdc7027-0921-43a0-a99d-25230ed35dda,04f5e496-2484-4ca5-b317-78e452f2afc8,1634144467629,13.4187376,52.4942335,4.40415,2.1148038,-13.069684,7.603941,on bike mount,cyclo cross,True,sett,intermediate
6d699189-c4f1-4e5e-9b20-0bac5d67ebe9,1cdc7027-0921-43a0-a99d-25230ed35dda,ba183602-a664-494b-90a3-de7d1d03b789,1634144467695,13.4187376,52.4942335,4.40415,-3.6384861,2.38801,-3.6663837,on bike mount,cyclo cross,True,sett,intermediate
6d699189-c4f1-4e5e-9b20-0bac5d67ebe9,1cdc7027-0921-43a0-a99d-25230ed35dda,7b69cf93-4c13-4bd8-8464-f5b34fd4db15,1634144467746,13.4187376,52.4942335,4.40415,3.9406743,-0.65759134,6.2331486,on bike mount,cyclo cross,True,sett,intermediate
6d699189-c4f1-4e5e-9b20-0bac5d67ebe9,1cdc7027-0921-43a0-a99d-25230ed35dda,b3698c5b-bb54-4bab-b099-5ab144c1aabc,1634144467812,13.4187376,52.4942335,4.40415,-2.5172791,1.9679532,-8.460166,on bike mount,cyclo cross,True,sett,intermediate
6d699189-c4f1-4e5e-9b20-0bac5d67ebe9,1cdc7027-0921-43a0-a99d-25230ed35dda,9d99202a-b77a-454e-98da-f83886f73cd7,1634144467862,13.4187376,52.4942335,4.40415,2.9468224,-2.9662013,-13.531983,on bike mount,cyclo cross,True,sett,intermediate
6d699189-c4f1-4e5e-9b20-0bac5d67ebe9,1cdc7027-0921-43a0-a99d-25230ed35dda,a52507cc-0289-407f-9e74-f8385c93690f,1634144467912,13.4187376,52.4942335,4.40415,-2.2521763,-6.346508,7.830508,on bike mount,cyclo cross,True,sett,intermediate
6d699189-c4f1-4e5e-9b20-0bac5d67ebe9,1cdc7027-0921-43a0-a99d-25230ed35dda,ff1f6d6a-3536-44d1-9a0e-5b2478347385,1634144467963,13.4187376,52.4942335,4.40415,3.8258803,-19.285162,1.7936487,on bike mount,cyclo cross,True,sett,intermediate
6d699189-c4f1-4e5e-9b20-0bac5d67ebe9,1cdc7027-0921-43a0-a99d-25230ed35dda,40a7f751-49be-4392-bbb3-b85f2bef5cf2,1634144468013,13.4187376,52.4942335,4.40415,-0.23015216,5.5941653,3.1285076,on bike mount,cyclo cross,True,sett,intermediate
6d699189-c4f1-4e5e-9b20-0bac5d67ebe9,1cdc7027-0921-43a0-a99d-25230ed35dda,2a64fd1a-1741-4007-a3b0-ddd4e5af553e,1634144468063,13.4187376,52.4942335,4.40415,-3.8830342,9.341076,1.3347721,on bike mount,cyclo cross,True,sett,intermediate
6d699189-c4f1-4e5e-9b20-0bac5d67ebe9,1cdc7027-0921-43a0-a99d-25230ed35dda,f0d459b8-2c6a-4ede-8509-67ee35818b02,1634144468114,13.4187376,52.4942335,4.40415,7.2743196,27.548841,-21.188828,on bike mount,cyclo cross,True,sett,intermediate
6d699189-c4f1-4e5e-9b20-0bac5d67ebe9,1cdc7027-0921-43a0-a99d-25230ed35dda,d68ebb8c-c2f2-4601-b8e5-5a11e5079512,1634144468164,13.4187376,52.4942335,4.40415,-10.07771,-3.0371947,38.442448,on bike mount,cyclo cross,True,sett,intermediate
6d699189-c4f1-4e5e-9b20-0bac5d67ebe9,1cdc7027-0921-43a0-a99d-25230ed35dda,d0777fd8-7117-474b-bb89-ea94bc9feab5,1634144468230,13.4187376,52.4942335,4.40415,-5.920674,23.252823,-24.685751,on bike mount,cyclo cross,True,sett,intermediate
6d699189-c4f1-4e5e-9b20-0bac5d67ebe9,1cdc7027-0921-43a0-a99d-25230ed35dda,d0b240b7-b468-4ecc-a341-ad47ce642423,1634144468281,13.4187376,52.4942335,4.40415,6.607931,9.809797,-14.369931,on bike mount,cyclo cross,True,sett,intermediate
6d699189-c4f1-4e5e-9b20-0bac5d67ebe9,1cdc7027-0921-43a0-a99d-25230ed35dda,481c1b16-b250-4023-b589-199947606929,1634144468332,13.4187376,52.4942335,4.40415,5.1006804,4.530569,-1.109849,on bike mount,cyclo cross,True,sett,intermediate
6d699189-c4f1-4e5e-9b20-0bac5d67ebe9,1cdc7027-0921-43a0-a99d-25230ed35dda,ad897d9b-3087-42cd-84ba-d2ecce7a15bd,1634144468397,13.4187376,52.4942335,4.40415,-8.298841,9.22074,-6.2806773,on bike mount,cyclo cross,True,sett,intermediate
6d699189-c4f1-4e5e-9b20-0bac5d67ebe9,1cdc7027-0921-43a0-a99d-25230ed35dda,4293c530-93f0-434d-82e3-8985c71e079c,1634144468448,13.4187376,52.4942335,4.40415,-2.3108134,14.511438,-4.0121984,on bike mount,cyclo cross,True,sett,intermediate
6d699189-c4f1-4e5e-9b20-0bac5d67ebe9,1cdc7027-0921-43a0-a99d-25230ed35dda,0895076d-be5a-45e6-b2a6-456b8a2c003b,1634144468515,13.418774,52.4942808,4.4954567,-7.572031,8.120242,-9.187454,on bike mount,cyclo cross,True,sett,intermediate
6d699189-c4f1-4e5e-9b20-0bac5d67ebe9,1cdc7027-0921-43a0-a99d-25230ed35dda,ddd9a8aa-7d02-4260-9252-1a23a5e1b3f9,1634144468580,13.418774,52.4942808,4.4954567,-1.5666153,-9.722431,6.9148464,on bike mount,cyclo cross,True,sett,intermediate
6d699189-c4f1-4e5e-9b20-0bac5d67ebe9,1cdc7027-0921-43a0-a99d-25230ed35dda,472a82aa-5878-4b7d-949e-0a2aef136b59,1634144468633,13.418774,52.4942808,4.4954567,-8.325764,12.331344,2.175146,on bike mount,cyclo cross,True,sett,intermediate
6d699189-c4f1-4e5e-9b20-0bac5d67ebe9,1cdc7027-0921-43a0-a99d-25230ed35dda,78a46393-e048-464e-93c1-b1afff85c310,1634144468700,13.418774,52.4942808,4.4954567,2.0478485,-7.686713,4.89878,on bike mount,cyclo cross,True,sett,intermediate
6d699189-c4f1-4e5e-9b20-0bac5d67ebe9,1cdc7027-0921-43a0-a99d-25230ed35dda,ae634254-4a66-4c57-90c8-37c066448960,1634144468765,13.418774,52.4942808,4.4954567,-0.73167706,12.6491375,-23.080482,on bike mount,cyclo cross,True,sett,intermediate
6d699189-c4f1-4e5e-9b20-0bac5d67ebe9,1cdc7027-0921-43a0-a99d-25230ed35dda,5097239d-895d-4de5-964f-4df793e22695,1634144468816,13.418774,52.4942808,4.4954567,2.6792607,0.1868335,-5.410497,on bike mount,cyclo cross,True,sett,intermediate
6d699189-c4f1-4e5e-9b20-0bac5d67ebe9,1cdc7027-0921-43a0-a99d-25230ed35dda,bc1ef57c-dc6d-43ea-afd2-5a577b887ae4,1634144468881,13.418774,52.4942808,4.4954567,-2.2660434,-6.996707,10.545778,on bike mount,cyclo cross,True,sett,intermediate
6d699189-c4f1-4e5e-9b20-0bac5d67ebe9,1cdc7027-0921-43a0-a99d-25230ed35dda,78497069-b555-454f-b3fb-e0f6f5ee4d79,1634144468932,13.418774,52.4942808,4.4954567,2.7225254,19.059961,-7.2413826,on bike mount,cyclo cross,True,sett,intermediate
6d699189-c4f1-4e5e-9b20-0bac5d67ebe9,1cdc7027-0921-43a0-a99d-25230ed35dda,5f4b12f7-30e2-4fed-bf43-78c28530abaf,1634144468983,13.418774,52.4942808,4.4954567,-0.0435777,0.32876873,10.548441,on bike mount,cyclo cross,True,sett,intermediate
6d699189-c4f1-4e5e-9b20-0bac5d67ebe9,1cdc7027-0921-43a0-a99d-25230ed35dda,59a3bbe8-8dd9-4e31-935f-ed22e49bf5d5,1634144469049,13.418774,52.4942808,4.4954567,-3.9895902,1.6825056,-7.340477,on bike mount,cyclo cross,True,sett,intermediate
6d699189-c4f1-4e5e-9b20-0bac5d67ebe9,1cdc7027-0921-43a0-a99d-25230ed35dda,89aff374-95ec-45de-9e0a-07490b2f4c55,1634144469100,13.418774,52.4942808,4.4954567,3.3595495,-13.308882,8.444698,on bike mount,cyclo cross,True,sett,intermediate
6d699189-c4f1-4e5e-9b20-0bac5d67ebe9,1cdc7027-0921-43a0-a99d-25230ed35dda,57e75263-4c20-4fc3-9982-7e9ea499b569,1634144469165,13.418774,52.4942808,4.4954567,7.0265346,20.505701,-50.27117,on bike mount,cyclo cross,True,sett,intermediate
6d699189-c4f1-4e5e-9b20-0bac5d67ebe9,1cdc7027-0921-43a0-a99d-25230ed35dda,f9c2db95-ead9-4be9-aafb-6fca7f122631,1634144469216,13.418774,52.4942808,4.4954567,7.8407497,5.508849,-16.259151,on bike mount,cyclo cross,True,sett,intermediate
6d699189-c4f1-4e5e-9b20-0bac5d67ebe9,1cdc7027-0921-43a0-a99d-25230ed35dda,6f2d47af-fbe3-4a43-8d33-47ecc5a19741,1634144469266,13.418774,52.4942808,4.4954567,4.565017,-9.282882,-4.141188,on bike mount,cyclo cross,True,sett,intermediate
6d699189-c4f1-4e5e-9b20-0bac5d67ebe9,1cdc7027-0921-43a0-a99d-25230ed35dda,2ed94e86-846c-4ae0-9ccd-5d0f44d766b9,1634144469317,13.418774,52.4942808,4.4954567,0.23545982,-4.3995566,-9.096081,on bike mount,cyclo cross,True,sett,intermediate
6d699189-c4f1-4e5e-9b20-0bac5d67ebe9,1cdc7027-0921-43a0-a99d-25230ed35dda,d92d28f8-b7db-48aa-976e-ea19d727d24a,1634144469367,13.418774,52.4942808,4.4954567,7.547551,-24.955034,-12.2025585,on bike mount,cyclo cross,True,sett,intermediate
6d699189-c4f1-4e5e-9b20-0bac5d67ebe9,1cdc7027-0921-43a0-a99d-25230ed35dda,9a107260-998e-412e-b0cf-27789f16091e,1634144469434,13.418774,52.4942808,4.4954567,-3.6481628,-0.9604137,-4.588312,on bike mount,cyclo cross,True,sett,intermediate
6d699189-c4f1-4e5e-9b20-0bac5d67ebe9,1cdc7027-0921-43a0-a99d-25230ed35dda,3fbc86ec-f4e1-4c60-b7ae-ce36d8770d0a,1634144469486,13.418774,52.4942808,4.4954567,1.6513604,-16.310991,15.4263935,on bike mount,cyclo cross,True,sett,intermediate
6d699189-c4f1-4e5e-9b20-0bac5d67ebe9,ccd75a8e-f5a2-43f1-9b82-c7df0040907e,19d448b9-b8df-40a5-a3d5-a101100015a0,1634144467313,13.4187001,52.4941851,4.252192,-8.798826,-5.113246,4.751135,on bike mount,cyclo cross,True,sett,intermediate
6d699189-c4f1-4e5e-9b20-0bac5d67ebe9,ccd75a8e-f5a2-43f1-9b82-c7df0040907e,bad12745-a34a-4e54-8d36-b0e6e1714c73,1634144467377,13.4187001,52.4941851,4.252192,-0.32743752,7.8192506,-5.6175747,on bike mount,cyclo cross,True,sett,intermediate
6d699189-c4f1-4e5e-9b20-0bac5d67ebe9,ccd75a8e-f5a2-43f1-9b82-c7df0040907e,ca1fbb06-c9b9-44b5-bb29-f4a5ec23dacd,1634144467427,13.4187001,52.4941851,4.252192,8.446051,12.609744,-11.78495,on bike mount,cyclo cross,True,sett,intermediate
6d699189-c4f1-4e5e-9b20-0bac5d67ebe9,ccd75a8e-f5a2-43f1-9b82-c7df0040907e,3c0259d2-0e53-45ed-a529-16ee7c069fd2,1634144467477,13.4187001,52.4941851,4.252192,-7.4383116,9.274401,4.3158607,on bike mount,cyclo cross,True,sett,intermediate
6d699189-c4f1-4e5e-9b20-0bac5d67ebe9,ccd75a8e-f5a2-43f1-9b82-c7df0040907e,09858b36-c016-4fed-a233-234007936d1e,1634144467527,13.4187376,52.4942335,4.40415,-4.6126122,10.143609,-14.871308,on bike mount,cyclo cross,True,sett,intermediate
6d699189-c4f1-4e5e-9b20-0bac5d67ebe9,ccd75a8e-f5a2-43f1-9b82-c7df0040907e,4d7d7b0c-44d5-4518-8dfc-6c3e1e569119,1634144467579,13.4187376,52.4942335,4.40415,0.56142414,-0.1743908,8.966188,on bike mount,cyclo cross,True,sett,intermediate
6d699189-c4f1-4e5e-9b20-0bac5d67ebe9,ccd75a8e-f5a2-43f1-9b82-c7df0040907e,98836e46-34c4-4dd0-a11a-beb215d81f2b,1634144467646,13.4187376,52.4942335,4.40415,-2.4510572,7.167187,-0.38099623,on bike mount,cyclo cross,True,sett,intermediate
6d699189-c4f1-4e5e-9b20-0bac5d67ebe9,ccd75a8e-f5a2-43f1-9b82-c7df0040907e,761cf110-3df3-4bab-8c23-2a93b400e7df,1634144467712,13.4187376,52.4942335,4.40415,-0.96753615,-13.891695,1.7266464,on bike mount,cyclo cross,True,sett,intermediate
6d699189-c4f1-4e5e-9b20-0bac5d67ebe9,ccd75a8e-f5a2-43f1-9b82-c7df0040907e,30be0da1-b4da-44e1-9f51-5b51c3eac787,1634144467763,13.4187376,52.4942335,4.40415,-1.6794329,-6.4942455,9.3395,on bike mount,cyclo cross,True,sett,intermediate
6d699189-c4f1-4e5e-9b20-0bac5d67ebe9,ccd75a8e-f5a2-43f1-9b82-c7df0040907e,e5dab9f4-0b3b-411a-9712-eb7a00765eab,1634144467813,13.4187376,52.4942335,4.40415,-0.9847257,4.5735016,-2.7149832,on bike mount,cyclo cross,True,sett,intermediate
6d699189-c4f1-4e5e-9b20-0bac5d67ebe9,ccd75a8e-f5a2-43f1-9b82-c7df0040907e,18752591-0c0f-4ebf-8eee-d379a492bf97,1634144467880,13.4187376,52.4942335,4.40415,-2.4797227,-1.8134007,12.133666,on bike mount,cyclo cross,True,sett,intermediate
6d699189-c4f1-4e5e-9b20-0bac5d67ebe9,ccd75a8e-f5a2-43f1-9b82-c7df0040907e,7caf7b9e-1800-4420-b8ae-b7b8c2e0ff70,1634144467931,13.4187376,52.4942335,4.40415,-6.0176277,-1.1695993,4.629965,on bike mount,cyclo cross,True,sett,intermediate
6d699189-c4f1-4e5e-9b20-0bac5d67ebe9,ccd75a8e-f5a2-43f1-9b82-c7df0040907e,0c6cf926-49ea-4e48-910a-3544af63fb20,1634144467981,13.4187376,52.4942335,4.40415,-2.2059023,5.2503834,8.300979,on bike mount,cyclo cross,True,sett,intermediate
6d699189-c4f1-4e5e-9b20-0bac5d67ebe9,ccd75a8e-f5a2-43f1-9b82-c7df0040907e,9a46a25b-070a-414b-a37f-15d64382e2a0,1634144468046,13.4187376,52.4942335,4.40415,1.2432102,-6.71964,7.742014,on bike mount,cyclo cross,True,sett,intermediate
6d699189-c4f1-4e5e-9b20-0bac5d67ebe9,ccd75a8e-f5a2-43f1-9b82-c7df0040907e,d35bed3b-9b69-4434-affc-ed8b0dce62be,1634144468097,13.4187376,52.4942335,4.40415,0.42305207,-21.287256,2.374401,on bike mount,cyclo cross,True,sett,intermediate
6d699189-c4f1-4e5e-9b20-0bac5d67ebe9,ccd75a8e-f5a2-43f1-9b82-c7df0040907e,4b3bf2e8-92dd-45b6-a69f-b23e34c15a29,1634144468148,13.4187376,52.4942335,4.40415,-3.387169,0.33688164,-1.3966722,on bike mount,cyclo cross,True,sett,intermediate
6d699189-c4f1-4e5e-9b20-0bac5d67ebe9,ccd75a8e-f5a2-43f1-9b82-c7df0040907e,c80d42e9-4f01-45a4-aa74-bf67f77b9a99,1634144468214,13.4187376,52.4942335,4.40415,5.8520584,-36.623466,7.9650307,on bike mount,cyclo cross,True,sett,intermediate
6d699189-c4f1-4e5e-9b20-0bac5d67ebe9,ccd75a8e-f5a2-43f1-9b82-c7df0040907e,fd842224-3ef5-4d97-90be-6b2642d8dfcb,1634144468265,13.4187376,52.4942335,4.40415,-6.5178633,-0.57805014,16.36891,on bike mount,cyclo cross,True,sett,intermediate
6d699189-c4f1-4e5e-9b20-0bac5d67ebe9,ccd75a8e-f5a2-43f1-9b82-c7df0040907e,d9f37fd3-54de-4f87-aaf1-207b870b8812,1634144468331,13.4187376,52.4942335,4.40415,5.1006804,4.530569,-1.109849,on bike mount,cyclo cross,True,sett,intermediate
6d699189-c4f1-4e5e-9b20-0bac5d67ebe9,ccd75a8e-f5a2-43f1-9b82-c7df0040907e,c6473b64-114f-4c00-9491-6b8c105450ee,1634144468381,13.4187376,52.4942335,4.40415,1.4692566,-10.261141,1.4291849,on bike mount,cyclo cross,True,sett,intermediate
6d699189-c4f1-4e5e-9b20-0bac5d67ebe9,ccd75a8e-f5a2-43f1-9b82-c7df0040907e,df761847-c151-4a04-a093-2889c5efb33a,1634144468447,13.4187376,52.4942335,4.40415,-4.283883,15.914497,-22.120762,on bike mount,cyclo cross,True,sett,intermediate
6d699189-c4f1-4e5e-9b20-0bac5d67ebe9,ccd75a8e-f5a2-43f1-9b82-c7df0040907e,2fcd7083-7d95-4294-964a-550f9a7baaef,1634144468515,13.418774,52.4942808,4.4954567,-7.572031,8.120242,-9.187454,on bike mount,cyclo cross,True,sett,intermediate
6d699189-c4f1-4e5e-9b20-0bac5d67ebe9,ccd75a8e-f5a2-43f1-9b82-c7df0040907e,b63e2eff-2f33-4b78-83fc-6d2594b888e6,1634144468580,13.418774,52.4942808,4.4954567,-1.5666153,-9.722431,6.9148464,on bike mount,cyclo cross,True,sett,intermediate
6d699189-c4f1-4e5e-9b20-0bac5d67ebe9,ccd75a8e-f5a2-43f1-9b82-c7df0040907e,dcc11d86-b90f-4bfe-b777-c476f5af787f,1634144468632,13.418774,52.4942808,4.4954567,-5.3633246,11.680255,0.13959932,on bike mount,cyclo cross,True,sett,intermediate
6d699189-c4f1-4e5e-9b20-0bac5d67ebe9,ccd75a8e-f5a2-43f1-9b82-c7df0040907e,a4150899-906a-42f5-b50e-09a1ffffa33a,1634144468700,13.418774,52.4942808,4.4954567,-0.0996063,-7.1084366,11.629242,on bike mount,cyclo cross,True,sett,intermediate
6d699189-c4f1-4e5e-9b20-0bac5d67ebe9,ccd75a8e-f5a2-43f1-9b82-c7df0040907e,32b9121d-75f4-46c1-94cf-5c8abee27fa7,1634144468765,13.418774,52.4942808,4.4954567,-0.73167706,12.6491375,-23.080482,on bike mount,cyclo cross,True,sett,intermediate
6d699189-c4f1-4e5e-9b20-0bac5d67ebe9,ccd75a8e-f5a2-43f1-9b82-c7df0040907e,1dfd8dae-e38b-4a3f-8255-c973090368c2,1634144468816,13.418774,52.4942808,4.4954567,2.6792607,0.1868335,-5.410497,on bike mount,cyclo cross,True,sett,intermediate
6d699189-c4f1-4e5e-9b20-0bac5d67ebe9,ccd75a8e-f5a2-43f1-9b82-c7df0040907e,54d04d9b-f37d-4da7-8874-605ba90b1f1b,1634144468865,13.418774,52.4942808,4.4954567,-1.1394105,-4.8943276,4.276558,on bike mount,cyclo cross,True,sett,intermediate
6d699189-c4f1-4e5e-9b20-0bac5d67ebe9,ccd75a8e-f5a2-43f1-9b82-c7df0040907e,934f2ec6-9d07-41c7-9c6d-9f52bd63213a,1634144468916,13.418774,52.4942808,4.4954567,0.15224147,-8.615944,-7.9679003,on bike mount,cyclo cross,True,sett,intermediate
6d699189-c4f1-4e5e-9b20-0bac5d67ebe9,ccd75a8e-f5a2-43f1-9b82-c7df0040907e,04dbbee0-b0fb-4f10-b214-136971139634,1634144468967,13.418774,52.4942808,4.4954567,-1.0583601,-5.8420415,-3.33153,on bike mount,cyclo cross,True,sett,intermediate
6d699189-c4f1-4e5e-9b20-0bac5d67ebe9,ccd75a8e-f5a2-43f1-9b82-c7df0040907e,f68d66cd-48bd-4096-bb05-cc4aa9a6f45d,1634144469031,13.418774,52.4942808,4.4954567,-1.7805791,-7.196203,-10.916376,on bike mount,cyclo cross,True,sett,intermediate
6d699189-c4f1-4e5e-9b20-0bac5d67ebe9,ccd75a8e-f5a2-43f1-9b82-c7df0040907e,373bfcdd-3fe6-478b-aea7-14feb810a664,1634144469083,13.418774,52.4942808,4.4954567,-5.7937517,27.74284,-18.326992,on bike mount,cyclo cross,True,sett,intermediate
6d699189-c4f1-4e5e-9b20-0bac5d67ebe9,ccd75a8e-f5a2-43f1-9b82-c7df0040907e,999b8fb3-ba3a-454f-94aa-e79f8ab41fdf,1634144469133,13.418774,52.4942808,4.4954567,0.8087537,-11.096473,11.214037,on bike mount,cyclo cross,True,sett,intermediate
6d699189-c4f1-4e5e-9b20-0bac5d67ebe9,ccd75a8e-f5a2-43f1-9b82-c7df0040907e,f7a6369e-0e7b-4d88-ac36-e7c5f1d0f23e,1634144469183,13.418774,52.4942808,4.4954567,-2.689608,-19.72754,4.8856316,on bike mount,cyclo cross,True,sett,intermediate
6d699189-c4f1-4e5e-9b20-0bac5d67ebe9,ccd75a8e-f5a2-43f1-9b82-c7df0040907e,a26c6a99-de50-485d-aeb1-67dc0978c432,1634144469248,13.418774,52.4942808,4.4954567,1.1418788,36.76243,0.15758705,on bike mount,cyclo cross,True,sett,intermediate
6d699189-c4f1-4e5e-9b20-0bac5d67ebe9,ccd75a8e-f5a2-43f1-9b82-c7df0040907e,e0d4a2ba-999d-48d2-881e-208c6f8d5509,1634144469300,13.418774,52.4942808,4.4954567,3.6781483,-0.8139117,12.266576,on bike mount,cyclo cross,True,sett,intermediate
6d699189-c4f1-4e5e-9b20-0bac5d67ebe9,ccd75a8e-f5a2-43f1-9b82-c7df0040907e,cf7812ff-e397-415a-8823-27b5af3e73c1,1634144469366,13.418774,52.4942808,4.4954567,4.7074585,-18.1366,-4.5828485,on bike mount,cyclo cross,True,sett,intermediate
6d699189-c4f1-4e5e-9b20-0bac5d67ebe9,ccd75a8e-f5a2-43f1-9b82-c7df0040907e,962bbc1a-bdde-4dde-9ff6-e9465dd501cc,1634144469417,13.418774,52.4942808,4.4954567,1.2853538,-6.797469,0.71369934,on bike mount,cyclo cross,True,sett,intermediate
6d699189-c4f1-4e5e-9b20-0bac5d67ebe9,ccd75a8e-f5a2-43f1-9b82-c7df0040907e,25e2dc76-a31b-4196-bd97-8a43f7300425,1634144469468,13.418774,52.4942808,4.4954567,2.4414835,-4.264772,4.6282606,on bike mount,cyclo cross,True,sett,intermediate
6d699189-c4f1-4e5e-9b20-0bac5d67ebe9,ccd75a8e-f5a2-43f1-9b82-c7df0040907e,090ec924-2e90-4f90-9f27-9b516a2445ba,1634144469532,13.4188044,52.494318,4.5068717,-8.663051,12.180203,-8.427639,on bike mount,cyclo cross,True,sett,intermediate
6d699189-c4f1-4e5e-9b20-0bac5d67ebe9,ccd75a8e-f5a2-43f1-9b82-c7df0040907e,59e72d23-3c84-4e5f-ba35-c28a40d4bede,1634144469583,13.4188044,52.494318,4.5068717,-5.6214213,14.629907,-6.0015936,on bike mount,cyclo cross,True,sett,intermediate
6d699189-c4f1-4e5e-9b20-0bac5d67ebe9,ccd75a8e-f5a2-43f1-9b82-c7df0040907e,9ecc38dd-cdc4-49ce-89f2-85571d8b3348,1634144469634,13.4188044,52.494318,4.5068717,-2.4707935,2.3279119,6.1923437,on bike mount,cyclo cross,True,sett,intermediate
6d699189-c4f1-4e5e-9b20-0bac5d67ebe9,ccd75a8e-f5a2-43f1-9b82-c7df0040907e,78e068a3-f265-4555-9e69-f31cffe0f39b,1634144469685,13.4188044,52.494318,4.5068717,0.07743031,-20.45501,-13.297584,on bike mount,cyclo cross,True,sett,intermediate
6d699189-c4f1-4e5e-9b20-0bac5d67ebe9,ccd75a8e-f5a2-43f1-9b82-c7df0040907e,f3047c18-25c0-4c2d-8bf5-4b8b636b7a8b,1634144469735,13.4188044,52.494318,4.5068717,0.07346578,0.8922334,3.0813036,on bike mount,cyclo cross,True,sett,intermediate
6d699189-c4f1-4e5e-9b20-0bac5d67ebe9,ccd75a8e-f5a2-43f1-9b82-c7df0040907e,80a4a11a-a16c-4751-a362-7f07aa3fff2c,1634144469802,13.4188044,52.494318,4.5068717,5.762882,-0.082427025,6.147752,on bike mount,cyclo cross,True,sett,intermediate
6d699189-c4f1-4e5e-9b20-0bac5d67ebe9,ccd75a8e-f5a2-43f1-9b82-c7df0040907e,e22a1bd5-8e52-4fde-a442-355b7ee82601,1634144469852,13.4188044,52.494318,4.5068717,-1.1925046,-6.6869736,11.9400425,on bike mount,cyclo cross,True,sett,intermediate
6d699189-c4f1-4e5e-9b20-0bac5d67ebe9,ccd75a8e-f5a2-43f1-9b82-c7df0040907e,ef407e19-143d-4492-9f4b-4609aa6beba7,1634144469902,13.4188044,52.494318,4.5068717,3.4598818,12.920847,0.6788902,on bike mount,cyclo cross,True,sett,intermediate
6d699189-c4f1-4e5e-9b20-0bac5d67ebe9,ccd75a8e-f5a2-43f1-9b82-c7df0040907e,e508cb09-b43b-4137-8335-d4355fb1d9a3,1634144469968,13.4188044,52.494318,4.5068717,6.1797676,-16.328909,10.159037,on bike mount,cyclo cross,True,sett,intermediate
6d699189-c4f1-4e5e-9b20-0bac5d67ebe9,ccd75a8e-f5a2-43f1-9b82-c7df0040907e,539e7ea9-9174-4dbc-bf77-f6cff37065b5,1634144470018,13.4188044,52.494318,4.5068717,10.3455305,31.966578,-4.6018276,on bike mount,cyclo cross,True,sett,intermediate
6d699189-c4f1-4e5e-9b20-0bac5d67ebe9,ccd75a8e-f5a2-43f1-9b82-c7df0040907e,2adf661c-e397-43c1-88e7-5a9ca76041b7,1634144470068,13.4188044,52.494318,4.5068717,2.8909233,-1.0514483,28.563782,on bike mount,cyclo cross,True,sett,intermediate
6d699189-c4f1-4e5e-9b20-0bac5d67ebe9,ccd75a8e-f5a2-43f1-9b82-c7df0040907e,cf0eb91c-4951-4d10-bfd2-f0c0c21d9550,1634144470119,13.4188044,52.494318,4.5068717,1.7780538,-4.817312,5.2320633,on bike mount,cyclo cross,True,sett,intermediate
6d699189-c4f1-4e5e-9b20-0bac5d67ebe9,ccd75a8e-f5a2-43f1-9b82-c7df0040907e,0bc19d34-b1a9-45df-b783-f83a83633707,1634144470170,13.4188044,52.494318,4.5068717,-3.8481987,10.737759,4.6964836,on bike mount,cyclo cross,True,sett,intermediate
6d699189-c4f1-4e5e-9b20-0bac5d67ebe9,ccd75a8e-f5a2-43f1-9b82-c7df0040907e,7632a720-d7af-4115-80ee-21307fdbc319,1634144470235,13.4188044,52.494318,4.5068717,-0.23811293,4.867073,1.6319971,on bike mount,cyclo cross,True,sett,intermediate
6d699189-c4f1-4e5e-9b20-0bac5d67ebe9,ccd75a8e-f5a2-43f1-9b82-c7df0040907e,5ce6e3a8-f988-48f6-b66e-b0b8d8afdfb6,1634144470285,13.4188044,52.494318,4.5068717,2.0930383,-2.1568484,4.0163927,on bike mount,cyclo cross,True,sett,intermediate
6d699189-c4f1-4e5e-9b20-0bac5d67ebe9,ccd75a8e-f5a2-43f1-9b82-c7df0040907e,4b700975-c30e-4291-bc27-9f313c5145c4,1634144470335,13.4188044,52.494318,4.5068717,-1.0497248,-14.277714,3.191204,on bike mount,cyclo cross,True,sett,intermediate
6d699189-c4f1-4e5e-9b20-0bac5d67ebe9,ccd75a8e-f5a2-43f1-9b82-c7df0040907e,218d4036-af4b-465d-8f22-cbdbbfd875d0,1634144470387,13.4188044,52.494318,4.5068717,2.5041249,-8.180187,-19.96989,on bike mount,cyclo cross,True,sett,intermediate
6d699189-c4f1-4e5e-9b20-0bac5d67ebe9,ccd75a8e-f5a2-43f1-9b82-c7df0040907e,97f2ade0-76ba-4ca7-9422-8431d0e1f8cc,1634144470437,13.4188044,52.494318,4.5068717,3.1373537,-2.2012787,13.863805,on bike mount,cyclo cross,True,sett,intermediate
6d699189-c4f1-4e5e-9b20-0bac5d67ebe9,ccd75a8e-f5a2-43f1-9b82-c7df0040907e,eb15a261-7756-4cd0-9254-59870fab3620,1634144470504,13.4188044,52.494318,4.5068717,1.2214845,2.8780313,16.445562,on bike mount,cyclo cross,True,sett,intermediate
6d699189-c4f1-4e5e-9b20-0bac5d67ebe9,ccd75a8e-f5a2-43f1-9b82-c7df0040907e,57102034-67d4-4678-80d8-5bd37d3b02b2,1634144470570,13.4188409,52.4943699,4.5768347,1.6166347,-3.450906,9.348938,on bike mount,cyclo cross,True,sett,intermediate
6d699189-c4f1-4e5e-9b20-0bac5d67ebe9,ccd75a8e-f5a2-43f1-9b82-c7df0040907e,43e4dc7a-2f52-4f87-bc35-d3d31046bc04,1634144470620,13.4188409,52.4943699,4.5768347,1.7091438,-5.0407295,3.8054295,on bike mount,cyclo cross,True,sett,intermediate
6d699189-c4f1-4e5e-9b20-0bac5d67ebe9,ccd75a8e-f5a2-43f1-9b82-c7df0040907e,f1dfa539-bcd7-466f-a01f-bbfba50c49cf,1634144470671,13.4188409,52.4943699,4.5768347,-8.207013,0.14958858,6.9515,on bike mount,cyclo cross,True,sett,intermediate
6d699189-c4f1-4e5e-9b20-0bac5d67ebe9,ccd75a8e-f5a2-43f1-9b82-c7df0040907e,ab528ad7-43b1-4c05-8b6a-5c4fddfe2e57,1634144470721,13.4188409,52.4943699,4.5768347,2.7493367,5.291711,-2.8047357,on bike mount,cyclo cross,True,sett,intermediate
6d699189-c4f1-4e5e-9b20-0bac5d67ebe9,ccd75a8e-f5a2-43f1-9b82-c7df0040907e,26d9c6d9-88a5-4b61-ae98-5a87dc96883d,1634144470772,13.4188409,52.4943699,4.5768347,1.5995867,12.088068,-4.8212166,on bike mount,cyclo cross,True,sett,intermediate
6d699189-c4f1-4e5e-9b20-0bac5d67ebe9,ccd75a8e-f5a2-43f1-9b82-c7df0040907e,b3aef2b2-db3d-4ed5-a125-bc38faed9a4e,1634144470839,13.4188409,52.4943699,4.5768347,4.1548085,-3.5354075,-5.059376,on bike mount,cyclo cross,True,sett,intermediate
6d699189-c4f1-4e5e-9b20-0bac5d67ebe9,ccd75a8e-f5a2-43f1-9b82-c7df0040907e,b17c4491-1153-4eb7-95de-41569ac01c26,1634144470905,13.4188409,52.4943699,4.5768347,-4.7879906,6.636947,-14.918139,on bike mount,cyclo cross,True,sett,intermediate
6d699189-c4f1-4e5e-9b20-0bac5d67ebe9,ccd75a8e-f5a2-43f1-9b82-c7df0040907e,9be7be53-2ebc-4f2f-b65d-76ed56aa34e6,1634144470972,13.4188409,52.4943699,4.5768347,15.715551,9.545378,12.166361,on bike mount,cyclo cross,True,sett,intermediate
6d699189-c4f1-4e5e-9b20-0bac5d67ebe9,ccd75a8e-f5a2-43f1-9b82-c7df0040907e,6f6d8d8d-68d9-4fa2-877d-9ad0da6b3b59,1634144471022,13.4188409,52.4943699,4.5768347,-9.850319,4.2358284,8.3208275,on bike mount,cyclo cross,True,sett,intermediate
6d699189-c4f1-4e5e-9b20-0bac5d67ebe9,ccd75a8e-f5a2-43f1-9b82-c7df0040907e,da51e67d-473a-4dfe-8d67-685eb974e4af,1634144471072,13.4188409,52.4943699,4.5768347,-0.9346239,-7.9891315,13.083036,on bike mount,cyclo cross,True,sett,intermediate
6d699189-c4f1-4e5e-9b20-0bac5d67ebe9,ccd75a8e-f5a2-43f1-9b82-c7df0040907e,b64bbba2-f4b2-4636-989b-f5505b8ced2e,1634144471122,13.4188409,52.4943699,4.5768347,-1.4595711,0.04341507,5.440727,on bike mount,cyclo cross,True,sett,intermediate
6d699189-c4f1-4e5e-9b20-0bac5d67ebe9,ccd75a8e-f5a2-43f1-9b82-c7df0040907e,ef46defb-5785-4ad7-8d3d-4318b59bd250,1634144471188,13.4188409,52.4943699,4.5768347,2.0907888,2.5116081,6.4153423,on bike mount,cyclo cross,True,sett,intermediate
6d699189-c4f1-4e5e-9b20-0bac5d67ebe9,ccd75a8e-f5a2-43f1-9b82-c7df0040907e,e9f3be0c-bbf6-4b92-892d-a0cf87bd77c8,1634144471239,13.4188409,52.4943699,4.5768347,-0.39002168,-2.8282962,5.5885057,on bike mount,cyclo cross,True,sett,intermediate
6d699189-c4f1-4e5e-9b20-0bac5d67ebe9,ccd75a8e-f5a2-43f1-9b82-c7df0040907e,4a86ab8f-e91c-4542-a2c8-ca4a4193f994,1634144471289,13.4188409,52.4943699,4.5768347,-6.1620927,21.882467,-11.640557,on bike mount,cyclo cross,True,sett,intermediate
6d699189-c4f1-4e5e-9b20-0bac5d67ebe9,ccd75a8e-f5a2-43f1-9b82-c7df0040907e,f11420c4-3f67-40bd-9c7c-780475a8f907,1634144471340,13.4188409,52.4943699,4.5768347,0.78011096,-4.455714,9.530062,on bike mount,cyclo cross,True,sett,intermediate
6d699189-c4f1-4e5e-9b20-0bac5d67ebe9,ccd75a8e-f5a2-43f1-9b82-c7df0040907e,5f65b17c-0cb4-474d-bb3d-8c983369a325,1634144471406,13.4188409,52.4943699,4.5768347,3.8221002,10.5901375,-16.076355,on bike mount,cyclo cross,True,sett,intermediate
6d699189-c4f1-4e5e-9b20-0bac5d67ebe9,ccd75a8e-f5a2-43f1-9b82-c7df0040907e,b36b503c-07cd-4933-ae65-9f6218516529,1634144471455,13.4188409,52.4943699,4.5768347,-4.5094175,-0.08543491,-8.85184,on bike mount,cyclo cross,True,sett,intermediate
6d699189-c4f1-4e5e-9b20-0bac5d67ebe9,ccd75a8e-f5a2-43f1-9b82-c7df0040907e,dbdb78e1-3604-415b-928f-7f1320ebe1fe,1634144471506,13.41888,52.4944193,4.6858172,0.5892602,-10.885043,-18.389568,on bike mount,cyclo cross,True,sett,intermediate
6d699189-c4f1-4e5e-9b20-0bac5d67ebe9,ccd75a8e-f5a2-43f1-9b82-c7df0040907e,7d65ec92-4201-44ec-8c1e-8960b46eadc3,1634144471572,13.41888,52.4944193,4.6858172,1.6766169,6.587056,0.20135498,on bike mount,cyclo cross,True,sett,intermediate
6d699189-c4f1-4e5e-9b20-0bac5d67ebe9,ccd75a8e-f5a2-43f1-9b82-c7df0040907e,adf95c29-78aa-477b-8a30-6973fe5ca299,1634144471623,13.41888,52.4944193,4.6858172,3.202185,3.8216386,3.312132,on bike mount,cyclo cross,True,sett,intermediate
6d699189-c4f1-4e5e-9b20-0bac5d67ebe9,ccd75a8e-f5a2-43f1-9b82-c7df0040907e,b33374b8-a074-407d-b8f6-8f98a66f0fbc,1634144471673,13.41888,52.4944193,4.6858172,3.1020093,-7.699832,8.007917,on bike mount,cyclo cross,True,sett,intermediate
6d699189-c4f1-4e5e-9b20-0bac5d67ebe9,ccd75a8e-f5a2-43f1-9b82-c7df0040907e,28edb791-52ae-47db-8fb0-42c42c790ddd,1634144471723,13.41888,52.4944193,4.6858172,0.48523462,-25.702196,1.8467455,on bike mount,cyclo cross,True,sett,intermediate
6d699189-c4f1-4e5e-9b20-0bac5d67ebe9,ccd75a8e-f5a2-43f1-9b82-c7df0040907e,d2887fa6-76f6-46e3-b792-e39d416b1ec9,1634144471774,13.41888,52.4944193,4.6858172,-0.3553685,-5.824771,-10.889344,on bike mount,cyclo cross,True,sett,intermediate
6d699189-c4f1-4e5e-9b20-0bac5d67ebe9,ccd75a8e-f5a2-43f1-9b82-c7df0040907e,d3302cca-1ca4-4591-af64-c749db76558d,1634144471841,13.41888,52.4944193,4.6858172,0.7548195,-19.286427,46.048683,on bike mount,cyclo cross,True,sett,intermediate
6d699189-c4f1-4e5e-9b20-0bac5d67ebe9,ccd75a8e-f5a2-43f1-9b82-c7df0040907e,29ad94d3-9e8e-42d1-84d8-de5bb295fbee,1634144471892,13.41888,52.4944193,4.6858172,-1.5140295,9.021305,4.228281,on bike mount,cyclo cross,True,sett,intermediate
6d699189-c4f1-4e5e-9b20-0bac5d67ebe9,ccd75a8e-f5a2-43f1-9b82-c7df0040907e,4ea63a5c-59ee-4d18-a248-3f4a0e6b681f,1634144471957,13.41888,52.4944193,4.6858172,0.4421906,-22.646921,24.105246,on bike mount,cyclo cross,True,sett,intermediate
6d699189-c4f1-4e5e-9b20-0bac5d67ebe9,ccd75a8e-f5a2-43f1-9b82-c7df0040907e,cdbbb58a-110b-49d6-b0c8-7e402e5b3808,1634144472007,13.41888,52.4944193,4.6858172,-5.95693,0.21298504,-13.012051,on bike mount,cyclo cross,True,sett,intermediate
6d699189-c4f1-4e5e-9b20-0bac5d67ebe9,ccd75a8e-f5a2-43f1-9b82-c7df0040907e,431ee716-a092-4a9c-b040-943cb5cf2936,1634144472058,13.41888,52.4944193,4.6858172,0.29046255,1.8822885,3.228773,on bike mount,cyclo cross,True,sett,intermediate
6d699189-c4f1-4e5e-9b20-0bac5d67ebe9,ccd75a8e-f5a2-43f1-9b82-c7df0040907e,f98f62fc-91f9-4d26-9179-856f674e1dce,1634144472107,13.41888,52.4944193,4.6858172,-5.1637077,-21.083895,37.780518,on bike mount,cyclo cross,True,sett,intermediate
6d699189-c4f1-4e5e-9b20-0bac5d67ebe9,ccd75a8e-f5a2-43f1-9b82-c7df0040907e,f553df34-b007-411f-b6bf-9130309cba04,1634144472159,13.41888,52.4944193,4.6858172,-1.264708,-7.0609612,-13.302132,on bike mount,cyclo cross,True,sett,intermediate
6d699189-c4f1-4e5e-9b20-0bac5d67ebe9,ccd75a8e-f5a2-43f1-9b82-c7df0040907e,8f55438c-65bd-4bfd-9e96-52c6959ddd6d,1634144472224,13.41888,52.4944193,4.6858172,-0.6560456,-6.3090096,-3.4796205,on bike mount,cyclo cross,True,sett,intermediate
6d699189-c4f1-4e5e-9b20-0bac5d67ebe9,ccd75a8e-f5a2-43f1-9b82-c7df0040907e,206814ba-486a-475b-adb6-0ea86da6b148,1634144472275,13.41888,52.4944193,4.6858172,-3.5771055,-6.2127843,7.3188953,on bike mount,cyclo cross,True,sett,intermediate
6d699189-c4f1-4e5e-9b20-0bac5d67ebe9,ccd75a8e-f5a2-43f1-9b82-c7df0040907e,59df42a8-2d28-4100-a362-0edea29e8432,1634144472326,13.41888,52.4944193,4.6858172,-1.3426487,-2.9180827,-5.963155,on bike mount,cyclo cross,True,sett,intermediate
6d699189-c4f1-4e5e-9b20-0bac5d67ebe9,ccd75a8e-f5a2-43f1-9b82-c7df0040907e,7b8ebe31-8aeb-4e39-b07e-a80f2e94a6d4,1634144472394,13.41888,52.4944193,4.6858172,-2.8416135,-0.4644842,6.767706,on bike mount,cyclo cross,True,sett,intermediate
6d699189-c4f1-4e5e-9b20-0bac5d67ebe9,ccd75a8e-f5a2-43f1-9b82-c7df0040907e,c82116d2-aedd-4408-8921-771e3b9d37a9,1634144472459,13.41888,52.4944193,4.6858172,0.7285934,15.431729,-13.015223,on bike mount,cyclo cross,True,sett,intermediate
6d699189-c4f1-4e5e-9b20-0bac5d67ebe9,ccd75a8e-f5a2-43f1-9b82-c7df0040907e,54bdddbd-a11b-4ca8-ae05-f7f89e36cef6,1634144472525,13.4189254,52.4944647,4.8268914,4.674651,-0.118430614,-19.807808,on bike mount,cyclo cross,True,sett,intermediate
6d699189-c4f1-4e5e-9b20-0bac5d67ebe9,ccd75a8e-f5a2-43f1-9b82-c7df0040907e,3f562d74-abc9-4cbf-839b-b7982be0e979,1634144472576,13.4189254,52.4944647,4.8268914,-6.9968405,3.049808,-23.349169,on bike mount,cyclo cross,True,sett,intermediate
6d699189-c4f1-4e5e-9b20-0bac5d67ebe9,ccd75a8e-f5a2-43f1-9b82-c7df0040907e,87cd6b09-6b58-4017-9a1d-cb551dbf0f52,1634144472626,13.4189254,52.4944647,4.8268914,-4.429218,1.7022715,15.958347,on bike mount,cyclo cross,True,sett,intermediate
6d699189-c4f1-4e5e-9b20-0bac5d67ebe9,ccd75a8e-f5a2-43f1-9b82-c7df0040907e,a789298b-21ad-4056-8b5c-5af322b49f7e,1634144472677,13.4189254,52.4944647,4.8268914,10.679985,30.321148,-11.72535,on bike mount,cyclo cross,True,sett,intermediate
6d699189-c4f1-4e5e-9b20-0bac5d67ebe9,ccd75a8e-f5a2-43f1-9b82-c7df0040907e,97b2f862-d21c-4b56-972d-57a003a9d07e,1634144472728,13.4189254,52.4944647,4.8268914,-1.1657559,10.230656,-10.441975,on bike mount,cyclo cross,True,sett,intermediate
6d699189-c4f1-4e5e-9b20-0bac5d67ebe9,ccd75a8e-f5a2-43f1-9b82-c7df0040907e,8f4f8725-4818-4c71-b4a3-831ecabcb5b9,1634144472793,13.4189254,52.4944647,4.8268914,3.7672331,16.771797,-3.2913532,on bike mount,cyclo cross,True,sett,intermediate
6d699189-c4f1-4e5e-9b20-0bac5d67ebe9,ccd75a8e-f5a2-43f1-9b82-c7df0040907e,74d4274a-5c75-42ce-871c-1f12f5ef710e,1634144472844,13.4189254,52.4944647,4.8268914,-1.3764076,-1.2493188,0.47542477,on bike mount,cyclo cross,True,sett,intermediate
6d699189-c4f1-4e5e-9b20-0bac5d67ebe9,ccd75a8e-f5a2-43f1-9b82-c7df0040907e,4c62ec83-a719-4cca-93d4-54999e0c78ec,1634144472893,13.4189254,52.4944647,4.8268914,0.9078218,5.1910315,5.286047,on bike mount,cyclo cross,True,sett,intermediate
6d699189-c4f1-4e5e-9b20-0bac5d67ebe9,ccd75a8e-f5a2-43f1-9b82-c7df0040907e,c7e9170e-6c18-4cee-92e2-d75ba63a71b8,1634144472944,13.4189254,52.4944647,4.8268914,-2.1582289,-10.201536,5.3893604,on bike mount,cyclo cross,True,sett,intermediate
6d699189-c4f1-4e5e-9b20-0bac5d67ebe9,ccd75a8e-f5a2-43f1-9b82-c7df0040907e,d75ccc62-f9e2-4c51-a93a-66a6bf63991c,1634144473011,13.4189254,52.4944647,4.8268914,5.2188387,8.261383,5.427931,on bike mount,cyclo cross,True,sett,intermediate
6d699189-c4f1-4e5e-9b20-0bac5d67ebe9,ccd75a8e-f5a2-43f1-9b82-c7df0040907e,6c267899-2000-4dca-9069-bf6df4169f6b,1634144473061,13.4189254,52.4944647,4.8268914,-2.8958204,3.8052597,10.863127,on bike mount,cyclo cross,True,sett,intermediate
6d699189-c4f1-4e5e-9b20-0bac5d67ebe9,ccd75a8e-f5a2-43f1-9b82-c7df0040907e,1b89bd8d-ad43-45c9-858f-9b9637be1484,1634144473111,13.4189254,52.4944647,4.8268914,1.2166016,3.1724782,-6.2641153,on bike mount,cyclo cross,True,sett,intermediate
6d699189-c4f1-4e5e-9b20-0bac5d67ebe9,ccd75a8e-f5a2-43f1-9b82-c7df0040907e,2a0c5e9b-5dad-4af6-a1f7-fcc6d5cf4476,1634144473162,13.4189254,52.4944647,4.8268914,-1.1783082,-3.931734,-5.4998574,on bike mount,cyclo cross,True,sett,intermediate
6d699189-c4f1-4e5e-9b20-0bac5d67ebe9,ccd75a8e-f5a2-43f1-9b82-c7df0040907e,6fc7b129-e222-41c6-9169-2c31755a8b8c,1634144473228,13.4189254,52.4944647,4.8268914,5.8903694,7.117193,-1.6883144,on bike mount,cyclo cross,True,sett,intermediate
6d699189-c4f1-4e5e-9b20-0bac5d67ebe9,ccd75a8e-f5a2-43f1-9b82-c7df0040907e,dd0da407-9a7e-47b4-b934-92f399d26fef,1634144473278,13.4189254,52.4944647,4.8268914,4.223665,15.728617,-22.469309,on bike mount,cyclo cross,True,sett,intermediate
6d699189-c4f1-4e5e-9b20-0bac5d67ebe9,ccd75a8e-f5a2-43f1-9b82-c7df0040907e,48578383-9371-4537-9d3a-14622d556841,1634144473328,13.4189254,52.4944647,4.8268914,-0.23105317,-5.0972404,-3.4701023,on bike mount,cyclo cross,True,sett,intermediate
6d699189-c4f1-4e5e-9b20-0bac5d67ebe9,ccd75a8e-f5a2-43f1-9b82-c7df0040907e,6b21b84d-913d-4293-ae25-f07282f4642f,1634144473378,13.4189254,52.4944647,4.8268914,-5.6399455,-2.6168642,9.446761,on bike mount,cyclo cross,True,sett,intermediate
6d699189-c4f1-4e5e-9b20-0bac5d67ebe9,ccd75a8e-f5a2-43f1-9b82-c7df0040907e,fc05f69c-839b-412c-8f29-e82e202b495f,1634144473428,13.4189254,52.4944647,4.8268914,1.3505402,-16.726738,5.6832714,on bike mount,cyclo cross,True,sett,intermediate
6d699189-c4f1-4e5e-9b20-0bac5d67ebe9,ccd75a8e-f5a2-43f1-9b82-c7df0040907e,841f4e76-30bc-49d2-a256-e676f2f13722,1634144473479,13.4189254,52.4944647,4.8268914,-1.3743541,-0.751289,-16.010672,on bike mount,cyclo cross,True,sett,intermediate
6d699189-c4f1-4e5e-9b20-0bac5d67ebe9,ccd75a8e-f5a2-43f1-9b82-c7df0040907e,4560517d-4b84-4be3-8148-f01445cf8c47,1634144473545,13.4189611,52.4945027,4.8272576,2.9256198,-15.1080475,-12.80242,on bike mount,cyclo cross,True,sett,intermediate
6d699189-c4f1-4e5e-9b20-0bac5d67ebe9,ccd75a8e-f5a2-43f1-9b82-c7df0040907e,19b03dfe-8594-45cf-9c4b-bc36067ba2d2,1634144473596,13.4189611,52.4945027,4.8272576,0.059327453,-5.422577,-9.01587,on bike mount,cyclo cross,True,sett,intermediate
6d699189-c4f1-4e5e-9b20-0bac5d67ebe9,ccd75a8e-f5a2-43f1-9b82-c7df0040907e,4fefec55-cb96-44ef-8707-5f6c969b99ee,1634144473645,13.4189611,52.4945027,4.8272576,4.927473,-14.285814,-7.42031,on bike mount,cyclo cross,True,sett,intermediate
6d699189-c4f1-4e5e-9b20-0bac5d67ebe9,ccd75a8e-f5a2-43f1-9b82-c7df0040907e,b4321a15-381a-4523-95bd-57529150949e,1634144473696,13.4189611,52.4945027,4.8272576,0.6617163,4.865224,-9.02169,on bike mount,cyclo cross,True,sett,intermediate
6d699189-c4f1-4e5e-9b20-0bac5d67ebe9,ccd75a8e-f5a2-43f1-9b82-c7df0040907e,f5b96a0f-8b52-4065-b41a-9e465f6bc8dd,1634144473745,13.4189611,52.4945027,4.8272576,2.574322,-8.875749,5.029848,on bike mount,cyclo cross,True,sett,intermediate
6d699189-c4f1-4e5e-9b20-0bac5d67ebe9,ccd75a8e-f5a2-43f1-9b82-c7df0040907e,ae5e633b-c685-4ff7-80e7-c41887defdd8,1634144473797,13.4189611,52.4945027,4.8272576,-3.7725596,-7.7673683,-1.358757,on bike mount,cyclo cross,True,sett,intermediate
6d699189-c4f1-4e5e-9b20-0bac5d67ebe9,ccd75a8e-f5a2-43f1-9b82-c7df0040907e,1910fb9a-bb7a-4de6-9887-dbe2ab8b8c82,1634144473847,13.4189611,52.4945027,4.8272576,-1.1178215,-2.5646448,-8.953312,on bike mount,cyclo cross,True,sett,intermediate
6d699189-c4f1-4e5e-9b20-0bac5d67ebe9,ccd75a8e-f5a2-43f1-9b82-c7df0040907e,97f2f91c-97bb-4079-ab80-3650a37eb970,1634144473898,13.4189611,52.4945027,4.8272576,1.3980277,2.1235185,-9.909437,on bike mount,cyclo cross,True,sett,intermediate
6d699189-c4f1-4e5e-9b20-0bac5d67ebe9,ccd75a8e-f5a2-43f1-9b82-c7df0040907e,dc0bb4c0-2a15-4182-87ad-d2d1d7c2f2a1,1634144473948,13.4189611,52.4945027,4.8272576,3.9106283,11.22771,-2.3901367,on bike mount,cyclo cross,True,sett,intermediate
6d699189-c4f1-4e5e-9b20-0bac5d67ebe9,ccd75a8e-f5a2-43f1-9b82-c7df0040907e,abc6aa80-da0d-43de-a796-e75aabdbaa69,1634144473997,13.4189611,52.4945027,4.8272576,6.1053357,1.0119553,-8.898735,on bike mount,cyclo cross,True,sett,intermediate
6d699189-c4f1-4e5e-9b20-0bac5d67ebe9,ccd75a8e-f5a2-43f1-9b82-c7df0040907e,07774ed7-b7a2-4c0a-8fad-ed5211076d29,1634144474047,13.4189611,52.4945027,4.8272576,5.910432,-5.279523,-2.1534424,on bike mount,cyclo cross,True,sett,intermediate
6d699189-c4f1-4e5e-9b20-0bac5d67ebe9,ccd75a8e-f5a2-43f1-9b82-c7df0040907e,548b64cd-7a55-4d89-bdc0-d21e6cf87db1,1634144474098,13.4189801,52.4945145,4.4616084,-1.9701002,-15.571601,-2.1185699,on bike mount,cyclo cross,True,sett,intermediate
6d699189-c4f1-4e5e-9b20-0bac5d67ebe9,ccd75a8e-f5a2-43f1-9b82-c7df0040907e,60cf7ca8-e032-4927-84bf-62a6c382596c,1634144474163,13.4189801,52.4945145,4.4616084,1.5594425,0.4568553,-11.736787,on bike mount,cyclo cross,True,sett,intermediate
6d699189-c4f1-4e5e-9b20-0bac5d67ebe9,ccd75a8e-f5a2-43f1-9b82-c7df0040907e,467603c7-471b-461b-b65e-9959f8e13abb,1634144474214,13.4189801,52.4945145,4.4616084,2.0752788,2.5838242,2.5017133,on bike mount,cyclo cross,True,sett,intermediate
6d699189-c4f1-4e5e-9b20-0bac5d67ebe9,ccd75a8e-f5a2-43f1-9b82-c7df0040907e,e36f5939-1b4d-4153-86d8-676004380dde,1634144474264,13.4189801,52.4945145,4.4616084,-3.4358172,-3.1913934,8.959373,on bike mount,cyclo cross,True,sett,intermediate
6d699189-c4f1-4e5e-9b20-0bac5d67ebe9,ccd75a8e-f5a2-43f1-9b82-c7df0040907e,dc721679-6c16-4b82-9b6f-b915adb2391e,1634144474313,13.4189801,52.4945145,4.4616084,0.8286984,-8.367469,0.13212585,on bike mount,cyclo cross,True,sett,intermediate
6d699189-c4f1-4e5e-9b20-0bac5d67ebe9,ccd75a8e-f5a2-43f1-9b82-c7df0040907e,be8848ae-9fef-4490-b8ef-ff20338f0cd1,1634144474365,13.4189801,52.4945145,4.4616084,-2.1693053,0.26061344,9.777161,on bike mount,cyclo cross,True,sett,intermediate
6d699189-c4f1-4e5e-9b20-0bac5d67ebe9,ccd75a8e-f5a2-43f1-9b82-c7df0040907e,ae970de4-5520-4a02-a284-c2a49c7544b1,1634144474415,13.4189801,52.4945145,4.4616084,-2.3040917,5.635379,-8.401902,on bike mount,cyclo cross,True,sett,intermediate
6d699189-c4f1-4e5e-9b20-0bac5d67ebe9,ccd75a8e-f5a2-43f1-9b82-c7df0040907e,fc1417b5-c211-456a-803f-6e8b4e47c978,1634144474465,13.4189801,52.4945145,4.4616084,-3.8753266,3.4306054,15.736446,on bike mount,cyclo cross,True,sett,intermediate
6d699189-c4f1-4e5e-9b20-0bac5d67ebe9,ccd75a8e-f5a2-43f1-9b82-c7df0040907e,c67d22ed-d484-4e6c-9e86-52bdaece0002,1634144474530,13.4189801,52.4945145,4.4616084,1.5509863,-1.688488,3.7514553,on bike mount,cyclo cross,True,sett,intermediate
6d699189-c4f1-4e5e-9b20-0bac5d67ebe9,ccd75a8e-f5a2-43f1-9b82-c7df0040907e,541f4f4a-240e-4a70-b5c2-75a5b2718ec6,1634144474580,13.4189801,52.4945145,4.4616084,5.653367,-15.091873,6.088681,on bike mount,cyclo cross,True,sett,intermediate
6d699189-c4f1-4e5e-9b20-0bac5d67ebe9,ccd75a8e-f5a2-43f1-9b82-c7df0040907e,7f427e78-28b2-4bcf-9db4-093497bf27bc,1634144474630,13.4189801,52.4945145,4.4616084,-0.97744304,-5.010146,0.19076252,on bike mount,cyclo cross,True,sett,intermediate
6d699189-c4f1-4e5e-9b20-0bac5d67ebe9,ccd75a8e-f5a2-43f1-9b82-c7df0040907e,61884bbb-5d8d-4439-a39b-351febd0980f,1634144474681,13.4189801,52.4945145,4.4616084,4.3711815,16.367573,15.677412,on bike mount,cyclo cross,True,sett,intermediate
6d699189-c4f1-4e5e-9b20-0bac5d67ebe9,ccd75a8e-f5a2-43f1-9b82-c7df0040907e,b81777b7-3565-4078-b78c-3237b34bcbbc,1634144474732,13.4189801,52.4945145,4.4616084,0.07879311,11.484447,0.9172497,on bike mount,cyclo cross,True,sett,intermediate
6d699189-c4f1-4e5e-9b20-0bac5d67ebe9,ccd75a8e-f5a2-43f1-9b82-c7df0040907e,c27a18fc-cab3-4727-bd0a-204890aa1876,1634144474798,13.4189801,52.4945145,4.4616084,-0.108100444,-18.774574,12.916882,on bike mount,cyclo cross,True,sett,intermediate
6d699189-c4f1-4e5e-9b20-0bac5d67ebe9,ccd75a8e-f5a2-43f1-9b82-c7df0040907e,6faf579c-9fdf-49cd-9ddb-a61862dad8d0,1634144474849,13.4189801,52.4945145,4.4616084,-0.78673667,-1.8046131,-6.3255544,on bike mount,cyclo cross,True,sett,intermediate
6d699189-c4f1-4e5e-9b20-0bac5d67ebe9,ccd75a8e-f5a2-43f1-9b82-c7df0040907e,8acf2d89-86e2-4a5f-8780-6de01ad0327b,1634144474915,13.4189801,52.4945145,4.4616084,-0.12978701,1.0529861,4.3170424,on bike mount,cyclo cross,True,sett,intermediate
6d699189-c4f1-4e5e-9b20-0bac5d67ebe9,ccd75a8e-f5a2-43f1-9b82-c7df0040907e,6a8cf7ea-00b2-41a6-a16f-4d461eda5f46,1634144474965,13.4189801,52.4945145,4.4616084,1.2587898,5.5455537,-15.61924,on bike mount,cyclo cross,True,sett,intermediate
