bike_activity_uid,bike_activity_sample_uid,bike_activity_measurement,bike_activity_measurement_timestamp,bike_activity_measurement_lon,bike_activity_measurement_lat,bike_activity_measurement_speed,bike_activity_measurement_accelerometer_x,bike_activity_measurement_accelerometer_y,bike_activity_measurement_accelerometer_z,bike_activity_phone_position,bike_activity_bike_type,bike_activity_flagged_lab_conditions,bike_activity_surface_type,bike_activity_smoothness_type
7acf96cb-a7cd-4435-850a-014bb55cd114,44cfcd09-9322-4a15-abff-df24912b9125,786319c7-0aaa-44fd-b079-0500bb0e4b1a,1635690732691,13.3913174,52.4771687,7.279035,-1.261536,7.7173843,-2.9207816,on bike mount,cyclo cross,True,concrete plates,good
7acf96cb-a7cd-4435-850a-014bb55cd114,44cfcd09-9322-4a15-abff-df24912b9125,8e67179e-35ab-4d01-8777-bd4898deb1c1,1635690732740,13.3913174,52.4771687,7.279035,0.14942086,-1.5228531,-2.2371163,on bike mount,cyclo cross,True,concrete plates,good
7acf96cb-a7cd-4435-850a-014bb55cd114,44cfcd09-9322-4a15-abff-df24912b9125,058d988c-f5c6-4896-ac4e-7acb5f9737cf,1635690732791,13.3913174,52.4771687,7.279035,-0.07403794,-10.030507,-1.324297,on bike mount,cyclo cross,True,concrete plates,good
7acf96cb-a7cd-4435-850a-014bb55cd114,44cfcd09-9322-4a15-abff-df24912b9125,c65a9de2-6448-4959-add9-baad9205f0f9,1635690732843,13.3913174,52.4771687,7.279035,1.3757923,1.4689798,-3.1975758,on bike mount,cyclo cross,True,concrete plates,good
7acf96cb-a7cd-4435-850a-014bb55cd114,44cfcd09-9322-4a15-abff-df24912b9125,9bcd1909-faad-4c03-8af8-761cdd9575e0,1635690732894,13.3913174,52.4771687,7.279035,-1.2650244,1.095011,-3.0943007,on bike mount,cyclo cross,True,concrete plates,good
7acf96cb-a7cd-4435-850a-014bb55cd114,44cfcd09-9322-4a15-abff-df24912b9125,4313f205-b14d-4ddc-b40d-aae19f56ec6d,1635690732961,13.3913174,52.4771687,7.279035,-1.72016,2.7660093,2.0286846,on bike mount,cyclo cross,True,concrete plates,good
7acf96cb-a7cd-4435-850a-014bb55cd114,44cfcd09-9322-4a15-abff-df24912b9125,5fa42d18-5930-4e71-a79f-d28c31e835f2,1635690733025,13.3913174,52.4771687,7.279035,0.41720343,-3.896424,2.9900923,on bike mount,cyclo cross,True,concrete plates,good
7acf96cb-a7cd-4435-850a-014bb55cd114,44cfcd09-9322-4a15-abff-df24912b9125,8a27d28a-440c-4b40-bb92-e38f69b028d8,1635690733077,13.3913174,52.4771687,7.279035,-2.2956312,-1.7338868,1.2003918,on bike mount,cyclo cross,True,concrete plates,good
7acf96cb-a7cd-4435-850a-014bb55cd114,44cfcd09-9322-4a15-abff-df24912b9125,5a786d28-a7aa-45ab-97f0-1f87612b26d5,1635690733128,13.3913174,52.4771687,7.279035,0.5208107,0.07309008,-0.5625715,on bike mount,cyclo cross,True,concrete plates,good
7acf96cb-a7cd-4435-850a-014bb55cd114,44cfcd09-9322-4a15-abff-df24912b9125,8c243fbe-4879-425f-a7e8-4ae7fc18f517,1635690733193,13.3913174,52.4771687,7.279035,-1.5874686,-2.7169955,1.8014984,on bike mount,cyclo cross,True,concrete plates,good
7acf96cb-a7cd-4435-850a-014bb55cd114,44cfcd09-9322-4a15-abff-df24912b9125,8eb4020b-a5d2-4f0f-a96d-1ffc3ba3123b,1635690733261,13.3913174,52.4771687,7.279035,0.36618096,-3.0336716,-1.0643625,on bike mount,cyclo cross,True,concrete plates,good
7acf96cb-a7cd-4435-850a-014bb55cd114,44cfcd09-9322-4a15-abff-df24912b9125,c95126d9-c3f0-469a-9288-e6be93ec89b3,1635690733312,13.3913174,52.4771687,7.279035,-0.09167257,4.0383277,0.64903545,on bike mount,cyclo cross,True,concrete plates,good
7acf96cb-a7cd-4435-850a-014bb55cd114,44cfcd09-9322-4a15-abff-df24912b9125,a0c2d464-bbe2-4989-a012-01be13bfa536,1635690733378,13.3913174,52.4771687,7.279035,-1.084562,-0.9446293,1.8640318,on bike mount,cyclo cross,True,concrete plates,good
7acf96cb-a7cd-4435-850a-014bb55cd114,44cfcd09-9322-4a15-abff-df24912b9125,54fdf32f-c20c-497c-b2e2-e3f6b4adc9e3,1635690733427,13.3913174,52.4771687,7.279035,-0.07403456,-3.8344939,0.80373,on bike mount,cyclo cross,True,concrete plates,good
7acf96cb-a7cd-4435-850a-014bb55cd114,44cfcd09-9322-4a15-abff-df24912b9125,f4197e3e-c990-4550-a56d-2ce9dd434377,1635690733479,13.3913174,52.4771687,7.279035,-0.77354836,1.0355809,-3.072267,on bike mount,cyclo cross,True,concrete plates,good
7acf96cb-a7cd-4435-850a-014bb55cd114,44cfcd09-9322-4a15-abff-df24912b9125,d19bff56-c1b5-4839-8a8a-68e4690da5d0,1635690733546,13.3913174,52.4771687,7.279035,-0.37579098,-1.9936519,0.123521805,on bike mount,cyclo cross,True,concrete plates,good
7acf96cb-a7cd-4435-850a-014bb55cd114,44cfcd09-9322-4a15-abff-df24912b9125,070ff12b-cabb-4cf7-b81e-759fb6089c10,1635690733597,13.3913174,52.4771687,7.279035,1.5939077,-0.50545454,-0.9546766,on bike mount,cyclo cross,True,concrete plates,good
7acf96cb-a7cd-4435-850a-014bb55cd114,44cfcd09-9322-4a15-abff-df24912b9125,216a1063-9ef5-4ae1-a7d2-b7d61a45de92,1635690733646,13.3913174,52.4771687,7.279035,-0.12953079,0.73161125,2.8272495,on bike mount,cyclo cross,True,concrete plates,good
7acf96cb-a7cd-4435-850a-014bb55cd114,44cfcd09-9322-4a15-abff-df24912b9125,0b4e97d1-454b-407c-a65d-90e293a8885c,1635690733712,13.391268,52.4771128,7.469725,0.97228235,-0.8528216,-2.780149,on bike mount,cyclo cross,True,concrete plates,good
7acf96cb-a7cd-4435-850a-014bb55cd114,44cfcd09-9322-4a15-abff-df24912b9125,9bd90a1a-785a-4d36-894b-62acd0e13361,1635690733780,13.391268,52.4771128,7.469725,0.7645311,1.4752965,1.2080059,on bike mount,cyclo cross,True,concrete plates,good
7acf96cb-a7cd-4435-850a-014bb55cd114,44cfcd09-9322-4a15-abff-df24912b9125,d52b591e-d21e-4017-b5ff-758e5feee0d4,1635690733832,13.391268,52.4771128,7.469725,1.4840977,-3.505186,-0.6709118,on bike mount,cyclo cross,True,concrete plates,good
7acf96cb-a7cd-4435-850a-014bb55cd114,44cfcd09-9322-4a15-abff-df24912b9125,255c1b56-1a71-4323-86d4-416e9f66970e,1635690733893,13.391268,52.4771128,7.469725,0.7379861,2.5974894,-3.9766836,on bike mount,cyclo cross,True,concrete plates,good
7acf96cb-a7cd-4435-850a-014bb55cd114,44cfcd09-9322-4a15-abff-df24912b9125,c2f74a78-50cd-413c-a007-8614f19b8798,1635690733944,13.391268,52.4771128,7.469725,0.17671356,-0.1928494,-2.4489584,on bike mount,cyclo cross,True,concrete plates,good
7acf96cb-a7cd-4435-850a-014bb55cd114,44cfcd09-9322-4a15-abff-df24912b9125,a779aff8-d7af-465b-aca4-80fe2eb3bd5d,1635690733993,13.391268,52.4771128,7.469725,0.9450009,-2.9429746,0.8877878,on bike mount,cyclo cross,True,concrete plates,good
7acf96cb-a7cd-4435-850a-014bb55cd114,44cfcd09-9322-4a15-abff-df24912b9125,0689a93e-c8b1-43fc-9c7a-59d9d46e1b96,1635690734043,13.391268,52.4771128,7.469725,0.650059,-1.9719226,-1.6262288,on bike mount,cyclo cross,True,concrete plates,good
7acf96cb-a7cd-4435-850a-014bb55cd114,44cfcd09-9322-4a15-abff-df24912b9125,a5800409-7d11-47b4-a6d7-5c6cfee1e6b7,1635690734094,13.391268,52.4771128,7.469725,0.055233583,2.9839582,-3.2118287,on bike mount,cyclo cross,True,concrete plates,good
7acf96cb-a7cd-4435-850a-014bb55cd114,44cfcd09-9322-4a15-abff-df24912b9125,d223d891-ee26-49c6-9c84-f1533f5b4cd2,1635690734146,13.391268,52.4771128,7.469725,-0.32644004,-1.8040961,0.88112736,on bike mount,cyclo cross,True,concrete plates,good
7acf96cb-a7cd-4435-850a-014bb55cd114,44cfcd09-9322-4a15-abff-df24912b9125,1d395696-9000-48b6-abfa-0deebf30aba7,1635690734195,13.391268,52.4771128,7.469725,0.40816563,-1.2630019,2.159319,on bike mount,cyclo cross,True,concrete plates,good
7acf96cb-a7cd-4435-850a-014bb55cd114,44cfcd09-9322-4a15-abff-df24912b9125,e028a492-a398-4c0b-b65e-eccfe0f564e9,1635690734245,13.391268,52.4771128,7.469725,2.1173952,-2.8590708,1.2858276,on bike mount,cyclo cross,True,concrete plates,good
7acf96cb-a7cd-4435-850a-014bb55cd114,44cfcd09-9322-4a15-abff-df24912b9125,27f4abc9-fbcf-4949-8854-fda30672e1e5,1635690734311,13.391268,52.4771128,7.469725,1.1286259,2.462572,1.9221697,on bike mount,cyclo cross,True,concrete plates,good
7acf96cb-a7cd-4435-850a-014bb55cd114,44cfcd09-9322-4a15-abff-df24912b9125,5cce54a6-0432-480b-8de4-1dcca62b9894,1635690734364,13.391268,52.4771128,7.469725,0.46000612,1.3537118,0.8024492,on bike mount,cyclo cross,True,concrete plates,good
7acf96cb-a7cd-4435-850a-014bb55cd114,44cfcd09-9322-4a15-abff-df24912b9125,3c920831-5bc7-4add-817c-a921cf618dbb,1635690734414,13.391268,52.4771128,7.469725,1.181655,-1.8795437,1.042059,on bike mount,cyclo cross,True,concrete plates,good
7acf96cb-a7cd-4435-850a-014bb55cd114,44cfcd09-9322-4a15-abff-df24912b9125,460b4afb-e407-4d50-be38-99e10d35c8e2,1635690734478,13.391268,52.4771128,7.469725,0.19020398,-1.80855,1.1184778,on bike mount,cyclo cross,True,concrete plates,good
7acf96cb-a7cd-4435-850a-014bb55cd114,44cfcd09-9322-4a15-abff-df24912b9125,72e7c788-ca9b-42fa-8f77-720b83035f7c,1635690734531,13.391268,52.4771128,7.469725,-1.022107,-3.0764651,1.6448984,on bike mount,cyclo cross,True,concrete plates,good
7acf96cb-a7cd-4435-850a-014bb55cd114,44cfcd09-9322-4a15-abff-df24912b9125,6aebc745-c97b-4a67-89c6-ddf0e4064c98,1635690734596,13.391268,52.4771128,7.469725,1.1297089,-4.606571,2.6942654,on bike mount,cyclo cross,True,concrete plates,good
7acf96cb-a7cd-4435-850a-014bb55cd114,44cfcd09-9322-4a15-abff-df24912b9125,871b8773-b6fc-4404-b9d2-fc08feb63573,1635690734648,13.391268,52.4771128,7.469725,-0.7042458,0.50216055,-0.6835365,on bike mount,cyclo cross,True,concrete plates,good
7acf96cb-a7cd-4435-850a-014bb55cd114,44cfcd09-9322-4a15-abff-df24912b9125,1e4913e9-ac5d-487c-b1c7-b132dc1f11c0,1635690734713,13.3912191,52.4770553,7.100425,0.34042186,1.8231373,-0.6873846,on bike mount,cyclo cross,True,concrete plates,good
7acf96cb-a7cd-4435-850a-014bb55cd114,44cfcd09-9322-4a15-abff-df24912b9125,10dac2fb-25f3-43a9-ba76-42d579a4cecd,1635690734780,13.3912191,52.4770553,7.100425,1.3180916,-4.6320915,1.6672373,on bike mount,cyclo cross,True,concrete plates,good
7acf96cb-a7cd-4435-850a-014bb55cd114,44cfcd09-9322-4a15-abff-df24912b9125,dbab81f1-044d-4dc4-b178-fcb46f9d9d90,1635690734831,13.3912191,52.4770553,7.100425,1.2745507,4.299023,-3.4102206,on bike mount,cyclo cross,True,concrete plates,good
7acf96cb-a7cd-4435-850a-014bb55cd114,44cfcd09-9322-4a15-abff-df24912b9125,2110ac5d-b744-467e-9089-c2a1474aba07,1635690734883,13.3912191,52.4770553,7.100425,-0.74710226,2.5648232,-1.0846672,on bike mount,cyclo cross,True,concrete plates,good
7acf96cb-a7cd-4435-850a-014bb55cd114,44cfcd09-9322-4a15-abff-df24912b9125,d29ee12f-393b-43b7-a424-759d64660433,1635690734947,13.3912191,52.4770553,7.100425,-0.40989614,-3.1897142,4.8186474,on bike mount,cyclo cross,True,concrete plates,good
7acf96cb-a7cd-4435-850a-014bb55cd114,44cfcd09-9322-4a15-abff-df24912b9125,9078285a-bf41-444f-b3b5-e3ed68155db4,1635690734999,13.3912191,52.4770553,7.100425,0.4937306,0.9488058,-0.6024895,on bike mount,cyclo cross,True,concrete plates,good
7acf96cb-a7cd-4435-850a-014bb55cd114,44cfcd09-9322-4a15-abff-df24912b9125,16ed7c28-27ee-4bee-b745-a2e22139310a,1635690735063,13.3912191,52.4770553,7.100425,-0.30554625,-4.525951,-6.1269464,on bike mount,cyclo cross,True,concrete plates,good
7acf96cb-a7cd-4435-850a-014bb55cd114,44cfcd09-9322-4a15-abff-df24912b9125,09d638e8-f242-4e4f-91a1-28df0ebd508b,1635690735114,13.3912191,52.4770553,7.100425,-0.20368221,0.83490777,-2.7993522,on bike mount,cyclo cross,True,concrete plates,good
7acf96cb-a7cd-4435-850a-014bb55cd114,44cfcd09-9322-4a15-abff-df24912b9125,e8a60a65-4520-425e-8f9f-44fb13824823,1635690735165,13.3912191,52.4770553,7.100425,-3.2830296,3.2795706,6.577778,on bike mount,cyclo cross,True,concrete plates,good
7acf96cb-a7cd-4435-850a-014bb55cd114,44cfcd09-9322-4a15-abff-df24912b9125,50a70ef4-9b19-4e64-8756-b42a53fc7bba,1635690735214,13.3912191,52.4770553,7.100425,1.7837595,-2.7177672,-3.296317,on bike mount,cyclo cross,True,concrete plates,good
7acf96cb-a7cd-4435-850a-014bb55cd114,44cfcd09-9322-4a15-abff-df24912b9125,ad3e5748-fa0f-43e3-8dee-c94b2ff852e7,1635690735264,13.3912191,52.4770553,7.100425,1.1491346,0.40091062,-5.6695213,on bike mount,cyclo cross,True,concrete plates,good
7acf96cb-a7cd-4435-850a-014bb55cd114,44cfcd09-9322-4a15-abff-df24912b9125,88c12c70-832f-4f46-bbf5-d014b421a7ac,1635690735316,13.3912191,52.4770553,7.100425,-0.9690895,0.6457796,-0.22132778,on bike mount,cyclo cross,True,concrete plates,good
7acf96cb-a7cd-4435-850a-014bb55cd114,44cfcd09-9322-4a15-abff-df24912b9125,31231d0f-d69a-4e21-91e6-02f6da185b03,1635690735381,13.3912191,52.4770553,7.100425,0.9639983,0.6908579,1.4808693,on bike mount,cyclo cross,True,concrete plates,good
7acf96cb-a7cd-4435-850a-014bb55cd114,44cfcd09-9322-4a15-abff-df24912b9125,40a31682-e2f2-4e62-9415-e4bc9fc8fc2c,1635690735431,13.3912191,52.4770553,7.100425,-0.10701156,2.0606408,-3.0539937,on bike mount,cyclo cross,True,concrete plates,good
7acf96cb-a7cd-4435-850a-014bb55cd114,44cfcd09-9322-4a15-abff-df24912b9125,8536d94b-fdac-4c08-b19f-699f167d12c7,1635690735482,13.3912191,52.4770553,7.100425,0.465121,-0.41593885,-0.3609028,on bike mount,cyclo cross,True,concrete plates,good
7acf96cb-a7cd-4435-850a-014bb55cd114,44cfcd09-9322-4a15-abff-df24912b9125,65adb319-f952-4381-b7da-1cc3e2139817,1635690735532,13.3912191,52.4770553,7.100425,0.038239896,1.0313089,7.564707,on bike mount,cyclo cross,True,concrete plates,good
7acf96cb-a7cd-4435-850a-014bb55cd114,44cfcd09-9322-4a15-abff-df24912b9125,a74c7cd4-995a-4674-b3e9-7fff353f417d,1635690735597,13.3912191,52.4770553,7.100425,-0.45280844,4.9709735,-0.9668484,on bike mount,cyclo cross,True,concrete plates,good
7acf96cb-a7cd-4435-850a-014bb55cd114,44cfcd09-9322-4a15-abff-df24912b9125,37b0b15a-fadb-48a8-834c-fa503d5f60e3,1635690735648,13.3912191,52.4770553,7.100425,-1.04381,1.2621737,3.1604586,on bike mount,cyclo cross,True,concrete plates,good
7acf96cb-a7cd-4435-850a-014bb55cd114,44cfcd09-9322-4a15-abff-df24912b9125,55d0584b-1157-4fea-bf93-7372cb43cba6,1635690735699,13.3911675,52.4769999,7.071382,-0.025431663,-7.119273,6.272913,on bike mount,cyclo cross,True,concrete plates,good
7acf96cb-a7cd-4435-850a-014bb55cd114,44cfcd09-9322-4a15-abff-df24912b9125,aa7af16c-93f3-4dfe-b7ff-4aa8149c7a9f,1635690735765,13.3911675,52.4769999,7.071382,2.1606073,7.8257513,-5.7958727,on bike mount,cyclo cross,True,concrete plates,good
7acf96cb-a7cd-4435-850a-014bb55cd114,44cfcd09-9322-4a15-abff-df24912b9125,577e35ac-217a-467f-819e-59ab63c9a42f,1635690735816,13.3911675,52.4769999,7.071382,-4.577913,-2.968218,4.196411,on bike mount,cyclo cross,True,concrete plates,good
7acf96cb-a7cd-4435-850a-014bb55cd114,44cfcd09-9322-4a15-abff-df24912b9125,ec46b7b7-eb85-4311-aaf0-1d81d1f04dfa,1635690735866,13.3911675,52.4769999,7.071382,1.4813049,-0.88330126,3.313426,on bike mount,cyclo cross,True,concrete plates,good
7acf96cb-a7cd-4435-850a-014bb55cd114,44cfcd09-9322-4a15-abff-df24912b9125,431ba1b5-bc89-4270-9505-4a624b402cf4,1635690735919,13.3911675,52.4769999,7.071382,-1.8119801,-1.6678379,0.7707014,on bike mount,cyclo cross,True,concrete plates,good
7acf96cb-a7cd-4435-850a-014bb55cd114,44cfcd09-9322-4a15-abff-df24912b9125,f4e9bec7-a76e-464d-8506-1e852dbfd147,1635690735981,13.3911675,52.4769999,7.071382,0.16563922,-2.8708189,2.1535559,on bike mount,cyclo cross,True,concrete plates,good
7acf96cb-a7cd-4435-850a-014bb55cd114,44cfcd09-9322-4a15-abff-df24912b9125,9e6cb1ed-f1ab-4980-9d68-2d8d02088b9e,1635690736032,13.3911675,52.4769999,7.071382,0.8742986,-1.8218465,0.24110031,on bike mount,cyclo cross,True,concrete plates,good
7acf96cb-a7cd-4435-850a-014bb55cd114,44cfcd09-9322-4a15-abff-df24912b9125,f17692c5-c25c-4360-bfe9-11244516b586,1635690736100,13.3911675,52.4769999,7.071382,1.7363528,-3.8922577,-2.878642,on bike mount,cyclo cross,True,concrete plates,good
7acf96cb-a7cd-4435-850a-014bb55cd114,44cfcd09-9322-4a15-abff-df24912b9125,347bb05a-333c-443d-bf80-a68cd7413c4c,1635690736150,13.3911675,52.4769999,7.071382,-2.1570044,3.7691412,-2.3656383,on bike mount,cyclo cross,True,concrete plates,good
7acf96cb-a7cd-4435-850a-014bb55cd114,44cfcd09-9322-4a15-abff-df24912b9125,8940e995-1990-4adb-a984-b6cb58af5d91,1635690736215,13.3911675,52.4769999,7.071382,0.4386739,-6.028511,0.08417702,on bike mount,cyclo cross,True,concrete plates,good
7acf96cb-a7cd-4435-850a-014bb55cd114,44cfcd09-9322-4a15-abff-df24912b9125,4f6c4b14-3763-4537-bbb1-981e3176ab13,1635690736265,13.3911675,52.4769999,7.071382,2.054635,0.41711187,1.1106682,on bike mount,cyclo cross,True,concrete plates,good
7acf96cb-a7cd-4435-850a-014bb55cd114,44cfcd09-9322-4a15-abff-df24912b9125,6900b58d-a2e1-4e77-a778-8b0f80c4a87a,1635690736316,13.3911675,52.4769999,7.071382,1.8877434,-1.1876569,-1.3293986,on bike mount,cyclo cross,True,concrete plates,good
7acf96cb-a7cd-4435-850a-014bb55cd114,44cfcd09-9322-4a15-abff-df24912b9125,dd1acd0c-d555-4953-a497-816dcb09e064,1635690736367,13.3911675,52.4769999,7.071382,-0.36729264,-0.867954,4.202194,on bike mount,cyclo cross,True,concrete plates,good
7acf96cb-a7cd-4435-850a-014bb55cd114,44cfcd09-9322-4a15-abff-df24912b9125,5e58c828-7744-44b1-9024-02f57a115cee,1635690736418,13.3911675,52.4769999,7.071382,0.90130895,-2.4801517,-2.1702485,on bike mount,cyclo cross,True,concrete plates,good
7acf96cb-a7cd-4435-850a-014bb55cd114,44cfcd09-9322-4a15-abff-df24912b9125,ce936033-adba-493f-9eaf-40d5f64d6ffb,1635690736485,13.3911675,52.4769999,7.071382,-0.96115065,0.6118293,6.1793957,on bike mount,cyclo cross,True,concrete plates,good
7acf96cb-a7cd-4435-850a-014bb55cd114,44cfcd09-9322-4a15-abff-df24912b9125,6872f14e-b878-4beb-b808-3ba40032762c,1635690736536,13.3911675,52.4769999,7.071382,1.2702768,-0.35035968,-1.7389231,on bike mount,cyclo cross,True,concrete plates,good
7acf96cb-a7cd-4435-850a-014bb55cd114,44cfcd09-9322-4a15-abff-df24912b9125,238a4fb4-06d0-47a1-ae1f-d78129b9e824,1635690736600,13.3911675,52.4769999,7.071382,-1.3869965,-0.28939104,-1.4484916,on bike mount,cyclo cross,True,concrete plates,good
7acf96cb-a7cd-4435-850a-014bb55cd114,44cfcd09-9322-4a15-abff-df24912b9125,983fa056-5d63-47d6-b829-72b2fad6561c,1635690736666,13.3911675,52.4769999,7.071382,-2.0552282,-2.6665893,2.2162285,on bike mount,cyclo cross,True,concrete plates,good
7acf96cb-a7cd-4435-850a-014bb55cd114,44cfcd09-9322-4a15-abff-df24912b9125,c4cd56b1-c534-430e-ab00-274bc071b480,1635690736719,13.3911145,52.476945,7.1891127,-0.17267936,2.3399134,-3.5767398,on bike mount,cyclo cross,True,concrete plates,good
7acf96cb-a7cd-4435-850a-014bb55cd114,44cfcd09-9322-4a15-abff-df24912b9125,98c7f7b9-c0fd-40c1-bf5f-a9450b0ae847,1635690736784,13.3911145,52.476945,7.1891127,0.842099,-4.5044994,3.2561674,on bike mount,cyclo cross,True,concrete plates,good
7acf96cb-a7cd-4435-850a-014bb55cd114,44cfcd09-9322-4a15-abff-df24912b9125,2a8eb60f-9abe-45dc-97fa-5150f426d765,1635690736836,13.3911145,52.476945,7.1891127,2.4079862,-2.6350615,0.051250458,on bike mount,cyclo cross,True,concrete plates,good
7acf96cb-a7cd-4435-850a-014bb55cd114,44cfcd09-9322-4a15-abff-df24912b9125,d070de67-fc2f-4c16-945d-c9a6c94f7cd2,1635690736900,13.3911145,52.476945,7.1891127,0.34660834,-0.30585408,2.6226664,on bike mount,cyclo cross,True,concrete plates,good
7acf96cb-a7cd-4435-850a-014bb55cd114,44cfcd09-9322-4a15-abff-df24912b9125,6871d59f-ff79-40d7-bfc0-7fdfa9394c97,1635690736951,13.3911145,52.476945,7.1891127,-0.23118132,-2.9819307,-0.9257555,on bike mount,cyclo cross,True,concrete plates,good
7acf96cb-a7cd-4435-850a-014bb55cd114,44cfcd09-9322-4a15-abff-df24912b9125,afd317ee-b6a8-4999-8214-107621f37109,1635690737002,13.3911145,52.476945,7.1891127,-1.3228838,3.062245,-1.263742,on bike mount,cyclo cross,True,concrete plates,good
7acf96cb-a7cd-4435-850a-014bb55cd114,44cfcd09-9322-4a15-abff-df24912b9125,4596b9a4-07f8-4a10-bac9-39014fccfc84,1635690737051,13.3911145,52.476945,7.1891127,-1.4382166,-0.9980247,3.202917,on bike mount,cyclo cross,True,concrete plates,good
7acf96cb-a7cd-4435-850a-014bb55cd114,44cfcd09-9322-4a15-abff-df24912b9125,18482d98-452b-4940-9141-4866b3608be9,1635690737102,13.3911145,52.476945,7.1891127,-0.5350118,-2.8963432,0.20144272,on bike mount,cyclo cross,True,concrete plates,good
7acf96cb-a7cd-4435-850a-014bb55cd114,44cfcd09-9322-4a15-abff-df24912b9125,640c2aa4-d78c-4286-8042-8cfe5591853f,1635690737152,13.3911145,52.476945,7.1891127,-2.6258798,-1.5213287,1.6357508,on bike mount,cyclo cross,True,concrete plates,good
7acf96cb-a7cd-4435-850a-014bb55cd114,44cfcd09-9322-4a15-abff-df24912b9125,1c1aa64b-c972-4c11-8620-470c4d90309c,1635690737217,13.3911145,52.476945,7.1891127,2.1185393,-1.0079563,1.7485914,on bike mount,cyclo cross,True,concrete plates,good
7acf96cb-a7cd-4435-850a-014bb55cd114,44cfcd09-9322-4a15-abff-df24912b9125,886bae0f-2b8e-4bcd-b23f-27f8fd9201bb,1635690737269,13.3911145,52.476945,7.1891127,-2.2059133,-1.7520145,2.317213,on bike mount,cyclo cross,True,concrete plates,good
7acf96cb-a7cd-4435-850a-014bb55cd114,44cfcd09-9322-4a15-abff-df24912b9125,0e1e8122-f1fb-46b1-851f-8548cdb55949,1635690737319,13.3911145,52.476945,7.1891127,-1.9812112,0.5107708,-1.9663916,on bike mount,cyclo cross,True,concrete plates,good
7acf96cb-a7cd-4435-850a-014bb55cd114,44cfcd09-9322-4a15-abff-df24912b9125,970671f4-450a-4028-bb80-9f2d2011395e,1635690737370,13.3911145,52.476945,7.1891127,1.2789394,-3.3361883,0.3793192,on bike mount,cyclo cross,True,concrete plates,good
7acf96cb-a7cd-4435-850a-014bb55cd114,44cfcd09-9322-4a15-abff-df24912b9125,7c6c206a-8ad9-4ea5-bfd3-d15744f84578,1635690737437,13.3911145,52.476945,7.1891127,2.5022726,-1.236587,1.7325191,on bike mount,cyclo cross,True,concrete plates,good
7acf96cb-a7cd-4435-850a-014bb55cd114,44cfcd09-9322-4a15-abff-df24912b9125,0a1a8e12-c8a0-44dd-94d9-380b83828eec,1635690737487,13.3911145,52.476945,7.1891127,-1.6955914,-0.5874963,-3.169211,on bike mount,cyclo cross,True,concrete plates,good
7acf96cb-a7cd-4435-850a-014bb55cd114,44cfcd09-9322-4a15-abff-df24912b9125,a6f3b86b-c64d-49e0-a8ea-ba2f071d9e0a,1635690737551,13.3911145,52.476945,7.1891127,-0.20921767,-1.3478168,-1.1763926,on bike mount,cyclo cross,True,concrete plates,good
7acf96cb-a7cd-4435-850a-014bb55cd114,44cfcd09-9322-4a15-abff-df24912b9125,70053811-3003-4df5-b082-54e96636d353,1635690737603,13.3911145,52.476945,7.1891127,-0.28303564,-1.7047834,-2.034534,on bike mount,cyclo cross,True,concrete plates,good
7acf96cb-a7cd-4435-850a-014bb55cd114,44cfcd09-9322-4a15-abff-df24912b9125,1e85e0fa-d8f2-4892-b9f6-82b1ebecf488,1635690737653,13.3911145,52.476945,7.1891127,0.6451395,-3.1934004,-0.44654846,on bike mount,cyclo cross,True,concrete plates,good
7acf96cb-a7cd-4435-850a-014bb55cd114,44cfcd09-9322-4a15-abff-df24912b9125,ffcff5a5-895e-46c3-8bf1-d947053dc2a8,1635690737704,13.3910659,52.4768863,7.2282968,1.9046528,-2.5340269,2.4041271,on bike mount,cyclo cross,True,concrete plates,good
7acf96cb-a7cd-4435-850a-014bb55cd114,44cfcd09-9322-4a15-abff-df24912b9125,0746fbdc-7428-4092-ae8d-d8ca7684eb3e,1635690737756,13.3910659,52.4768863,7.2282968,0.4195963,-3.7659276,-3.4376655,on bike mount,cyclo cross,True,concrete plates,good
7acf96cb-a7cd-4435-850a-014bb55cd114,44cfcd09-9322-4a15-abff-df24912b9125,9b1e9c5a-59c5-4c12-aae2-b76cef984ea2,1635690737820,13.3910659,52.4768863,7.2282968,-0.6610787,-0.8067832,-0.08876419,on bike mount,cyclo cross,True,concrete plates,good
7acf96cb-a7cd-4435-850a-014bb55cd114,44cfcd09-9322-4a15-abff-df24912b9125,aa152445-b115-4c63-bd69-8a5ed7bf0b99,1635690737873,13.3910659,52.4768863,7.2282968,1.3721312,2.352893,0.48412704,on bike mount,cyclo cross,True,concrete plates,good
7acf96cb-a7cd-4435-850a-014bb55cd114,44cfcd09-9322-4a15-abff-df24912b9125,29b6c963-ac1c-45fb-89ee-570dd915ef03,1635690737935,13.3910659,52.4768863,7.2282968,-1.3008077,-1.8186644,0.22721958,on bike mount,cyclo cross,True,concrete plates,good
7acf96cb-a7cd-4435-850a-014bb55cd114,44cfcd09-9322-4a15-abff-df24912b9125,2dab336f-dbf0-4eb6-8b78-bc6f98d91f91,1635690737986,13.3910659,52.4768863,7.2282968,-1.0147027,-0.29712296,0.62252903,on bike mount,cyclo cross,True,concrete plates,good
7acf96cb-a7cd-4435-850a-014bb55cd114,44cfcd09-9322-4a15-abff-df24912b9125,b1f4ec7f-39b4-4c4c-b666-286d7fa2227b,1635690738052,13.3910659,52.4768863,7.2282968,0.83259153,-0.09989786,-1.7226257,on bike mount,cyclo cross,True,concrete plates,good
7acf96cb-a7cd-4435-850a-014bb55cd114,44cfcd09-9322-4a15-abff-df24912b9125,cbe6bcf9-239d-4891-80cb-ed89d4b2e89e,1635690738102,13.3910659,52.4768863,7.2282968,-0.006713927,-1.4865266,2.1698427,on bike mount,cyclo cross,True,concrete plates,good
7acf96cb-a7cd-4435-850a-014bb55cd114,44cfcd09-9322-4a15-abff-df24912b9125,b7d69c3e-9e5f-419e-829c-af98a3a44b8c,1635690738152,13.3910659,52.4768863,7.2282968,-0.16551885,1.0974264,-4.2393317,on bike mount,cyclo cross,True,concrete plates,good
7acf96cb-a7cd-4435-850a-014bb55cd114,44cfcd09-9322-4a15-abff-df24912b9125,dd8cb86c-b691-4083-8b93-918f99b63050,1635690738204,13.3910659,52.4768863,7.2282968,0.76679534,-0.7164819,0.630743,on bike mount,cyclo cross,True,concrete plates,good
7acf96cb-a7cd-4435-850a-014bb55cd114,44cfcd09-9322-4a15-abff-df24912b9125,ef7bd426-dcb9-4053-96e4-777730b6bac6,1635690738254,13.3910659,52.4768863,7.2282968,-0.23127142,2.3371205,-2.062572,on bike mount,cyclo cross,True,concrete plates,good
7acf96cb-a7cd-4435-850a-014bb55cd114,44cfcd09-9322-4a15-abff-df24912b9125,e1f7782c-3bd0-4f2b-97ae-752c058726dd,1635690738323,13.3910659,52.4768863,7.2282968,0.66094947,0.47744727,2.685937,on bike mount,cyclo cross,True,concrete plates,good
7acf96cb-a7cd-4435-850a-014bb55cd114,44cfcd09-9322-4a15-abff-df24912b9125,26533854-b144-4c87-a5e2-e6a948512964,1635690738387,13.3910659,52.4768863,7.2282968,-0.14264095,1.2136865,3.161436,on bike mount,cyclo cross,True,concrete plates,good
7acf96cb-a7cd-4435-850a-014bb55cd114,44cfcd09-9322-4a15-abff-df24912b9125,9642c380-e37d-4b74-b69b-5cce6a0e4a16,1635690738438,13.3910659,52.4768863,7.2282968,-0.024834871,-1.6289371,2.5332794,on bike mount,cyclo cross,True,concrete plates,good
7acf96cb-a7cd-4435-850a-014bb55cd114,44cfcd09-9322-4a15-abff-df24912b9125,23120185-1a8c-4236-972c-f3a8ff037e50,1635690738488,13.3910659,52.4768863,7.2282968,-1.3793914,-1.5224385,-4.0944858,on bike mount,cyclo cross,True,concrete plates,good
7acf96cb-a7cd-4435-850a-014bb55cd114,44cfcd09-9322-4a15-abff-df24912b9125,d7b8aa59-08bf-4b18-bebc-74e67f5d91d4,1635690738540,13.3910659,52.4768863,7.2282968,0.32882214,-4.049405,-0.8195486,on bike mount,cyclo cross,True,concrete plates,good
7acf96cb-a7cd-4435-850a-014bb55cd114,44cfcd09-9322-4a15-abff-df24912b9125,f379fbba-3a42-4688-ba86-6449e90cd231,1635690738604,13.3910659,52.4768863,7.2282968,-1.9260001,1.9932089,-2.8547611,on bike mount,cyclo cross,True,concrete plates,good
7acf96cb-a7cd-4435-850a-014bb55cd114,44cfcd09-9322-4a15-abff-df24912b9125,29de1d1a-a63f-45ce-87b8-77b15d90a6cd,1635690738653,13.3910659,52.4768863,7.2282968,0.25359017,0.8331928,-2.2503943,on bike mount,cyclo cross,True,concrete plates,good
7acf96cb-a7cd-4435-850a-014bb55cd114,44cfcd09-9322-4a15-abff-df24912b9125,4ab1110b-530e-4b12-8d73-7c75b4281560,1635690738705,13.3910222,52.4768261,6.8914747,0.38270593,-2.9893675,-2.112234,on bike mount,cyclo cross,True,concrete plates,good
7acf96cb-a7cd-4435-850a-014bb55cd114,44cfcd09-9322-4a15-abff-df24912b9125,c50a9617-47da-4166-91e2-81b4e9c01167,1635690738755,13.3910222,52.4768261,6.8914747,-0.6570029,-3.0901387,0.8893194,on bike mount,cyclo cross,True,concrete plates,good
7acf96cb-a7cd-4435-850a-014bb55cd114,44cfcd09-9322-4a15-abff-df24912b9125,ca329a8f-7cd3-4a9a-b153-5bd1beb21bc6,1635690738806,13.3910222,52.4768261,6.8914747,-0.5414469,1.9511929,1.7398033,on bike mount,cyclo cross,True,concrete plates,good
7acf96cb-a7cd-4435-850a-014bb55cd114,44cfcd09-9322-4a15-abff-df24912b9125,9029557b-86ef-4a07-a7a4-ba30e2beaba6,1635690738872,13.3910222,52.4768261,6.8914747,0.19680661,-4.649915,3.1192026,on bike mount,cyclo cross,True,concrete plates,good
7acf96cb-a7cd-4435-850a-014bb55cd114,44cfcd09-9322-4a15-abff-df24912b9125,639529bb-f72d-4761-b1fb-be21b6a5c558,1635690738923,13.3910222,52.4768261,6.8914747,1.6022862,-1.2541213,-0.5245714,on bike mount,cyclo cross,True,concrete plates,good
7acf96cb-a7cd-4435-850a-014bb55cd114,44cfcd09-9322-4a15-abff-df24912b9125,173c5ca5-19b5-4d01-a538-075469d372aa,1635690738989,13.3910222,52.4768261,6.8914747,-1.141722,0.86513805,-3.3034053,on bike mount,cyclo cross,True,concrete plates,good
7acf96cb-a7cd-4435-850a-014bb55cd114,44cfcd09-9322-4a15-abff-df24912b9125,a80fd832-e531-47fe-92a4-55e5eb066343,1635690739040,13.3910222,52.4768261,6.8914747,-0.71418667,-0.097589254,-1.2935977,on bike mount,cyclo cross,True,concrete plates,good
7acf96cb-a7cd-4435-850a-014bb55cd114,44cfcd09-9322-4a15-abff-df24912b9125,b0f0a007-34ad-484a-9f78-22520f4deb9c,1635690739104,13.3910222,52.4768261,6.8914747,1.5354149,0.68475294,0.27423286,on bike mount,cyclo cross,True,concrete plates,good
7acf96cb-a7cd-4435-850a-014bb55cd114,44cfcd09-9322-4a15-abff-df24912b9125,aff749da-3cf8-4592-91a3-362f24e8c146,1635690739155,13.3910222,52.4768261,6.8914747,0.76274425,-1.2049116,1.8640623,on bike mount,cyclo cross,True,concrete plates,good
7acf96cb-a7cd-4435-850a-014bb55cd114,44cfcd09-9322-4a15-abff-df24912b9125,4af45ec1-33c0-42ba-903d-e7faa7e05570,1635690739206,13.3910222,52.4768261,6.8914747,-0.33368698,-3.6053376,3.6127033,on bike mount,cyclo cross,True,concrete plates,good
7acf96cb-a7cd-4435-850a-014bb55cd114,44cfcd09-9322-4a15-abff-df24912b9125,d7a62fac-520a-40d3-857f-01d2f95c1b04,1635690739256,13.3910222,52.4768261,6.8914747,-0.7053369,0.90871954,-3.1098614,on bike mount,cyclo cross,True,concrete plates,good
7acf96cb-a7cd-4435-850a-014bb55cd114,44cfcd09-9322-4a15-abff-df24912b9125,4f1cc15c-537d-4f08-8250-63b13c05368e,1635690739307,13.3910222,52.4768261,6.8914747,-1.4096279,-0.869226,-0.6014023,on bike mount,cyclo cross,True,concrete plates,good
7acf96cb-a7cd-4435-850a-014bb55cd114,44cfcd09-9322-4a15-abff-df24912b9125,4d8c749a-4fec-44a5-a379-59bf2ce53f8d,1635690739356,13.3910222,52.4768261,6.8914747,1.5015947,1.71965,0.6025629,on bike mount,cyclo cross,True,concrete plates,good
7acf96cb-a7cd-4435-850a-014bb55cd114,44cfcd09-9322-4a15-abff-df24912b9125,29053d0f-c45c-4f93-8e3a-6feb3d047968,1635690739406,13.3910222,52.4768261,6.8914747,-0.23794535,1.9826169,2.074689,on bike mount,cyclo cross,True,concrete plates,good
7acf96cb-a7cd-4435-850a-014bb55cd114,44cfcd09-9322-4a15-abff-df24912b9125,cd161780-d7a5-4bba-95ef-0994abd2da75,1635690739456,13.3910222,52.4768261,6.8914747,-0.30268726,2.5067277,1.0701857,on bike mount,cyclo cross,True,concrete plates,good
7acf96cb-a7cd-4435-850a-014bb55cd114,44cfcd09-9322-4a15-abff-df24912b9125,458d2c60-7da6-4f27-a7af-b5886a2e206c,1635690739506,13.3910222,52.4768261,6.8914747,0.22629091,0.0131917,0.12352276,on bike mount,cyclo cross,True,concrete plates,good
7acf96cb-a7cd-4435-850a-014bb55cd114,44cfcd09-9322-4a15-abff-df24912b9125,ac0a402b-7036-4573-9f1e-0cbea34fb6c7,1635690739558,13.3910222,52.4768261,6.8914747,-2.3620768,1.7235537,-2.0743704,on bike mount,cyclo cross,True,concrete plates,good
7acf96cb-a7cd-4435-850a-014bb55cd114,44cfcd09-9322-4a15-abff-df24912b9125,a4014218-1baf-42e9-bafd-4689ba1ec551,1635690739622,13.3910222,52.4768261,6.8914747,0.6261647,2.182527,1.0380993,on bike mount,cyclo cross,True,concrete plates,good
7acf96cb-a7cd-4435-850a-014bb55cd114,44cfcd09-9322-4a15-abff-df24912b9125,c8fae1f8-daff-4684-aacb-17f1a68bf210,1635690739676,13.3910222,52.4768261,6.8914747,0.70560664,0.016999006,-1.2208223,on bike mount,cyclo cross,True,concrete plates,good
7acf96cb-a7cd-4435-850a-014bb55cd114,44cfcd09-9322-4a15-abff-df24912b9125,cb67a494-1cce-4ea3-8a19-ef51ade2cd0c,1635690739740,13.3909873,52.4767699,6.8599477,0.79831505,0.90639186,-0.27132702,on bike mount,cyclo cross,True,concrete plates,good
7acf96cb-a7cd-4435-850a-014bb55cd114,44cfcd09-9322-4a15-abff-df24912b9125,f699e63b-0ed1-4b1c-89dd-313cdf169da0,1635690739790,13.3909873,52.4767699,6.8599477,2.5174623,1.0546098,1.7074289,on bike mount,cyclo cross,True,concrete plates,good
7acf96cb-a7cd-4435-850a-014bb55cd114,44cfcd09-9322-4a15-abff-df24912b9125,18948264-2776-40bf-b76f-2301c1c51722,1635690739841,13.3909873,52.4767699,6.8599477,-1.1378423,-2.482882,0.8550787,on bike mount,cyclo cross,True,concrete plates,good
7acf96cb-a7cd-4435-850a-014bb55cd114,44cfcd09-9322-4a15-abff-df24912b9125,7183135b-8155-4eac-9792-e1b8ac35c56f,1635690739892,13.3909873,52.4767699,6.8599477,1.0553191,4.0690255,-2.9702883,on bike mount,cyclo cross,True,concrete plates,good
7acf96cb-a7cd-4435-850a-014bb55cd114,44cfcd09-9322-4a15-abff-df24912b9125,c6eab2d0-50c3-4c1f-ab28-e0b688376160,1635690739956,13.3909873,52.4767699,6.8599477,2.018915,-1.746053,0.81621075,on bike mount,cyclo cross,True,concrete plates,good
7acf96cb-a7cd-4435-850a-014bb55cd114,44cfcd09-9322-4a15-abff-df24912b9125,eb722a4d-61f9-4483-b45c-c5ef1b39860b,1635690740007,13.3909873,52.4767699,6.8599477,-0.98251283,-1.690716,1.5921488,on bike mount,cyclo cross,True,concrete plates,good
7acf96cb-a7cd-4435-850a-014bb55cd114,44cfcd09-9322-4a15-abff-df24912b9125,6ff59f8a-3f01-4f49-9aaa-17ecc3e72b16,1635690740059,13.3909873,52.4767699,6.8599477,-2.564327,6.560458,-14.549135,on bike mount,cyclo cross,True,concrete plates,good
7acf96cb-a7cd-4435-850a-014bb55cd114,44cfcd09-9322-4a15-abff-df24912b9125,d44fa83e-0497-49c7-ac3c-3406698811e0,1635690740108,13.3909873,52.4767699,6.8599477,0.822298,3.9457755,0.02275467,on bike mount,cyclo cross,True,concrete plates,good
7acf96cb-a7cd-4435-850a-014bb55cd114,44cfcd09-9322-4a15-abff-df24912b9125,5127ef3f-270a-4b40-a285-dbb18173c6d9,1635690740159,13.3909873,52.4767699,6.8599477,-1.3407512,0.16282225,1.9373732,on bike mount,cyclo cross,True,concrete plates,good
7acf96cb-a7cd-4435-850a-014bb55cd114,44cfcd09-9322-4a15-abff-df24912b9125,a919fb92-c916-4fb8-ae41-b7c34d161ac4,1635690740209,13.3909873,52.4767699,6.8599477,1.2609701,0.93057775,4.739833,on bike mount,cyclo cross,True,concrete plates,good
7acf96cb-a7cd-4435-850a-014bb55cd114,44cfcd09-9322-4a15-abff-df24912b9125,1a069f65-e44d-4934-be73-61866b131a08,1635690740261,13.3909873,52.4767699,6.8599477,-0.28539014,1.6957779,3.497244,on bike mount,cyclo cross,True,concrete plates,good
7acf96cb-a7cd-4435-850a-014bb55cd114,44cfcd09-9322-4a15-abff-df24912b9125,a3578476-2675-4e67-b0cf-42e95032ea11,1635690740324,13.3909873,52.4767699,6.8599477,-0.1940274,0.8068645,-4.2312613,on bike mount,cyclo cross,True,concrete plates,good
7acf96cb-a7cd-4435-850a-014bb55cd114,44cfcd09-9322-4a15-abff-df24912b9125,335469ac-3729-4f37-b1dc-c2b801593d42,1635690740375,13.3909873,52.4767699,6.8599477,-0.6303307,0.997648,0.4106331,on bike mount,cyclo cross,True,concrete plates,good
7acf96cb-a7cd-4435-850a-014bb55cd114,44cfcd09-9322-4a15-abff-df24912b9125,b76d9f41-260e-4fd5-bfc0-54b523c13c5a,1635690740426,13.3909873,52.4767699,6.8599477,1.7729433,-1.7968524,-1.616405,on bike mount,cyclo cross,True,concrete plates,good
7acf96cb-a7cd-4435-850a-014bb55cd114,44cfcd09-9322-4a15-abff-df24912b9125,13b1db7c-ed16-49b0-88bc-ae1627af9c7c,1635690740493,13.3909873,52.4767699,6.8599477,-1.8952414,1.2005575,-1.331285,on bike mount,cyclo cross,True,concrete plates,good
7acf96cb-a7cd-4435-850a-014bb55cd114,44cfcd09-9322-4a15-abff-df24912b9125,bfad9271-b350-4e50-95bb-5a54d3d33f07,1635690740543,13.3909873,52.4767699,6.8599477,-0.9853449,1.4850717,0.18344498,on bike mount,cyclo cross,True,concrete plates,good
7acf96cb-a7cd-4435-850a-014bb55cd114,44cfcd09-9322-4a15-abff-df24912b9125,904d0015-1808-47cb-ae29-501492d5dd56,1635690740596,13.3909873,52.4767699,6.8599477,-0.057881106,2.2858253,0.5024328,on bike mount,cyclo cross,True,concrete plates,good
7acf96cb-a7cd-4435-850a-014bb55cd114,44cfcd09-9322-4a15-abff-df24912b9125,ba9aac96-8e2a-4e08-92b3-56920a3d536a,1635690740664,13.3909873,52.4767699,6.8599477,-0.31313792,-0.4401617,-1.8047576,on bike mount,cyclo cross,True,concrete plates,good
7acf96cb-a7cd-4435-850a-014bb55cd114,44cfcd09-9322-4a15-abff-df24912b9125,81dfac69-1919-48c6-b866-268d169293b3,1635690740724,13.390957,52.4767146,6.633574,-0.46975458,0.55004954,1.0759678,on bike mount,cyclo cross,True,concrete plates,good
7acf96cb-a7cd-4435-850a-014bb55cd114,44cfcd09-9322-4a15-abff-df24912b9125,1a76f324-86b6-48d6-82f2-51344fbdb0dc,1635690740776,13.390957,52.4767146,6.633574,-1.9567637,-2.72482,0.04718685,on bike mount,cyclo cross,True,concrete plates,good
7acf96cb-a7cd-4435-850a-014bb55cd114,44cfcd09-9322-4a15-abff-df24912b9125,5606b6b3-5209-4890-85d4-5d956b96e434,1635690740830,13.390957,52.4767146,6.633574,-1.1554697,-1.0706619,-1.7764564,on bike mount,cyclo cross,True,concrete plates,good
7acf96cb-a7cd-4435-850a-014bb55cd114,44cfcd09-9322-4a15-abff-df24912b9125,d1019e79-a99f-467b-8176-b084da9b2865,1635690740892,13.390957,52.4767146,6.633574,0.5984181,0.37888908,0.077124596,on bike mount,cyclo cross,True,concrete plates,good
7acf96cb-a7cd-4435-850a-014bb55cd114,44cfcd09-9322-4a15-abff-df24912b9125,fdadda45-e190-426b-b24f-fd0e8173a091,1635690740942,13.390957,52.4767146,6.633574,-1.6969732,-0.17717218,0.4981041,on bike mount,cyclo cross,True,concrete plates,good
7acf96cb-a7cd-4435-850a-014bb55cd114,44cfcd09-9322-4a15-abff-df24912b9125,c94a81b6-8358-4ed7-a8b9-c41a033e26bc,1635690740992,13.390957,52.4767146,6.633574,1.857371,-1.0724258,-2.397069,on bike mount,cyclo cross,True,concrete plates,good
7acf96cb-a7cd-4435-850a-014bb55cd114,44cfcd09-9322-4a15-abff-df24912b9125,384ae9f9-ef8b-4ff8-a68b-97e72d996558,1635690741042,13.390957,52.4767146,6.633574,-0.51702195,-1.1710817,5.218521,on bike mount,cyclo cross,True,concrete plates,good
7acf96cb-a7cd-4435-850a-014bb55cd114,44cfcd09-9322-4a15-abff-df24912b9125,9cf1465c-031a-465d-b2d6-599a465c8f18,1635690741093,13.390957,52.4767146,6.633574,-1.5508777,1.669249,-1.0640254,on bike mount,cyclo cross,True,concrete plates,good
7acf96cb-a7cd-4435-850a-014bb55cd114,44cfcd09-9322-4a15-abff-df24912b9125,4646e17d-086d-40a4-8165-2bbd88ea8751,1635690741161,13.390957,52.4767146,6.633574,1.7116388,0.703804,-1.0194192,on bike mount,cyclo cross,True,concrete plates,good
7acf96cb-a7cd-4435-850a-014bb55cd114,44cfcd09-9322-4a15-abff-df24912b9125,6b749994-ced8-4bf6-945a-732d45f8f291,1635690741225,13.390957,52.4767146,6.633574,-2.986269,-1.4211218,-2.1596127,on bike mount,cyclo cross,True,concrete plates,good
7acf96cb-a7cd-4435-850a-014bb55cd114,44cfcd09-9322-4a15-abff-df24912b9125,a960eb54-b1af-4d05-8cfa-e2d854215d3d,1635690741276,13.390957,52.4767146,6.633574,2.5356612,0.16558409,0.35092354,on bike mount,cyclo cross,True,concrete plates,good
7acf96cb-a7cd-4435-850a-014bb55cd114,44cfcd09-9322-4a15-abff-df24912b9125,56285256-711e-48d4-ac15-d331b1a61612,1635690741327,13.390957,52.4767146,6.633574,0.997001,-0.5850973,-2.144291,on bike mount,cyclo cross,True,concrete plates,good
7acf96cb-a7cd-4435-850a-014bb55cd114,44cfcd09-9322-4a15-abff-df24912b9125,fc2f669f-e24d-4232-ab74-6dfa5826ad6e,1635690741377,13.390957,52.4767146,6.633574,-3.146461,-1.5929117,0.51789284,on bike mount,cyclo cross,True,concrete plates,good
7acf96cb-a7cd-4435-850a-014bb55cd114,44cfcd09-9322-4a15-abff-df24912b9125,4572ee27-9dd0-44cc-ac3f-6a136b539dd6,1635690741446,13.390957,52.4767146,6.633574,-1.221837,-0.5870471,2.1903076,on bike mount,cyclo cross,True,concrete plates,good
7acf96cb-a7cd-4435-850a-014bb55cd114,44cfcd09-9322-4a15-abff-df24912b9125,6d7af568-f1ca-45b6-93a3-47870e05be8b,1635690741501,13.390957,52.4767146,6.633574,0.3769108,1.0749075,-1.1648078,on bike mount,cyclo cross,True,concrete plates,good
7acf96cb-a7cd-4435-850a-014bb55cd114,44cfcd09-9322-4a15-abff-df24912b9125,acbcc632-391a-4d72-b84f-7464792e442b,1635690741561,13.390957,52.4767146,6.633574,1.0107591,-1.0636609,-2.7901196,on bike mount,cyclo cross,True,concrete plates,good
7acf96cb-a7cd-4435-850a-014bb55cd114,44cfcd09-9322-4a15-abff-df24912b9125,243541d8-bcdb-47bb-b0fe-9ecbc3ae642d,1635690741628,13.390957,52.4767146,6.633574,2.4807553,4.9175134,-4.3114614,on bike mount,cyclo cross,True,concrete plates,good
7acf96cb-a7cd-4435-850a-014bb55cd114,44cfcd09-9322-4a15-abff-df24912b9125,eef4a88e-c165-4342-aecf-51891285d014,1635690741677,13.3909221,52.4766604,6.589231,1.2374175,0.62097645,-1.0442457,on bike mount,cyclo cross,True,concrete plates,good
7acf96cb-a7cd-4435-850a-014bb55cd114,44cfcd09-9322-4a15-abff-df24912b9125,1a689840-c11a-422f-9e4c-98efa847870d,1635690741727,13.3909221,52.4766604,6.589231,1.7425745,-2.2766693,-2.3294783,on bike mount,cyclo cross,True,concrete plates,good
7acf96cb-a7cd-4435-850a-014bb55cd114,44cfcd09-9322-4a15-abff-df24912b9125,2cbec696-257b-4824-880f-fcdd5d5798da,1635690741777,13.3909221,52.4766604,6.589231,-0.5783029,3.4432092,-2.0190382,on bike mount,cyclo cross,True,concrete plates,good
7acf96cb-a7cd-4435-850a-014bb55cd114,44cfcd09-9322-4a15-abff-df24912b9125,85f20a57-07e4-45fa-90e7-4767ec162de0,1635690741827,13.3909221,52.4766604,6.589231,1.3006034,-1.8188542,3.4035425,on bike mount,cyclo cross,True,concrete plates,good
7acf96cb-a7cd-4435-850a-014bb55cd114,44cfcd09-9322-4a15-abff-df24912b9125,dbe194e8-c44d-41e0-bc74-75043092cd75,1635690741878,13.3909221,52.4766604,6.589231,-1.199602,0.0670259,0.08309841,on bike mount,cyclo cross,True,concrete plates,good
7acf96cb-a7cd-4435-850a-014bb55cd114,44cfcd09-9322-4a15-abff-df24912b9125,3714bf1e-031c-466d-bc0b-207a9bf236ef,1635690741944,13.3909221,52.4766604,6.589231,-1.2655921,0.008652687,-1.1277027,on bike mount,cyclo cross,True,concrete plates,good
7acf96cb-a7cd-4435-850a-014bb55cd114,44cfcd09-9322-4a15-abff-df24912b9125,4fdd9d9c-3b2f-4423-bd61-90be0ddb022c,1635690741993,13.3909221,52.4766604,6.589231,0.61972374,0.12581635,-1.5750046,on bike mount,cyclo cross,True,concrete plates,good
7acf96cb-a7cd-4435-850a-014bb55cd114,44cfcd09-9322-4a15-abff-df24912b9125,8d817098-eb20-404b-bf53-ac40589516e4,1635690742043,13.3909221,52.4766604,6.589231,-0.024025809,-0.040593386,0.06461811,on bike mount,cyclo cross,True,concrete plates,good
7acf96cb-a7cd-4435-850a-014bb55cd114,44cfcd09-9322-4a15-abff-df24912b9125,b039ac9e-a126-40ef-8217-f4c1aa69abd4,1635690742093,13.3909221,52.4766604,6.589231,-2.0255716,-0.29110706,0.54512596,on bike mount,cyclo cross,True,concrete plates,good
7acf96cb-a7cd-4435-850a-014bb55cd114,44cfcd09-9322-4a15-abff-df24912b9125,0cfda747-ad4a-4456-9d1b-65437686876f,1635690742143,13.3909221,52.4766604,6.589231,1.2864807,1.4462843,0.498518,on bike mount,cyclo cross,True,concrete plates,good
7acf96cb-a7cd-4435-850a-014bb55cd114,44cfcd09-9322-4a15-abff-df24912b9125,8a54622d-1692-41e7-9e47-c29642d1f1ec,1635690742194,13.3909221,52.4766604,6.589231,-1.1846921,-1.3749865,-0.06679058,on bike mount,cyclo cross,True,concrete plates,good
7acf96cb-a7cd-4435-850a-014bb55cd114,44cfcd09-9322-4a15-abff-df24912b9125,90e729bd-0ad0-4ceb-bff4-f12ae1f26ee9,1635690742244,13.3909221,52.4766604,6.589231,-1.9882516,-3.2539852,2.7821817,on bike mount,cyclo cross,True,concrete plates,good
7acf96cb-a7cd-4435-850a-014bb55cd114,44cfcd09-9322-4a15-abff-df24912b9125,f6d5a075-7faa-4a6b-91e8-77821943ffdb,1635690742295,13.3909221,52.4766604,6.589231,-1.1101277,-0.8815832,1.3674355,on bike mount,cyclo cross,True,concrete plates,good
7acf96cb-a7cd-4435-850a-014bb55cd114,44cfcd09-9322-4a15-abff-df24912b9125,3e9cda56-d572-40a9-a2be-d8c667ad6a2c,1635690742345,13.3909221,52.4766604,6.589231,1.3181648,3.244956,-4.2913847,on bike mount,cyclo cross,True,concrete plates,good
7acf96cb-a7cd-4435-850a-014bb55cd114,44cfcd09-9322-4a15-abff-df24912b9125,da59553e-98cb-43b8-8e0d-82c242d5f257,1635690742398,13.3909221,52.4766604,6.589231,0.076229274,1.7062359,-1.3912749,on bike mount,cyclo cross,True,concrete plates,good
7acf96cb-a7cd-4435-850a-014bb55cd114,44cfcd09-9322-4a15-abff-df24912b9125,564d0b57-dd2c-43cc-bee6-70423baf261e,1635690742463,13.3909221,52.4766604,6.589231,-1.5036944,-1.7440258,5.0502357,on bike mount,cyclo cross,True,concrete plates,good
7acf96cb-a7cd-4435-850a-014bb55cd114,44cfcd09-9322-4a15-abff-df24912b9125,ce727c8f-2832-4ade-8ea0-ef3f88e2d0c4,1635690742515,13.3909221,52.4766604,6.589231,0.8038589,1.8385625,-5.6450567,on bike mount,cyclo cross,True,concrete plates,good
7acf96cb-a7cd-4435-850a-014bb55cd114,44cfcd09-9322-4a15-abff-df24912b9125,68779bad-415a-4eb8-ad8a-10576889a4e5,1635690742578,13.3909221,52.4766604,6.589231,1.2937856,-0.66643983,-0.1466999,on bike mount,cyclo cross,True,concrete plates,good
7acf96cb-a7cd-4435-850a-014bb55cd114,44cfcd09-9322-4a15-abff-df24912b9125,039515f9-da9a-4a4b-9376-d462c3f5fdd2,1635690742631,13.3909221,52.4766604,6.589231,0.41323423,2.3574624,-1.4020457,on bike mount,cyclo cross,True,concrete plates,good
7acf96cb-a7cd-4435-850a-014bb55cd114,44cfcd09-9322-4a15-abff-df24912b9125,e38faea3-de15-4926-8176-af6e65c82517,1635690742696,13.3908985,52.4766031,6.2209225,-3.1543899,-3.9943256,2.3214388,on bike mount,cyclo cross,True,concrete plates,good
7acf96cb-a7cd-4435-850a-014bb55cd114,44cfcd09-9322-4a15-abff-df24912b9125,43c8db68-8fd5-4512-8e97-6b5c49dac699,1635690742745,13.3908985,52.4766031,6.2209225,1.3616395,1.6121583,0.09967613,on bike mount,cyclo cross,True,concrete plates,good
7acf96cb-a7cd-4435-850a-014bb55cd114,44cfcd09-9322-4a15-abff-df24912b9125,31892ce2-7ce0-4f6d-b93b-e56e44197a78,1635690742796,13.3908985,52.4766031,6.2209225,1.2209003,-1.8383712,2.589222,on bike mount,cyclo cross,True,concrete plates,good
7acf96cb-a7cd-4435-850a-014bb55cd114,44cfcd09-9322-4a15-abff-df24912b9125,c54b54a2-1bfe-466f-8a4e-286db7d896c3,1635690742847,13.3908985,52.4766031,6.2209225,-0.6320235,-2.3720708,-0.47699928,on bike mount,cyclo cross,True,concrete plates,good
7acf96cb-a7cd-4435-850a-014bb55cd114,44cfcd09-9322-4a15-abff-df24912b9125,ed272a0b-0264-4620-91f0-d71a097a2f71,1635690742913,13.3908985,52.4766031,6.2209225,-1.0312113,1.7220664,5.535225,on bike mount,cyclo cross,True,concrete plates,good
7acf96cb-a7cd-4435-850a-014bb55cd114,44cfcd09-9322-4a15-abff-df24912b9125,2dd467c2-1e52-4c60-933e-c631eeb959dc,1635690742963,13.3908985,52.4766031,6.2209225,0.85074234,-3.8845587,-1.4287276,on bike mount,cyclo cross,True,concrete plates,good
7acf96cb-a7cd-4435-850a-014bb55cd114,44cfcd09-9322-4a15-abff-df24912b9125,e7620282-81c5-4946-90bf-1c9dfae5f30f,1635690743012,13.3908985,52.4766031,6.2209225,-0.88934064,-2.27531,-0.40007782,on bike mount,cyclo cross,True,concrete plates,good
7acf96cb-a7cd-4435-850a-014bb55cd114,44cfcd09-9322-4a15-abff-df24912b9125,a33ab97c-c5ce-433c-8c44-2aab3ef99296,1635690743062,13.3908985,52.4766031,6.2209225,0.21340013,0.30456042,-2.2687135,on bike mount,cyclo cross,True,concrete plates,good
7acf96cb-a7cd-4435-850a-014bb55cd114,44cfcd09-9322-4a15-abff-df24912b9125,61676398-4f6d-4491-b3ea-40d60aa63b42,1635690743112,13.3908985,52.4766031,6.2209225,2.0823479,2.4055471,-1.3451538,on bike mount,cyclo cross,True,concrete plates,good
7acf96cb-a7cd-4435-850a-014bb55cd114,44cfcd09-9322-4a15-abff-df24912b9125,ad52f845-f579-4443-b82b-ff36c74eaad2,1635690743163,13.3908985,52.4766031,6.2209225,-1.9276564,-2.7298913,-1.342114,on bike mount,cyclo cross,True,concrete plates,good
7acf96cb-a7cd-4435-850a-014bb55cd114,44cfcd09-9322-4a15-abff-df24912b9125,3ed43921-1eac-4f31-899d-aae55fbf0ea8,1635690743216,13.3908985,52.4766031,6.2209225,1.4607037,-2.0567667,1.9413347,on bike mount,cyclo cross,True,concrete plates,good
7acf96cb-a7cd-4435-850a-014bb55cd114,44cfcd09-9322-4a15-abff-df24912b9125,ecb04ad8-ba8c-413d-83ff-be37bc4f80eb,1635690743280,13.3908985,52.4766031,6.2209225,1.5999036,0.63269997,-2.7818804,on bike mount,cyclo cross,True,concrete plates,good
7acf96cb-a7cd-4435-850a-014bb55cd114,44cfcd09-9322-4a15-abff-df24912b9125,7cc8c502-ba6b-480a-9783-c3846b7ff602,1635690743330,13.3908985,52.4766031,6.2209225,-0.8088375,-0.5818763,-0.31244373,on bike mount,cyclo cross,True,concrete plates,good
7acf96cb-a7cd-4435-850a-014bb55cd114,44cfcd09-9322-4a15-abff-df24912b9125,4650ad01-8380-471e-aa56-839b36a82e93,1635690743381,13.3908985,52.4766031,6.2209225,0.31285185,-1.6309665,-0.5338125,on bike mount,cyclo cross,True,concrete plates,good
7acf96cb-a7cd-4435-850a-014bb55cd114,44cfcd09-9322-4a15-abff-df24912b9125,4c4bc7ca-c494-4d13-955a-4f96a23029bb,1635690743447,13.3908985,52.4766031,6.2209225,-2.0934675,-2.5534499,0.6826687,on bike mount,cyclo cross,True,concrete plates,good
7acf96cb-a7cd-4435-850a-014bb55cd114,44cfcd09-9322-4a15-abff-df24912b9125,59d37784-561d-48b5-88f2-05ea72be513a,1635690743498,13.3908985,52.4766031,6.2209225,1.2343633,-2.788649,-0.3999138,on bike mount,cyclo cross,True,concrete plates,good
7acf96cb-a7cd-4435-850a-014bb55cd114,44cfcd09-9322-4a15-abff-df24912b9125,5129a875-4cb8-406b-a22c-ef5c8a2df675,1635690743547,13.3908985,52.4766031,6.2209225,-3.1642656,1.3870835,0.19262218,on bike mount,cyclo cross,True,concrete plates,good
7acf96cb-a7cd-4435-850a-014bb55cd114,44cfcd09-9322-4a15-abff-df24912b9125,16985137-4db0-4e74-aa6c-a134221dce37,1635690743597,13.3908985,52.4766031,6.2209225,6.6882052,3.001011,-0.24333668,on bike mount,cyclo cross,True,concrete plates,good
7acf96cb-a7cd-4435-850a-014bb55cd114,44cfcd09-9322-4a15-abff-df24912b9125,47203187-f0ce-433c-81b7-0bbcabf63d07,1635690743648,13.3908985,52.4766031,6.2209225,0.1867132,-1.463514,-1.3282571,on bike mount,cyclo cross,True,concrete plates,good
7acf96cb-a7cd-4435-850a-014bb55cd114,44cfcd09-9322-4a15-abff-df24912b9125,5647145f-896c-4eac-b18c-84846f8b26de,1635690743700,13.3908732,52.476551,5.7505774,-1.893795,0.10512304,1.0954094,on bike mount,cyclo cross,True,concrete plates,good
7acf96cb-a7cd-4435-850a-014bb55cd114,44cfcd09-9322-4a15-abff-df24912b9125,895f93db-ce6a-4ad2-9c2f-39e3707a002e,1635690743763,13.3908732,52.476551,5.7505774,1.4824268,0.34470153,-1.8957548,on bike mount,cyclo cross,True,concrete plates,good
7acf96cb-a7cd-4435-850a-014bb55cd114,44cfcd09-9322-4a15-abff-df24912b9125,65b19d47-5806-48ba-8c0c-7375b5f87edc,1635690743815,13.3908732,52.476551,5.7505774,-0.45277882,-2.3415663,2.1815262,on bike mount,cyclo cross,True,concrete plates,good
7acf96cb-a7cd-4435-850a-014bb55cd114,44cfcd09-9322-4a15-abff-df24912b9125,7836732c-d322-4f28-a8fc-2e145ac5569d,1635690743880,13.3908732,52.476551,5.7505774,1.7644212,2.6181846,-0.6644449,on bike mount,cyclo cross,True,concrete plates,good
7acf96cb-a7cd-4435-850a-014bb55cd114,44cfcd09-9322-4a15-abff-df24912b9125,ca1ca76e-9fba-4023-98ef-da18d6e44676,1635690743930,13.3908732,52.476551,5.7505774,-0.6500364,-2.0220942,1.1979637,on bike mount,cyclo cross,True,concrete plates,good
7acf96cb-a7cd-4435-850a-014bb55cd114,44cfcd09-9322-4a15-abff-df24912b9125,f6f1dd0b-f7ca-4d08-b722-5275d34db557,1635690743981,13.3908732,52.476551,5.7505774,-0.87184596,-2.4007757,-0.6545801,on bike mount,cyclo cross,True,concrete plates,good
7acf96cb-a7cd-4435-850a-014bb55cd114,44cfcd09-9322-4a15-abff-df24912b9125,1d136e82-abec-4f78-bd73-7ab530fbfeb4,1635690744031,13.3908732,52.476551,5.7505774,-0.007050842,2.8398,-1.957663,on bike mount,cyclo cross,True,concrete plates,good
7acf96cb-a7cd-4435-850a-014bb55cd114,44cfcd09-9322-4a15-abff-df24912b9125,6a5734b6-2b6d-4a9a-8080-817f56105958,1635690744082,13.3908732,52.476551,5.7505774,-1.8038785,0.3961103,1.1782522,on bike mount,cyclo cross,True,concrete plates,good
7acf96cb-a7cd-4435-850a-014bb55cd114,44cfcd09-9322-4a15-abff-df24912b9125,f2f5fc43-6c07-4679-b60c-d91d5b30df66,1635690744134,13.3908732,52.476551,5.7505774,-0.13331568,-4.492848,4.6126976,on bike mount,cyclo cross,True,concrete plates,good
7acf96cb-a7cd-4435-850a-014bb55cd114,44cfcd09-9322-4a15-abff-df24912b9125,a7423c59-ae28-4d35-8478-be8e5009b6f1,1635690744198,13.3908732,52.476551,5.7505774,3.134253,0.7305136,2.0345793,on bike mount,cyclo cross,True,concrete plates,good
7acf96cb-a7cd-4435-850a-014bb55cd114,44cfcd09-9322-4a15-abff-df24912b9125,1810323f-aa3a-4a61-afc8-45629b6c93d7,1635690744248,13.3908732,52.476551,5.7505774,-2.3262453,3.4695988,-2.5629811,on bike mount,cyclo cross,True,concrete plates,good
7acf96cb-a7cd-4435-850a-014bb55cd114,44cfcd09-9322-4a15-abff-df24912b9125,0757e7e8-6e75-4c0e-9077-6bd4bc5fdb8a,1635690744299,13.3908732,52.476551,5.7505774,-1.837705,0.41122818,-0.269845,on bike mount,cyclo cross,True,concrete plates,good
7acf96cb-a7cd-4435-850a-014bb55cd114,44cfcd09-9322-4a15-abff-df24912b9125,fedcb865-78b0-4b4c-a38c-3ecfbca57c31,1635690744348,13.3908732,52.476551,5.7505774,1.3262228,-0.10602856,0.65188885,on bike mount,cyclo cross,True,concrete plates,good
7acf96cb-a7cd-4435-850a-014bb55cd114,44cfcd09-9322-4a15-abff-df24912b9125,86b88125-b215-45ec-a208-2474653d26dd,1635690744399,13.3908732,52.476551,5.7505774,0.22630808,-0.025245667,0.052859306,on bike mount,cyclo cross,True,concrete plates,good
7acf96cb-a7cd-4435-850a-014bb55cd114,44cfcd09-9322-4a15-abff-df24912b9125,74c4d18b-7b1c-4d1f-883d-5654d2d05afc,1635690744465,13.3908732,52.476551,5.7505774,2.070938,-0.11771989,-2.0684776,on bike mount,cyclo cross,True,concrete plates,good
7acf96cb-a7cd-4435-850a-014bb55cd114,44cfcd09-9322-4a15-abff-df24912b9125,1324f834-10bc-43ef-8c86-d4c447b0b1ce,1635690744517,13.3908732,52.476551,5.7505774,0.4624491,-1.7576934,1.6844902,on bike mount,cyclo cross,True,concrete plates,good
7acf96cb-a7cd-4435-850a-014bb55cd114,44cfcd09-9322-4a15-abff-df24912b9125,9ac904bc-3b66-42e1-8ab2-67342c624c78,1635690744582,13.3908732,52.476551,5.7505774,0.67065537,0.04343033,1.6212397,on bike mount,cyclo cross,True,concrete plates,good
7acf96cb-a7cd-4435-850a-014bb55cd114,44cfcd09-9322-4a15-abff-df24912b9125,31c9587c-4727-41af-b115-1b45231d7858,1635690744632,13.3908732,52.476551,5.7505774,0.06572655,-1.3905046,0.83691597,on bike mount,cyclo cross,True,concrete plates,good
7acf96cb-a7cd-4435-850a-014bb55cd114,44cfcd09-9322-4a15-abff-df24912b9125,057621da-f4c9-4944-8d0d-69c6cad5be8c,1635690744684,13.3908579,52.476502,5.801209,0.43731213,-0.67403436,2.0864143,on bike mount,cyclo cross,True,concrete plates,good
7acf96cb-a7cd-4435-850a-014bb55cd114,44cfcd09-9322-4a15-abff-df24912b9125,6e007bac-0c11-4e7d-aac4-b1becc4cecf6,1635690744734,13.3908579,52.476502,5.801209,0.08377671,-1.0396566,-2.0646806,on bike mount,cyclo cross,True,concrete plates,good
7acf96cb-a7cd-4435-850a-014bb55cd114,44cfcd09-9322-4a15-abff-df24912b9125,47507581-a2b2-4b1b-bfbc-8df2c36e624c,1635690744784,13.3908579,52.476502,5.801209,2.9147513,-6.989136,4.233181,on bike mount,cyclo cross,True,concrete plates,good
7acf96cb-a7cd-4435-850a-014bb55cd114,44cfcd09-9322-4a15-abff-df24912b9125,5dc44423-6d3a-4075-a207-a9fd5a26464b,1635690744835,13.3908579,52.476502,5.801209,-0.8749174,2.5385299,-0.6670418,on bike mount,cyclo cross,True,concrete plates,good
7acf96cb-a7cd-4435-850a-014bb55cd114,44cfcd09-9322-4a15-abff-df24912b9125,70477c81-b6c5-4826-b4ff-0ee1b1f43bd2,1635690744899,13.3908579,52.476502,5.801209,2.7050133,0.8495779,-3.201438,on bike mount,cyclo cross,True,concrete plates,good
7acf96cb-a7cd-4435-850a-014bb55cd114,44cfcd09-9322-4a15-abff-df24912b9125,77ede568-facd-4297-993f-f32ab8f90305,1635690744949,13.3908579,52.476502,5.801209,3.2759652,-0.7340131,0.47417355,on bike mount,cyclo cross,True,concrete plates,good
7acf96cb-a7cd-4435-850a-014bb55cd114,44cfcd09-9322-4a15-abff-df24912b9125,964f5452-3b59-45d1-b118-bd2ae24f5fef,1635690745000,13.3908579,52.476502,5.801209,-5.438031,1.0497942,-0.6389961,on bike mount,cyclo cross,True,concrete plates,good
7acf96cb-a7cd-4435-850a-014bb55cd114,44cfcd09-9322-4a15-abff-df24912b9125,01cd2401-febb-4991-a248-c6596422c15a,1635690745050,13.3908579,52.476502,5.801209,-0.62507087,-5.0060263,-1.2119832,on bike mount,cyclo cross,True,concrete plates,good
7acf96cb-a7cd-4435-850a-014bb55cd114,44cfcd09-9322-4a15-abff-df24912b9125,bfc12d1a-ded3-4724-b673-6d9c746c6285,1635690745101,13.3908579,52.476502,5.801209,1.410851,3.434105,-5.837415,on bike mount,cyclo cross,True,concrete plates,good
7acf96cb-a7cd-4435-850a-014bb55cd114,44cfcd09-9322-4a15-abff-df24912b9125,9a0e8e3c-2ae2-4aae-bd22-88c65af80142,1635690745150,13.3908579,52.476502,5.801209,-1.2421625,-0.06340504,-0.71353245,on bike mount,cyclo cross,True,concrete plates,good
7acf96cb-a7cd-4435-850a-014bb55cd114,44cfcd09-9322-4a15-abff-df24912b9125,87cb60b6-0a7a-4db4-88ab-7cda4928d23b,1635690745200,13.3908579,52.476502,5.801209,0.11557089,2.4824839,0.2778902,on bike mount,cyclo cross,True,concrete plates,good
7acf96cb-a7cd-4435-850a-014bb55cd114,44cfcd09-9322-4a15-abff-df24912b9125,93d70051-ba3c-46a6-a2f2-503f54c1b22a,1635690745252,13.3908579,52.476502,5.801209,0.5701629,0.4640906,2.665495,on bike mount,cyclo cross,True,concrete plates,good
7acf96cb-a7cd-4435-850a-014bb55cd114,44cfcd09-9322-4a15-abff-df24912b9125,d48d7307-c90d-4030-a207-04ec7a6cdc24,1635690745317,13.3908579,52.476502,5.801209,0.2804566,-0.009120703,-2.4333992,on bike mount,cyclo cross,True,concrete plates,good
7acf96cb-a7cd-4435-850a-014bb55cd114,44cfcd09-9322-4a15-abff-df24912b9125,b9bbd415-91e3-49f5-8b4d-f0f861f28d2e,1635690745367,13.3908579,52.476502,5.801209,-2.0620081,-0.5464692,1.1676941,on bike mount,cyclo cross,True,concrete plates,good
7acf96cb-a7cd-4435-850a-014bb55cd114,44cfcd09-9322-4a15-abff-df24912b9125,a97bdd18-7765-4748-a0b4-f13f39afebff,1635690745420,13.3908579,52.476502,5.801209,0.22584933,-1.6836592,-0.20549583,on bike mount,cyclo cross,True,concrete plates,good
7acf96cb-a7cd-4435-850a-014bb55cd114,44cfcd09-9322-4a15-abff-df24912b9125,0749c0e1-82e2-4575-91e7-61d6596a0cfc,1635690745485,13.3908579,52.476502,5.801209,-1.0095568,2.1787198,-2.5759606,on bike mount,cyclo cross,True,concrete plates,good
7acf96cb-a7cd-4435-850a-014bb55cd114,44cfcd09-9322-4a15-abff-df24912b9125,5037bdc9-4847-4e03-a4c7-20a3e5c38b39,1635690745537,13.3908579,52.476502,5.801209,-1.4864239,5.992674,-0.43405247,on bike mount,cyclo cross,True,concrete plates,good
7acf96cb-a7cd-4435-850a-014bb55cd114,44cfcd09-9322-4a15-abff-df24912b9125,75746246-c380-4180-87f0-e8362af14569,1635690745588,13.3908579,52.476502,5.801209,-1.5603721,-1.1349885,0.13256645,on bike mount,cyclo cross,True,concrete plates,good
7acf96cb-a7cd-4435-850a-014bb55cd114,44cfcd09-9322-4a15-abff-df24912b9125,35d7bd48-728f-4ca7-9ef0-b0b7607b0d0e,1635690745652,13.3908579,52.476502,5.801209,1.3553196,1.8438125,-2.1027803,on bike mount,cyclo cross,True,concrete plates,good
7acf96cb-a7cd-4435-850a-014bb55cd114,44cfcd09-9322-4a15-abff-df24912b9125,ab4760e2-706c-4394-a360-48d082deeaf8,1635690745703,13.3908225,52.4764518,6.115415,-0.5296452,-1.5549643,1.063242,on bike mount,cyclo cross,True,concrete plates,good
7acf96cb-a7cd-4435-850a-014bb55cd114,44cfcd09-9322-4a15-abff-df24912b9125,5c4b3c46-693c-4dca-b6d9-2f6100b57943,1635690745769,13.3908225,52.4764518,6.115415,2.784021,-0.29599595,1.7783594,on bike mount,cyclo cross,True,concrete plates,good
7acf96cb-a7cd-4435-850a-014bb55cd114,44cfcd09-9322-4a15-abff-df24912b9125,261f2a57-ff70-4a46-933d-d1db875f131d,1635690745819,13.3908225,52.4764518,6.115415,-1.0320265,-0.70888615,-0.7516775,on bike mount,cyclo cross,True,concrete plates,good
7acf96cb-a7cd-4435-850a-014bb55cd114,44cfcd09-9322-4a15-abff-df24912b9125,3be117cd-8b1f-4426-aeca-454840a148f6,1635690745886,13.3908225,52.4764518,6.115415,0.8946774,-0.3727827,-0.22154617,on bike mount,cyclo cross,True,concrete plates,good
7acf96cb-a7cd-4435-850a-014bb55cd114,44cfcd09-9322-4a15-abff-df24912b9125,98377e2a-7059-4abf-8dc9-b67e59b34357,1635690745935,13.3908225,52.4764518,6.115415,0.10954225,-2.624995,-0.76984787,on bike mount,cyclo cross,True,concrete plates,good
7acf96cb-a7cd-4435-850a-014bb55cd114,44cfcd09-9322-4a15-abff-df24912b9125,decd12e7-dc91-4e99-85fa-8ab9d8ddedb7,1635690745985,13.3908225,52.4764518,6.115415,-0.7365005,1.6175361,1.5089884,on bike mount,cyclo cross,True,concrete plates,good
7acf96cb-a7cd-4435-850a-014bb55cd114,44cfcd09-9322-4a15-abff-df24912b9125,56ef9368-d8fc-45ab-bf4c-91ae54742158,1635690746036,13.3908225,52.4764518,6.115415,1.0561447,2.4484625,-1.8490329,on bike mount,cyclo cross,True,concrete plates,good
7acf96cb-a7cd-4435-850a-014bb55cd114,44cfcd09-9322-4a15-abff-df24912b9125,41473dda-79c3-4e32-a6c9-fee427f0384c,1635690746086,13.3908225,52.4764518,6.115415,0.5960669,-0.45913196,-0.09181976,on bike mount,cyclo cross,True,concrete plates,good
7acf96cb-a7cd-4435-850a-014bb55cd114,44cfcd09-9322-4a15-abff-df24912b9125,dea2e3e2-d3de-488b-84a4-b0d32003d476,1635690746138,13.3908225,52.4764518,6.115415,-2.0810475,0.9509859,-3.4768724,on bike mount,cyclo cross,True,concrete plates,good
7acf96cb-a7cd-4435-850a-014bb55cd114,44cfcd09-9322-4a15-abff-df24912b9125,cd831af7-65fd-46e3-8183-87275a4aade9,1635690746202,13.3908225,52.4764518,6.115415,1.7313545,-2.7328386,0.37772655,on bike mount,cyclo cross,True,concrete plates,good
7acf96cb-a7cd-4435-850a-014bb55cd114,44cfcd09-9322-4a15-abff-df24912b9125,fa8081cf-3b67-4c0f-8abb-b28f4ccb5079,1635690746253,13.3908225,52.4764518,6.115415,-0.24093027,1.3316493,-0.41409016,on bike mount,cyclo cross,True,concrete plates,good
7acf96cb-a7cd-4435-850a-014bb55cd114,44cfcd09-9322-4a15-abff-df24912b9125,ea3b2e6a-f411-4b47-a569-f88ec7cb93f9,1635690746303,13.3908225,52.4764518,6.115415,-2.3920395,-3.227898,0.59154415,on bike mount,cyclo cross,True,concrete plates,good
7acf96cb-a7cd-4435-850a-014bb55cd114,44cfcd09-9322-4a15-abff-df24912b9125,f296f7d5-d6f0-436c-a1ee-9d5d08df23e6,1635690746353,13.3908225,52.4764518,6.115415,0.50883585,1.1412618,0.6135874,on bike mount,cyclo cross,True,concrete plates,good
7acf96cb-a7cd-4435-850a-014bb55cd114,44cfcd09-9322-4a15-abff-df24912b9125,38ce187b-d0a2-4c0e-a577-751983b9511f,1635690746404,13.3908225,52.4764518,6.115415,0.014856309,0.7058654,0.020273209,on bike mount,cyclo cross,True,concrete plates,good
7acf96cb-a7cd-4435-850a-014bb55cd114,44cfcd09-9322-4a15-abff-df24912b9125,b0851ce1-e982-4264-a7be-963dfa32ca6a,1635690746453,13.3908225,52.4764518,6.115415,-0.7789831,-4.2271376,-2.1037455,on bike mount,cyclo cross,True,concrete plates,good
7acf96cb-a7cd-4435-850a-014bb55cd114,44cfcd09-9322-4a15-abff-df24912b9125,20540fc7-82ab-43d4-a329-b0888acfcfc9,1635690746505,13.3908225,52.4764518,6.115415,0.22163846,-1.1287686,0.3651247,on bike mount,cyclo cross,True,concrete plates,good
7acf96cb-a7cd-4435-850a-014bb55cd114,44cfcd09-9322-4a15-abff-df24912b9125,a7b28a27-5aca-41ab-a56f-9962b99889f8,1635690746556,13.3908225,52.4764518,6.115415,0.0057212114,1.0570366,-1.0390673,on bike mount,cyclo cross,True,concrete plates,good
7acf96cb-a7cd-4435-850a-014bb55cd114,44cfcd09-9322-4a15-abff-df24912b9125,2b169926-53a0-4b37-b68d-9d12621354e2,1635690746622,13.3908225,52.4764518,6.115415,1.4976245,-0.59497976,1.0417776,on bike mount,cyclo cross,True,concrete plates,good
7acf96cb-a7cd-4435-850a-014bb55cd114,44cfcd09-9322-4a15-abff-df24912b9125,7607820b-4fe2-4385-8ea8-6dfde8bbf536,1635690746674,13.3908225,52.4764518,6.115415,-0.5453477,2.3768127,1.9665241,on bike mount,cyclo cross,True,concrete plates,good
7acf96cb-a7cd-4435-850a-014bb55cd114,44cfcd09-9322-4a15-abff-df24912b9125,a82230f4-bfab-4cb4-9289-d362c766e921,1635690746739,13.3907857,52.4764027,6.060211,0.38737753,-2.4987192,-0.8215809,on bike mount,cyclo cross,True,concrete plates,good
7acf96cb-a7cd-4435-850a-014bb55cd114,44cfcd09-9322-4a15-abff-df24912b9125,37b43f95-1b08-46d3-9082-f6fb2de21d30,1635690746788,13.3907857,52.4764027,6.060211,0.81170034,1.6379542,-3.4379783,on bike mount,cyclo cross,True,concrete plates,good
7acf96cb-a7cd-4435-850a-014bb55cd114,44cfcd09-9322-4a15-abff-df24912b9125,6f6a0c69-22a4-4da6-be17-4f3c893d98eb,1635690746842,13.3907857,52.4764027,6.060211,1.4686027,3.5628695,-7.1261454,on bike mount,cyclo cross,True,concrete plates,good
7acf96cb-a7cd-4435-850a-014bb55cd114,44cfcd09-9322-4a15-abff-df24912b9125,1312cee1-d0b8-4a38-ab53-e673b1e354b3,1635690746905,13.3907857,52.4764027,6.060211,0.837427,0.71605825,2.9152079,on bike mount,cyclo cross,True,concrete plates,good
7acf96cb-a7cd-4435-850a-014bb55cd114,44cfcd09-9322-4a15-abff-df24912b9125,dd5ccd35-a5a8-4499-8f4c-b93747b6fbc1,1635690746956,13.3907857,52.4764027,6.060211,-0.02994886,-1.2206103,3.9504118,on bike mount,cyclo cross,True,concrete plates,good
7acf96cb-a7cd-4435-850a-014bb55cd114,44cfcd09-9322-4a15-abff-df24912b9125,cbe2fc90-1f87-41e0-91d9-521d4fc19527,1635690747022,13.3907857,52.4764027,6.060211,1.9133115,-0.9878905,3.0964956,on bike mount,cyclo cross,True,concrete plates,good
7acf96cb-a7cd-4435-850a-014bb55cd114,44cfcd09-9322-4a15-abff-df24912b9125,36dc5e86-8763-41d4-bb23-751bb93b6082,1635690747074,13.3907857,52.4764027,6.060211,-0.38387465,1.0818429,-0.4465289,on bike mount,cyclo cross,True,concrete plates,good
7acf96cb-a7cd-4435-850a-014bb55cd114,44cfcd09-9322-4a15-abff-df24912b9125,89cac778-5b40-451f-8b09-64c4796de9c6,1635690747124,13.3907857,52.4764027,6.060211,0.3199085,0.09359217,0.16046715,on bike mount,cyclo cross,True,concrete plates,good
7acf96cb-a7cd-4435-850a-014bb55cd114,44cfcd09-9322-4a15-abff-df24912b9125,01ca48ce-2505-4fb2-90b4-65c71d617fed,1635690747174,13.3907857,52.4764027,6.060211,1.0333219,-3.3820295,1.8866987,on bike mount,cyclo cross,True,concrete plates,good
7acf96cb-a7cd-4435-850a-014bb55cd114,44cfcd09-9322-4a15-abff-df24912b9125,d5842e83-3647-4173-9437-2ac511dec977,1635690747240,13.3907857,52.4764027,6.060211,-0.10961777,-1.953531,2.0724554,on bike mount,cyclo cross,True,concrete plates,good
7acf96cb-a7cd-4435-850a-014bb55cd114,44cfcd09-9322-4a15-abff-df24912b9125,c8b4b35a-349a-48cb-8800-b27360792e0b,1635690747307,13.3907857,52.4764027,6.060211,-2.5952806,1.499202,0.06641579,on bike mount,cyclo cross,True,concrete plates,good
7acf96cb-a7cd-4435-850a-014bb55cd114,44cfcd09-9322-4a15-abff-df24912b9125,04580267-4386-4382-9628-ec483fce1644,1635690747372,13.3907857,52.4764027,6.060211,0.9867699,0.8441982,-0.2022829,on bike mount,cyclo cross,True,concrete plates,good
7acf96cb-a7cd-4435-850a-014bb55cd114,44cfcd09-9322-4a15-abff-df24912b9125,15b23126-0507-4669-bc21-5804587bfccf,1635690747424,13.3907857,52.4764027,6.060211,0.3207327,-0.31248665,0.8558769,on bike mount,cyclo cross,True,concrete plates,good
7acf96cb-a7cd-4435-850a-014bb55cd114,44cfcd09-9322-4a15-abff-df24912b9125,97729bb2-8dd8-4ac1-8070-ee0962c456d2,1635690747475,13.3907857,52.4764027,6.060211,-0.3858362,0.098454475,1.7581291,on bike mount,cyclo cross,True,concrete plates,good
7acf96cb-a7cd-4435-850a-014bb55cd114,44cfcd09-9322-4a15-abff-df24912b9125,801ccf97-fe50-4ebd-bed9-7218cf4742a3,1635690747541,13.3907857,52.4764027,6.060211,0.75184894,-1.8721691,-0.72615623,on bike mount,cyclo cross,True,concrete plates,good
7acf96cb-a7cd-4435-850a-014bb55cd114,44cfcd09-9322-4a15-abff-df24912b9125,94ae47b4-76f3-46c0-9caa-70450dbdf458,1635690747596,13.3907857,52.4764027,6.060211,0.19354594,0.74708176,-0.28893852,on bike mount,cyclo cross,True,concrete plates,good
7acf96cb-a7cd-4435-850a-014bb55cd114,44cfcd09-9322-4a15-abff-df24912b9125,f8bf2be4-bb3c-4ee8-9285-a58d35e79896,1635690747659,13.3907857,52.4764027,6.060211,1.2214866,3.943934,-2.0620828,on bike mount,cyclo cross,True,concrete plates,good
7acf96cb-a7cd-4435-850a-014bb55cd114,44cfcd09-9322-4a15-abff-df24912b9125,be3f5db3-6ca7-4b5f-bcba-781b0ce62ac3,1635690747724,13.3907498,52.4763496,6.545918,-1.7259045,0.895807,-0.6545315,on bike mount,cyclo cross,True,concrete plates,good
7acf96cb-a7cd-4435-850a-014bb55cd114,44cfcd09-9322-4a15-abff-df24912b9125,dcc26c27-170e-453a-b625-7994d3d321fc,1635690747775,13.3907498,52.4763496,6.545918,-0.2043129,-1.9077044,1.3701143,on bike mount,cyclo cross,True,concrete plates,good
7acf96cb-a7cd-4435-850a-014bb55cd114,44cfcd09-9322-4a15-abff-df24912b9125,e290d5ab-4508-4b36-b05d-83d1d0943710,1635690747844,13.3907498,52.4763496,6.545918,0.78452235,2.155601,-0.18775558,on bike mount,cyclo cross,True,concrete plates,good
7acf96cb-a7cd-4435-850a-014bb55cd114,44cfcd09-9322-4a15-abff-df24912b9125,0a7d79fc-2a8e-4dca-920b-3c5361e79a00,1635690747908,13.3907498,52.4763496,6.545918,-0.3393535,-0.17570949,0.049913406,on bike mount,cyclo cross,True,concrete plates,good
7acf96cb-a7cd-4435-850a-014bb55cd114,44cfcd09-9322-4a15-abff-df24912b9125,af444367-a004-49db-a9d8-f1535dfcde39,1635690747959,13.3907498,52.4763496,6.545918,-0.80396575,-0.33941126,0.36277866,on bike mount,cyclo cross,True,concrete plates,good
7acf96cb-a7cd-4435-850a-014bb55cd114,44cfcd09-9322-4a15-abff-df24912b9125,f2702699-edb5-4733-8c4d-7b454d71bf1e,1635690748009,13.3907498,52.4763496,6.545918,0.089075744,0.86088634,1.8062325,on bike mount,cyclo cross,True,concrete plates,good
7acf96cb-a7cd-4435-850a-014bb55cd114,44cfcd09-9322-4a15-abff-df24912b9125,b174c069-4d8a-4912-86d8-a805064fed71,1635690748061,13.3907498,52.4763496,6.545918,-1.4720117,-1.1847594,-0.383152,on bike mount,cyclo cross,True,concrete plates,good
7acf96cb-a7cd-4435-850a-014bb55cd114,44cfcd09-9322-4a15-abff-df24912b9125,d1966de5-524b-4615-bb82-1d6abdc3b1bf,1635690748124,13.3907498,52.4763496,6.545918,1.8780324,-0.74422884,-0.6968336,on bike mount,cyclo cross,True,concrete plates,good
7acf96cb-a7cd-4435-850a-014bb55cd114,44cfcd09-9322-4a15-abff-df24912b9125,74383b4c-52a9-48a0-9fab-b9b4280f3b75,1635690748173,13.3907498,52.4763496,6.545918,-0.57683176,1.3388944,1.7416544,on bike mount,cyclo cross,True,concrete plates,good
7acf96cb-a7cd-4435-850a-014bb55cd114,44cfcd09-9322-4a15-abff-df24912b9125,b3bf3e00-e0cb-4a67-b63c-47491df45fc3,1635690748223,13.3907498,52.4763496,6.545918,0.596913,-0.15414739,1.0972443,on bike mount,cyclo cross,True,concrete plates,good
7acf96cb-a7cd-4435-850a-014bb55cd114,44cfcd09-9322-4a15-abff-df24912b9125,abe2cadd-7e48-4744-bf3b-7025afde155b,1635690748274,13.3907498,52.4763496,6.545918,0.49199593,3.2247405,-0.5183382,on bike mount,cyclo cross,True,concrete plates,good
7acf96cb-a7cd-4435-850a-014bb55cd114,44cfcd09-9322-4a15-abff-df24912b9125,ad2ff27a-f543-454e-a6aa-613105eded70,1635690748326,13.3907498,52.4763496,6.545918,0.38867474,-1.6346742,6.437114,on bike mount,cyclo cross,True,concrete plates,good
7acf96cb-a7cd-4435-850a-014bb55cd114,44cfcd09-9322-4a15-abff-df24912b9125,e58fbd11-dc18-4243-9338-83fbcce820c2,1635690748378,13.3907498,52.4763496,6.545918,-0.54170555,0.5693543,0.10955238,on bike mount,cyclo cross,True,concrete plates,good
7acf96cb-a7cd-4435-850a-014bb55cd114,44cfcd09-9322-4a15-abff-df24912b9125,aae66830-8cf1-41b3-82e4-52d1e186a67e,1635690748428,13.3907498,52.4763496,6.545918,1.0310147,3.6160173,-5.766961,on bike mount,cyclo cross,True,concrete plates,good
7acf96cb-a7cd-4435-850a-014bb55cd114,44cfcd09-9322-4a15-abff-df24912b9125,cba230e6-2a85-4d1d-8f7d-ebd43e2b4358,1635690748493,13.3907498,52.4763496,6.545918,-2.6516623,-1.7972915,4.2849493,on bike mount,cyclo cross,True,concrete plates,good
7acf96cb-a7cd-4435-850a-014bb55cd114,44cfcd09-9322-4a15-abff-df24912b9125,88d8c318-3e02-4771-a20e-7d77be7b24f3,1635690748543,13.3907498,52.4763496,6.545918,-1.8732998,3.3077755,-1.0199032,on bike mount,cyclo cross,True,concrete plates,good
7acf96cb-a7cd-4435-850a-014bb55cd114,44cfcd09-9322-4a15-abff-df24912b9125,3f91f0b4-2287-4273-bc88-50c60202076b,1635690748593,13.3907498,52.4763496,6.545918,1.2862946,0.49342942,3.1526947,on bike mount,cyclo cross,True,concrete plates,good
7acf96cb-a7cd-4435-850a-014bb55cd114,44cfcd09-9322-4a15-abff-df24912b9125,887c2b04-808e-49bd-b06c-059d2ab3a19a,1635690748644,13.3907498,52.4763496,6.545918,1.4914234,-0.04444146,-3.9909184,on bike mount,cyclo cross,True,concrete plates,good
7acf96cb-a7cd-4435-850a-014bb55cd114,44cfcd09-9322-4a15-abff-df24912b9125,3ad7d88e-2d6e-41db-ad24-c4f0e4e6dccb,1635690748711,13.3907099,52.4762965,6.315274,-2.3938491,-2.0622702,5.1531496,on bike mount,cyclo cross,True,concrete plates,good
7acf96cb-a7cd-4435-850a-014bb55cd114,44cfcd09-9322-4a15-abff-df24912b9125,bd37f9a9-b658-4ed7-9c18-f22a693b255d,1635690748777,13.3907099,52.4762965,6.315274,-0.4673845,1.0335894,-0.42891312,on bike mount,cyclo cross,True,concrete plates,good
7acf96cb-a7cd-4435-850a-014bb55cd114,44cfcd09-9322-4a15-abff-df24912b9125,74a77564-3462-4db3-9bcc-30058301094b,1635690748842,13.3907099,52.4762965,6.315274,-2.876965,0.8118024,-2.0901203,on bike mount,cyclo cross,True,concrete plates,good
7acf96cb-a7cd-4435-850a-014bb55cd114,44cfcd09-9322-4a15-abff-df24912b9125,9226ff43-15f6-4e0d-827c-243317b58cc2,1635690748892,13.3907099,52.4762965,6.315274,-1.220208,-0.16507936,0.45876312,on bike mount,cyclo cross,True,concrete plates,good
7acf96cb-a7cd-4435-850a-014bb55cd114,44cfcd09-9322-4a15-abff-df24912b9125,acb4539a-b986-47eb-9bf8-554f64d754e6,1635690748944,13.3907099,52.4762965,6.315274,-1.1792233,0.85045195,-1.4394488,on bike mount,cyclo cross,True,concrete plates,good
7acf96cb-a7cd-4435-850a-014bb55cd114,44cfcd09-9322-4a15-abff-df24912b9125,16e6107c-b498-4236-970c-0dfdaef742f6,1635690748995,13.3907099,52.4762965,6.315274,0.042695254,-0.8736267,-1.5202017,on bike mount,cyclo cross,True,concrete plates,good
7acf96cb-a7cd-4435-850a-014bb55cd114,44cfcd09-9322-4a15-abff-df24912b9125,6fbf6001-2b3c-49fb-8609-d9c425bfbc11,1635690749061,13.3907099,52.4762965,6.315274,-0.15626532,-1.0866524,-1.2692223,on bike mount,cyclo cross,True,concrete plates,good
7acf96cb-a7cd-4435-850a-014bb55cd114,44cfcd09-9322-4a15-abff-df24912b9125,7abe31fd-fe18-47f6-8765-d57b3cce6c36,1635690749111,13.3907099,52.4762965,6.315274,-0.878363,-2.8130112,-1.5104675,on bike mount,cyclo cross,True,concrete plates,good
7acf96cb-a7cd-4435-850a-014bb55cd114,44cfcd09-9322-4a15-abff-df24912b9125,128e07af-ea23-4eee-854b-832ce96a5c29,1635690749164,13.3907099,52.4762965,6.315274,0.52441436,1.9946232,0.088591576,on bike mount,cyclo cross,True,concrete plates,good
7acf96cb-a7cd-4435-850a-014bb55cd114,44cfcd09-9322-4a15-abff-df24912b9125,28cef759-015a-4203-abba-d8c5ee8ddcfa,1635690749226,13.3907099,52.4762965,6.315274,-0.096090615,-0.27421212,-3.3527312,on bike mount,cyclo cross,True,concrete plates,good
7acf96cb-a7cd-4435-850a-014bb55cd114,44cfcd09-9322-4a15-abff-df24912b9125,6a0c1633-bb06-43a7-8bf2-81d1981d7208,1635690749277,13.3907099,52.4762965,6.315274,0.13366565,0.5575502,-1.7639546,on bike mount,cyclo cross,True,concrete plates,good
7acf96cb-a7cd-4435-850a-014bb55cd114,44cfcd09-9322-4a15-abff-df24912b9125,db095ef2-a978-4c0c-97ac-03e24db5b3f5,1635690749326,13.3907099,52.4762965,6.315274,-0.7238252,-4.450509,-2.1456232,on bike mount,cyclo cross,True,concrete plates,good
7acf96cb-a7cd-4435-850a-014bb55cd114,44cfcd09-9322-4a15-abff-df24912b9125,10dbf868-b80f-40c6-9e16-3d1538915fdb,1635690749377,13.3907099,52.4762965,6.315274,0.85251284,-0.15810132,-2.112197,on bike mount,cyclo cross,True,concrete plates,good
7acf96cb-a7cd-4435-850a-014bb55cd114,44cfcd09-9322-4a15-abff-df24912b9125,f4c5193d-63f3-455e-99ab-15cb5f9b3a4b,1635690749428,13.3907099,52.4762965,6.315274,-3.31214,2.3077579,-1.940949,on bike mount,cyclo cross,True,concrete plates,good
7acf96cb-a7cd-4435-850a-014bb55cd114,44cfcd09-9322-4a15-abff-df24912b9125,accb10ef-93fc-43b9-9dae-3ec5b3584cd9,1635690749479,13.3907099,52.4762965,6.315274,2.1660445,-3.030294,3.3635912,on bike mount,cyclo cross,True,concrete plates,good
7acf96cb-a7cd-4435-850a-014bb55cd114,44cfcd09-9322-4a15-abff-df24912b9125,289c603d-95c7-42f2-9421-27f5bf9da55f,1635690749544,13.3907099,52.4762965,6.315274,-1.3368597,0.95517826,1.6663132,on bike mount,cyclo cross,True,concrete plates,good
7acf96cb-a7cd-4435-850a-014bb55cd114,44cfcd09-9322-4a15-abff-df24912b9125,9503dbbf-7821-44c9-9fab-212f229c76a4,1635690749595,13.3907099,52.4762965,6.315274,0.44152528,0.84293795,-1.4087324,on bike mount,cyclo cross,True,concrete plates,good
7acf96cb-a7cd-4435-850a-014bb55cd114,44cfcd09-9322-4a15-abff-df24912b9125,df0332f0-5b59-43c3-b23f-913cd7af9384,1635690749665,13.3907099,52.4762965,6.315274,-1.3251156,-6.3467975,21.237053,on bike mount,cyclo cross,True,concrete plates,good
7acf96cb-a7cd-4435-850a-014bb55cd114,44cfcd09-9322-4a15-abff-df24912b9125,e1242537-8974-4f12-92b5-22b48da5ac3f,1635690749728,13.3906754,52.4762448,6.392288,-1.3377566,0.2765274,1.9531507,on bike mount,cyclo cross,True,concrete plates,good
7acf96cb-a7cd-4435-850a-014bb55cd114,44cfcd09-9322-4a15-abff-df24912b9125,5c0d9ad4-301f-4b90-9126-4e584cae93d4,1635690749780,13.3906754,52.4762448,6.392288,2.0069244,-1.8639969,-1.6556177,on bike mount,cyclo cross,True,concrete plates,good
7acf96cb-a7cd-4435-850a-014bb55cd114,44cfcd09-9322-4a15-abff-df24912b9125,6debd444-0c33-4eb4-a99a-95cc9416a195,1635690749845,13.3906754,52.4762448,6.392288,1.909594,-3.3009582,-5.2234797,on bike mount,cyclo cross,True,concrete plates,good
7acf96cb-a7cd-4435-850a-014bb55cd114,44cfcd09-9322-4a15-abff-df24912b9125,c700e4cb-5a74-4f10-b0e2-df1fac4cd131,1635690749897,13.3906754,52.4762448,6.392288,-0.60253024,-3.4180722,4.1703844,on bike mount,cyclo cross,True,concrete plates,good
7acf96cb-a7cd-4435-850a-014bb55cd114,44cfcd09-9322-4a15-abff-df24912b9125,19d7d2fd-6408-4a45-a0e3-34dee73aa584,1635690749949,13.3906754,52.4762448,6.392288,1.0142286,-0.40317106,0.41004848,on bike mount,cyclo cross,True,concrete plates,good
7acf96cb-a7cd-4435-850a-014bb55cd114,44cfcd09-9322-4a15-abff-df24912b9125,67d7d3e5-2a67-4129-905a-31bb4db74b1d,1635690750012,13.3906754,52.4762448,6.392288,-0.583326,-0.58361506,1.5180054,on bike mount,cyclo cross,True,concrete plates,good
7acf96cb-a7cd-4435-850a-014bb55cd114,44cfcd09-9322-4a15-abff-df24912b9125,0b989962-e0fb-4b85-95b2-e55724f71abf,1635690750063,13.3906754,52.4762448,6.392288,-0.34863678,2.0210009,1.1070089,on bike mount,cyclo cross,True,concrete plates,good
7acf96cb-a7cd-4435-850a-014bb55cd114,44cfcd09-9322-4a15-abff-df24912b9125,11cca0f2-7541-477c-9d31-23a4a30b0a64,1635690750115,13.3906754,52.4762448,6.392288,0.7241174,-0.47479773,1.3234262,on bike mount,cyclo cross,True,concrete plates,good
7acf96cb-a7cd-4435-850a-014bb55cd114,44cfcd09-9322-4a15-abff-df24912b9125,2ab87c22-e7bb-4e8e-9589-6e637ca43e4e,1635690750180,13.3906754,52.4762448,6.392288,-0.4979289,0.86870956,1.7757101,on bike mount,cyclo cross,True,concrete plates,good
7acf96cb-a7cd-4435-850a-014bb55cd114,44cfcd09-9322-4a15-abff-df24912b9125,f24ea947-d285-4229-b4be-7a753ed8a70e,1635690750232,13.3906754,52.4762448,6.392288,0.18897462,-1.1805255,0.8669939,on bike mount,cyclo cross,True,concrete plates,good
7acf96cb-a7cd-4435-850a-014bb55cd114,44cfcd09-9322-4a15-abff-df24912b9125,ef9db30f-bec2-4546-bed7-167c222457c8,1635690750297,13.3906754,52.4762448,6.392288,-0.14264068,-0.87049365,1.7723131,on bike mount,cyclo cross,True,concrete plates,good
7acf96cb-a7cd-4435-850a-014bb55cd114,44cfcd09-9322-4a15-abff-df24912b9125,1a0df022-6fcf-45a2-81c0-2b8338afa4fc,1635690750348,13.3906754,52.4762448,6.392288,-0.90094256,2.1858673,1.3645086,on bike mount,cyclo cross,True,concrete plates,good
7acf96cb-a7cd-4435-850a-014bb55cd114,44cfcd09-9322-4a15-abff-df24912b9125,bdae3c8d-1881-4ccf-b05d-1f37f0edc0a0,1635690750399,13.3906754,52.4762448,6.392288,-1.4190661,-1.5796889,0.3412733,on bike mount,cyclo cross,True,concrete plates,good
7acf96cb-a7cd-4435-850a-014bb55cd114,44cfcd09-9322-4a15-abff-df24912b9125,74c452de-3d24-4fed-ba97-f21a81bfa96e,1635690750463,13.3906754,52.4762448,6.392288,1.04227,6.083473,-3.4280937,on bike mount,cyclo cross,True,concrete plates,good
7acf96cb-a7cd-4435-850a-014bb55cd114,44cfcd09-9322-4a15-abff-df24912b9125,785f6f01-e7bb-438f-8bd5-25c168f6c484,1635690750514,13.3906754,52.4762448,6.392288,0.78661144,0.88718295,-1.9057951,on bike mount,cyclo cross,True,concrete plates,good
7acf96cb-a7cd-4435-850a-014bb55cd114,44cfcd09-9322-4a15-abff-df24912b9125,1045dc6d-3b3a-4269-a3f9-25bb8633eceb,1635690750581,13.3906754,52.4762448,6.392288,1.2052307,3.506422,-1.5633516,on bike mount,cyclo cross,True,concrete plates,good
7acf96cb-a7cd-4435-850a-014bb55cd114,44cfcd09-9322-4a15-abff-df24912b9125,8f9e62c2-d8f9-4460-b62a-f5c9424a2c9a,1635690750632,13.3906754,52.4762448,6.392288,-0.24304445,-2.9277472,1.7269859,on bike mount,cyclo cross,True,concrete plates,good
7acf96cb-a7cd-4435-850a-014bb55cd114,44cfcd09-9322-4a15-abff-df24912b9125,c3c3497a-6a68-4de3-b0d2-b1ba5151a9ac,1635690750683,13.3906432,52.4761887,6.4398417,1.979144,-1.8794367,-3.7975416,on bike mount,cyclo cross,True,concrete plates,good
7acf96cb-a7cd-4435-850a-014bb55cd114,44cfcd09-9322-4a15-abff-df24912b9125,26df58d3-032c-4a36-8b06-e64da0942ce7,1635690750746,13.3906432,52.4761887,6.4398417,-2.1762784,3.223998,1.6484241,on bike mount,cyclo cross,True,concrete plates,good
7acf96cb-a7cd-4435-850a-014bb55cd114,44cfcd09-9322-4a15-abff-df24912b9125,f82d1a4e-ff91-4195-b269-58fee45ad8ec,1635690750801,13.3906432,52.4761887,6.4398417,0.584108,-5.9019294,0.6941099,on bike mount,cyclo cross,True,concrete plates,good
7acf96cb-a7cd-4435-850a-014bb55cd114,44cfcd09-9322-4a15-abff-df24912b9125,f9217f61-0997-4204-9f09-d088dde98301,1635690750863,13.3906432,52.4761887,6.4398417,0.124242544,-4.1136503,0.95561314,on bike mount,cyclo cross,True,concrete plates,good
7acf96cb-a7cd-4435-850a-014bb55cd114,44cfcd09-9322-4a15-abff-df24912b9125,99b07f50-0e4d-4dd2-9ee7-44029a8e699a,1635690750913,13.3906432,52.4761887,6.4398417,-1.3285306,0.62336135,-1.2318835,on bike mount,cyclo cross,True,concrete plates,good
7acf96cb-a7cd-4435-850a-014bb55cd114,44cfcd09-9322-4a15-abff-df24912b9125,596b8179-90c5-4977-b503-93bc06a41ecd,1635690750963,13.3906432,52.4761887,6.4398417,-2.4715266,1.3929274,-1.5632887,on bike mount,cyclo cross,True,concrete plates,good
7acf96cb-a7cd-4435-850a-014bb55cd114,44cfcd09-9322-4a15-abff-df24912b9125,fc3d2bad-e4d2-4cf6-9d19-9d133949b7cc,1635690751013,13.3906432,52.4761887,6.4398417,1.6037176,1.3938732,-1.9553299,on bike mount,cyclo cross,True,concrete plates,good
7acf96cb-a7cd-4435-850a-014bb55cd114,44cfcd09-9322-4a15-abff-df24912b9125,85a66985-fc9c-4018-bbca-db93f6c5392b,1635690751064,13.3906432,52.4761887,6.4398417,0.7552782,-1.7274481,5.704048,on bike mount,cyclo cross,True,concrete plates,good
7acf96cb-a7cd-4435-850a-014bb55cd114,44cfcd09-9322-4a15-abff-df24912b9125,bb6c447c-bbb3-49ed-bed1-914f2c12deea,1635690751124,13.3906432,52.4761887,6.4398417,0.45582247,3.1955194,-0.10916996,on bike mount,cyclo cross,True,concrete plates,good
7acf96cb-a7cd-4435-850a-014bb55cd114,44cfcd09-9322-4a15-abff-df24912b9125,dd037e8c-a211-4cec-a487-351cc1aa4715,1635690751180,13.3906432,52.4761887,6.4398417,-0.30408967,1.2322087,-3.16335,on bike mount,cyclo cross,True,concrete plates,good
7acf96cb-a7cd-4435-850a-014bb55cd114,44cfcd09-9322-4a15-abff-df24912b9125,401ee0d6-ffc0-4b34-8fd1-561149d91239,1635690751232,13.3906432,52.4761887,6.4398417,-0.9607459,-0.4591012,-4.161293,on bike mount,cyclo cross,True,concrete plates,good
7acf96cb-a7cd-4435-850a-014bb55cd114,44cfcd09-9322-4a15-abff-df24912b9125,7bb2ad13-80d8-41e9-8169-ebcb696b44ae,1635690751282,13.3906432,52.4761887,6.4398417,0.14184868,0.033836365,2.9927673,on bike mount,cyclo cross,True,concrete plates,good
7acf96cb-a7cd-4435-850a-014bb55cd114,44cfcd09-9322-4a15-abff-df24912b9125,465a670b-dc98-4353-b069-7d9af6d38c75,1635690751331,13.3906432,52.4761887,6.4398417,-2.400601,7.339986,-3.149572,on bike mount,cyclo cross,True,concrete plates,good
7acf96cb-a7cd-4435-850a-014bb55cd114,44cfcd09-9322-4a15-abff-df24912b9125,cb490142-4364-4e4c-b0a0-8dc0bf103ba8,1635690751382,13.3906432,52.4761887,6.4398417,0.37887317,-2.333329,5.61075,on bike mount,cyclo cross,True,concrete plates,good
7acf96cb-a7cd-4435-850a-014bb55cd114,44cfcd09-9322-4a15-abff-df24912b9125,6cc3e6a4-3ff8-4b93-bc4f-af4aaf1ae58d,1635690751433,13.3906432,52.4761887,6.4398417,0.811223,0.59495664,-0.9903383,on bike mount,cyclo cross,True,concrete plates,good
7acf96cb-a7cd-4435-850a-014bb55cd114,44cfcd09-9322-4a15-abff-df24912b9125,dc821e5a-396f-45a8-bd41-05a11bb01ccb,1635690751500,13.3906432,52.4761887,6.4398417,0.29601163,-3.2261326,-0.81992435,on bike mount,cyclo cross,True,concrete plates,good
7acf96cb-a7cd-4435-850a-014bb55cd114,44cfcd09-9322-4a15-abff-df24912b9125,8e26058e-b916-40ef-8c77-2329d63c5bfa,1635690751552,13.3906432,52.4761887,6.4398417,1.5491107,0.6029668,-0.6379814,on bike mount,cyclo cross,True,concrete plates,good
7acf96cb-a7cd-4435-850a-014bb55cd114,44cfcd09-9322-4a15-abff-df24912b9125,e38962ac-3779-4023-bd36-3a2a4a7aeef6,1635690751617,13.3906432,52.4761887,6.4398417,0.7452501,-3.124969,2.4817848,on bike mount,cyclo cross,True,concrete plates,good
7acf96cb-a7cd-4435-850a-014bb55cd114,44cfcd09-9322-4a15-abff-df24912b9125,2cc26d90-9e5f-4f79-91db-366af388572b,1635690751684,13.3906432,52.4761887,6.4398417,1.118206,-2.0233228,-1.4117441,on bike mount,cyclo cross,True,concrete plates,good
7acf96cb-a7cd-4435-850a-014bb55cd114,44cfcd09-9322-4a15-abff-df24912b9125,fb5cacac-3638-49e1-a916-b003073152c3,1635690751733,13.3906113,52.4761339,6.4698153,0.6657341,-1.8789814,0.1904707,on bike mount,cyclo cross,True,concrete plates,good
7acf96cb-a7cd-4435-850a-014bb55cd114,44cfcd09-9322-4a15-abff-df24912b9125,f1dbe266-297a-4264-b268-e1851e290ba4,1635690751783,13.3906113,52.4761339,6.4698153,-0.06843543,-0.7931396,-1.1642284,on bike mount,cyclo cross,True,concrete plates,good
7acf96cb-a7cd-4435-850a-014bb55cd114,44cfcd09-9322-4a15-abff-df24912b9125,61503003-aa17-49b8-ab6e-e41438e23368,1635690751834,13.3906113,52.4761339,6.4698153,-0.17193091,-2.3314323,-1.9402986,on bike mount,cyclo cross,True,concrete plates,good
7acf96cb-a7cd-4435-850a-014bb55cd114,44cfcd09-9322-4a15-abff-df24912b9125,193f4c21-863b-4667-ab2a-cdd5237862a6,1635690751884,13.3906113,52.4761339,6.4698153,-1.374099,-2.2769551,2.919589,on bike mount,cyclo cross,True,concrete plates,good
7acf96cb-a7cd-4435-850a-014bb55cd114,44cfcd09-9322-4a15-abff-df24912b9125,2419675e-d708-474c-88a4-a6d0c00ef128,1635690751936,13.3906113,52.4761339,6.4698153,-0.60252136,1.3872108,-3.8338206,on bike mount,cyclo cross,True,concrete plates,good
7acf96cb-a7cd-4435-850a-014bb55cd114,44cfcd09-9322-4a15-abff-df24912b9125,5ea31084-6ee4-4411-8c50-865e1e6b341b,1635690752001,13.3906113,52.4761339,6.4698153,-0.6967915,4.8481274,-9.2759075,on bike mount,cyclo cross,True,concrete plates,good
7acf96cb-a7cd-4435-850a-014bb55cd114,44cfcd09-9322-4a15-abff-df24912b9125,0a32b5e8-4bb5-46eb-986b-743e18dfac7b,1635690752066,13.3906113,52.4761339,6.4698153,0.71624947,-4.740529,1.690815,on bike mount,cyclo cross,True,concrete plates,good
7acf96cb-a7cd-4435-850a-014bb55cd114,44cfcd09-9322-4a15-abff-df24912b9125,9dedc153-8c4d-4605-8d3f-a955fa882ac9,1635690752117,13.3906113,52.4761339,6.4698153,-2.2940495,-0.64442563,-0.20975494,on bike mount,cyclo cross,True,concrete plates,good
7acf96cb-a7cd-4435-850a-014bb55cd114,44cfcd09-9322-4a15-abff-df24912b9125,a166df6a-1102-4418-92ad-2f46b0d6d365,1635690752183,13.3906113,52.4761339,6.4698153,0.19159402,0.6315739,3.4253082,on bike mount,cyclo cross,True,concrete plates,good
7acf96cb-a7cd-4435-850a-014bb55cd114,44cfcd09-9322-4a15-abff-df24912b9125,050edf28-1bbc-497f-8b73-7751192b835a,1635690752232,13.3906113,52.4761339,6.4698153,0.58713686,0.5518222,-3.4079256,on bike mount,cyclo cross,True,concrete plates,good
7acf96cb-a7cd-4435-850a-014bb55cd114,44cfcd09-9322-4a15-abff-df24912b9125,fd0ffa90-3d2c-4a1b-a7de-25b401faa7ff,1635690752283,13.3906113,52.4761339,6.4698153,1.0950902,-0.42904425,0.8220129,on bike mount,cyclo cross,True,concrete plates,good
7acf96cb-a7cd-4435-850a-014bb55cd114,44cfcd09-9322-4a15-abff-df24912b9125,09999aba-9a11-47a5-aa5a-4d600a75e4ed,1635690752334,13.3906113,52.4761339,6.4698153,-0.41330624,0.26090288,-0.044610977,on bike mount,cyclo cross,True,concrete plates,good
7acf96cb-a7cd-4435-850a-014bb55cd114,44cfcd09-9322-4a15-abff-df24912b9125,119cc237-f7ed-42e5-b073-898d075fc48f,1635690752385,13.3906113,52.4761339,6.4698153,0.6264538,-1.6328732,0.28571987,on bike mount,cyclo cross,True,concrete plates,good
7acf96cb-a7cd-4435-850a-014bb55cd114,44cfcd09-9322-4a15-abff-df24912b9125,819c05a0-3561-41e6-9abf-f0ba4884a931,1635690752435,13.3906113,52.4761339,6.4698153,0.23105232,0.57517004,1.1074991,on bike mount,cyclo cross,True,concrete plates,good
7acf96cb-a7cd-4435-850a-014bb55cd114,44cfcd09-9322-4a15-abff-df24912b9125,79417e82-bae1-491e-be4f-f214dbf2c96d,1635690752485,13.3906113,52.4761339,6.4698153,1.1084105,-0.40704322,-0.22656918,on bike mount,cyclo cross,True,concrete plates,good
7acf96cb-a7cd-4435-850a-014bb55cd114,44cfcd09-9322-4a15-abff-df24912b9125,196b791e-d29a-4c03-8bd2-cb91cfa25692,1635690752536,13.3906113,52.4761339,6.4698153,0.45064518,-0.850548,1.9646101,on bike mount,cyclo cross,True,concrete plates,good
7acf96cb-a7cd-4435-850a-014bb55cd114,44cfcd09-9322-4a15-abff-df24912b9125,f2974ec9-bbca-4029-bbc0-3fbb60f9e495,1635690752586,13.3906113,52.4761339,6.4698153,1.3368642,4.1243625,-0.45462608,on bike mount,cyclo cross,True,concrete plates,good
7acf96cb-a7cd-4435-850a-014bb55cd114,44cfcd09-9322-4a15-abff-df24912b9125,848f01f9-4c44-4524-a54f-b88525a0017c,1635690752636,13.3906113,52.4761339,6.4698153,0.077019185,-1.1627908,-1.3907089,on bike mount,cyclo cross,True,concrete plates,good
7acf96cb-a7cd-4435-850a-014bb55cd114,44cfcd09-9322-4a15-abff-df24912b9125,6162c322-6f9e-4717-9c2a-7f9ea35321a8,1635690752702,13.3905811,52.4760795,6.44269,0.06956953,-1.5222087,2.1108074,on bike mount,cyclo cross,True,concrete plates,good
7acf96cb-a7cd-4435-850a-014bb55cd114,44cfcd09-9322-4a15-abff-df24912b9125,ce130582-969c-4154-a3fa-bd51ca1cc68d,1635690752754,13.3905811,52.4760795,6.44269,1.3840407,-3.5908136,-3.2262402,on bike mount,cyclo cross,True,concrete plates,good
7acf96cb-a7cd-4435-850a-014bb55cd114,44cfcd09-9322-4a15-abff-df24912b9125,0e426cc6-489a-412a-86ee-a6c99399a4c1,1635690752817,13.3905811,52.4760795,6.44269,-0.47796613,2.6685982,-2.7260513,on bike mount,cyclo cross,True,concrete plates,good
7acf96cb-a7cd-4435-850a-014bb55cd114,44cfcd09-9322-4a15-abff-df24912b9125,8923155a-c171-414a-86a0-0de19d287e11,1635690752868,13.3905811,52.4760795,6.44269,-1.9257762,-1.180135,-2.0548387,on bike mount,cyclo cross,True,concrete plates,good
7acf96cb-a7cd-4435-850a-014bb55cd114,44cfcd09-9322-4a15-abff-df24912b9125,e50c6f96-195d-468e-8a17-30d9e51cf60b,1635690752920,13.3905811,52.4760795,6.44269,-4.645893,-1.3891796,3.113203,on bike mount,cyclo cross,True,concrete plates,good
7acf96cb-a7cd-4435-850a-014bb55cd114,44cfcd09-9322-4a15-abff-df24912b9125,be4ea253-d957-4e38-8bdd-1197d7a24d0f,1635690752985,13.3905811,52.4760795,6.44269,3.090984,3.3760538,-0.8445587,on bike mount,cyclo cross,True,concrete plates,good
7acf96cb-a7cd-4435-850a-014bb55cd114,44cfcd09-9322-4a15-abff-df24912b9125,0480cff1-211e-4bd6-9332-6cac59a54c43,1635690753034,13.3905811,52.4760795,6.44269,0.23202436,-0.14970613,0.37682533,on bike mount,cyclo cross,True,concrete plates,good
7acf96cb-a7cd-4435-850a-014bb55cd114,44cfcd09-9322-4a15-abff-df24912b9125,2618cb17-9d4b-4d04-8a33-ab3a03e8485c,1635690753085,13.3905811,52.4760795,6.44269,2.105491,5.6367393,-0.28442383,on bike mount,cyclo cross,True,concrete plates,good
7acf96cb-a7cd-4435-850a-014bb55cd114,44cfcd09-9322-4a15-abff-df24912b9125,679bdabe-9d9d-4e2f-acf8-4fc50f471f8d,1635690753136,13.3905811,52.4760795,6.44269,-1.8170118,1.1447239,-0.61869526,on bike mount,cyclo cross,True,concrete plates,good
7acf96cb-a7cd-4435-850a-014bb55cd114,44cfcd09-9322-4a15-abff-df24912b9125,c9813d41-5467-45b7-af29-99e9c0c2e2aa,1635690753188,13.3905811,52.4760795,6.44269,0.3759299,-4.578276,-1.1646218,on bike mount,cyclo cross,True,concrete plates,good
7acf96cb-a7cd-4435-850a-014bb55cd114,44cfcd09-9322-4a15-abff-df24912b9125,ec89a9bf-4705-40fb-988d-c7f45442e033,1635690753253,13.3905811,52.4760795,6.44269,0.30016172,2.6083832,3.6491327,on bike mount,cyclo cross,True,concrete plates,good
7acf96cb-a7cd-4435-850a-014bb55cd114,44cfcd09-9322-4a15-abff-df24912b9125,da249b91-2711-4ef6-8d1a-945947c3b72e,1635690753304,13.3905811,52.4760795,6.44269,3.3139398,-0.7495103,-1.7369113,on bike mount,cyclo cross,True,concrete plates,good
7acf96cb-a7cd-4435-850a-014bb55cd114,44cfcd09-9322-4a15-abff-df24912b9125,af55ee39-1f2d-40f7-bf89-96b329ae837a,1635690753356,13.3905811,52.4760795,6.44269,-0.7564279,3.5169945,1.5009308,on bike mount,cyclo cross,True,concrete plates,good
7acf96cb-a7cd-4435-850a-014bb55cd114,44cfcd09-9322-4a15-abff-df24912b9125,3f14b074-aec8-4ce8-a3a5-06fc9ffd43e1,1635690753423,13.3905811,52.4760795,6.44269,0.7980089,3.8599205,-1.4448123,on bike mount,cyclo cross,True,concrete plates,good
7acf96cb-a7cd-4435-850a-014bb55cd114,44cfcd09-9322-4a15-abff-df24912b9125,d70fde17-93ca-40e4-8877-dd3c5ef0d0e0,1635690753486,13.3905811,52.4760795,6.44269,-0.013837367,-0.4827261,1.8482752,on bike mount,cyclo cross,True,concrete plates,good
7acf96cb-a7cd-4435-850a-014bb55cd114,44cfcd09-9322-4a15-abff-df24912b9125,8edbb8d1-6105-42b4-a3af-d28ea8e29f02,1635690753537,13.3905811,52.4760795,6.44269,0.62012297,-1.5443618,1.3588324,on bike mount,cyclo cross,True,concrete plates,good
7acf96cb-a7cd-4435-850a-014bb55cd114,44cfcd09-9322-4a15-abff-df24912b9125,a62e69ee-b8eb-48f5-992a-4586d88b85a2,1635690753589,13.3905811,52.4760795,6.44269,1.6078299,-0.8818891,-0.36415672,on bike mount,cyclo cross,True,concrete plates,good
7acf96cb-a7cd-4435-850a-014bb55cd114,293fc063-6e3d-4b14-b0f7-474639ebc1fd,879b7c80-03fa-44af-8a48-552b3b99426d,1635690751098,13.3906432,52.4761887,6.4398417,1.6005244,-3.9938076,-0.9977894,on bike mount,cyclo cross,True,concrete plates,good
7acf96cb-a7cd-4435-850a-014bb55cd114,293fc063-6e3d-4b14-b0f7-474639ebc1fd,016ccee9-bfb2-42aa-beb3-6931c7f879d3,1635690751148,13.3906432,52.4761887,6.4398417,0.9637382,-1.9290547,2.2221746,on bike mount,cyclo cross,True,concrete plates,good
7acf96cb-a7cd-4435-850a-014bb55cd114,293fc063-6e3d-4b14-b0f7-474639ebc1fd,a10e73f9-cb77-4c6b-9e4a-c9e6a2fe99c0,1635690751198,13.3906432,52.4761887,6.4398417,-1.2644125,1.7941155,-0.63308525,on bike mount,cyclo cross,True,concrete plates,good
7acf96cb-a7cd-4435-850a-014bb55cd114,293fc063-6e3d-4b14-b0f7-474639ebc1fd,f962b94b-b0ea-4105-976b-bff122455ae3,1635690751249,13.3906432,52.4761887,6.4398417,-1.9343222,3.763492,-5.8129907,on bike mount,cyclo cross,True,concrete plates,good
7acf96cb-a7cd-4435-850a-014bb55cd114,293fc063-6e3d-4b14-b0f7-474639ebc1fd,ef177350-b571-435f-b485-8c305abdd2ff,1635690751300,13.3906432,52.4761887,6.4398417,1.768943,-0.631294,-0.43082523,on bike mount,cyclo cross,True,concrete plates,good
7acf96cb-a7cd-4435-850a-014bb55cd114,293fc063-6e3d-4b14-b0f7-474639ebc1fd,39fe560d-ee23-4019-b312-0e39c149c05d,1635690751352,13.3906432,52.4761887,6.4398417,-2.163578,-4.663069,-0.30083466,on bike mount,cyclo cross,True,concrete plates,good
7acf96cb-a7cd-4435-850a-014bb55cd114,293fc063-6e3d-4b14-b0f7-474639ebc1fd,6e69ccb7-2c0f-49d1-9d31-92725508cbea,1635690751416,13.3906432,52.4761887,6.4398417,1.4533395,-1.1377085,1.0411816,on bike mount,cyclo cross,True,concrete plates,good
7acf96cb-a7cd-4435-850a-014bb55cd114,293fc063-6e3d-4b14-b0f7-474639ebc1fd,87327cb4-decf-4d45-943c-0c561c8d142a,1635690751466,13.3906432,52.4761887,6.4398417,1.0749319,2.7935462,-4.700736,on bike mount,cyclo cross,True,concrete plates,good
7acf96cb-a7cd-4435-850a-014bb55cd114,293fc063-6e3d-4b14-b0f7-474639ebc1fd,644051e2-f1fb-4dd6-919a-aefaf56980fa,1635690751516,13.3906432,52.4761887,6.4398417,-1.1408743,-1.2620088,2.36473,on bike mount,cyclo cross,True,concrete plates,good
7acf96cb-a7cd-4435-850a-014bb55cd114,293fc063-6e3d-4b14-b0f7-474639ebc1fd,19349289-b5bb-4c0e-89f5-14fb6b2fc67b,1635690751568,13.3906432,52.4761887,6.4398417,0.6614161,0.001224041,-3.0286632,on bike mount,cyclo cross,True,concrete plates,good
7acf96cb-a7cd-4435-850a-014bb55cd114,293fc063-6e3d-4b14-b0f7-474639ebc1fd,224a20b5-108d-4098-beb2-d9639b627324,1635690751633,13.3906432,52.4761887,6.4398417,-0.567641,0.37600994,-4.4174623,on bike mount,cyclo cross,True,concrete plates,good
7acf96cb-a7cd-4435-850a-014bb55cd114,293fc063-6e3d-4b14-b0f7-474639ebc1fd,b358f560-3c95-422a-b0e8-d238948b0827,1635690751686,13.3906113,52.4761339,6.4698153,1.7903655,-3.6850963,-1.7702794,on bike mount,cyclo cross,True,concrete plates,good
7acf96cb-a7cd-4435-850a-014bb55cd114,293fc063-6e3d-4b14-b0f7-474639ebc1fd,69e6317d-8695-4cca-97ce-3804eaab40d3,1635690751748,13.3906113,52.4761339,6.4698153,-1.1370673,2.2142053,-2.302424,on bike mount,cyclo cross,True,concrete plates,good
7acf96cb-a7cd-4435-850a-014bb55cd114,293fc063-6e3d-4b14-b0f7-474639ebc1fd,12431c66-be69-4a58-ad94-fdce3ab6e2f9,1635690751800,13.3906113,52.4761339,6.4698153,0.44169375,-0.3032465,1.1219292,on bike mount,cyclo cross,True,concrete plates,good
7acf96cb-a7cd-4435-850a-014bb55cd114,293fc063-6e3d-4b14-b0f7-474639ebc1fd,3ea9f1ad-b28f-4acd-92f2-a599b417fe94,1635690751850,13.3906113,52.4761339,6.4698153,-0.297339,-2.5989583,-0.61433125,on bike mount,cyclo cross,True,concrete plates,good
7acf96cb-a7cd-4435-850a-014bb55cd114,293fc063-6e3d-4b14-b0f7-474639ebc1fd,29a92d2a-2866-495c-a888-cfb9a4a5b8c2,1635690751917,13.3906113,52.4761339,6.4698153,-0.477551,-0.70854974,1.424573,on bike mount,cyclo cross,True,concrete plates,good
7acf96cb-a7cd-4435-850a-014bb55cd114,293fc063-6e3d-4b14-b0f7-474639ebc1fd,808e62d1-2818-4cfa-baa9-ba0d35d68543,1635690751983,13.3906113,52.4761339,6.4698153,0.54054177,-2.5490806,14.981649,on bike mount,cyclo cross,True,concrete plates,good
7acf96cb-a7cd-4435-850a-014bb55cd114,293fc063-6e3d-4b14-b0f7-474639ebc1fd,e030c113-3885-4a80-a08b-8900ff59e530,1635690752034,13.3906113,52.4761339,6.4698153,-7.0888023,-2.606381,-3.4918036,on bike mount,cyclo cross,True,concrete plates,good
7acf96cb-a7cd-4435-850a-014bb55cd114,293fc063-6e3d-4b14-b0f7-474639ebc1fd,7dcb23d1-6375-4e03-bf98-8f63b4fd8c01,1635690752085,13.3906113,52.4761339,6.4698153,0.7926615,2.4096801,-5.948329,on bike mount,cyclo cross,True,concrete plates,good
7acf96cb-a7cd-4435-850a-014bb55cd114,293fc063-6e3d-4b14-b0f7-474639ebc1fd,ce0d2233-a5ae-463f-860e-8b5d1a886645,1635690752153,13.3906113,52.4761339,6.4698153,-2.9373636,2.6244993,0.6231823,on bike mount,cyclo cross,True,concrete plates,good
7acf96cb-a7cd-4435-850a-014bb55cd114,293fc063-6e3d-4b14-b0f7-474639ebc1fd,351f153d-1533-4549-ae13-4c5136c869dd,1635690752217,13.3906113,52.4761339,6.4698153,1.7513515,1.0548568,-0.3658352,on bike mount,cyclo cross,True,concrete plates,good
7acf96cb-a7cd-4435-850a-014bb55cd114,293fc063-6e3d-4b14-b0f7-474639ebc1fd,183c7484-733c-4577-b98e-d1f9912a0ea5,1635690752267,13.3906113,52.4761339,6.4698153,0.09993273,0.7748363,-1.7408614,on bike mount,cyclo cross,True,concrete plates,good
7acf96cb-a7cd-4435-850a-014bb55cd114,293fc063-6e3d-4b14-b0f7-474639ebc1fd,47f4aa9e-b7a4-493d-b933-23f6c62fe84a,1635690752318,13.3906113,52.4761339,6.4698153,1.0991036,-1.3133252,2.8366022,on bike mount,cyclo cross,True,concrete plates,good
7acf96cb-a7cd-4435-850a-014bb55cd114,293fc063-6e3d-4b14-b0f7-474639ebc1fd,cf64db57-4faa-4269-8209-4b024691508d,1635690752383,13.3906113,52.4761339,6.4698153,0.6489021,0.6041293,3.5847454,on bike mount,cyclo cross,True,concrete plates,good
7acf96cb-a7cd-4435-850a-014bb55cd114,293fc063-6e3d-4b14-b0f7-474639ebc1fd,c34e530a-69e9-4476-a072-c21916ae6f5c,1635690752434,13.3906113,52.4761339,6.4698153,0.23105232,0.57517004,1.1074991,on bike mount,cyclo cross,True,concrete plates,good
7acf96cb-a7cd-4435-850a-014bb55cd114,293fc063-6e3d-4b14-b0f7-474639ebc1fd,4fecf70c-fc4b-4980-bd3e-5223ae957aa0,1635690752484,13.3906113,52.4761339,6.4698153,1.1084105,-0.40704322,-0.22656918,on bike mount,cyclo cross,True,concrete plates,good
7acf96cb-a7cd-4435-850a-014bb55cd114,293fc063-6e3d-4b14-b0f7-474639ebc1fd,5b6aa08c-36d3-48a8-85d7-5b6124bc3517,1635690752536,13.3906113,52.4761339,6.4698153,0.45064518,-0.850548,1.9646101,on bike mount,cyclo cross,True,concrete plates,good
7acf96cb-a7cd-4435-850a-014bb55cd114,293fc063-6e3d-4b14-b0f7-474639ebc1fd,db95835e-2c8c-4ebe-b164-9b09cc046fab,1635690752605,13.3906113,52.4761339,6.4698153,0.28475934,-1.4495273,-1.850913,on bike mount,cyclo cross,True,concrete plates,good
7acf96cb-a7cd-4435-850a-014bb55cd114,293fc063-6e3d-4b14-b0f7-474639ebc1fd,abd94680-3530-44f2-9e34-cd5d6536db4f,1635690752667,13.3906113,52.4761339,6.4698153,-0.3791722,-1.3484272,-0.74788284,on bike mount,cyclo cross,True,concrete plates,good
7acf96cb-a7cd-4435-850a-014bb55cd114,293fc063-6e3d-4b14-b0f7-474639ebc1fd,f4eadee3-60cc-44c4-8a1c-72b79c09fcbb,1635690752716,13.3905811,52.4760795,6.44269,-1.60921,-0.5402045,1.6748056,on bike mount,cyclo cross,True,concrete plates,good
7acf96cb-a7cd-4435-850a-014bb55cd114,293fc063-6e3d-4b14-b0f7-474639ebc1fd,60561a91-131d-4d38-95fc-ac5b05d78b2e,1635690752769,13.3905811,52.4760795,6.44269,0.9195335,1.1070209,2.464222,on bike mount,cyclo cross,True,concrete plates,good
7acf96cb-a7cd-4435-850a-014bb55cd114,293fc063-6e3d-4b14-b0f7-474639ebc1fd,23882bc1-ebf0-453f-9a9e-98f77b893a4b,1635690752821,13.3905811,52.4760795,6.44269,0.58846414,0.3412404,0.21723652,on bike mount,cyclo cross,True,concrete plates,good
7acf96cb-a7cd-4435-850a-014bb55cd114,293fc063-6e3d-4b14-b0f7-474639ebc1fd,140aedba-3fa2-4fd6-856a-7541efbb6d05,1635690752885,13.3905811,52.4760795,6.44269,0.77090293,-5.006632,-2.8231807,on bike mount,cyclo cross,True,concrete plates,good
7acf96cb-a7cd-4435-850a-014bb55cd114,293fc063-6e3d-4b14-b0f7-474639ebc1fd,d1ce66bd-24d4-48d1-a3c5-3cee4f7d4c63,1635690752937,13.3905811,52.4760795,6.44269,-0.5185796,-0.12207651,-0.43346977,on bike mount,cyclo cross,True,concrete plates,good
7acf96cb-a7cd-4435-850a-014bb55cd114,293fc063-6e3d-4b14-b0f7-474639ebc1fd,2efdfd34-673d-4239-b20c-7ae16315c6f3,1635690752987,13.3905811,52.4760795,6.44269,1.1523995,2.4090734,0.42196178,on bike mount,cyclo cross,True,concrete plates,good
7acf96cb-a7cd-4435-850a-014bb55cd114,293fc063-6e3d-4b14-b0f7-474639ebc1fd,d3268c2f-c050-4a6d-a726-baa4eb34e6cb,1635690753037,13.3905811,52.4760795,6.44269,0.49060956,-1.843436,1.8688812,on bike mount,cyclo cross,True,concrete plates,good
7acf96cb-a7cd-4435-850a-014bb55cd114,293fc063-6e3d-4b14-b0f7-474639ebc1fd,675b0e37-7aee-4718-9e13-c34428f485c6,1635690753102,13.3905811,52.4760795,6.44269,-0.57300806,-1.3243742,-2.4039793,on bike mount,cyclo cross,True,concrete plates,good
7acf96cb-a7cd-4435-850a-014bb55cd114,293fc063-6e3d-4b14-b0f7-474639ebc1fd,64fcf0a5-0dcd-4277-89e1-2efef3768e0c,1635690753153,13.3905811,52.4760795,6.44269,-0.39394218,-2.2469358,5.7187576,on bike mount,cyclo cross,True,concrete plates,good
7acf96cb-a7cd-4435-850a-014bb55cd114,293fc063-6e3d-4b14-b0f7-474639ebc1fd,4bbbd21b-0fdb-430d-ade0-747846452737,1635690753205,13.3905811,52.4760795,6.44269,-1.3510165,-1.3044307,0.6996794,on bike mount,cyclo cross,True,concrete plates,good
7acf96cb-a7cd-4435-850a-014bb55cd114,293fc063-6e3d-4b14-b0f7-474639ebc1fd,ba5c900e-7d68-408e-bec6-71afdf39f465,1635690753270,13.3905811,52.4760795,6.44269,-0.6146588,-1.7911376,-1.1020741,on bike mount,cyclo cross,True,concrete plates,good
7acf96cb-a7cd-4435-850a-014bb55cd114,293fc063-6e3d-4b14-b0f7-474639ebc1fd,37c6b191-351e-4478-bfd0-54714357425e,1635690753335,13.3905811,52.4760795,6.44269,-0.31579673,-9.418642,2.9244528,on bike mount,cyclo cross,True,concrete plates,good
7acf96cb-a7cd-4435-850a-014bb55cd114,293fc063-6e3d-4b14-b0f7-474639ebc1fd,80cae2d4-3f0a-46d8-bffc-52d3ead01fed,1635690753385,13.3905811,52.4760795,6.44269,-0.85528624,2.1009746,3.0295296,on bike mount,cyclo cross,True,concrete plates,good
7acf96cb-a7cd-4435-850a-014bb55cd114,293fc063-6e3d-4b14-b0f7-474639ebc1fd,8a557867-c94b-4c1b-9b87-2769b3412be8,1635690753437,13.3905811,52.4760795,6.44269,1.7675416,-2.8350093,-1.0670938,on bike mount,cyclo cross,True,concrete plates,good
7acf96cb-a7cd-4435-850a-014bb55cd114,293fc063-6e3d-4b14-b0f7-474639ebc1fd,95e1fefc-92ad-457e-89f7-3a72c19beaa0,1635690753488,13.3905811,52.4760795,6.44269,-0.1773161,-2.568462,-0.23702145,on bike mount,cyclo cross,True,concrete plates,good
7acf96cb-a7cd-4435-850a-014bb55cd114,293fc063-6e3d-4b14-b0f7-474639ebc1fd,2b469952-7c68-468a-bf47-f1e84657032d,1635690753544,13.3905811,52.4760795,6.44269,-1.1951363,3.2126746,-6.2211943,on bike mount,cyclo cross,True,concrete plates,good
7acf96cb-a7cd-4435-850a-014bb55cd114,293fc063-6e3d-4b14-b0f7-474639ebc1fd,b4edf659-b4fe-487a-92ed-5408dcbdc9aa,1635690753603,13.3905811,52.4760795,6.44269,3.230303,0.15292382,2.3478556,on bike mount,cyclo cross,True,concrete plates,good
7acf96cb-a7cd-4435-850a-014bb55cd114,293fc063-6e3d-4b14-b0f7-474639ebc1fd,26037c2f-2e38-4709-bff1-5d96083cf1ff,1635690753654,13.3905811,52.4760795,6.44269,0.35761186,-0.8916862,0.055384636,on bike mount,cyclo cross,True,concrete plates,good
7acf96cb-a7cd-4435-850a-014bb55cd114,293fc063-6e3d-4b14-b0f7-474639ebc1fd,210ac42b-5e33-4d51-a655-109301060659,1635690753722,13.3905492,52.4760253,6.4199133,-1.7430918,0.25476384,1.4498739,on bike mount,cyclo cross,True,concrete plates,good
7acf96cb-a7cd-4435-850a-014bb55cd114,293fc063-6e3d-4b14-b0f7-474639ebc1fd,945667d9-f80d-4811-9a1c-06b466b82019,1635690753786,13.3905492,52.4760253,6.4199133,1.4419265,-0.3000095,-2.6945896,on bike mount,cyclo cross,True,concrete plates,good
7acf96cb-a7cd-4435-850a-014bb55cd114,293fc063-6e3d-4b14-b0f7-474639ebc1fd,868d4ab7-7660-47cf-b1f2-54685fa744ee,1635690753837,13.3905492,52.4760253,6.4199133,-0.29667258,0.22611713,-1.0008974,on bike mount,cyclo cross,True,concrete plates,good
7acf96cb-a7cd-4435-850a-014bb55cd114,293fc063-6e3d-4b14-b0f7-474639ebc1fd,c075e2e5-95dd-4be9-a96d-3558a9d83f1f,1635690753889,13.3905492,52.4760253,6.4199133,1.1292216,2.789095,0.46505928,on bike mount,cyclo cross,True,concrete plates,good
7acf96cb-a7cd-4435-850a-014bb55cd114,293fc063-6e3d-4b14-b0f7-474639ebc1fd,396e57c4-fc15-4f9e-94dc-8b2056b3b7b4,1635690753954,13.3905492,52.4760253,6.4199133,-1.5802548,0.9668858,1.35847,on bike mount,cyclo cross,True,concrete plates,good
7acf96cb-a7cd-4435-850a-014bb55cd114,293fc063-6e3d-4b14-b0f7-474639ebc1fd,c8e774b6-5359-4882-8384-ebee55f898cd,1635690754005,13.3905492,52.4760253,6.4199133,-0.031225033,-0.4056232,-1.7623014,on bike mount,cyclo cross,True,concrete plates,good
7acf96cb-a7cd-4435-850a-014bb55cd114,293fc063-6e3d-4b14-b0f7-474639ebc1fd,55d815c2-c2c9-44b5-bbc1-3787867eb66c,1635690754056,13.3905492,52.4760253,6.4199133,0.046245154,5.0250196,-7.567342,on bike mount,cyclo cross,True,concrete plates,good
7acf96cb-a7cd-4435-850a-014bb55cd114,293fc063-6e3d-4b14-b0f7-474639ebc1fd,ed6c628c-3753-4d69-9e19-5e12021bc749,1635690754123,13.3905492,52.4760253,6.4199133,0.9049747,-0.31299543,-1.4321098,on bike mount,cyclo cross,True,concrete plates,good
7acf96cb-a7cd-4435-850a-014bb55cd114,293fc063-6e3d-4b14-b0f7-474639ebc1fd,f62bc67e-29a5-4384-8918-ca2c40782da3,1635690754188,13.3905492,52.4760253,6.4199133,0.39688945,-0.99762356,-0.26925373,on bike mount,cyclo cross,True,concrete plates,good
7acf96cb-a7cd-4435-850a-014bb55cd114,293fc063-6e3d-4b14-b0f7-474639ebc1fd,7dab3191-f468-4090-bbf6-d473b9290670,1635690754242,13.3905492,52.4760253,6.4199133,-1.0130268,1.8096867,-2.6084151,on bike mount,cyclo cross,True,concrete plates,good
7acf96cb-a7cd-4435-850a-014bb55cd114,293fc063-6e3d-4b14-b0f7-474639ebc1fd,f7f5889f-4508-4733-80b7-a7e26b12ce12,1635690754305,13.3905492,52.4760253,6.4199133,-0.4553521,-1.7292149,1.7163496,on bike mount,cyclo cross,True,concrete plates,good
7acf96cb-a7cd-4435-850a-014bb55cd114,293fc063-6e3d-4b14-b0f7-474639ebc1fd,d33352a0-e6f5-4a8b-a631-37b0802e6bf2,1635690754357,13.3905492,52.4760253,6.4199133,0.6504755,-0.4249215,-0.719182,on bike mount,cyclo cross,True,concrete plates,good
7acf96cb-a7cd-4435-850a-014bb55cd114,293fc063-6e3d-4b14-b0f7-474639ebc1fd,730d874d-3503-4404-ab5f-8e7ac18f3afc,1635690754408,13.3905492,52.4760253,6.4199133,-0.110302925,-2.2892716,2.309701,on bike mount,cyclo cross,True,concrete plates,good
7acf96cb-a7cd-4435-850a-014bb55cd114,293fc063-6e3d-4b14-b0f7-474639ebc1fd,9700c093-ff27-4a18-87cd-ec6cdf4b6981,1635690754471,13.3905492,52.4760253,6.4199133,-1.201803,-1.9582298,3.24782,on bike mount,cyclo cross,True,concrete plates,good
7acf96cb-a7cd-4435-850a-014bb55cd114,293fc063-6e3d-4b14-b0f7-474639ebc1fd,6aafb314-0f60-4d9c-bfa3-7d285f98d120,1635690754523,13.3905492,52.4760253,6.4199133,-1.8166928,1.8982272,-0.84908867,on bike mount,cyclo cross,True,concrete plates,good
7acf96cb-a7cd-4435-850a-014bb55cd114,293fc063-6e3d-4b14-b0f7-474639ebc1fd,7a82b78e-4c8a-480e-9f31-87b85118c92d,1635690754590,13.3905492,52.4760253,6.4199133,0.6918629,2.6305552,1.4473495,on bike mount,cyclo cross,True,concrete plates,good
7acf96cb-a7cd-4435-850a-014bb55cd114,293fc063-6e3d-4b14-b0f7-474639ebc1fd,5cebb9ec-57c8-435c-8e35-170e063c6fbf,1635690754654,13.3905492,52.4760253,6.4199133,-1.1621882,-2.5149627,-0.96538067,on bike mount,cyclo cross,True,concrete plates,good
7acf96cb-a7cd-4435-850a-014bb55cd114,293fc063-6e3d-4b14-b0f7-474639ebc1fd,79dd2c9c-0ede-4d8c-b28b-748e90d26fbe,1635690754705,13.3905117,52.4759719,6.418037,2.8604293,-1.2950543,1.214818,on bike mount,cyclo cross,True,concrete plates,good
7acf96cb-a7cd-4435-850a-014bb55cd114,293fc063-6e3d-4b14-b0f7-474639ebc1fd,e830e4d5-d01f-41fd-bba9-45668690d554,1635690754757,13.3905117,52.4759719,6.418037,-0.5516124,3.0060081,-2.5186787,on bike mount,cyclo cross,True,concrete plates,good
7acf96cb-a7cd-4435-850a-014bb55cd114,293fc063-6e3d-4b14-b0f7-474639ebc1fd,e62c9375-5632-40da-b22e-5e654b107d5c,1635690754823,13.3905117,52.4759719,6.418037,0.23575541,3.3725228,-4.2844076,on bike mount,cyclo cross,True,concrete plates,good
7acf96cb-a7cd-4435-850a-014bb55cd114,293fc063-6e3d-4b14-b0f7-474639ebc1fd,7b462745-2292-4afc-9daa-a20421b5240e,1635690754873,13.3905117,52.4759719,6.418037,-0.30211464,0.12341046,-0.4755602,on bike mount,cyclo cross,True,concrete plates,good
7acf96cb-a7cd-4435-850a-014bb55cd114,293fc063-6e3d-4b14-b0f7-474639ebc1fd,e51ef0cf-3136-4d9c-850a-daa4d0c1314a,1635690754922,13.3905117,52.4759719,6.418037,-0.40019792,-3.243904,1.4269705,on bike mount,cyclo cross,True,concrete plates,good
7acf96cb-a7cd-4435-850a-014bb55cd114,293fc063-6e3d-4b14-b0f7-474639ebc1fd,cff251d7-22f7-4d5e-bf65-f1b917c2dbcf,1635690754973,13.3905117,52.4759719,6.418037,0.8502417,0.5263603,0.9491863,on bike mount,cyclo cross,True,concrete plates,good
7acf96cb-a7cd-4435-850a-014bb55cd114,293fc063-6e3d-4b14-b0f7-474639ebc1fd,c5174fdf-565a-4e33-8200-6d7cd4bd131c,1635690755022,13.3905117,52.4759719,6.418037,-1.763732,0.1582346,-0.30913067,on bike mount,cyclo cross,True,concrete plates,good
7acf96cb-a7cd-4435-850a-014bb55cd114,293fc063-6e3d-4b14-b0f7-474639ebc1fd,5a79b60e-9628-4870-ad0c-511411ca7119,1635690755074,13.3905117,52.4759719,6.418037,0.7088535,0.72532916,2.958991,on bike mount,cyclo cross,True,concrete plates,good
7acf96cb-a7cd-4435-850a-014bb55cd114,293fc063-6e3d-4b14-b0f7-474639ebc1fd,4e8fac98-aa87-43b4-9b4e-5256e650eda8,1635690755140,13.3905117,52.4759719,6.418037,-0.5607846,1.3594444,0.7189646,on bike mount,cyclo cross,True,concrete plates,good
7acf96cb-a7cd-4435-850a-014bb55cd114,293fc063-6e3d-4b14-b0f7-474639ebc1fd,5dbd5d8e-cdbf-4f40-8341-f7d4a0dfdb48,1635690755190,13.3905117,52.4759719,6.418037,-0.16261569,2.7437162,-0.8611355,on bike mount,cyclo cross,True,concrete plates,good
7acf96cb-a7cd-4435-850a-014bb55cd114,293fc063-6e3d-4b14-b0f7-474639ebc1fd,7bffc14d-a9d5-4a1b-95fa-cd2e4d4e7d12,1635690755244,13.3905117,52.4759719,6.418037,0.7949176,-2.6007102,1.9056425,on bike mount,cyclo cross,True,concrete plates,good
7acf96cb-a7cd-4435-850a-014bb55cd114,293fc063-6e3d-4b14-b0f7-474639ebc1fd,49167241-cd7f-468a-99d0-c151d8c73dc9,1635690755308,13.3905117,52.4759719,6.418037,-0.4597568,0.33013344,1.1637125,on bike mount,cyclo cross,True,concrete plates,good
7acf96cb-a7cd-4435-850a-014bb55cd114,293fc063-6e3d-4b14-b0f7-474639ebc1fd,fd0e1618-7ad3-454b-82b6-0c2494fecb4a,1635690755360,13.3905117,52.4759719,6.418037,1.2123173,0.17516303,0.26013756,on bike mount,cyclo cross,True,concrete plates,good
7acf96cb-a7cd-4435-850a-014bb55cd114,293fc063-6e3d-4b14-b0f7-474639ebc1fd,30035156-6133-44db-8633-ee0e199374e8,1635690755424,13.3905117,52.4759719,6.418037,-1.7321241,-1.0652754,-1.5495939,on bike mount,cyclo cross,True,concrete plates,good
7acf96cb-a7cd-4435-850a-014bb55cd114,293fc063-6e3d-4b14-b0f7-474639ebc1fd,f0be15b9-54a4-4d34-be54-c11fd14cf3b8,1635690755476,13.3905117,52.4759719,6.418037,3.1060688,0.09253168,-3.479566,on bike mount,cyclo cross,True,concrete plates,good
7acf96cb-a7cd-4435-850a-014bb55cd114,293fc063-6e3d-4b14-b0f7-474639ebc1fd,c1f57b65-a273-4a5c-b9c2-dc30a6583721,1635690755544,13.3905117,52.4759719,6.418037,5.965129,-4.6068344,-1.8691683,on bike mount,cyclo cross,True,concrete plates,good
7acf96cb-a7cd-4435-850a-014bb55cd114,293fc063-6e3d-4b14-b0f7-474639ebc1fd,65b25aff-c24d-49b9-a21e-620a4d04684c,1635690755596,13.3905117,52.4759719,6.418037,-1.6406822,-0.38282204,-1.083786,on bike mount,cyclo cross,True,concrete plates,good
7acf96cb-a7cd-4435-850a-014bb55cd114,293fc063-6e3d-4b14-b0f7-474639ebc1fd,facdff61-8fb2-43d7-81c3-0ff2419089ce,1635690755657,13.3905117,52.4759719,6.418037,-1.1150743,-10.522649,3.3211498,on bike mount,cyclo cross,True,concrete plates,good
7acf96cb-a7cd-4435-850a-014bb55cd114,293fc063-6e3d-4b14-b0f7-474639ebc1fd,2d0e6f6d-75d2-4f0e-9b78-8605645bef27,1635690755709,13.390473,52.4759174,6.486193,0.95109636,-7.357282,-5.593731,on bike mount,cyclo cross,True,concrete plates,good
7acf96cb-a7cd-4435-850a-014bb55cd114,293fc063-6e3d-4b14-b0f7-474639ebc1fd,816aef45-da55-48a3-8043-1be0ffb26b06,1635690755774,13.390473,52.4759174,6.486193,0.93543315,-4.439701,3.9578953,on bike mount,cyclo cross,True,concrete plates,good
7acf96cb-a7cd-4435-850a-014bb55cd114,293fc063-6e3d-4b14-b0f7-474639ebc1fd,a3d20ead-e52d-4739-9c73-c0b783ab6c10,1635690755824,13.390473,52.4759174,6.486193,0.94155407,-1.2148917,-5.556136,on bike mount,cyclo cross,True,concrete plates,good
7acf96cb-a7cd-4435-850a-014bb55cd114,293fc063-6e3d-4b14-b0f7-474639ebc1fd,48e793cb-8203-43c4-ab42-205314dc85c6,1635690755874,13.390473,52.4759174,6.486193,-0.04323545,-2.3520272,-0.35703468,on bike mount,cyclo cross,True,concrete plates,good
7acf96cb-a7cd-4435-850a-014bb55cd114,293fc063-6e3d-4b14-b0f7-474639ebc1fd,2cf236f2-306e-41a5-97a2-4a820fed62e6,1635690755924,13.390473,52.4759174,6.486193,0.3261726,-1.818622,1.636446,on bike mount,cyclo cross,True,concrete plates,good
7acf96cb-a7cd-4435-850a-014bb55cd114,293fc063-6e3d-4b14-b0f7-474639ebc1fd,37302da6-348a-4c20-b698-fc9eb1fa6235,1635690755974,13.390473,52.4759174,6.486193,1.3415486,-0.5646539,-3.2079701,on bike mount,cyclo cross,True,concrete plates,good
7acf96cb-a7cd-4435-850a-014bb55cd114,293fc063-6e3d-4b14-b0f7-474639ebc1fd,cd9999dc-76f1-461f-a10a-4be1e19f2955,1635690756024,13.390473,52.4759174,6.486193,-1.799114,1.6731014,-2.8312006,on bike mount,cyclo cross,True,concrete plates,good
7acf96cb-a7cd-4435-850a-014bb55cd114,293fc063-6e3d-4b14-b0f7-474639ebc1fd,0827e738-e124-4e4a-a8fd-0d9c34b9e802,1635690756077,13.390473,52.4759174,6.486193,0.34839618,-3.970561,1.5863476,on bike mount,cyclo cross,True,concrete plates,good
7acf96cb-a7cd-4435-850a-014bb55cd114,293fc063-6e3d-4b14-b0f7-474639ebc1fd,7ad89306-3c0e-418d-a67b-f9a0e3883d29,1635690756142,13.390473,52.4759174,6.486193,-0.31766784,1.2398458,-1.6395793,on bike mount,cyclo cross,True,concrete plates,good
7acf96cb-a7cd-4435-850a-014bb55cd114,293fc063-6e3d-4b14-b0f7-474639ebc1fd,6edb7f19-d55e-4b0b-8680-40a953dc1c09,1635690756193,13.390473,52.4759174,6.486193,1.1127846,1.3913817,-1.2305045,on bike mount,cyclo cross,True,concrete plates,good
7acf96cb-a7cd-4435-850a-014bb55cd114,293fc063-6e3d-4b14-b0f7-474639ebc1fd,fba537a8-33f8-4ef3-8cc6-3d1740e57070,1635690756243,13.390473,52.4759174,6.486193,-1.0945556,1.0027544,2.1414566,on bike mount,cyclo cross,True,concrete plates,good
7acf96cb-a7cd-4435-850a-014bb55cd114,293fc063-6e3d-4b14-b0f7-474639ebc1fd,ab5dfbe7-e2a2-4361-bebc-2a36b27c3a7f,1635690756293,13.390473,52.4759174,6.486193,-1.9652133,-4.0654764,-0.06989384,on bike mount,cyclo cross,True,concrete plates,good
7acf96cb-a7cd-4435-850a-014bb55cd114,293fc063-6e3d-4b14-b0f7-474639ebc1fd,db6fe021-02dc-4e0d-a145-76f2ae09841d,1635690756343,13.390473,52.4759174,6.486193,-1.7637166,-2.2923672,1.014801,on bike mount,cyclo cross,True,concrete plates,good
7acf96cb-a7cd-4435-850a-014bb55cd114,293fc063-6e3d-4b14-b0f7-474639ebc1fd,69606b3f-b5bd-4ee6-a4aa-0e26fd19dd61,1635690756396,13.390473,52.4759174,6.486193,0.32917488,-1.899556,1.4502573,on bike mount,cyclo cross,True,concrete plates,good
7acf96cb-a7cd-4435-850a-014bb55cd114,293fc063-6e3d-4b14-b0f7-474639ebc1fd,e1aff7cd-db79-4a73-9e51-417134dc4e35,1635690756459,13.390473,52.4759174,6.486193,-0.95425314,3.6409268,-1.6208715,on bike mount,cyclo cross,True,concrete plates,good
7acf96cb-a7cd-4435-850a-014bb55cd114,293fc063-6e3d-4b14-b0f7-474639ebc1fd,6dfea016-a71e-4e0b-bff0-806eb66dfa8f,1635690756510,13.390473,52.4759174,6.486193,-0.8371233,-3.8999674,4.107733,on bike mount,cyclo cross,True,concrete plates,good
7acf96cb-a7cd-4435-850a-014bb55cd114,293fc063-6e3d-4b14-b0f7-474639ebc1fd,4ada3dde-7235-48ed-83a3-f51131cf7d0d,1635690756579,13.390473,52.4759174,6.486193,0.744985,0.33347106,1.546462,on bike mount,cyclo cross,True,concrete plates,good
7acf96cb-a7cd-4435-850a-014bb55cd114,293fc063-6e3d-4b14-b0f7-474639ebc1fd,f7edf2fc-611d-4b45-8da5-4de73c24cf01,1635690756644,13.390473,52.4759174,6.486193,-0.8200562,-2.7144675,1.8494129,on bike mount,cyclo cross,True,concrete plates,good
7acf96cb-a7cd-4435-850a-014bb55cd114,293fc063-6e3d-4b14-b0f7-474639ebc1fd,4589f90c-ec43-444a-819b-0788f8263dab,1635690756693,13.3904369,52.4758658,6.4050083,-0.46888497,-5.180087,-3.0426998,on bike mount,cyclo cross,True,concrete plates,good
7acf96cb-a7cd-4435-850a-014bb55cd114,293fc063-6e3d-4b14-b0f7-474639ebc1fd,c25177cb-e5e1-4733-a88b-e84624f0c287,1635690756743,13.3904369,52.4758658,6.4050083,0.6274036,-2.0084279,-1.5110698,on bike mount,cyclo cross,True,concrete plates,good
7acf96cb-a7cd-4435-850a-014bb55cd114,293fc063-6e3d-4b14-b0f7-474639ebc1fd,afd6a2e2-70bd-41ed-b3ac-88fd946d52a3,1635690756792,13.3904369,52.4758658,6.4050083,0.22299775,2.318355,-2.4347095,on bike mount,cyclo cross,True,concrete plates,good
7acf96cb-a7cd-4435-850a-014bb55cd114,293fc063-6e3d-4b14-b0f7-474639ebc1fd,0be823d9-6a75-49fa-8b0d-e46fb1c06a92,1635690756846,13.3904369,52.4758658,6.4050083,1.12186,-5.9945354,2.627798,on bike mount,cyclo cross,True,concrete plates,good
7acf96cb-a7cd-4435-850a-014bb55cd114,293fc063-6e3d-4b14-b0f7-474639ebc1fd,5606ff1b-d3f5-4c1e-ad8a-12a0d1b61efc,1635690756910,13.3904369,52.4758658,6.4050083,-0.653411,5.3808126,0.15264606,on bike mount,cyclo cross,True,concrete plates,good
7acf96cb-a7cd-4435-850a-014bb55cd114,293fc063-6e3d-4b14-b0f7-474639ebc1fd,7c6f5d7c-ce77-4565-a110-2e9fd20be69f,1635690756962,13.3904369,52.4758658,6.4050083,1.8506362,-2.6397529,-2.7062335,on bike mount,cyclo cross,True,concrete plates,good
7acf96cb-a7cd-4435-850a-014bb55cd114,293fc063-6e3d-4b14-b0f7-474639ebc1fd,cf1eb644-5efb-45a0-b188-fb3e787c0e66,1635690757026,13.3904369,52.4758658,6.4050083,1.7641063,2.5104902,-2.7461338,on bike mount,cyclo cross,True,concrete plates,good
7acf96cb-a7cd-4435-850a-014bb55cd114,293fc063-6e3d-4b14-b0f7-474639ebc1fd,b25a9498-06af-480e-b52d-6cb98e74dd0e,1635690757079,13.3904369,52.4758658,6.4050083,-1.4233358,-0.94961715,-2.349945,on bike mount,cyclo cross,True,concrete plates,good
7acf96cb-a7cd-4435-850a-014bb55cd114,293fc063-6e3d-4b14-b0f7-474639ebc1fd,972c6273-f977-4521-863c-a50d26bd0f99,1635690757145,13.3904369,52.4758658,6.4050083,0.5063003,0.49141288,-4.664302,on bike mount,cyclo cross,True,concrete plates,good
7acf96cb-a7cd-4435-850a-014bb55cd114,293fc063-6e3d-4b14-b0f7-474639ebc1fd,76b93e09-1df0-402a-b220-b4452413d2fe,1635690757211,13.3904369,52.4758658,6.4050083,0.22917837,1.6535141,-2.818532,on bike mount,cyclo cross,True,concrete plates,good
7acf96cb-a7cd-4435-850a-014bb55cd114,293fc063-6e3d-4b14-b0f7-474639ebc1fd,364b811d-ee88-4afc-9a63-f6eb0f989763,1635690757263,13.3904369,52.4758658,6.4050083,-1.2739253,2.4651952,1.710721,on bike mount,cyclo cross,True,concrete plates,good
7acf96cb-a7cd-4435-850a-014bb55cd114,293fc063-6e3d-4b14-b0f7-474639ebc1fd,55c5e36f-df33-4d74-ba31-64fe14be7fe0,1635690757315,13.3904369,52.4758658,6.4050083,1.1903477,-2.1904464,-0.8357754,on bike mount,cyclo cross,True,concrete plates,good
7acf96cb-a7cd-4435-850a-014bb55cd114,293fc063-6e3d-4b14-b0f7-474639ebc1fd,b55c107d-82f9-4017-bec5-bc7a825ad8eb,1635690757384,13.3904369,52.4758658,6.4050083,-0.33967817,-5.3085966,1.7908173,on bike mount,cyclo cross,True,concrete plates,good
7acf96cb-a7cd-4435-850a-014bb55cd114,293fc063-6e3d-4b14-b0f7-474639ebc1fd,b15e058e-1214-49f1-bdc3-483bd8bb8a9a,1635690757444,13.3904369,52.4758658,6.4050083,-1.927546,-1.2589114,2.0175457,on bike mount,cyclo cross,True,concrete plates,good
7acf96cb-a7cd-4435-850a-014bb55cd114,293fc063-6e3d-4b14-b0f7-474639ebc1fd,e622309e-98ef-40a9-b6b3-1d9b8d9a3b7f,1635690757496,13.3904369,52.4758658,6.4050083,0.5463468,-2.2170713,-0.7702198,on bike mount,cyclo cross,True,concrete plates,good
7acf96cb-a7cd-4435-850a-014bb55cd114,293fc063-6e3d-4b14-b0f7-474639ebc1fd,4ecf2299-0eac-4418-b548-382de8c25f7c,1635690757545,13.3904369,52.4758658,6.4050083,0.12800449,0.03432107,-1.1765547,on bike mount,cyclo cross,True,concrete plates,good
7acf96cb-a7cd-4435-850a-014bb55cd114,293fc063-6e3d-4b14-b0f7-474639ebc1fd,de8654a9-6c0b-45a1-acc1-ff67bbffa111,1635690757596,13.3904369,52.4758658,6.4050083,0.016172916,-0.43881702,0.12251282,on bike mount,cyclo cross,True,concrete plates,good
7acf96cb-a7cd-4435-850a-014bb55cd114,293fc063-6e3d-4b14-b0f7-474639ebc1fd,829cf6bb-368d-4c51-9d0a-0901c5f45f3d,1635690757661,13.3904369,52.4758658,6.4050083,-1.0411854,0.37527347,2.0324965,on bike mount,cyclo cross,True,concrete plates,good
7acf96cb-a7cd-4435-850a-014bb55cd114,293fc063-6e3d-4b14-b0f7-474639ebc1fd,b5706589-f5d0-4854-a8e5-8a1553f91a95,1635690757714,13.3904067,52.475817,6.3397884,1.0652304,1.1376138,-0.8022957,on bike mount,cyclo cross,True,concrete plates,good
7acf96cb-a7cd-4435-850a-014bb55cd114,293fc063-6e3d-4b14-b0f7-474639ebc1fd,92b8abae-2e6a-4f56-ab3c-8cec65067133,1635690757779,13.3904067,52.475817,6.3397884,0.99863225,-2.7499917,-1.4104881,on bike mount,cyclo cross,True,concrete plates,good
