bike_activity_uid,bike_activity_sample_uid,bike_activity_measurement,bike_activity_measurement_timestamp,bike_activity_measurement_lon,bike_activity_measurement_lat,bike_activity_measurement_speed,bike_activity_measurement_accelerometer_x,bike_activity_measurement_accelerometer_y,bike_activity_measurement_accelerometer_z,bike_activity_phone_position,bike_activity_bike_type,bike_activity_flagged_lab_conditions,bike_activity_surface_type,bike_activity_smoothness_type
a78b398a-7992-49c3-bdeb-325a57e1e32a,14da794b-83c0-4d03-b037-4d99fb5f37fb,e0d0d9e5-1e7c-4ab8-b193-9f04a741ef30,1633625268324,13.4234017,52.4958302,2.8125405,2.4110897,-10.566698,8.068164,on bike mount,cyclo cross,True,sett,intermediate
a78b398a-7992-49c3-bdeb-325a57e1e32a,14da794b-83c0-4d03-b037-4d99fb5f37fb,6c500799-b5ca-46d0-97f8-2b284f9efca5,1633625268375,13.4234017,52.4958302,2.8125405,-4.126134,2.3900766,-17.459923,on bike mount,cyclo cross,True,sett,intermediate
a78b398a-7992-49c3-bdeb-325a57e1e32a,14da794b-83c0-4d03-b037-4d99fb5f37fb,9697b2b1-69f6-4919-8c3b-7825cae644ad,1633625268442,13.4234017,52.4958302,2.8125405,-1.6112707,13.595788,-23.995394,on bike mount,cyclo cross,True,sett,intermediate
a78b398a-7992-49c3-bdeb-325a57e1e32a,14da794b-83c0-4d03-b037-4d99fb5f37fb,a97243fa-3aca-4ecb-99f0-cd9ee2992f1f,1633625268492,13.4234017,52.4958302,2.8125405,0.052902848,7.694487,10.624065,on bike mount,cyclo cross,True,sett,intermediate
a78b398a-7992-49c3-bdeb-325a57e1e32a,14da794b-83c0-4d03-b037-4d99fb5f37fb,1e2f3cd3-5b79-49e3-bdb3-f48c7cb373d7,1633625268544,13.4234017,52.4958302,2.8125405,-0.28484124,-9.518194,1.080287,on bike mount,cyclo cross,True,sett,intermediate
a78b398a-7992-49c3-bdeb-325a57e1e32a,14da794b-83c0-4d03-b037-4d99fb5f37fb,de200269-d036-4996-aa61-c1258ea889a6,1633625268608,13.4234017,52.4958302,2.8125405,-3.4282556,-10.164721,11.084122,on bike mount,cyclo cross,True,sett,intermediate
a78b398a-7992-49c3-bdeb-325a57e1e32a,14da794b-83c0-4d03-b037-4d99fb5f37fb,dfaaa355-e2f2-45d0-b049-4d3c66da29c8,1633625268659,13.4234017,52.4958302,2.8125405,-0.20212549,11.714094,-5.4192433,on bike mount,cyclo cross,True,sett,intermediate
a78b398a-7992-49c3-bdeb-325a57e1e32a,14da794b-83c0-4d03-b037-4d99fb5f37fb,7fbf5e0d-7c40-421b-abb1-9d9e2ec30651,1633625268710,13.4234017,52.4958302,2.8125405,-1.2873887,26.589613,-5.1933937,on bike mount,cyclo cross,True,sett,intermediate
a78b398a-7992-49c3-bdeb-325a57e1e32a,14da794b-83c0-4d03-b037-4d99fb5f37fb,5be4e9a2-898e-4c31-b323-edb92ba60dbb,1633625268775,13.4234017,52.4958302,2.8125405,-3.457015,13.437594,-8.251663,on bike mount,cyclo cross,True,sett,intermediate
a78b398a-7992-49c3-bdeb-325a57e1e32a,14da794b-83c0-4d03-b037-4d99fb5f37fb,ce7312e1-3b1a-4934-a027-279377df8014,1633625268826,13.4234017,52.4958302,2.8125405,-0.4866345,-0.57338524,-2.5113592,on bike mount,cyclo cross,True,sett,intermediate
a78b398a-7992-49c3-bdeb-325a57e1e32a,14da794b-83c0-4d03-b037-4d99fb5f37fb,eda36f41-fb75-412e-a899-d2b8b42d1387,1633625268876,13.4234017,52.4958302,2.8125405,0.8303957,0.87270737,-9.327002,on bike mount,cyclo cross,True,sett,intermediate
a78b398a-7992-49c3-bdeb-325a57e1e32a,14da794b-83c0-4d03-b037-4d99fb5f37fb,8f5f8d85-e55c-4f26-b41b-1dabbbbc4006,1633625268927,13.4234017,52.4958302,2.8125405,4.813881,9.446107,-21.56391,on bike mount,cyclo cross,True,sett,intermediate
a78b398a-7992-49c3-bdeb-325a57e1e32a,14da794b-83c0-4d03-b037-4d99fb5f37fb,2b3c0dbb-77ae-45b0-841a-a9ad158538d7,1633625268976,13.4234017,52.4958302,2.8125405,3.518073,-3.8253882,-11.287996,on bike mount,cyclo cross,True,sett,intermediate
a78b398a-7992-49c3-bdeb-325a57e1e32a,14da794b-83c0-4d03-b037-4d99fb5f37fb,df56ea99-b176-4445-a6aa-d257e7b93158,1633625269027,13.4234017,52.4958302,2.8125405,0.5738697,-6.9035053,4.3561535,on bike mount,cyclo cross,True,sett,intermediate
a78b398a-7992-49c3-bdeb-325a57e1e32a,14da794b-83c0-4d03-b037-4d99fb5f37fb,2bfbda7b-7d01-4877-90b7-7f35458cc89c,1633625269093,13.4234017,52.4958302,2.8125405,-3.4592326,8.567478,2.0668554,on bike mount,cyclo cross,True,sett,intermediate
a78b398a-7992-49c3-bdeb-325a57e1e32a,14da794b-83c0-4d03-b037-4d99fb5f37fb,6e041cdd-e958-4b80-b1d8-75101df246da,1633625269143,13.4234017,52.4958302,2.8125405,-1.344021,-0.2215519,2.5100937,on bike mount,cyclo cross,True,sett,intermediate
a78b398a-7992-49c3-bdeb-325a57e1e32a,14da794b-83c0-4d03-b037-4d99fb5f37fb,17c5abf6-e995-4c13-b2e6-785d6deddc0f,1633625269193,13.4234017,52.4958302,2.8125405,-0.7463032,-8.055793,19.798527,on bike mount,cyclo cross,True,sett,intermediate
a78b398a-7992-49c3-bdeb-325a57e1e32a,14da794b-83c0-4d03-b037-4d99fb5f37fb,162d4878-0872-45e1-a971-65796dfb4bb9,1633625269245,13.4234017,52.4958302,2.8125405,-1.2528548,-7.1664405,10.73839,on bike mount,cyclo cross,True,sett,intermediate
a78b398a-7992-49c3-bdeb-325a57e1e32a,14da794b-83c0-4d03-b037-4d99fb5f37fb,4ec97616-6a0c-4754-9f1a-94addeaaee5c,1633625269310,13.4234017,52.4958302,2.8125405,1.1159617,-3.5541556,4.59717,on bike mount,cyclo cross,True,sett,intermediate
a78b398a-7992-49c3-bdeb-325a57e1e32a,14da794b-83c0-4d03-b037-4d99fb5f37fb,218de5b2-827e-42c1-837b-1649965e1899,1633625269360,13.4234017,52.4958302,2.8125405,-1.527844,12.873011,-0.98828745,on bike mount,cyclo cross,True,sett,intermediate
a78b398a-7992-49c3-bdeb-325a57e1e32a,14da794b-83c0-4d03-b037-4d99fb5f37fb,cc2c968d-b42f-4b31-909f-ab47eba40cd2,1633625269412,13.4234017,52.4958302,2.8125405,2.0558858,-3.6289346,15.56514,on bike mount,cyclo cross,True,sett,intermediate
a78b398a-7992-49c3-bdeb-325a57e1e32a,14da794b-83c0-4d03-b037-4d99fb5f37fb,cd9a0908-579a-478b-8018-d07aad5d37f6,1633625269480,13.4234017,52.4958302,2.8125405,0.99985844,0.15197992,11.1610155,on bike mount,cyclo cross,True,sett,intermediate
a78b398a-7992-49c3-bdeb-325a57e1e32a,14da794b-83c0-4d03-b037-4d99fb5f37fb,721fcbae-7571-41ce-8e6b-c1874d4d514a,1633625269545,13.4234017,52.4958302,2.8125405,4.2841454,2.015678,9.140505,on bike mount,cyclo cross,True,sett,intermediate
a78b398a-7992-49c3-bdeb-325a57e1e32a,14da794b-83c0-4d03-b037-4d99fb5f37fb,7ef31abf-c262-411c-b215-7adf30a4ccf4,1633625269609,13.4234593,52.4958843,3.3978174,-0.9910562,1.0005984,4.2880173,on bike mount,cyclo cross,True,sett,intermediate
a78b398a-7992-49c3-bdeb-325a57e1e32a,14da794b-83c0-4d03-b037-4d99fb5f37fb,90f59169-990d-49fd-b9fe-084a26b841a3,1633625269662,13.4234593,52.4958843,3.3978174,-4.458171,6.5911293,-7.8609853,on bike mount,cyclo cross,True,sett,intermediate
a78b398a-7992-49c3-bdeb-325a57e1e32a,14da794b-83c0-4d03-b037-4d99fb5f37fb,3405cda2-b6ba-4ecd-a007-87f652b8bdcd,1633625269712,13.4234593,52.4958843,3.3978174,4.8654757,4.2215147,2.2237682,on bike mount,cyclo cross,True,sett,intermediate
a78b398a-7992-49c3-bdeb-325a57e1e32a,14da794b-83c0-4d03-b037-4d99fb5f37fb,d78d90ff-6dda-48a8-aef5-4038bb71471d,1633625269777,13.4234593,52.4958843,3.3978174,6.122344,3.047615,0.8753662,on bike mount,cyclo cross,True,sett,intermediate
a78b398a-7992-49c3-bdeb-325a57e1e32a,14da794b-83c0-4d03-b037-4d99fb5f37fb,588546af-9684-4098-a50e-5d95d59536ad,1633625269829,13.4234593,52.4958843,3.3978174,4.201263,12.828027,-18.99615,on bike mount,cyclo cross,True,sett,intermediate
a78b398a-7992-49c3-bdeb-325a57e1e32a,14da794b-83c0-4d03-b037-4d99fb5f37fb,f3f6a16c-f499-4278-900b-51ee76457b8b,1633625269879,13.4234593,52.4958843,3.3978174,-0.020365834,-1.8936121,-0.38313007,on bike mount,cyclo cross,True,sett,intermediate
a78b398a-7992-49c3-bdeb-325a57e1e32a,14da794b-83c0-4d03-b037-4d99fb5f37fb,1f0e82a6-0a0c-46ca-ab0e-fbef76636c68,1633625269928,13.4234593,52.4958843,3.3978174,4.6882887,-28.56992,9.750203,on bike mount,cyclo cross,True,sett,intermediate
a78b398a-7992-49c3-bdeb-325a57e1e32a,14da794b-83c0-4d03-b037-4d99fb5f37fb,2c5ed2c7-912d-4ab2-9efa-9860c06c916d,1633625269979,13.4234593,52.4958843,3.3978174,1.2056421,-12.27533,9.980111,on bike mount,cyclo cross,True,sett,intermediate
a78b398a-7992-49c3-bdeb-325a57e1e32a,14da794b-83c0-4d03-b037-4d99fb5f37fb,11079c66-1284-415c-97c4-00aa3acb8e65,1633625270030,13.4234593,52.4958843,3.3978174,5.5064883,14.611054,7.3910065,on bike mount,cyclo cross,True,sett,intermediate
a78b398a-7992-49c3-bdeb-325a57e1e32a,14da794b-83c0-4d03-b037-4d99fb5f37fb,81903e32-658a-4a18-a6ef-f53db3dbde91,1633625270094,13.4234593,52.4958843,3.3978174,1.6824843,8.43537,-6.4831934,on bike mount,cyclo cross,True,sett,intermediate
a78b398a-7992-49c3-bdeb-325a57e1e32a,14da794b-83c0-4d03-b037-4d99fb5f37fb,5cbd8992-49b8-4399-beb2-562ade74376d,1633625270147,13.4234593,52.4958843,3.3978174,0.3397296,-7.6817303,-2.562759,on bike mount,cyclo cross,True,sett,intermediate
a78b398a-7992-49c3-bdeb-325a57e1e32a,14da794b-83c0-4d03-b037-4d99fb5f37fb,f3ba16f5-e22b-4171-a1ff-01c9435e9625,1633625270196,13.4234593,52.4958843,3.3978174,-8.0092945,17.635466,-17.29197,on bike mount,cyclo cross,True,sett,intermediate
a78b398a-7992-49c3-bdeb-325a57e1e32a,14da794b-83c0-4d03-b037-4d99fb5f37fb,b3632bb0-f0b8-4e89-ad90-e50d87683dce,1633625270247,13.4234593,52.4958843,3.3978174,5.989141,-0.24466848,-2.7742543,on bike mount,cyclo cross,True,sett,intermediate
a78b398a-7992-49c3-bdeb-325a57e1e32a,14da794b-83c0-4d03-b037-4d99fb5f37fb,a4b27ed6-0c44-4849-91ef-7e82cd0c007c,1633625270312,13.4234593,52.4958843,3.3978174,0.10036343,-33.529568,4.3183517,on bike mount,cyclo cross,True,sett,intermediate
a78b398a-7992-49c3-bdeb-325a57e1e32a,14da794b-83c0-4d03-b037-4d99fb5f37fb,7c8cf868-5998-4c12-bc2f-9ba1b1f0987d,1633625270363,13.4234593,52.4958843,3.3978174,-4.1285825,8.05239,-15.360737,on bike mount,cyclo cross,True,sett,intermediate
a78b398a-7992-49c3-bdeb-325a57e1e32a,14da794b-83c0-4d03-b037-4d99fb5f37fb,b1793812-fad6-4748-8483-ccc2b774dbc8,1633625270430,13.4234593,52.4958843,3.3978174,0.91576934,31.142086,6.222106,on bike mount,cyclo cross,True,sett,intermediate
a78b398a-7992-49c3-bdeb-325a57e1e32a,14da794b-83c0-4d03-b037-4d99fb5f37fb,3ce1dbf9-90ef-469b-ac0d-0ae0d6bc1c1d,1633625270481,13.4234593,52.4958843,3.3978174,-4.5254126,14.287444,-4.5438395,on bike mount,cyclo cross,True,sett,intermediate
a78b398a-7992-49c3-bdeb-325a57e1e32a,14da794b-83c0-4d03-b037-4d99fb5f37fb,8afac345-1b81-4340-aa51-9261aac4d6c8,1633625270545,13.4234593,52.4958843,3.3978174,-0.23744167,3.0339918,-8.6099,on bike mount,cyclo cross,True,sett,intermediate
a78b398a-7992-49c3-bdeb-325a57e1e32a,14da794b-83c0-4d03-b037-4d99fb5f37fb,7913caa7-a259-4b73-a07b-8362964ee045,1633625270599,13.4234752,52.4959107,3.193037,0.12605122,-14.411737,2.0308275,on bike mount,cyclo cross,True,sett,intermediate
a78b398a-7992-49c3-bdeb-325a57e1e32a,14da794b-83c0-4d03-b037-4d99fb5f37fb,ec086433-d318-4973-9503-c8fff08b253c,1633625270662,13.4234752,52.4959107,3.193037,-3.4594321,-16.311636,4.438715,on bike mount,cyclo cross,True,sett,intermediate
a78b398a-7992-49c3-bdeb-325a57e1e32a,14da794b-83c0-4d03-b037-4d99fb5f37fb,7677f61b-5515-4c11-8ba7-044d70e492e3,1633625270714,13.4234752,52.4959107,3.193037,0.28447482,3.2389345,4.548231,on bike mount,cyclo cross,True,sett,intermediate
a78b398a-7992-49c3-bdeb-325a57e1e32a,14da794b-83c0-4d03-b037-4d99fb5f37fb,1e92c7cf-e166-4304-a6bf-e5b6d549e5be,1633625270782,13.4234752,52.4959107,3.193037,0.30287138,-1.0262249,-2.3010182,on bike mount,cyclo cross,True,sett,intermediate
a78b398a-7992-49c3-bdeb-325a57e1e32a,14da794b-83c0-4d03-b037-4d99fb5f37fb,809430d5-30fa-4cae-b35d-0cba750bd9ac,1633625270831,13.4234752,52.4959107,3.193037,-1.9268248,0.60328054,28.482021,on bike mount,cyclo cross,True,sett,intermediate
a78b398a-7992-49c3-bdeb-325a57e1e32a,14da794b-83c0-4d03-b037-4d99fb5f37fb,224c8391-22b9-44ec-9883-e5162d8da954,1633625270897,13.4234752,52.4959107,3.193037,-2.384946,4.96945,18.711952,on bike mount,cyclo cross,True,sett,intermediate
a78b398a-7992-49c3-bdeb-325a57e1e32a,14da794b-83c0-4d03-b037-4d99fb5f37fb,100a6ed2-756a-4df1-a47d-3baa88ce429a,1633625270947,13.4234752,52.4959107,3.193037,-2.5327206,-21.368288,-3.1558676,on bike mount,cyclo cross,True,sett,intermediate
a78b398a-7992-49c3-bdeb-325a57e1e32a,14da794b-83c0-4d03-b037-4d99fb5f37fb,e4ca574c-0c3c-45d5-9f5f-c9d3bcb87bb6,1633625270997,13.4234752,52.4959107,3.193037,-21.072163,17.491146,6.4011583,on bike mount,cyclo cross,True,sett,intermediate
a78b398a-7992-49c3-bdeb-325a57e1e32a,14da794b-83c0-4d03-b037-4d99fb5f37fb,06c14a4b-5526-4ad9-af77-7023b2a063a0,1633625271048,13.4234752,52.4959107,3.193037,-11.525666,12.694673,16.855408,on bike mount,cyclo cross,True,sett,intermediate
a78b398a-7992-49c3-bdeb-325a57e1e32a,14da794b-83c0-4d03-b037-4d99fb5f37fb,87935557-3015-4281-a59e-cc789676933c,1633625271099,13.4234752,52.4959107,3.193037,-2.8443494,-8.569818,9.029163,on bike mount,cyclo cross,True,sett,intermediate
a78b398a-7992-49c3-bdeb-325a57e1e32a,14da794b-83c0-4d03-b037-4d99fb5f37fb,4d0fa056-2354-48e3-8c67-8bc50415ffd1,1633625271149,13.4234928,52.4959196,3.0109868,3.6907437,-0.3076973,11.178415,on bike mount,cyclo cross,True,sett,intermediate
a78b398a-7992-49c3-bdeb-325a57e1e32a,14da794b-83c0-4d03-b037-4d99fb5f37fb,c2be61c0-1383-401f-b992-543a123abdd4,1633625271200,13.4234928,52.4959196,3.0109868,3.69936,-4.3732586,13.524675,on bike mount,cyclo cross,True,sett,intermediate
a78b398a-7992-49c3-bdeb-325a57e1e32a,14da794b-83c0-4d03-b037-4d99fb5f37fb,532eeb6d-9a81-46cd-ba6a-470325e8602b,1633625271264,13.4234928,52.4959196,3.0109868,-3.146707,8.988099,-4.3550835,on bike mount,cyclo cross,True,sett,intermediate
a78b398a-7992-49c3-bdeb-325a57e1e32a,14da794b-83c0-4d03-b037-4d99fb5f37fb,de0d5cc8-7d9d-461e-b32c-b09586576adc,1633625271314,13.4234928,52.4959196,3.0109868,3.9359517,-18.132362,5.8008957,on bike mount,cyclo cross,True,sett,intermediate
a78b398a-7992-49c3-bdeb-325a57e1e32a,14da794b-83c0-4d03-b037-4d99fb5f37fb,54d9985e-3787-47f9-add6-5762e6d9199b,1633625271366,13.4234928,52.4959196,3.0109868,0.72965276,-4.128264,12.164467,on bike mount,cyclo cross,True,sett,intermediate
a78b398a-7992-49c3-bdeb-325a57e1e32a,14da794b-83c0-4d03-b037-4d99fb5f37fb,32501893-d8f5-4f2a-a787-b003012b1a88,1633625271416,13.4234928,52.4959196,3.0109868,3.7049625,-19.048931,9.208059,on bike mount,cyclo cross,True,sett,intermediate
a78b398a-7992-49c3-bdeb-325a57e1e32a,14da794b-83c0-4d03-b037-4d99fb5f37fb,ce9397a1-4be8-469d-9540-fd644c20de07,1633625271467,13.4234928,52.4959196,3.0109868,1.5783392,-11.196515,-3.8543293,on bike mount,cyclo cross,True,sett,intermediate
a78b398a-7992-49c3-bdeb-325a57e1e32a,14da794b-83c0-4d03-b037-4d99fb5f37fb,9df4348b-944f-4248-b872-ca29fa66ee60,1633625271534,13.4234928,52.4959196,3.0109868,-3.5058732,2.8674064,-8.853605,on bike mount,cyclo cross,True,sett,intermediate
a78b398a-7992-49c3-bdeb-325a57e1e32a,14da794b-83c0-4d03-b037-4d99fb5f37fb,a66f0a95-1a9b-4f44-91e9-cdc648eb3475,1633625271599,13.4234928,52.4959196,3.0109868,-1.6263567,-5.040692,1.7980394,on bike mount,cyclo cross,True,sett,intermediate
a78b398a-7992-49c3-bdeb-325a57e1e32a,14da794b-83c0-4d03-b037-4d99fb5f37fb,de8e4582-228c-4268-b890-0c7bc614f970,1633625271665,13.4234928,52.4959196,3.0109868,-1.2941587,-3.5007472,8.373186,on bike mount,cyclo cross,True,sett,intermediate
a78b398a-7992-49c3-bdeb-325a57e1e32a,14da794b-83c0-4d03-b037-4d99fb5f37fb,99a9d271-69fd-416c-be6f-0bf7412c36ed,1633625271716,13.4234928,52.4959196,3.0109868,-0.117128715,9.3148155,-16.927914,on bike mount,cyclo cross,True,sett,intermediate
a78b398a-7992-49c3-bdeb-325a57e1e32a,14da794b-83c0-4d03-b037-4d99fb5f37fb,84a2be32-75db-40c4-9d3b-4a7cf334101d,1633625271766,13.4234928,52.4959196,3.0109868,1.971618,4.5565805,-8.325629,on bike mount,cyclo cross,True,sett,intermediate
a78b398a-7992-49c3-bdeb-325a57e1e32a,14da794b-83c0-4d03-b037-4d99fb5f37fb,15da2af0-cbf3-4421-a602-a5a2e4c29a2d,1633625271817,13.4234928,52.4959196,3.0109868,0.72607696,5.5072694,1.1778278,on bike mount,cyclo cross,True,sett,intermediate
a78b398a-7992-49c3-bdeb-325a57e1e32a,14da794b-83c0-4d03-b037-4d99fb5f37fb,31369135-a94f-4bdc-a7c7-64ea7b0510e9,1633625271883,13.4234928,52.4959196,3.0109868,-1.3707067,-9.389929,0.7783308,on bike mount,cyclo cross,True,sett,intermediate
a78b398a-7992-49c3-bdeb-325a57e1e32a,14da794b-83c0-4d03-b037-4d99fb5f37fb,056ee5d6-f21d-49fb-8b0f-567bbdf41c44,1633625271951,13.4234928,52.4959196,3.0109868,-0.8219847,-16.504911,23.163597,on bike mount,cyclo cross,True,sett,intermediate
a78b398a-7992-49c3-bdeb-325a57e1e32a,14da794b-83c0-4d03-b037-4d99fb5f37fb,befdd15b-87ad-4bdc-8529-876b5a84e67a,1633625272001,13.4234928,52.4959196,3.0109868,-0.78957593,6.5966463,-11.603073,on bike mount,cyclo cross,True,sett,intermediate
a78b398a-7992-49c3-bdeb-325a57e1e32a,14da794b-83c0-4d03-b037-4d99fb5f37fb,1767e705-236f-401b-8d6c-9d0052ab2819,1633625272051,13.4234928,52.4959196,3.0109868,-2.6816926,-1.7799461,-13.293315,on bike mount,cyclo cross,True,sett,intermediate
a78b398a-7992-49c3-bdeb-325a57e1e32a,14da794b-83c0-4d03-b037-4d99fb5f37fb,e5028ca6-4df0-4fe4-b3e8-e6769e8d21a1,1633625272118,13.4234928,52.4959196,3.0109868,-3.4092445,-2.7381272,4.2517824,on bike mount,cyclo cross,True,sett,intermediate
a78b398a-7992-49c3-bdeb-325a57e1e32a,14da794b-83c0-4d03-b037-4d99fb5f37fb,edfa299c-b899-4897-890c-0f26f69992b2,1633625272184,13.4234928,52.4959196,3.0109868,7.470366,-18.159977,20.20359,on bike mount,cyclo cross,True,sett,intermediate
a78b398a-7992-49c3-bdeb-325a57e1e32a,14da794b-83c0-4d03-b037-4d99fb5f37fb,a843121e-baf7-4f47-a63d-300189d7285e,1633625272233,13.4234928,52.4959196,3.0109868,-2.0055535,5.169792,-6.5107203,on bike mount,cyclo cross,True,sett,intermediate
a78b398a-7992-49c3-bdeb-325a57e1e32a,14da794b-83c0-4d03-b037-4d99fb5f37fb,04f23b36-abda-487d-91da-19a8a487d7d9,1633625272284,13.4234928,52.4959196,3.0109868,-1.3470745,-5.682227,-10.144303,on bike mount,cyclo cross,True,sett,intermediate
a78b398a-7992-49c3-bdeb-325a57e1e32a,14da794b-83c0-4d03-b037-4d99fb5f37fb,d83df4cc-bdd4-449d-9c15-20ce22a56697,1633625272335,13.4234928,52.4959196,3.0109868,6.326979,-23.618364,-12.700563,on bike mount,cyclo cross,True,sett,intermediate
a78b398a-7992-49c3-bdeb-325a57e1e32a,14da794b-83c0-4d03-b037-4d99fb5f37fb,b2ab029b-da42-4805-aa5a-dad8fad65ad8,1633625272400,13.4234928,52.4959196,3.0109868,7.217103,-20.362625,2.9647732,on bike mount,cyclo cross,True,sett,intermediate
a78b398a-7992-49c3-bdeb-325a57e1e32a,14da794b-83c0-4d03-b037-4d99fb5f37fb,d80e4247-3b9f-48c3-a340-50c6cb9aa0d9,1633625272449,13.4234928,52.4959196,3.0109868,-0.6717969,-2.0990565,11.977476,on bike mount,cyclo cross,True,sett,intermediate
a78b398a-7992-49c3-bdeb-325a57e1e32a,14da794b-83c0-4d03-b037-4d99fb5f37fb,8b51874f-48a3-4910-87b2-f02e5c16dc70,1633625272501,13.4234928,52.4959196,3.0109868,-4.5959897,15.679159,8.674875,on bike mount,cyclo cross,True,sett,intermediate
a78b398a-7992-49c3-bdeb-325a57e1e32a,14da794b-83c0-4d03-b037-4d99fb5f37fb,026aad4b-3561-4c39-95b0-f519d5915a30,1633625272567,13.4235594,52.4959876,3.3002698,-2.8208773,-14.378814,17.487309,on bike mount,cyclo cross,True,sett,intermediate
a78b398a-7992-49c3-bdeb-325a57e1e32a,14da794b-83c0-4d03-b037-4d99fb5f37fb,d55ecea9-83c1-4b85-9625-349511aed415,1633625272618,13.4235594,52.4959876,3.3002698,0.3415888,-1.7521052,3.933588,on bike mount,cyclo cross,True,sett,intermediate
a78b398a-7992-49c3-bdeb-325a57e1e32a,14da794b-83c0-4d03-b037-4d99fb5f37fb,eec31096-0ae7-4228-8be4-fbaf1282d93c,1633625272668,13.4235594,52.4959876,3.3002698,3.204683,4.9187193,-19.417551,on bike mount,cyclo cross,True,sett,intermediate
a78b398a-7992-49c3-bdeb-325a57e1e32a,14da794b-83c0-4d03-b037-4d99fb5f37fb,056f3695-5e74-4ee3-b229-3f74040937e2,1633625272718,13.4235594,52.4959876,3.3002698,2.1449623,-9.840251,-14.842464,on bike mount,cyclo cross,True,sett,intermediate
a78b398a-7992-49c3-bdeb-325a57e1e32a,14da794b-83c0-4d03-b037-4d99fb5f37fb,55baed6e-3b63-4207-9b01-9becb1fbb8ec,1633625272768,13.4235594,52.4959876,3.3002698,4.400654,0.2651949,2.0444164,on bike mount,cyclo cross,True,sett,intermediate
a78b398a-7992-49c3-bdeb-325a57e1e32a,14da794b-83c0-4d03-b037-4d99fb5f37fb,7636c031-e8cf-4723-b5af-f6972d46c9c8,1633625272834,13.4235594,52.4959876,3.3002698,-8.744662,-13.331073,16.362003,on bike mount,cyclo cross,True,sett,intermediate
a78b398a-7992-49c3-bdeb-325a57e1e32a,14da794b-83c0-4d03-b037-4d99fb5f37fb,707505e8-6de1-41af-8602-0643df19b155,1633625272884,13.4235594,52.4959876,3.3002698,2.1999903,12.20425,-13.814536,on bike mount,cyclo cross,True,sett,intermediate
a78b398a-7992-49c3-bdeb-325a57e1e32a,14da794b-83c0-4d03-b037-4d99fb5f37fb,3d18e297-797f-445e-ab45-f00390fc046d,1633625272935,13.4235594,52.4959876,3.3002698,1.2692773,6.912409,-13.312276,on bike mount,cyclo cross,True,sett,intermediate
a78b398a-7992-49c3-bdeb-325a57e1e32a,14da794b-83c0-4d03-b037-4d99fb5f37fb,d9a891ae-5b8a-4825-929f-7944f8fd1431,1633625272986,13.4235594,52.4959876,3.3002698,9.585312,2.790133,-13.655077,on bike mount,cyclo cross,True,sett,intermediate
a78b398a-7992-49c3-bdeb-325a57e1e32a,14da794b-83c0-4d03-b037-4d99fb5f37fb,dc2cc4b9-6562-4b68-b8d3-5d982ea8419a,1633625273053,13.4235594,52.4959876,3.3002698,0.06960595,6.8967896,-2.2662559,on bike mount,cyclo cross,True,sett,intermediate
a78b398a-7992-49c3-bdeb-325a57e1e32a,14da794b-83c0-4d03-b037-4d99fb5f37fb,aefcf898-ebb9-4a6f-837e-ed4f7f1a9b65,1633625273104,13.4235594,52.4959876,3.3002698,-1.9826207,9.159916,-1.1019459,on bike mount,cyclo cross,True,sett,intermediate
a78b398a-7992-49c3-bdeb-325a57e1e32a,14da794b-83c0-4d03-b037-4d99fb5f37fb,98ca3651-3675-416d-82b2-899ba99e44d7,1633625273169,13.4235594,52.4959876,3.3002698,0.5300427,2.7713642,-3.6106944,on bike mount,cyclo cross,True,sett,intermediate
a78b398a-7992-49c3-bdeb-325a57e1e32a,14da794b-83c0-4d03-b037-4d99fb5f37fb,55195c2e-5829-4bdb-8084-86cf48fc793c,1633625273219,13.4235594,52.4959876,3.3002698,1.1403847,-2.215835,-5.587497,on bike mount,cyclo cross,True,sett,intermediate
a78b398a-7992-49c3-bdeb-325a57e1e32a,14da794b-83c0-4d03-b037-4d99fb5f37fb,9960cccd-dae5-44ac-9458-fedc38258c84,1633625273270,13.4235594,52.4959876,3.3002698,-6.3772736,17.11065,-6.8033724,on bike mount,cyclo cross,True,sett,intermediate
a78b398a-7992-49c3-bdeb-325a57e1e32a,14da794b-83c0-4d03-b037-4d99fb5f37fb,d9d0692a-fc9b-48d9-b145-3b89ed989c6e,1633625273320,13.4235594,52.4959876,3.3002698,2.9618583,-0.70388746,12.900372,on bike mount,cyclo cross,True,sett,intermediate
a78b398a-7992-49c3-bdeb-325a57e1e32a,14da794b-83c0-4d03-b037-4d99fb5f37fb,9cce31d8-f2b5-40b6-a5be-5bd76bedad0e,1633625273371,13.4235594,52.4959876,3.3002698,-5.526318,1.5320888,1.29387,on bike mount,cyclo cross,True,sett,intermediate
a78b398a-7992-49c3-bdeb-325a57e1e32a,14da794b-83c0-4d03-b037-4d99fb5f37fb,70395722-0c72-4305-ac0b-1e8793ac2589,1633625273436,13.4235594,52.4959876,3.3002698,-3.0603456,4.7229466,1.3726149,on bike mount,cyclo cross,True,sett,intermediate
a78b398a-7992-49c3-bdeb-325a57e1e32a,14da794b-83c0-4d03-b037-4d99fb5f37fb,79676526-3d18-4852-b8cd-a4e14dc46ca5,1633625273487,13.4235594,52.4959876,3.3002698,-8.0042925,2.2753744,2.0284338,on bike mount,cyclo cross,True,sett,intermediate
a78b398a-7992-49c3-bdeb-325a57e1e32a,14da794b-83c0-4d03-b037-4d99fb5f37fb,6291cc0f-db65-447e-a0f3-6b53e63d044c,1633625273542,13.4235594,52.4959876,3.3002698,2.0145729,-2.1781468,11.111784,on bike mount,cyclo cross,True,sett,intermediate
a78b398a-7992-49c3-bdeb-325a57e1e32a,14da794b-83c0-4d03-b037-4d99fb5f37fb,a63fee2f-dc6c-4523-866b-6bec42a5afc8,1633625273602,13.4235941,52.4960333,3.3626714,-3.5180798,0.15629864,9.212675,on bike mount,cyclo cross,True,sett,intermediate
a78b398a-7992-49c3-bdeb-325a57e1e32a,14da794b-83c0-4d03-b037-4d99fb5f37fb,4c92a0f0-f79c-4489-b608-8990d255c116,1633625273653,13.4235941,52.4960333,3.3626714,-2.4518845,-1.6803129,3.842722,on bike mount,cyclo cross,True,sett,intermediate
a78b398a-7992-49c3-bdeb-325a57e1e32a,14da794b-83c0-4d03-b037-4d99fb5f37fb,dabe451a-d85c-45de-b321-65619b76fbb8,1633625273706,13.4235941,52.4960333,3.3626714,-0.8638408,-8.094769,5.2862816,on bike mount,cyclo cross,True,sett,intermediate
a78b398a-7992-49c3-bdeb-325a57e1e32a,14da794b-83c0-4d03-b037-4d99fb5f37fb,56508664-ed0e-4582-a651-1c5bd085e2c9,1633625273770,13.4235941,52.4960333,3.3626714,1.6519419,-1.5818071,-15.807126,on bike mount,cyclo cross,True,sett,intermediate
a78b398a-7992-49c3-bdeb-325a57e1e32a,14da794b-83c0-4d03-b037-4d99fb5f37fb,c98f7011-5a38-4f80-a1f2-1a0a40b74b65,1633625273821,13.4235941,52.4960333,3.3626714,-3.4514375,-26.632181,-4.8702135,on bike mount,cyclo cross,True,sett,intermediate
a78b398a-7992-49c3-bdeb-325a57e1e32a,ab476c14-d8fe-4b5c-b50b-2e5422965fc7,011da7ce-bbe9-493c-bc29-0cc87cbae90a,1633625271466,13.4234928,52.4959196,3.0109868,0.85164857,-8.119071,0.38412285,on bike mount,cyclo cross,True,sett,intermediate
a78b398a-7992-49c3-bdeb-325a57e1e32a,ab476c14-d8fe-4b5c-b50b-2e5422965fc7,3bd4b291-866c-493d-af4e-5571a15d0f03,1633625271534,13.4234928,52.4959196,3.0109868,-3.5058732,2.8674064,-8.853605,on bike mount,cyclo cross,True,sett,intermediate
a78b398a-7992-49c3-bdeb-325a57e1e32a,ab476c14-d8fe-4b5c-b50b-2e5422965fc7,778063c0-e145-4816-9550-1e8c9474bd97,1633625271599,13.4234928,52.4959196,3.0109868,-1.6263567,-5.040692,1.7980394,on bike mount,cyclo cross,True,sett,intermediate
a78b398a-7992-49c3-bdeb-325a57e1e32a,ab476c14-d8fe-4b5c-b50b-2e5422965fc7,d72f99fd-c267-40fb-8c62-e80d405eb038,1633625271664,13.4234928,52.4959196,3.0109868,-1.2941587,-3.5007472,8.373186,on bike mount,cyclo cross,True,sett,intermediate
a78b398a-7992-49c3-bdeb-325a57e1e32a,ab476c14-d8fe-4b5c-b50b-2e5422965fc7,2302c1d7-71cd-494b-a9b8-c7be024406fa,1633625271714,13.4234928,52.4959196,3.0109868,-1.4241698,5.010756,-15.545334,on bike mount,cyclo cross,True,sett,intermediate
a78b398a-7992-49c3-bdeb-325a57e1e32a,ab476c14-d8fe-4b5c-b50b-2e5422965fc7,80d314ca-c3bf-4ab4-9636-918a3da9868f,1633625271765,13.4234928,52.4959196,3.0109868,1.377528,-1.4283643,-5.2349863,on bike mount,cyclo cross,True,sett,intermediate
a78b398a-7992-49c3-bdeb-325a57e1e32a,ab476c14-d8fe-4b5c-b50b-2e5422965fc7,a70d04b4-0932-484e-a880-b236b25156f8,1633625271816,13.4234928,52.4959196,3.0109868,0.72607696,5.5072694,1.1778278,on bike mount,cyclo cross,True,sett,intermediate
a78b398a-7992-49c3-bdeb-325a57e1e32a,ab476c14-d8fe-4b5c-b50b-2e5422965fc7,d186d8ee-a3f4-4750-81c6-dffd131239b2,1633625271866,13.4234928,52.4959196,3.0109868,-2.414157,2.2767973,-3.0105152,on bike mount,cyclo cross,True,sett,intermediate
a78b398a-7992-49c3-bdeb-325a57e1e32a,ab476c14-d8fe-4b5c-b50b-2e5422965fc7,b53c6327-f35e-41d6-9447-ce6e81c3c35f,1633625271916,13.4234928,52.4959196,3.0109868,0.3464147,-8.550287,-7.9235277,on bike mount,cyclo cross,True,sett,intermediate
a78b398a-7992-49c3-bdeb-325a57e1e32a,ab476c14-d8fe-4b5c-b50b-2e5422965fc7,afd8bf32-628b-4a7d-b82a-ffafbd103520,1633625271966,13.4234928,52.4959196,3.0109868,-13.248904,2.178042,5.4177866,on bike mount,cyclo cross,True,sett,intermediate
a78b398a-7992-49c3-bdeb-325a57e1e32a,ab476c14-d8fe-4b5c-b50b-2e5422965fc7,30130987-db23-437c-a788-7c13f88d89d1,1633625272017,13.4234928,52.4959196,3.0109868,0.39669642,-18.778734,11.74968,on bike mount,cyclo cross,True,sett,intermediate
a78b398a-7992-49c3-bdeb-325a57e1e32a,ab476c14-d8fe-4b5c-b50b-2e5422965fc7,478be9d8-c961-4332-a0f8-b28e46011de6,1633625272084,13.4234928,52.4959196,3.0109868,0.9591984,6.0452013,-13.958525,on bike mount,cyclo cross,True,sett,intermediate
a78b398a-7992-49c3-bdeb-325a57e1e32a,ab476c14-d8fe-4b5c-b50b-2e5422965fc7,1ee4ca3c-ee3d-45f6-b2f9-071a82ba42bd,1633625272134,13.4234928,52.4959196,3.0109868,-3.417854,3.6057506,-13.174244,on bike mount,cyclo cross,True,sett,intermediate
a78b398a-7992-49c3-bdeb-325a57e1e32a,ab476c14-d8fe-4b5c-b50b-2e5422965fc7,487219ee-50cc-44d5-b200-e1928b7b8197,1633625272185,13.4234928,52.4959196,3.0109868,7.470366,-18.159977,20.20359,on bike mount,cyclo cross,True,sett,intermediate
a78b398a-7992-49c3-bdeb-325a57e1e32a,ab476c14-d8fe-4b5c-b50b-2e5422965fc7,5dd8a478-ae99-4cd9-be4e-6e84b8364f63,1633625272250,13.4234928,52.4959196,3.0109868,7.189438,-13.987163,-1.8761973,on bike mount,cyclo cross,True,sett,intermediate
a78b398a-7992-49c3-bdeb-325a57e1e32a,ab476c14-d8fe-4b5c-b50b-2e5422965fc7,056e2242-2089-419a-a3b1-f35de0f9c323,1633625272302,13.4234928,52.4959196,3.0109868,0.45181823,10.149461,19.235605,on bike mount,cyclo cross,True,sett,intermediate
a78b398a-7992-49c3-bdeb-325a57e1e32a,ab476c14-d8fe-4b5c-b50b-2e5422965fc7,973aa34b-b10a-4519-8861-581d7c9ba3cd,1633625272367,13.4234928,52.4959196,3.0109868,-2.340645,-15.025764,-4.0792637,on bike mount,cyclo cross,True,sett,intermediate
a78b398a-7992-49c3-bdeb-325a57e1e32a,ab476c14-d8fe-4b5c-b50b-2e5422965fc7,ebe4765f-ca8d-4ccf-9ec4-2e34821efa59,1633625272418,13.4234928,52.4959196,3.0109868,7.278743,5.0597653,-5.780913,on bike mount,cyclo cross,True,sett,intermediate
a78b398a-7992-49c3-bdeb-325a57e1e32a,ab476c14-d8fe-4b5c-b50b-2e5422965fc7,c6436fc2-d894-4f3b-9437-069a04a06e93,1633625272468,13.4234928,52.4959196,3.0109868,2.4521618,11.476676,-4.980391,on bike mount,cyclo cross,True,sett,intermediate
a78b398a-7992-49c3-bdeb-325a57e1e32a,ab476c14-d8fe-4b5c-b50b-2e5422965fc7,42f6f8a2-eb08-40d6-a497-39cd95618307,1633625272519,13.4234928,52.4959196,3.0109868,-0.25274113,-2.489296,-7.362023,on bike mount,cyclo cross,True,sett,intermediate
a78b398a-7992-49c3-bdeb-325a57e1e32a,ab476c14-d8fe-4b5c-b50b-2e5422965fc7,bb719ca5-e7d0-4d55-9883-34816469be38,1633625272586,13.4235594,52.4959876,3.3002698,2.4545069,15.569267,-7.4414644,on bike mount,cyclo cross,True,sett,intermediate
a78b398a-7992-49c3-bdeb-325a57e1e32a,ab476c14-d8fe-4b5c-b50b-2e5422965fc7,fbb995d3-b3d0-4cb6-aea0-cb864d671557,1633625272651,13.4235594,52.4959876,3.3002698,-3.6440125,5.5150414,19.967838,on bike mount,cyclo cross,True,sett,intermediate
a78b398a-7992-49c3-bdeb-325a57e1e32a,ab476c14-d8fe-4b5c-b50b-2e5422965fc7,14ebd020-b9bb-4b9f-98e8-bdfe1e68734f,1633625272716,13.4235594,52.4959876,3.3002698,-2.4271553,-8.513062,-1.4858942,on bike mount,cyclo cross,True,sett,intermediate
a78b398a-7992-49c3-bdeb-325a57e1e32a,ab476c14-d8fe-4b5c-b50b-2e5422965fc7,b01680e5-e3d9-4886-830d-86256d5aa437,1633625272766,13.4235594,52.4959876,3.3002698,2.1447248,-3.3338213,2.086236,on bike mount,cyclo cross,True,sett,intermediate
a78b398a-7992-49c3-bdeb-325a57e1e32a,ab476c14-d8fe-4b5c-b50b-2e5422965fc7,558fdc2f-4851-42d3-aacd-3b0ee95dfbab,1633625272818,13.4235594,52.4959876,3.3002698,2.0050573,8.384214,-13.890322,on bike mount,cyclo cross,True,sett,intermediate
a78b398a-7992-49c3-bdeb-325a57e1e32a,ab476c14-d8fe-4b5c-b50b-2e5422965fc7,0294cc8d-7040-48b6-8b81-d9160d8a3323,1633625272868,13.4235594,52.4959876,3.3002698,-4.369234,-11.38269,-10.083536,on bike mount,cyclo cross,True,sett,intermediate
a78b398a-7992-49c3-bdeb-325a57e1e32a,ab476c14-d8fe-4b5c-b50b-2e5422965fc7,1524fb9f-c56b-44d4-b18b-89acdc123c5e,1633625272934,13.4235594,52.4959876,3.3002698,1.4494555,12.0349045,-16.515781,on bike mount,cyclo cross,True,sett,intermediate
a78b398a-7992-49c3-bdeb-325a57e1e32a,ab476c14-d8fe-4b5c-b50b-2e5422965fc7,82815c45-a45d-4211-a3c5-943d6940540a,1633625272984,13.4235594,52.4959876,3.3002698,9.343956,-1.4359154,-6.1667295,on bike mount,cyclo cross,True,sett,intermediate
a78b398a-7992-49c3-bdeb-325a57e1e32a,ab476c14-d8fe-4b5c-b50b-2e5422965fc7,429bc743-ff51-44a2-acc0-2ae014a91138,1633625273036,13.4235594,52.4959876,3.3002698,-2.0024924,-4.437291,-1.861711,on bike mount,cyclo cross,True,sett,intermediate
a78b398a-7992-49c3-bdeb-325a57e1e32a,ab476c14-d8fe-4b5c-b50b-2e5422965fc7,5aa1af8d-d8a3-4938-af99-fdc073432dd1,1633625273104,13.4235594,52.4959876,3.3002698,-1.9826207,9.159916,-1.1019459,on bike mount,cyclo cross,True,sett,intermediate
a78b398a-7992-49c3-bdeb-325a57e1e32a,ab476c14-d8fe-4b5c-b50b-2e5422965fc7,adf9b95d-4858-48fd-ab6b-d03b24161bdc,1633625273153,13.4235594,52.4959876,3.3002698,1.4766124,-6.4679575,8.392424,on bike mount,cyclo cross,True,sett,intermediate
a78b398a-7992-49c3-bdeb-325a57e1e32a,ab476c14-d8fe-4b5c-b50b-2e5422965fc7,6a22d47d-505b-408d-8451-22d482affd8c,1633625273203,13.4235594,52.4959876,3.3002698,-3.5976248,2.8193064,4.5417013,on bike mount,cyclo cross,True,sett,intermediate
a78b398a-7992-49c3-bdeb-325a57e1e32a,ab476c14-d8fe-4b5c-b50b-2e5422965fc7,94f53fb5-6c4e-480d-b7ce-b1d06de2eb42,1633625273253,13.4235594,52.4959876,3.3002698,0.200755,-32.982502,32.682472,on bike mount,cyclo cross,True,sett,intermediate
a78b398a-7992-49c3-bdeb-325a57e1e32a,ab476c14-d8fe-4b5c-b50b-2e5422965fc7,f70772c1-c92e-47df-927b-3449b58207da,1633625273319,13.4235594,52.4959876,3.3002698,1.7315904,-4.0994945,9.306263,on bike mount,cyclo cross,True,sett,intermediate
a78b398a-7992-49c3-bdeb-325a57e1e32a,ab476c14-d8fe-4b5c-b50b-2e5422965fc7,8b6b4879-d811-4a3a-81ff-d70923a69122,1633625273370,13.4235594,52.4959876,3.3002698,-5.526318,1.5320888,1.29387,on bike mount,cyclo cross,True,sett,intermediate
a78b398a-7992-49c3-bdeb-325a57e1e32a,ab476c14-d8fe-4b5c-b50b-2e5422965fc7,861d1dd9-e4eb-45a7-ac6d-d53cb69ab2c9,1633625273421,13.4235594,52.4959876,3.3002698,-0.7824115,-1.5359976,-10.568973,on bike mount,cyclo cross,True,sett,intermediate
a78b398a-7992-49c3-bdeb-325a57e1e32a,ab476c14-d8fe-4b5c-b50b-2e5422965fc7,1ec6d68a-50de-4202-b2af-86ae77b5f476,1633625273470,13.4235594,52.4959876,3.3002698,3.0664794,-9.572094,-6.0135694,on bike mount,cyclo cross,True,sett,intermediate
a78b398a-7992-49c3-bdeb-325a57e1e32a,ab476c14-d8fe-4b5c-b50b-2e5422965fc7,1fe652a3-5f77-477f-b3ac-60e47dda1183,1633625273521,13.4235594,52.4959876,3.3002698,5.598552,-6.849485,-13.342775,on bike mount,cyclo cross,True,sett,intermediate
a78b398a-7992-49c3-bdeb-325a57e1e32a,ab476c14-d8fe-4b5c-b50b-2e5422965fc7,7468e6a5-3ac2-4fee-98d1-ddf9644cc0aa,1633625273586,13.4235941,52.4960333,3.3626714,-1.0921735,0.15241909,-1.8046212,on bike mount,cyclo cross,True,sett,intermediate
a78b398a-7992-49c3-bdeb-325a57e1e32a,ab476c14-d8fe-4b5c-b50b-2e5422965fc7,814c2806-00af-4cb9-8985-9860742a02d9,1633625273638,13.4235941,52.4960333,3.3626714,-0.09730363,4.213908,-9.331808,on bike mount,cyclo cross,True,sett,intermediate
a78b398a-7992-49c3-bdeb-325a57e1e32a,ab476c14-d8fe-4b5c-b50b-2e5422965fc7,a8c26b38-4e01-48a2-85f0-b17efe71c991,1633625273704,13.4235941,52.4960333,3.3626714,-3.023732,-4.0722723,18.363663,on bike mount,cyclo cross,True,sett,intermediate
a78b398a-7992-49c3-bdeb-325a57e1e32a,ab476c14-d8fe-4b5c-b50b-2e5422965fc7,fba134ba-0be1-41fa-b63b-1fbb400111a6,1633625273755,13.4235941,52.4960333,3.3626714,1.1122757,-3.1350932,6.9825163,on bike mount,cyclo cross,True,sett,intermediate
a78b398a-7992-49c3-bdeb-325a57e1e32a,ab476c14-d8fe-4b5c-b50b-2e5422965fc7,c0012480-d23c-4d29-b1d1-98576d78ee80,1633625273821,13.4235941,52.4960333,3.3626714,-3.4514375,-26.632181,-4.8702135,on bike mount,cyclo cross,True,sett,intermediate
a78b398a-7992-49c3-bdeb-325a57e1e32a,ab476c14-d8fe-4b5c-b50b-2e5422965fc7,658d96a6-03ae-4b36-9af2-cce0f68653ae,1633625273871,13.4235941,52.4960333,3.3626714,2.428101,-8.261019,-9.494675,on bike mount,cyclo cross,True,sett,intermediate
a78b398a-7992-49c3-bdeb-325a57e1e32a,ab476c14-d8fe-4b5c-b50b-2e5422965fc7,8cd17a9b-e9e6-4021-96a6-735e54a27ab1,1633625273921,13.4235941,52.4960333,3.3626714,-13.031261,14.769611,-7.8715653,on bike mount,cyclo cross,True,sett,intermediate
a78b398a-7992-49c3-bdeb-325a57e1e32a,ab476c14-d8fe-4b5c-b50b-2e5422965fc7,6ce7a94f-1d17-44dc-9129-738c315f15b7,1633625273971,13.4235941,52.4960333,3.3626714,3.5913699,14.095596,-12.165921,on bike mount,cyclo cross,True,sett,intermediate
a78b398a-7992-49c3-bdeb-325a57e1e32a,ab476c14-d8fe-4b5c-b50b-2e5422965fc7,018349c8-4047-4792-84c7-843af6e1b20e,1633625274038,13.4235941,52.4960333,3.3626714,-1.6891124,12.149297,-14.049306,on bike mount,cyclo cross,True,sett,intermediate
a78b398a-7992-49c3-bdeb-325a57e1e32a,ab476c14-d8fe-4b5c-b50b-2e5422965fc7,b8dc0635-aaf9-4ad8-acd2-06b04386f12c,1633625274104,13.4235941,52.4960333,3.3626714,3.1804087,4.272692,-7.9619465,on bike mount,cyclo cross,True,sett,intermediate
a78b398a-7992-49c3-bdeb-325a57e1e32a,ab476c14-d8fe-4b5c-b50b-2e5422965fc7,3d768fa9-65ff-4ab7-bfb7-e2428b074d52,1633625274155,13.4235941,52.4960333,3.3626714,-2.8713365,-1.7040322,-12.802279,on bike mount,cyclo cross,True,sett,intermediate
a78b398a-7992-49c3-bdeb-325a57e1e32a,ab476c14-d8fe-4b5c-b50b-2e5422965fc7,4f4f44d2-e08c-4c9b-9b2b-a98a40944683,1633625274204,13.4235941,52.4960333,3.3626714,4.175446,-45.11752,-7.047826,on bike mount,cyclo cross,True,sett,intermediate
a78b398a-7992-49c3-bdeb-325a57e1e32a,ab476c14-d8fe-4b5c-b50b-2e5422965fc7,ef82bd32-3474-429e-acce-923369dbf020,1633625274255,13.4235941,52.4960333,3.3626714,1.6925768,-0.15544462,4.4503927,on bike mount,cyclo cross,True,sett,intermediate
a78b398a-7992-49c3-bdeb-325a57e1e32a,ab476c14-d8fe-4b5c-b50b-2e5422965fc7,04d0a2b7-2bea-4318-b5de-70d58b9858b3,1633625274305,13.4235941,52.4960333,3.3626714,-2.1774254,7.5447645,-3.122793,on bike mount,cyclo cross,True,sett,intermediate
a78b398a-7992-49c3-bdeb-325a57e1e32a,ab476c14-d8fe-4b5c-b50b-2e5422965fc7,a619a69c-b4f9-45a2-b486-aa974b619d88,1633625274355,13.4235941,52.4960333,3.3626714,9.065842,11.359762,1.5772429,on bike mount,cyclo cross,True,sett,intermediate
a78b398a-7992-49c3-bdeb-325a57e1e32a,ab476c14-d8fe-4b5c-b50b-2e5422965fc7,16d0a4fd-07ab-4965-893e-862d97844aba,1633625274405,13.4235941,52.4960333,3.3626714,6.9550314,-1.9292569,25.551832,on bike mount,cyclo cross,True,sett,intermediate
a78b398a-7992-49c3-bdeb-325a57e1e32a,ab476c14-d8fe-4b5c-b50b-2e5422965fc7,b9631d1e-03ef-495c-8ade-bb25ef79a159,1633625274455,13.4235941,52.4960333,3.3626714,2.9251273,14.641266,4.559456,on bike mount,cyclo cross,True,sett,intermediate
a78b398a-7992-49c3-bdeb-325a57e1e32a,ab476c14-d8fe-4b5c-b50b-2e5422965fc7,c14617cf-b5bb-47b3-8e99-e1b898a926f8,1633625274505,13.4235941,52.4960333,3.3626714,-1.1136618,-5.105053,9.45833,on bike mount,cyclo cross,True,sett,intermediate
a78b398a-7992-49c3-bdeb-325a57e1e32a,ab476c14-d8fe-4b5c-b50b-2e5422965fc7,bbb17569-8c85-4aba-b1f9-fbf414ae1438,1633625274556,13.4236269,52.4960764,3.4197783,1.3791709,-8.228168,0.2541132,on bike mount,cyclo cross,True,sett,intermediate
a78b398a-7992-49c3-bdeb-325a57e1e32a,ab476c14-d8fe-4b5c-b50b-2e5422965fc7,780b96ff-f981-48ce-94d0-592f48b764cf,1633625274621,13.4236269,52.4960764,3.4197783,-1.1192826,11.768597,17.060064,on bike mount,cyclo cross,True,sett,intermediate
a78b398a-7992-49c3-bdeb-325a57e1e32a,ab476c14-d8fe-4b5c-b50b-2e5422965fc7,8c4e47f2-19a8-45ce-9c6a-6820ffff5f09,1633625274672,13.4236269,52.4960764,3.4197783,4.5014257,10.044108,22.276846,on bike mount,cyclo cross,True,sett,intermediate
a78b398a-7992-49c3-bdeb-325a57e1e32a,ab476c14-d8fe-4b5c-b50b-2e5422965fc7,9149aa52-7e84-489c-a7d0-0b0bf00bf947,1633625274722,13.4236269,52.4960764,3.4197783,1.1158822,5.452619,24.184023,on bike mount,cyclo cross,True,sett,intermediate
a78b398a-7992-49c3-bdeb-325a57e1e32a,ab476c14-d8fe-4b5c-b50b-2e5422965fc7,0a3bf4d6-5b88-4add-9423-4d1e293e82e8,1633625274773,13.4236269,52.4960764,3.4197783,-1.4579113,10.858555,1.4325495,on bike mount,cyclo cross,True,sett,intermediate
a78b398a-7992-49c3-bdeb-325a57e1e32a,ab476c14-d8fe-4b5c-b50b-2e5422965fc7,1acc609b-b026-41bb-abbd-940b6820256f,1633625274823,13.4236269,52.4960764,3.4197783,-0.47869343,-21.438553,35.61006,on bike mount,cyclo cross,True,sett,intermediate
a78b398a-7992-49c3-bdeb-325a57e1e32a,ab476c14-d8fe-4b5c-b50b-2e5422965fc7,a42d25c8-c154-4937-9b3a-2e0543772d04,1633625274888,13.4236269,52.4960764,3.4197783,0.65949214,3.9352922,-10.840924,on bike mount,cyclo cross,True,sett,intermediate
a78b398a-7992-49c3-bdeb-325a57e1e32a,ab476c14-d8fe-4b5c-b50b-2e5422965fc7,0ccc194d-c97f-463b-85e0-f7441dde5b6f,1633625274939,13.4236269,52.4960764,3.4197783,3.3142,-7.079256,15.969246,on bike mount,cyclo cross,True,sett,intermediate
a78b398a-7992-49c3-bdeb-325a57e1e32a,ab476c14-d8fe-4b5c-b50b-2e5422965fc7,5afb1022-5827-471b-a8c4-295e60d3bd37,1633625274990,13.4236269,52.4960764,3.4197783,-3.4477384,7.4030232,-2.557979,on bike mount,cyclo cross,True,sett,intermediate
a78b398a-7992-49c3-bdeb-325a57e1e32a,ab476c14-d8fe-4b5c-b50b-2e5422965fc7,b0d72764-958b-4fd0-87e8-a454da8d72bd,1633625275057,13.4236269,52.4960764,3.4197783,2.8469353,-10.560642,-18.24362,on bike mount,cyclo cross,True,sett,intermediate
a78b398a-7992-49c3-bdeb-325a57e1e32a,ab476c14-d8fe-4b5c-b50b-2e5422965fc7,1a9ac933-5f4f-4b97-a2bd-1b712199cac1,1633625275108,13.4236269,52.4960764,3.4197783,-2.5160165,11.23911,-21.633703,on bike mount,cyclo cross,True,sett,intermediate
a78b398a-7992-49c3-bdeb-325a57e1e32a,ab476c14-d8fe-4b5c-b50b-2e5422965fc7,e8cbb185-c53e-4d97-a5b0-2452e895541a,1633625275172,13.4236269,52.4960764,3.4197783,-5.3791795,8.515337,-4.591359,on bike mount,cyclo cross,True,sett,intermediate
a78b398a-7992-49c3-bdeb-325a57e1e32a,ab476c14-d8fe-4b5c-b50b-2e5422965fc7,76b2893c-d28d-4351-85ec-2827e65305b6,1633625275222,13.4236269,52.4960764,3.4197783,-1.8371763,2.1746645,-7.503452,on bike mount,cyclo cross,True,sett,intermediate
a78b398a-7992-49c3-bdeb-325a57e1e32a,ab476c14-d8fe-4b5c-b50b-2e5422965fc7,cf7bc016-a4e8-4599-b010-50f10f815e88,1633625275273,13.4236269,52.4960764,3.4197783,1.0307364,-0.094638824,-12.066431,on bike mount,cyclo cross,True,sett,intermediate
a78b398a-7992-49c3-bdeb-325a57e1e32a,ab476c14-d8fe-4b5c-b50b-2e5422965fc7,fb670eae-b7b3-41bf-991e-9b54326d36cf,1633625275325,13.4236269,52.4960764,3.4197783,1.6321265,-9.535629,-6.5038924,on bike mount,cyclo cross,True,sett,intermediate
a78b398a-7992-49c3-bdeb-325a57e1e32a,ab476c14-d8fe-4b5c-b50b-2e5422965fc7,8b0430e5-be85-4165-8a83-2ad0184f9124,1633625275390,13.4236269,52.4960764,3.4197783,0.5732182,10.011825,-0.6799388,on bike mount,cyclo cross,True,sett,intermediate
a78b398a-7992-49c3-bdeb-325a57e1e32a,ab476c14-d8fe-4b5c-b50b-2e5422965fc7,12e01f90-f86b-432b-a307-11c85c3957bd,1633625275440,13.4236269,52.4960764,3.4197783,0.1712584,4.611859,0.12187004,on bike mount,cyclo cross,True,sett,intermediate
a78b398a-7992-49c3-bdeb-325a57e1e32a,ab476c14-d8fe-4b5c-b50b-2e5422965fc7,e112a988-da6e-4384-b927-6b0becffb31b,1633625275492,13.4236269,52.4960764,3.4197783,8.650804,4.6204576,-10.291784,on bike mount,cyclo cross,True,sett,intermediate
a78b398a-7992-49c3-bdeb-325a57e1e32a,ab476c14-d8fe-4b5c-b50b-2e5422965fc7,824a549b-03a7-4498-8a8a-7420fe04f97d,1633625275544,13.423658,52.4961146,5.197164,0.5913332,-19.430992,-17.148241,on bike mount,cyclo cross,True,sett,intermediate
a78b398a-7992-49c3-bdeb-325a57e1e32a,ab476c14-d8fe-4b5c-b50b-2e5422965fc7,0dee864d-d3a5-4e68-9a89-d6175ffb454b,1633625275607,13.423658,52.4961146,5.197164,1.6942978,-1.2473359,16.001886,on bike mount,cyclo cross,True,sett,intermediate
a78b398a-7992-49c3-bdeb-325a57e1e32a,ab476c14-d8fe-4b5c-b50b-2e5422965fc7,2aa8326a-dcec-4516-9ff7-c863d62cc7a1,1633625275658,13.423658,52.4961146,5.197164,9.87612,-5.8748407,31.686861,on bike mount,cyclo cross,True,sett,intermediate
a78b398a-7992-49c3-bdeb-325a57e1e32a,ab476c14-d8fe-4b5c-b50b-2e5422965fc7,3e723145-71ac-4ed9-938f-cbf4e1f722ff,1633625275708,13.423658,52.4961146,5.197164,-0.99444735,-0.455904,1.5404634,on bike mount,cyclo cross,True,sett,intermediate
a78b398a-7992-49c3-bdeb-325a57e1e32a,ab476c14-d8fe-4b5c-b50b-2e5422965fc7,db277509-1513-4ee4-882d-1583de0e94f2,1633625275758,13.423658,52.4961146,5.197164,1.8839251,17.309145,-15.7466955,on bike mount,cyclo cross,True,sett,intermediate
a78b398a-7992-49c3-bdeb-325a57e1e32a,ab476c14-d8fe-4b5c-b50b-2e5422965fc7,877435ee-6e94-4460-ad40-d994b50316ce,1633625275810,13.423658,52.4961146,5.197164,-0.31105116,-20.279848,10.4080925,on bike mount,cyclo cross,True,sett,intermediate
a78b398a-7992-49c3-bdeb-325a57e1e32a,ab476c14-d8fe-4b5c-b50b-2e5422965fc7,ac7b2a6c-9ea6-491e-90bd-a205ca63ae71,1633625275875,13.423658,52.4961146,5.197164,-1.04129,1.7965856,-7.0189767,on bike mount,cyclo cross,True,sett,intermediate
a78b398a-7992-49c3-bdeb-325a57e1e32a,ab476c14-d8fe-4b5c-b50b-2e5422965fc7,7a628ef0-8377-4c50-b19e-81927ebcfa07,1633625275942,13.423658,52.4961146,5.197164,5.960117,-26.945438,2.453022,on bike mount,cyclo cross,True,sett,intermediate
a78b398a-7992-49c3-bdeb-325a57e1e32a,ab476c14-d8fe-4b5c-b50b-2e5422965fc7,71a0ae63-4caa-440d-9300-03328e4875a2,1633625275993,13.423658,52.4961146,5.197164,2.4113417,-5.66372,-23.0336,on bike mount,cyclo cross,True,sett,intermediate
a78b398a-7992-49c3-bdeb-325a57e1e32a,ab476c14-d8fe-4b5c-b50b-2e5422965fc7,470b7f14-952c-4eef-a9ae-e079e436751b,1633625276057,13.423658,52.4961146,5.197164,-2.6024764,8.247158,5.058797,on bike mount,cyclo cross,True,sett,intermediate
a78b398a-7992-49c3-bdeb-325a57e1e32a,ab476c14-d8fe-4b5c-b50b-2e5422965fc7,808bfdd0-1405-4f7b-aee1-65a3573b31f0,1633625276108,13.423658,52.4961146,5.197164,-0.84167826,1.8128695,9.53694,on bike mount,cyclo cross,True,sett,intermediate
a78b398a-7992-49c3-bdeb-325a57e1e32a,ab476c14-d8fe-4b5c-b50b-2e5422965fc7,9002dba8-4d8f-411a-b941-4a44d470483d,1633625276158,13.423658,52.4961146,5.197164,-1.1875579,7.735379,10.716794,on bike mount,cyclo cross,True,sett,intermediate
a78b398a-7992-49c3-bdeb-325a57e1e32a,ab476c14-d8fe-4b5c-b50b-2e5422965fc7,a7807472-8373-4a6f-b057-7d6101948752,1633625276210,13.423658,52.4961146,5.197164,-1.1323285,-1.7316692,9.972914,on bike mount,cyclo cross,True,sett,intermediate
a78b398a-7992-49c3-bdeb-325a57e1e32a,ab476c14-d8fe-4b5c-b50b-2e5422965fc7,d03bc5ae-81d5-4f10-92cd-a00386ad4499,1633625276260,13.423658,52.4961146,5.197164,0.5585172,-6.367939,18.686707,on bike mount,cyclo cross,True,sett,intermediate
a78b398a-7992-49c3-bdeb-325a57e1e32a,ab476c14-d8fe-4b5c-b50b-2e5422965fc7,14484287-50bd-4737-b47b-a0ca3a0ee109,1633625276327,13.423658,52.4961146,5.197164,1.7928343,0.91333866,-17.86502,on bike mount,cyclo cross,True,sett,intermediate
a78b398a-7992-49c3-bdeb-325a57e1e32a,ab476c14-d8fe-4b5c-b50b-2e5422965fc7,c0814c02-b100-4d11-8166-f410f1205d0c,1633625276394,13.423658,52.4961146,5.197164,0.7280802,-0.5844004,-0.19932938,on bike mount,cyclo cross,True,sett,intermediate
a78b398a-7992-49c3-bdeb-325a57e1e32a,ab476c14-d8fe-4b5c-b50b-2e5422965fc7,71dd5b8b-c5b6-4b74-b3e0-b916c8c8b07d,1633625276460,13.423658,52.4961146,5.197164,-0.9622853,-1.4197509,-10.181473,on bike mount,cyclo cross,True,sett,intermediate
a78b398a-7992-49c3-bdeb-325a57e1e32a,ab476c14-d8fe-4b5c-b50b-2e5422965fc7,033f06cb-375b-4b25-b12e-eaef56731065,1633625276526,13.423658,52.4961146,5.197164,-1.9592047,-14.40316,9.350546,on bike mount,cyclo cross,True,sett,intermediate
a78b398a-7992-49c3-bdeb-325a57e1e32a,ab476c14-d8fe-4b5c-b50b-2e5422965fc7,af60bb93-e3ad-4f4b-9577-ac15fd348f47,1633625276591,13.423693,52.4961638,5.4680176,-3.7186728,3.214543,22.19864,on bike mount,cyclo cross,True,sett,intermediate
a78b398a-7992-49c3-bdeb-325a57e1e32a,ab476c14-d8fe-4b5c-b50b-2e5422965fc7,ec702a7a-423b-4602-a465-c32820cac4e3,1633625276642,13.423693,52.4961638,5.4680176,-5.3956256,11.66758,8.032888,on bike mount,cyclo cross,True,sett,intermediate
a78b398a-7992-49c3-bdeb-325a57e1e32a,ab476c14-d8fe-4b5c-b50b-2e5422965fc7,e637ca50-9f2d-41b0-922d-13275f3f5f0e,1633625276692,13.423693,52.4961638,5.4680176,1.2464149,-7.6013403,9.696875,on bike mount,cyclo cross,True,sett,intermediate
a78b398a-7992-49c3-bdeb-325a57e1e32a,ab476c14-d8fe-4b5c-b50b-2e5422965fc7,6146c05f-5f8a-46d6-9a90-92ee862ced1b,1633625276743,13.423693,52.4961638,5.4680176,1.5646253,-6.8086586,8.635307,on bike mount,cyclo cross,True,sett,intermediate
a78b398a-7992-49c3-bdeb-325a57e1e32a,ab476c14-d8fe-4b5c-b50b-2e5422965fc7,f056c057-b0cf-46cf-ae33-b70165fdd813,1633625276794,13.423693,52.4961638,5.4680176,-0.23993433,-8.312074,8.00828,on bike mount,cyclo cross,True,sett,intermediate
a78b398a-7992-49c3-bdeb-325a57e1e32a,ab476c14-d8fe-4b5c-b50b-2e5422965fc7,3eb80a0d-2e87-4731-9d85-5a1c0ffa582e,1633625276844,13.423693,52.4961638,5.4680176,1.1383187,5.8179097,5.6660852,on bike mount,cyclo cross,True,sett,intermediate
a78b398a-7992-49c3-bdeb-325a57e1e32a,ab476c14-d8fe-4b5c-b50b-2e5422965fc7,e50dae7d-fd8c-433b-bef5-0a7c1f765c0f,1633625276894,13.423693,52.4961638,5.4680176,-4.110114,6.553326,0.18598747,on bike mount,cyclo cross,True,sett,intermediate
a78b398a-7992-49c3-bdeb-325a57e1e32a,ab476c14-d8fe-4b5c-b50b-2e5422965fc7,14c785be-1624-443a-9e47-d06966c31c39,1633625276944,13.423693,52.4961638,5.4680176,2.509939,-1.1374807,-11.051853,on bike mount,cyclo cross,True,sett,intermediate
a78b398a-7992-49c3-bdeb-325a57e1e32a,ab476c14-d8fe-4b5c-b50b-2e5422965fc7,52c00842-51e6-4edd-85f4-6194920324ec,1633625277010,13.423693,52.4961638,5.4680176,-5.5544505,-0.9226434,-28.831566,on bike mount,cyclo cross,True,sett,intermediate
a78b398a-7992-49c3-bdeb-325a57e1e32a,ab476c14-d8fe-4b5c-b50b-2e5422965fc7,2f9b96dc-03b3-44c7-b44f-3fa316c4b604,1633625277060,13.423693,52.4961638,5.4680176,3.8650062,15.558008,-36.078835,on bike mount,cyclo cross,True,sett,intermediate
a78b398a-7992-49c3-bdeb-325a57e1e32a,ab476c14-d8fe-4b5c-b50b-2e5422965fc7,7b2d75df-700a-4572-917b-d3a6789b18dd,1633625277111,13.423693,52.4961638,5.4680176,2.7152784,-3.8911715,17.935143,on bike mount,cyclo cross,True,sett,intermediate
a78b398a-7992-49c3-bdeb-325a57e1e32a,ab476c14-d8fe-4b5c-b50b-2e5422965fc7,0f8fbc00-829c-4f36-bd44-717afcd68146,1633625277162,13.423693,52.4961638,5.4680176,8.137721,-16.670647,17.76491,on bike mount,cyclo cross,True,sett,intermediate
a78b398a-7992-49c3-bdeb-325a57e1e32a,ab476c14-d8fe-4b5c-b50b-2e5422965fc7,7e5880b5-fc7f-4187-9ba7-d924ac57b0fb,1633625277227,13.423693,52.4961638,5.4680176,-4.5386367,12.177262,-22.380648,on bike mount,cyclo cross,True,sett,intermediate
a78b398a-7992-49c3-bdeb-325a57e1e32a,ab476c14-d8fe-4b5c-b50b-2e5422965fc7,88a1afb0-f1e6-44cf-8e53-cbafb321296b,1633625277279,13.423693,52.4961638,5.4680176,6.401766,11.154874,-8.927055,on bike mount,cyclo cross,True,sett,intermediate
a78b398a-7992-49c3-bdeb-325a57e1e32a,ab476c14-d8fe-4b5c-b50b-2e5422965fc7,77ae0fc2-612b-447a-9434-98c4c9248a71,1633625277345,13.423693,52.4961638,5.4680176,-3.9787383,22.396816,7.574521,on bike mount,cyclo cross,True,sett,intermediate
a78b398a-7992-49c3-bdeb-325a57e1e32a,ab476c14-d8fe-4b5c-b50b-2e5422965fc7,891b78dd-533b-4a53-9e76-1cec66bf11b0,1633625277394,13.423693,52.4961638,5.4680176,9.303385,7.777809,31.45775,on bike mount,cyclo cross,True,sett,intermediate
a78b398a-7992-49c3-bdeb-325a57e1e32a,ab476c14-d8fe-4b5c-b50b-2e5422965fc7,cea26068-547a-4424-936a-caaafec35268,1633625277444,13.423693,52.4961638,5.4680176,-2.3597162,30.39954,42.02736,on bike mount,cyclo cross,True,sett,intermediate
a78b398a-7992-49c3-bdeb-325a57e1e32a,ab476c14-d8fe-4b5c-b50b-2e5422965fc7,3ee1b0f6-63cd-4c58-bbd4-b66b1a839490,1633625277496,13.423693,52.4961638,5.4680176,-5.3723087,-19.237103,17.928974,on bike mount,cyclo cross,True,sett,intermediate
a78b398a-7992-49c3-bdeb-325a57e1e32a,ab476c14-d8fe-4b5c-b50b-2e5422965fc7,a7e6614e-e5bc-475a-b882-5aee21840978,1633625277562,13.4237236,52.4962118,5.3365927,2.1403403,-2.1574526,-12.636539,on bike mount,cyclo cross,True,sett,intermediate
a78b398a-7992-49c3-bdeb-325a57e1e32a,ab476c14-d8fe-4b5c-b50b-2e5422965fc7,49aae0ea-b693-47cc-8f19-bbfeafd9c17e,1633625277611,13.4237236,52.4962118,5.3365927,-3.7058082,19.049538,-6.535244,on bike mount,cyclo cross,True,sett,intermediate
a78b398a-7992-49c3-bdeb-325a57e1e32a,ab476c14-d8fe-4b5c-b50b-2e5422965fc7,7983e13f-e26f-4e93-bf2f-8b5481e533bc,1633625277662,13.4237236,52.4962118,5.3365927,-0.13578026,-4.597754,11.537886,on bike mount,cyclo cross,True,sett,intermediate
a78b398a-7992-49c3-bdeb-325a57e1e32a,ab476c14-d8fe-4b5c-b50b-2e5422965fc7,e636a14e-f577-4fc3-a65b-635ad0ba7e55,1633625277713,13.4237236,52.4962118,5.3365927,-0.84266037,6.2598367,-25.128563,on bike mount,cyclo cross,True,sett,intermediate
a78b398a-7992-49c3-bdeb-325a57e1e32a,ab476c14-d8fe-4b5c-b50b-2e5422965fc7,b3029c73-77d0-444f-b9d5-023793e314a5,1633625277779,13.4237236,52.4962118,5.3365927,-3.1142957,15.9371605,-27.152864,on bike mount,cyclo cross,True,sett,intermediate
a78b398a-7992-49c3-bdeb-325a57e1e32a,ab476c14-d8fe-4b5c-b50b-2e5422965fc7,d69f2400-eff1-414b-a0b5-8861aec3bdae,1633625277829,13.4237236,52.4962118,5.3365927,-0.15928951,0.2888806,-28.265491,on bike mount,cyclo cross,True,sett,intermediate
a78b398a-7992-49c3-bdeb-325a57e1e32a,ab476c14-d8fe-4b5c-b50b-2e5422965fc7,d3223738-c6cc-4843-952b-ed3b7b901dcb,1633625277879,13.4237236,52.4962118,5.3365927,3.38594,-6.8659096,28.151329,on bike mount,cyclo cross,True,sett,intermediate
a78b398a-7992-49c3-bdeb-325a57e1e32a,ab476c14-d8fe-4b5c-b50b-2e5422965fc7,2a522ee5-42f8-47a0-8ae4-ba6c79542705,1633625277929,13.4237236,52.4962118,5.3365927,1.8369443,-33.14175,-7.1497517,on bike mount,cyclo cross,True,sett,intermediate
a78b398a-7992-49c3-bdeb-325a57e1e32a,ab476c14-d8fe-4b5c-b50b-2e5422965fc7,4d798154-b99c-44a0-8aa1-82199374da51,1633625277979,13.4237236,52.4962118,5.3365927,4.486094,59.353992,-4.6437616,on bike mount,cyclo cross,True,sett,intermediate
a78b398a-7992-49c3-bdeb-325a57e1e32a,ab476c14-d8fe-4b5c-b50b-2e5422965fc7,23664e31-3204-4730-a24f-c3be7d8c7faa,1633625278030,13.4237236,52.4962118,5.3365927,-7.28341,41.73849,-12.487094,on bike mount,cyclo cross,True,sett,intermediate
a78b398a-7992-49c3-bdeb-325a57e1e32a,ab476c14-d8fe-4b5c-b50b-2e5422965fc7,6b02c368-8681-4e89-b34b-687adb5d8941,1633625278080,13.4237236,52.4962118,5.3365927,-1.5160892,8.280659,0.19684792,on bike mount,cyclo cross,True,sett,intermediate
a78b398a-7992-49c3-bdeb-325a57e1e32a,ab476c14-d8fe-4b5c-b50b-2e5422965fc7,2b19c3e7-6260-4026-9206-8700c7f73161,1633625278146,13.4237236,52.4962118,5.3365927,0.3335124,-7.851331,-4.6088743,on bike mount,cyclo cross,True,sett,intermediate
a78b398a-7992-49c3-bdeb-325a57e1e32a,ab476c14-d8fe-4b5c-b50b-2e5422965fc7,5a6bca1e-0927-4c11-9a5f-ea3a519a4903,1633625278196,13.4237236,52.4962118,5.3365927,0.3930514,2.5650892,-27.289717,on bike mount,cyclo cross,True,sett,intermediate
a78b398a-7992-49c3-bdeb-325a57e1e32a,ab476c14-d8fe-4b5c-b50b-2e5422965fc7,73ae69c2-ac99-4ac9-80bd-10fd6597ce72,1633625278247,13.4237236,52.4962118,5.3365927,-0.27741963,55.76159,-13.90748,on bike mount,cyclo cross,True,sett,intermediate
a78b398a-7992-49c3-bdeb-325a57e1e32a,ab476c14-d8fe-4b5c-b50b-2e5422965fc7,d2b524f3-6a9c-47a5-9429-51ce6a828af2,1633625278297,13.4237236,52.4962118,5.3365927,-0.52595913,33.418304,-12.72282,on bike mount,cyclo cross,True,sett,intermediate
a78b398a-7992-49c3-bdeb-325a57e1e32a,ab476c14-d8fe-4b5c-b50b-2e5422965fc7,011680f9-c308-41f3-bd80-f9443560ec30,1633625278364,13.4237236,52.4962118,5.3365927,-12.5672,-24.81131,14.786841,on bike mount,cyclo cross,True,sett,intermediate
a78b398a-7992-49c3-bdeb-325a57e1e32a,ab476c14-d8fe-4b5c-b50b-2e5422965fc7,f4b76931-f2d8-477b-9c01-e943381e9bd4,1633625278414,13.4237236,52.4962118,5.3365927,-5.2325706,-15.333648,-38.186127,on bike mount,cyclo cross,True,sett,intermediate
a78b398a-7992-49c3-bdeb-325a57e1e32a,ab476c14-d8fe-4b5c-b50b-2e5422965fc7,d2a6a119-16dd-4d0c-9445-3e20cad5c5f0,1633625278480,13.4237236,52.4962118,5.3365927,1.2656801,-15.660376,-3.166502,on bike mount,cyclo cross,True,sett,intermediate
a78b398a-7992-49c3-bdeb-325a57e1e32a,ab476c14-d8fe-4b5c-b50b-2e5422965fc7,f4d1dfc8-ef32-423f-8fee-d5c423dac91f,1633625278547,13.4237236,52.4962118,5.3365927,-7.9487824,-36.80117,10.318179,on bike mount,cyclo cross,True,sett,intermediate
a78b398a-7992-49c3-bdeb-325a57e1e32a,ab476c14-d8fe-4b5c-b50b-2e5422965fc7,4416c074-954a-45bb-a3b0-5a14fc338bca,1633625278600,13.4237576,52.4962582,6.096512,3.7780638,-0.42842197,-8.167969,on bike mount,cyclo cross,True,sett,intermediate
a78b398a-7992-49c3-bdeb-325a57e1e32a,ab476c14-d8fe-4b5c-b50b-2e5422965fc7,9cb3ebb9-8215-4309-b640-43c610a369bb,1633625278664,13.4237576,52.4962582,6.096512,-4.437177,10.719048,1.0768929,on bike mount,cyclo cross,True,sett,intermediate
a78b398a-7992-49c3-bdeb-325a57e1e32a,ab476c14-d8fe-4b5c-b50b-2e5422965fc7,73ce3d69-f035-4014-b01d-b8d109b50780,1633625278715,13.4237576,52.4962582,6.096512,2.9748073,13.159292,2.1186237,on bike mount,cyclo cross,True,sett,intermediate
a78b398a-7992-49c3-bdeb-325a57e1e32a,ab476c14-d8fe-4b5c-b50b-2e5422965fc7,033ce17e-bc9e-4fca-ae32-4254d7cba8e3,1633625278765,13.4237576,52.4962582,6.096512,-2.0995183,42.582115,-0.5197873,on bike mount,cyclo cross,True,sett,intermediate
a78b398a-7992-49c3-bdeb-325a57e1e32a,ab476c14-d8fe-4b5c-b50b-2e5422965fc7,d832c5c4-2e3c-467c-b19d-bc4e8712bb6d,1633625278815,13.4237576,52.4962582,6.096512,2.228551,-11.196504,26.826633,on bike mount,cyclo cross,True,sett,intermediate
a78b398a-7992-49c3-bdeb-325a57e1e32a,ab476c14-d8fe-4b5c-b50b-2e5422965fc7,79293154-5a42-4482-95ec-484a5dfe14a0,1633625278864,13.4237576,52.4962582,6.096512,1.2933311,-6.831192,-10.501444,on bike mount,cyclo cross,True,sett,intermediate
a78b398a-7992-49c3-bdeb-325a57e1e32a,ab476c14-d8fe-4b5c-b50b-2e5422965fc7,8b4b603e-6cfc-4138-b8cc-37fb435da249,1633625278915,13.4237576,52.4962582,6.096512,1.0065353,-11.008993,-5.423779,on bike mount,cyclo cross,True,sett,intermediate
a78b398a-7992-49c3-bdeb-325a57e1e32a,ab476c14-d8fe-4b5c-b50b-2e5422965fc7,c39cc46b-1044-4ec3-bd96-74a02e4bc63f,1633625278964,13.4237576,52.4962582,6.096512,-0.29180247,-8.359282,10.555696,on bike mount,cyclo cross,True,sett,intermediate
a78b398a-7992-49c3-bdeb-325a57e1e32a,ab476c14-d8fe-4b5c-b50b-2e5422965fc7,4a8cbab8-430e-4665-904e-a0bf99d9ad08,1633625279014,13.4237576,52.4962582,6.096512,-0.31825665,-9.98996,-0.061852455,on bike mount,cyclo cross,True,sett,intermediate
a78b398a-7992-49c3-bdeb-325a57e1e32a,ab476c14-d8fe-4b5c-b50b-2e5422965fc7,885b9792-ce47-4a57-8855-eae9241e652e,1633625279064,13.4237576,52.4962582,6.096512,-3.4923253,-11.778126,3.0545835,on bike mount,cyclo cross,True,sett,intermediate
a78b398a-7992-49c3-bdeb-325a57e1e32a,ab476c14-d8fe-4b5c-b50b-2e5422965fc7,f4477bec-9df3-466f-8772-84c02fbb9a1e,1633625279115,13.4237576,52.4962582,6.096512,1.5349785,-2.650066,6.4298897,on bike mount,cyclo cross,True,sett,intermediate
a78b398a-7992-49c3-bdeb-325a57e1e32a,ab476c14-d8fe-4b5c-b50b-2e5422965fc7,8bd5d0bc-b7f0-4b29-84fd-2c4690e561e9,1633625279166,13.4237576,52.4962582,6.096512,0.3743301,-18.960419,-0.70685387,on bike mount,cyclo cross,True,sett,intermediate
a78b398a-7992-49c3-bdeb-325a57e1e32a,ab476c14-d8fe-4b5c-b50b-2e5422965fc7,1cd972f6-b78c-4784-b94c-713969b34ffd,1633625279231,13.4237576,52.4962582,6.096512,-8.785399,-5.388383,3.3184738,on bike mount,cyclo cross,True,sett,intermediate
a78b398a-7992-49c3-bdeb-325a57e1e32a,ab476c14-d8fe-4b5c-b50b-2e5422965fc7,2e1747ac-1b90-40bc-986c-a82908f113d5,1633625279282,13.4237576,52.4962582,6.096512,0.8913493,-25.687557,0.8040123,on bike mount,cyclo cross,True,sett,intermediate
a78b398a-7992-49c3-bdeb-325a57e1e32a,ab476c14-d8fe-4b5c-b50b-2e5422965fc7,6e659576-1fa9-4c1b-8bb4-d71beb939009,1633625279333,13.4237576,52.4962582,6.096512,3.11687,8.034345,15.655532,on bike mount,cyclo cross,True,sett,intermediate
a78b398a-7992-49c3-bdeb-325a57e1e32a,ab476c14-d8fe-4b5c-b50b-2e5422965fc7,2c46e56e-911a-4ef4-bb3d-1edb2e6d2601,1633625279383,13.4237576,52.4962582,6.096512,1.7290714,7.2186737,-0.7646313,on bike mount,cyclo cross,True,sett,intermediate
a78b398a-7992-49c3-bdeb-325a57e1e32a,ab476c14-d8fe-4b5c-b50b-2e5422965fc7,23b3104f-14e0-4e59-8d02-3f980dccaa6e,1633625279449,13.4237576,52.4962582,6.096512,4.5771146,-28.283379,28.217787,on bike mount,cyclo cross,True,sett,intermediate
a78b398a-7992-49c3-bdeb-325a57e1e32a,ab476c14-d8fe-4b5c-b50b-2e5422965fc7,ac3f8495-b997-4c07-9c10-11e7bccf0f52,1633625279499,13.4237576,52.4962582,6.096512,1.6555741,-21.938835,-7.1682124,on bike mount,cyclo cross,True,sett,intermediate
a78b398a-7992-49c3-bdeb-325a57e1e32a,ab476c14-d8fe-4b5c-b50b-2e5422965fc7,263656ba-b172-4894-9d32-44bc2bf29a38,1633625279550,13.4238048,52.4963047,5.613702,2.4792738,-5.5057554,0.7473135,on bike mount,cyclo cross,True,sett,intermediate
a78b398a-7992-49c3-bdeb-325a57e1e32a,ab476c14-d8fe-4b5c-b50b-2e5422965fc7,0430578c-1aa8-41ea-925d-ca26a8d15c4e,1633625279601,13.4238048,52.4963047,5.613702,1.046617,-6.541733,8.346543,on bike mount,cyclo cross,True,sett,intermediate
a78b398a-7992-49c3-bdeb-325a57e1e32a,ab476c14-d8fe-4b5c-b50b-2e5422965fc7,93e0f391-e91a-4f90-afcf-79495bb5ce5b,1633625279651,13.4238048,52.4963047,5.613702,-2.3672898,-1.1463785,7.698841,on bike mount,cyclo cross,True,sett,intermediate
a78b398a-7992-49c3-bdeb-325a57e1e32a,ab476c14-d8fe-4b5c-b50b-2e5422965fc7,4c73ed26-a50e-4c34-8bc6-a11266c1d2de,1633625279716,13.4238048,52.4963047,5.613702,5.9119687,-8.287148,-5.0639315,on bike mount,cyclo cross,True,sett,intermediate
a78b398a-7992-49c3-bdeb-325a57e1e32a,ab476c14-d8fe-4b5c-b50b-2e5422965fc7,4864b23c-d61a-44d1-ad4e-0fe2fe743be9,1633625279767,13.4238048,52.4963047,5.613702,1.5510461,-9.476331,10.372176,on bike mount,cyclo cross,True,sett,intermediate
a78b398a-7992-49c3-bdeb-325a57e1e32a,ab476c14-d8fe-4b5c-b50b-2e5422965fc7,151e1ca2-d78a-4e91-a92c-f2c54705ab77,1633625279817,13.4238048,52.4963047,5.613702,-0.21489394,-15.666808,3.5230188,on bike mount,cyclo cross,True,sett,intermediate
a78b398a-7992-49c3-bdeb-325a57e1e32a,ab476c14-d8fe-4b5c-b50b-2e5422965fc7,7a479981-3496-4d4c-9312-77edb6cb61bf,1633625279868,13.4238048,52.4963047,5.613702,13.782503,-30.265852,30.769053,on bike mount,cyclo cross,True,sett,intermediate
a78b398a-7992-49c3-bdeb-325a57e1e32a,ab476c14-d8fe-4b5c-b50b-2e5422965fc7,0620d906-2adf-49e1-a753-b1e310a8aaa7,1633625279918,13.4238048,52.4963047,5.613702,-3.2822866,13.458607,22.571392,on bike mount,cyclo cross,True,sett,intermediate
a78b398a-7992-49c3-bdeb-325a57e1e32a,ab476c14-d8fe-4b5c-b50b-2e5422965fc7,6ca628da-7ff7-464d-ba54-213203b363ba,1633625279984,13.4238048,52.4963047,5.613702,-4.106995,9.561869,-11.843395,on bike mount,cyclo cross,True,sett,intermediate
a78b398a-7992-49c3-bdeb-325a57e1e32a,ab476c14-d8fe-4b5c-b50b-2e5422965fc7,ebddff3a-9cf7-4255-882d-532b6dc666ee,1633625280033,13.4238048,52.4963047,5.613702,-5.200042,-3.7065506,-8.514198,on bike mount,cyclo cross,True,sett,intermediate
a78b398a-7992-49c3-bdeb-325a57e1e32a,ab476c14-d8fe-4b5c-b50b-2e5422965fc7,193becff-3c1f-4245-b61b-458e8af3630d,1633625280084,13.4238048,52.4963047,5.613702,0.46334025,-6.7931094,-6.358257,on bike mount,cyclo cross,True,sett,intermediate
a78b398a-7992-49c3-bdeb-325a57e1e32a,ab476c14-d8fe-4b5c-b50b-2e5422965fc7,734fb5ca-57a6-4035-a347-d2b8a4054bcc,1633625280133,13.4238048,52.4963047,5.613702,13.159002,-0.20803356,14.312369,on bike mount,cyclo cross,True,sett,intermediate
a78b398a-7992-49c3-bdeb-325a57e1e32a,ab476c14-d8fe-4b5c-b50b-2e5422965fc7,52c564a9-287b-445c-a5af-0b52ba899619,1633625280184,13.4238048,52.4963047,5.613702,2.4344745,-0.8237684,0.21648026,on bike mount,cyclo cross,True,sett,intermediate
a78b398a-7992-49c3-bdeb-325a57e1e32a,ab476c14-d8fe-4b5c-b50b-2e5422965fc7,b52937ff-d2bb-407e-b62c-931546446806,1633625280235,13.4238048,52.4963047,5.613702,-8.115217,-4.3131704,10.481939,on bike mount,cyclo cross,True,sett,intermediate
a78b398a-7992-49c3-bdeb-325a57e1e32a,ab476c14-d8fe-4b5c-b50b-2e5422965fc7,67ae3fa0-8aac-41d5-9f49-f01826c8cc83,1633625280286,13.4238048,52.4963047,5.613702,3.3888302,-17.96325,7.2337484,on bike mount,cyclo cross,True,sett,intermediate
a78b398a-7992-49c3-bdeb-325a57e1e32a,ab476c14-d8fe-4b5c-b50b-2e5422965fc7,b8c46fa4-fa57-4dc1-8c87-15b838874fe1,1633625280352,13.4238048,52.4963047,5.613702,-2.285965,1.3865356,4.187361,on bike mount,cyclo cross,True,sett,intermediate
a78b398a-7992-49c3-bdeb-325a57e1e32a,ab476c14-d8fe-4b5c-b50b-2e5422965fc7,5b9da2ad-aff6-4bfa-9399-3f617c6d11e6,1633625280418,13.4238048,52.4963047,5.613702,-1.4125551,23.184782,-5.290878,on bike mount,cyclo cross,True,sett,intermediate
a78b398a-7992-49c3-bdeb-325a57e1e32a,ab476c14-d8fe-4b5c-b50b-2e5422965fc7,6fdfb440-420a-412d-a1c6-004e85514561,1633625280468,13.4238048,52.4963047,5.613702,-5.221874,10.280245,-23.915047,on bike mount,cyclo cross,True,sett,intermediate
a78b398a-7992-49c3-bdeb-325a57e1e32a,ab476c14-d8fe-4b5c-b50b-2e5422965fc7,e5449d19-eaed-4f76-9d69-49a6c3206ad7,1633625280518,13.4238048,52.4963047,5.613702,11.471425,-2.807023,-19.821463,on bike mount,cyclo cross,True,sett,intermediate
a78b398a-7992-49c3-bdeb-325a57e1e32a,ab476c14-d8fe-4b5c-b50b-2e5422965fc7,af73a743-f678-4e0c-8efe-22e19698166f,1633625280568,13.4238379,52.4963455,4.2407913,6.99372,-0.94271016,-16.069822,on bike mount,cyclo cross,True,sett,intermediate
a78b398a-7992-49c3-bdeb-325a57e1e32a,ab476c14-d8fe-4b5c-b50b-2e5422965fc7,780cdcf2-2b4b-4acb-a0a9-415ab137490c,1633625280618,13.4238379,52.4963455,4.2407913,3.0507536,-21.61069,9.017556,on bike mount,cyclo cross,True,sett,intermediate
a78b398a-7992-49c3-bdeb-325a57e1e32a,ab476c14-d8fe-4b5c-b50b-2e5422965fc7,09bf3a91-37ce-4e6c-98b0-04e4562549e0,1633625280669,13.4238379,52.4963455,4.2407913,-3.4506707,-1.0780468,-6.4760175,on bike mount,cyclo cross,True,sett,intermediate
a78b398a-7992-49c3-bdeb-325a57e1e32a,ab476c14-d8fe-4b5c-b50b-2e5422965fc7,976a5425-e6da-467d-9ece-8a4a44275cd0,1633625280720,13.4238379,52.4963455,4.2407913,-2.6328125,-7.7995706,-5.2752714,on bike mount,cyclo cross,True,sett,intermediate
a78b398a-7992-49c3-bdeb-325a57e1e32a,ab476c14-d8fe-4b5c-b50b-2e5422965fc7,78fee298-a9c9-49d9-90a1-3a12c591caab,1633625280770,13.4238379,52.4963455,4.2407913,10.450982,-3.8036919,-15.500645,on bike mount,cyclo cross,True,sett,intermediate
a78b398a-7992-49c3-bdeb-325a57e1e32a,ab476c14-d8fe-4b5c-b50b-2e5422965fc7,6978392e-8702-4235-aa86-20817ba45ff1,1633625280820,13.4238379,52.4963455,4.2407913,2.0157654,-1.180598,4.19333,on bike mount,cyclo cross,True,sett,intermediate
a78b398a-7992-49c3-bdeb-325a57e1e32a,ab476c14-d8fe-4b5c-b50b-2e5422965fc7,2436a4ef-16c3-4397-adbd-f7d30411bff9,1633625280870,13.4238379,52.4963455,4.2407913,0.40508842,-0.7952738,8.013258,on bike mount,cyclo cross,True,sett,intermediate
a78b398a-7992-49c3-bdeb-325a57e1e32a,ab476c14-d8fe-4b5c-b50b-2e5422965fc7,f1424adc-5b30-4cfa-bb61-a5838ac9ece4,1633625280920,13.4238379,52.4963455,4.2407913,-6.2060776,7.3122816,-15.030914,on bike mount,cyclo cross,True,sett,intermediate
a78b398a-7992-49c3-bdeb-325a57e1e32a,ab476c14-d8fe-4b5c-b50b-2e5422965fc7,7c0ca04c-c3d3-4ac5-ab10-aca1e2f2221f,1633625280970,13.4238379,52.4963455,4.2407913,-0.10832709,-5.7580714,-5.4011683,on bike mount,cyclo cross,True,sett,intermediate
a78b398a-7992-49c3-bdeb-325a57e1e32a,ab476c14-d8fe-4b5c-b50b-2e5422965fc7,1b7be984-391f-4e7c-be1f-a70e96fe5027,1633625281020,13.4238379,52.4963455,4.2407913,-7.555146,7.313139,-28.853733,on bike mount,cyclo cross,True,sett,intermediate
a78b398a-7992-49c3-bdeb-325a57e1e32a,ab476c14-d8fe-4b5c-b50b-2e5422965fc7,25e2cb56-04ff-4047-bc82-a9c1d49ddc67,1633625281070,13.4238379,52.4963455,4.2407913,1.7262428,-14.033302,19.104172,on bike mount,cyclo cross,True,sett,intermediate
a78b398a-7992-49c3-bdeb-325a57e1e32a,ab476c14-d8fe-4b5c-b50b-2e5422965fc7,5f05aaf9-9d2b-465d-9ed5-f8f508381d16,1633625281120,13.4238379,52.4963455,4.2407913,-1.5395951,-8.145436,-3.5288978,on bike mount,cyclo cross,True,sett,intermediate
a78b398a-7992-49c3-bdeb-325a57e1e32a,ab476c14-d8fe-4b5c-b50b-2e5422965fc7,98a90ef9-ba01-4282-ac6a-b2858d1f4e21,1633625281186,13.4238379,52.4963455,4.2407913,-1.7324843,-2.1387868,29.530487,on bike mount,cyclo cross,True,sett,intermediate
a78b398a-7992-49c3-bdeb-325a57e1e32a,ab476c14-d8fe-4b5c-b50b-2e5422965fc7,e601adee-a573-4b56-9f22-9957ceb86259,1633625281236,13.4238379,52.4963455,4.2407913,-1.7153435,-6.3021755,21.47955,on bike mount,cyclo cross,True,sett,intermediate
a78b398a-7992-49c3-bdeb-325a57e1e32a,ab476c14-d8fe-4b5c-b50b-2e5422965fc7,440d8420-39bf-4f7f-9fca-03fdfc708ef3,1633625281287,13.4238379,52.4963455,4.2407913,0.060738564,12.632413,-11.063512,on bike mount,cyclo cross,True,sett,intermediate
a78b398a-7992-49c3-bdeb-325a57e1e32a,ab476c14-d8fe-4b5c-b50b-2e5422965fc7,1300291e-dda6-46d4-8dcc-308cb50f079e,1633625281336,13.4238379,52.4963455,4.2407913,1.0258273,-2.159513,6.8008795,on bike mount,cyclo cross,True,sett,intermediate
a78b398a-7992-49c3-bdeb-325a57e1e32a,ab476c14-d8fe-4b5c-b50b-2e5422965fc7,83d86827-5a5e-449a-973c-90344491ce66,1633625281386,13.4238379,52.4963455,4.2407913,3.5585895,-3.3317516,4.157752,on bike mount,cyclo cross,True,sett,intermediate
a78b398a-7992-49c3-bdeb-325a57e1e32a,ab476c14-d8fe-4b5c-b50b-2e5422965fc7,7dce489d-c02e-46cd-8452-e06008f57390,1633625281437,13.4238379,52.4963455,4.2407913,-1.3594843,-24.804905,-0.16851139,on bike mount,cyclo cross,True,sett,intermediate
a78b398a-7992-49c3-bdeb-325a57e1e32a,ab476c14-d8fe-4b5c-b50b-2e5422965fc7,5a3b3996-c6f6-49bc-a347-8931a13cc06a,1633625281488,13.4238379,52.4963455,4.2407913,2.5896025,7.453511,-0.09078598,on bike mount,cyclo cross,True,sett,intermediate
a78b398a-7992-49c3-bdeb-325a57e1e32a,ab476c14-d8fe-4b5c-b50b-2e5422965fc7,5961d23d-82e7-458a-8f13-174a8e9d8813,1633625281539,13.4238379,52.4963455,4.2407913,-2.1629512,7.6696253,12.714018,on bike mount,cyclo cross,True,sett,intermediate
a78b398a-7992-49c3-bdeb-325a57e1e32a,ab476c14-d8fe-4b5c-b50b-2e5422965fc7,7b18fb2b-9e60-4727-9e99-f01555386ae9,1633625281603,13.4238615,52.4963738,4.5942316,1.7092986,-5.10125,-9.266609,on bike mount,cyclo cross,True,sett,intermediate
a78b398a-7992-49c3-bdeb-325a57e1e32a,ab476c14-d8fe-4b5c-b50b-2e5422965fc7,a9629a56-5381-49d9-bcf7-7d4a63e5ced9,1633625281654,13.4238615,52.4963738,4.5942316,5.904834,1.4890451,4.850499,on bike mount,cyclo cross,True,sett,intermediate
a78b398a-7992-49c3-bdeb-325a57e1e32a,ab476c14-d8fe-4b5c-b50b-2e5422965fc7,41d04d94-ff74-4153-bdab-b333bdb21d6c,1633625281705,13.4238615,52.4963738,4.5942316,-0.4813407,4.255398,19.91798,on bike mount,cyclo cross,True,sett,intermediate
a78b398a-7992-49c3-bdeb-325a57e1e32a,ab476c14-d8fe-4b5c-b50b-2e5422965fc7,621e0e35-0ff9-4f2f-9f5d-d5c99d8d761c,1633625281770,13.4238615,52.4963738,4.5942316,1.9252384,1.3062286,1.0254974,on bike mount,cyclo cross,True,sett,intermediate
a78b398a-7992-49c3-bdeb-325a57e1e32a,ab476c14-d8fe-4b5c-b50b-2e5422965fc7,d75d6528-39ef-4f17-bad9-63c0bda901bd,1633625281820,13.4238615,52.4963738,4.5942316,0.074703336,0.24563026,2.7936535,on bike mount,cyclo cross,True,sett,intermediate
a78b398a-7992-49c3-bdeb-325a57e1e32a,ab476c14-d8fe-4b5c-b50b-2e5422965fc7,6601241e-d63a-4999-b1cc-d028b64a6d72,1633625281870,13.4238615,52.4963738,4.5942316,8.973778,12.664131,8.260701,on bike mount,cyclo cross,True,sett,intermediate
a78b398a-7992-49c3-bdeb-325a57e1e32a,ab476c14-d8fe-4b5c-b50b-2e5422965fc7,5afd5660-5ba4-42b7-a3bb-32561d1ddf86,1633625281920,13.4238615,52.4963738,4.5942316,-0.34295768,-12.327436,-11.699697,on bike mount,cyclo cross,True,sett,intermediate
a78b398a-7992-49c3-bdeb-325a57e1e32a,ab476c14-d8fe-4b5c-b50b-2e5422965fc7,27a49ce7-9cc8-4a20-a53d-3e14a55459bd,1633625281971,13.4238615,52.4963738,4.5942316,1.2009842,-7.2954845,-16.296041,on bike mount,cyclo cross,True,sett,intermediate
a78b398a-7992-49c3-bdeb-325a57e1e32a,ab476c14-d8fe-4b5c-b50b-2e5422965fc7,d4e4932f-fbee-4bc2-99cd-0062c0d0fefd,1633625282021,13.4238615,52.4963738,4.5942316,-2.4755945,-20.537827,-8.381486,on bike mount,cyclo cross,True,sett,intermediate
a78b398a-7992-49c3-bdeb-325a57e1e32a,ab476c14-d8fe-4b5c-b50b-2e5422965fc7,90047e2d-9fe3-43b3-bec2-a94c7f166339,1633625282072,13.4238615,52.4963738,4.5942316,-0.5448923,-5.715448,-5.787966,on bike mount,cyclo cross,True,sett,intermediate
a78b398a-7992-49c3-bdeb-325a57e1e32a,ab476c14-d8fe-4b5c-b50b-2e5422965fc7,6e42ca27-a4fa-4421-af24-2b57efa64352,1633625282122,13.4238615,52.4963738,4.5942316,3.022561,4.499441,-7.0238495,on bike mount,cyclo cross,True,sett,intermediate
a78b398a-7992-49c3-bdeb-325a57e1e32a,ab476c14-d8fe-4b5c-b50b-2e5422965fc7,e83c2f72-3464-426f-a179-fcb8393d84c5,1633625282173,13.4238615,52.4963738,4.5942316,8.593721,-3.4194798,1.4955044,on bike mount,cyclo cross,True,sett,intermediate
a78b398a-7992-49c3-bdeb-325a57e1e32a,ab476c14-d8fe-4b5c-b50b-2e5422965fc7,be2e6949-b8cd-4f7a-bd72-06eb95ea114a,1633625282239,13.4238615,52.4963738,4.5942316,-5.5068407,3.7846467,-22.999052,on bike mount,cyclo cross,True,sett,intermediate
a78b398a-7992-49c3-bdeb-325a57e1e32a,ab476c14-d8fe-4b5c-b50b-2e5422965fc7,f5d19a79-3424-411b-99c6-3a358f0abc7a,1633625282289,13.4238615,52.4963738,4.5942316,-2.4344225,6.4907284,-14.671852,on bike mount,cyclo cross,True,sett,intermediate
a78b398a-7992-49c3-bdeb-325a57e1e32a,ab476c14-d8fe-4b5c-b50b-2e5422965fc7,28710d10-de0e-41e8-bf60-2b12a50da9f3,1633625282340,13.4238615,52.4963738,4.5942316,-11.807383,-20.394176,19.242748,on bike mount,cyclo cross,True,sett,intermediate
a78b398a-7992-49c3-bdeb-325a57e1e32a,ab476c14-d8fe-4b5c-b50b-2e5422965fc7,7c526035-bb5e-4a2c-ad8c-594236fe4e86,1633625282406,13.4238615,52.4963738,4.5942316,1.7109034,14.973831,-16.95163,on bike mount,cyclo cross,True,sett,intermediate
a78b398a-7992-49c3-bdeb-325a57e1e32a,ab476c14-d8fe-4b5c-b50b-2e5422965fc7,75be447a-ebef-498f-a854-52f6e31f29da,1633625282457,13.4238615,52.4963738,4.5942316,-1.1593726,4.5006356,-1.4479041,on bike mount,cyclo cross,True,sett,intermediate
a78b398a-7992-49c3-bdeb-325a57e1e32a,ab476c14-d8fe-4b5c-b50b-2e5422965fc7,48cb8802-3106-446e-a0b4-2f87126c3ee5,1633625282507,13.4238615,52.4963738,4.5942316,1.327279,-4.563964,8.094964,on bike mount,cyclo cross,True,sett,intermediate
a78b398a-7992-49c3-bdeb-325a57e1e32a,ab476c14-d8fe-4b5c-b50b-2e5422965fc7,8dc07b25-0705-4480-9b09-f5764cc2e920,1633625282569,13.4238941,52.4964195,5.2180886,9.394797,-3.5104384,15.268097,on bike mount,cyclo cross,True,sett,intermediate
a78b398a-7992-49c3-bdeb-325a57e1e32a,ab476c14-d8fe-4b5c-b50b-2e5422965fc7,7dd49c0e-2194-4d05-8efe-e0eb7aafa4da,1633625282624,13.4238941,52.4964195,5.2180886,-0.964708,3.3602357,9.869782,on bike mount,cyclo cross,True,sett,intermediate
a78b398a-7992-49c3-bdeb-325a57e1e32a,ab476c14-d8fe-4b5c-b50b-2e5422965fc7,d6c5b94d-d803-4fe9-af46-33092c295ec0,1633625282674,13.4238941,52.4964195,5.2180886,-7.066137,17.792595,-7.928797,on bike mount,cyclo cross,True,sett,intermediate
a78b398a-7992-49c3-bdeb-325a57e1e32a,ab476c14-d8fe-4b5c-b50b-2e5422965fc7,3a236ed5-7102-4c72-8998-b2a8fafb89a0,1633625282724,13.4238941,52.4964195,5.2180886,3.0007272,-6.5765314,-6.1616125,on bike mount,cyclo cross,True,sett,intermediate
a78b398a-7992-49c3-bdeb-325a57e1e32a,ab476c14-d8fe-4b5c-b50b-2e5422965fc7,0b01ea13-b602-476c-92c2-f29e9eea55af,1633625282774,13.4238941,52.4964195,5.2180886,20.419415,1.0605264,-22.479456,on bike mount,cyclo cross,True,sett,intermediate
a78b398a-7992-49c3-bdeb-325a57e1e32a,ab476c14-d8fe-4b5c-b50b-2e5422965fc7,1e2a5111-da08-4dfd-a66b-4a4a01c0c893,1633625282823,13.4238941,52.4964195,5.2180886,8.860327,0.057304382,11.28921,on bike mount,cyclo cross,True,sett,intermediate
a78b398a-7992-49c3-bdeb-325a57e1e32a,ab476c14-d8fe-4b5c-b50b-2e5422965fc7,e53afb82-42d3-43fa-80b1-1bfd284298b3,1633625282876,13.4238941,52.4964195,5.2180886,3.3068957,12.672593,0.5063429,on bike mount,cyclo cross,True,sett,intermediate
a78b398a-7992-49c3-bdeb-325a57e1e32a,ab476c14-d8fe-4b5c-b50b-2e5422965fc7,8e2915af-ec27-40a0-b037-81e5cbc6459e,1633625282939,13.4238941,52.4964195,5.2180886,-2.1225393,7.484604,-15.355514,on bike mount,cyclo cross,True,sett,intermediate
a78b398a-7992-49c3-bdeb-325a57e1e32a,ab476c14-d8fe-4b5c-b50b-2e5422965fc7,659301bc-d22b-4ca8-b64f-090ed1e3b2f0,1633625282992,13.4238941,52.4964195,5.2180886,0.7781664,-2.8320343,-6.7766314,on bike mount,cyclo cross,True,sett,intermediate
a78b398a-7992-49c3-bdeb-325a57e1e32a,ab476c14-d8fe-4b5c-b50b-2e5422965fc7,502f5743-2c06-4adb-8073-ec2b5fed9689,1633625283059,13.4238941,52.4964195,5.2180886,0.33435354,7.239285,3.5747175,on bike mount,cyclo cross,True,sett,intermediate
a78b398a-7992-49c3-bdeb-325a57e1e32a,ab476c14-d8fe-4b5c-b50b-2e5422965fc7,271212f4-6d79-481d-b3c7-e9f057e86ba1,1633625283125,13.4238941,52.4964195,5.2180886,-2.9815474,-7.4821906,10.786369,on bike mount,cyclo cross,True,sett,intermediate
a78b398a-7992-49c3-bdeb-325a57e1e32a,ab476c14-d8fe-4b5c-b50b-2e5422965fc7,24bbbc10-225c-45e4-ad0b-ea231a8801ef,1633625283192,13.4238941,52.4964195,5.2180886,1.1520487,13.5876465,-10.389587,on bike mount,cyclo cross,True,sett,intermediate
a78b398a-7992-49c3-bdeb-325a57e1e32a,ab476c14-d8fe-4b5c-b50b-2e5422965fc7,7ed2d7e9-3b33-4246-ba86-59db4870ebbd,1633625283258,13.4238941,52.4964195,5.2180886,2.4521585,14.346242,-15.0125885,on bike mount,cyclo cross,True,sett,intermediate
a78b398a-7992-49c3-bdeb-325a57e1e32a,ab476c14-d8fe-4b5c-b50b-2e5422965fc7,3e55f432-b8c4-4656-86e3-1d0935c81787,1633625283310,13.4238941,52.4964195,5.2180886,-1.608303,-7.3963327,13.049999,on bike mount,cyclo cross,True,sett,intermediate
a78b398a-7992-49c3-bdeb-325a57e1e32a,ab476c14-d8fe-4b5c-b50b-2e5422965fc7,5131b443-12f7-4f9d-bbf4-bf9c78766494,1633625283374,13.4238941,52.4964195,5.2180886,-4.1362057,3.8338966,12.5527935,on bike mount,cyclo cross,True,sett,intermediate
a78b398a-7992-49c3-bdeb-325a57e1e32a,ab476c14-d8fe-4b5c-b50b-2e5422965fc7,34efb9d5-bdb8-46b7-8df9-fcfe1da2e08c,1633625283425,13.4238941,52.4964195,5.2180886,0.5749997,-3.0270104,-3.190785,on bike mount,cyclo cross,True,sett,intermediate
a78b398a-7992-49c3-bdeb-325a57e1e32a,ab476c14-d8fe-4b5c-b50b-2e5422965fc7,13c6f231-188e-4166-b8a9-2c90dd49e09d,1633625283476,13.4238941,52.4964195,5.2180886,-0.900792,-4.358739,-13.824689,on bike mount,cyclo cross,True,sett,intermediate
a78b398a-7992-49c3-bdeb-325a57e1e32a,ab476c14-d8fe-4b5c-b50b-2e5422965fc7,cce1e9f6-7499-46a8-8b3d-607ec76a1475,1633625283548,13.4238941,52.4964195,5.2180886,-3.5502896,10.491718,-23.207859,on bike mount,cyclo cross,True,sett,intermediate
a78b398a-7992-49c3-bdeb-325a57e1e32a,ab476c14-d8fe-4b5c-b50b-2e5422965fc7,a76c450c-ce09-4ff8-a3d6-22b138566bb5,1633625283608,13.4239265,52.4964602,4.6066656,0.37710986,-21.465275,4.1458635,on bike mount,cyclo cross,True,sett,intermediate
a78b398a-7992-49c3-bdeb-325a57e1e32a,ab476c14-d8fe-4b5c-b50b-2e5422965fc7,24f15ae2-abd7-4d76-8ff9-c4d4790579b7,1633625283659,13.4239265,52.4964602,4.6066656,-1.0578213,-18.756538,25.822128,on bike mount,cyclo cross,True,sett,intermediate
a78b398a-7992-49c3-bdeb-325a57e1e32a,ab476c14-d8fe-4b5c-b50b-2e5422965fc7,570891bc-df16-455a-8138-d0c750879a42,1633625283709,13.4239265,52.4964602,4.6066656,8.818717,-10.534561,11.37666,on bike mount,cyclo cross,True,sett,intermediate
a78b398a-7992-49c3-bdeb-325a57e1e32a,ab476c14-d8fe-4b5c-b50b-2e5422965fc7,8c94ce17-9e0a-4f04-b1f3-aeaad345595e,1633625283759,13.4239265,52.4964602,4.6066656,11.130075,-1.798003,18.395563,on bike mount,cyclo cross,True,sett,intermediate
a78b398a-7992-49c3-bdeb-325a57e1e32a,ab476c14-d8fe-4b5c-b50b-2e5422965fc7,9ddd2488-ff3f-4479-9a12-1fc6483674a2,1633625283825,13.4239265,52.4964602,4.6066656,0.9462203,-10.509711,-11.06234,on bike mount,cyclo cross,True,sett,intermediate
a78b398a-7992-49c3-bdeb-325a57e1e32a,ab476c14-d8fe-4b5c-b50b-2e5422965fc7,eacf0cf7-a55b-4d7b-b73e-2c4365891683,1633625283876,13.4239265,52.4964602,4.6066656,2.4520533,-5.3475585,-8.609522,on bike mount,cyclo cross,True,sett,intermediate
a78b398a-7992-49c3-bdeb-325a57e1e32a,ab476c14-d8fe-4b5c-b50b-2e5422965fc7,57122d70-2d3e-46c3-b8fb-fa220a0b3082,1633625283925,13.4239265,52.4964602,4.6066656,2.4969559,2.444582,-4.3275185,on bike mount,cyclo cross,True,sett,intermediate
a78b398a-7992-49c3-bdeb-325a57e1e32a,ab476c14-d8fe-4b5c-b50b-2e5422965fc7,8006ff03-52ea-440a-b9e0-40d9add5a6ea,1633625283976,13.4239265,52.4964602,4.6066656,2.0775332,0.026509285,-11.867487,on bike mount,cyclo cross,True,sett,intermediate
a78b398a-7992-49c3-bdeb-325a57e1e32a,ab476c14-d8fe-4b5c-b50b-2e5422965fc7,81ecd10f-fc3a-4631-b790-53f508dce4b3,1633625284025,13.4239265,52.4964602,4.6066656,-5.9118376,9.261239,-2.4409027,on bike mount,cyclo cross,True,sett,intermediate
a78b398a-7992-49c3-bdeb-325a57e1e32a,ab476c14-d8fe-4b5c-b50b-2e5422965fc7,dc725e7e-e85a-4632-8051-f1525e453ff6,1633625284077,13.4239265,52.4964602,4.6066656,0.53449345,-8.500656,12.071266,on bike mount,cyclo cross,True,sett,intermediate
a78b398a-7992-49c3-bdeb-325a57e1e32a,ab476c14-d8fe-4b5c-b50b-2e5422965fc7,23df5ea9-d904-4e1a-a5d4-753f75d31d30,1633625284126,13.4239265,52.4964602,4.6066656,-3.4032614,9.222639,-11.017953,on bike mount,cyclo cross,True,sett,intermediate
a78b398a-7992-49c3-bdeb-325a57e1e32a,ab476c14-d8fe-4b5c-b50b-2e5422965fc7,a8760455-8cf0-445c-a6a0-5a45a1cde887,1633625284177,13.4239265,52.4964602,4.6066656,1.8879125,4.2558393,-9.002224,on bike mount,cyclo cross,True,sett,intermediate
a78b398a-7992-49c3-bdeb-325a57e1e32a,ab476c14-d8fe-4b5c-b50b-2e5422965fc7,bf8ca21d-209b-443a-96c7-97d7479e71a9,1633625284227,13.4239265,52.4964602,4.6066656,2.5043068,-9.943793,12.801729,on bike mount,cyclo cross,True,sett,intermediate
a78b398a-7992-49c3-bdeb-325a57e1e32a,ab476c14-d8fe-4b5c-b50b-2e5422965fc7,8061c7f4-250e-4e84-b32b-d6960eb607bf,1633625284277,13.4239265,52.4964602,4.6066656,-0.13973486,-17.275425,-4.4505005,on bike mount,cyclo cross,True,sett,intermediate
a78b398a-7992-49c3-bdeb-325a57e1e32a,ab476c14-d8fe-4b5c-b50b-2e5422965fc7,03723181-f4b6-499b-bd96-af54fa5c9a71,1633625284327,13.4239265,52.4964602,4.6066656,0.75867724,-1.7861536,-3.9909525,on bike mount,cyclo cross,True,sett,intermediate
a78b398a-7992-49c3-bdeb-325a57e1e32a,ab476c14-d8fe-4b5c-b50b-2e5422965fc7,5e6458f5-506c-4949-a3a7-354d8b842f87,1633625284377,13.4239265,52.4964602,4.6066656,0.92979145,-6.8777494,8.928061,on bike mount,cyclo cross,True,sett,intermediate
a78b398a-7992-49c3-bdeb-325a57e1e32a,ab476c14-d8fe-4b5c-b50b-2e5422965fc7,2e073818-7078-4c9d-a47e-2eab4fa7f90d,1633625284428,13.4239265,52.4964602,4.6066656,-0.49261868,-0.5080714,19.354382,on bike mount,cyclo cross,True,sett,intermediate
a78b398a-7992-49c3-bdeb-325a57e1e32a,ab476c14-d8fe-4b5c-b50b-2e5422965fc7,8799ed4c-94eb-4ca0-81c8-27574d525f16,1633625284478,13.4239265,52.4964602,4.6066656,-2.4633508,-2.6805215,-6.3159842,on bike mount,cyclo cross,True,sett,intermediate
a78b398a-7992-49c3-bdeb-325a57e1e32a,ab476c14-d8fe-4b5c-b50b-2e5422965fc7,14448707-9068-4d84-a659-d883eae0c9b6,1633625284545,13.4239265,52.4964602,4.6066656,-1.0183172,-13.394783,-15.551382,on bike mount,cyclo cross,True,sett,intermediate
a78b398a-7992-49c3-bdeb-325a57e1e32a,ab476c14-d8fe-4b5c-b50b-2e5422965fc7,8d9a45b4-b0ff-4675-8f8b-c3f2132b16c0,1633625284599,13.4239554,52.4964925,5.0653925,0.15398172,-10.68042,-2.0927558,on bike mount,cyclo cross,True,sett,intermediate
a78b398a-7992-49c3-bdeb-325a57e1e32a,ab476c14-d8fe-4b5c-b50b-2e5422965fc7,38c9ad6e-47ca-4fdb-afc4-e860ebb8354e,1633625284661,13.4239554,52.4964925,5.0653925,-5.9661946,1.4035373,8.195469,on bike mount,cyclo cross,True,sett,intermediate
a78b398a-7992-49c3-bdeb-325a57e1e32a,ab476c14-d8fe-4b5c-b50b-2e5422965fc7,eed4b769-09b8-404b-8534-d2d0b570a954,1633625284711,13.4239554,52.4964925,5.0653925,-1.3250633,6.504122,8.954292,on bike mount,cyclo cross,True,sett,intermediate
a78b398a-7992-49c3-bdeb-325a57e1e32a,ab476c14-d8fe-4b5c-b50b-2e5422965fc7,72e7dfa3-cd33-46d5-9f63-711e503685c5,1633625284762,13.4239554,52.4964925,5.0653925,-7.1040196,-13.631772,18.785217,on bike mount,cyclo cross,True,sett,intermediate
a78b398a-7992-49c3-bdeb-325a57e1e32a,ab476c14-d8fe-4b5c-b50b-2e5422965fc7,f948bc1f-364f-4add-9a65-19f14b0f4cee,1633625284827,13.4239554,52.4964925,5.0653925,1.5736622,31.143362,-5.719456,on bike mount,cyclo cross,True,sett,intermediate
a78b398a-7992-49c3-bdeb-325a57e1e32a,ab476c14-d8fe-4b5c-b50b-2e5422965fc7,d40bd72a-9533-48c6-ae07-863308156d73,1633625284879,13.4239554,52.4964925,5.0653925,-1.7952111,-9.630334,-3.2065701,on bike mount,cyclo cross,True,sett,intermediate
a78b398a-7992-49c3-bdeb-325a57e1e32a,ab476c14-d8fe-4b5c-b50b-2e5422965fc7,52e83f38-704e-4d3d-8c3c-f3386b201931,1633625284929,13.4239554,52.4964925,5.0653925,0.3303228,3.297822,-16.06154,on bike mount,cyclo cross,True,sett,intermediate
a78b398a-7992-49c3-bdeb-325a57e1e32a,ab476c14-d8fe-4b5c-b50b-2e5422965fc7,6f230844-6f8a-45a1-a4e4-c9d963eb194b,1633625284994,13.4239554,52.4964925,5.0653925,-4.3988056,-7.9079895,1.651942,on bike mount,cyclo cross,True,sett,intermediate
a78b398a-7992-49c3-bdeb-325a57e1e32a,ab476c14-d8fe-4b5c-b50b-2e5422965fc7,ba9448ec-2aa1-4b60-9925-4ceb34e37c85,1633625285045,13.4239554,52.4964925,5.0653925,12.395169,-38.929943,36.32675,on bike mount,cyclo cross,True,sett,intermediate
a78b398a-7992-49c3-bdeb-325a57e1e32a,ab476c14-d8fe-4b5c-b50b-2e5422965fc7,c2937263-4fec-4166-b13d-fba98612bdad,1633625285095,13.4239554,52.4964925,5.0653925,6.5885596,64.61618,14.814217,on bike mount,cyclo cross,True,sett,intermediate
a78b398a-7992-49c3-bdeb-325a57e1e32a,ab476c14-d8fe-4b5c-b50b-2e5422965fc7,87ee5be4-8739-463f-bfba-bb89746be863,1633625285146,13.4239554,52.4964925,5.0653925,0.5620772,16.667257,-1.1174998,on bike mount,cyclo cross,True,sett,intermediate
a78b398a-7992-49c3-bdeb-325a57e1e32a,ab476c14-d8fe-4b5c-b50b-2e5422965fc7,d8f375a2-427e-4883-9428-3c396a15f526,1633625285195,13.4239554,52.4964925,5.0653925,-3.951107,-13.93684,29.466331,on bike mount,cyclo cross,True,sett,intermediate
a78b398a-7992-49c3-bdeb-325a57e1e32a,ab476c14-d8fe-4b5c-b50b-2e5422965fc7,5850cb31-cbdb-42ff-8f76-a9eceff27a12,1633625285245,13.4239554,52.4964925,5.0653925,-0.67055964,-23.791473,7.8610287,on bike mount,cyclo cross,True,sett,intermediate
a78b398a-7992-49c3-bdeb-325a57e1e32a,ab476c14-d8fe-4b5c-b50b-2e5422965fc7,46e5a4a0-cbe4-4fb8-b693-d161d31354bc,1633625285296,13.4239554,52.4964925,5.0653925,3.179806,4.310393,-0.8914585,on bike mount,cyclo cross,True,sett,intermediate
a78b398a-7992-49c3-bdeb-325a57e1e32a,ab476c14-d8fe-4b5c-b50b-2e5422965fc7,9bf0a642-c252-4e1f-9538-5ebf7de340c4,1633625285346,13.4239554,52.4964925,5.0653925,5.813835,18.362886,11.473137,on bike mount,cyclo cross,True,sett,intermediate
a78b398a-7992-49c3-bdeb-325a57e1e32a,ab476c14-d8fe-4b5c-b50b-2e5422965fc7,170515d5-6195-4a76-a46c-d2969a99846d,1633625285412,13.4239554,52.4964925,5.0653925,-1.9603502,-12.422964,-19.456131,on bike mount,cyclo cross,True,sett,intermediate
a78b398a-7992-49c3-bdeb-325a57e1e32a,ab476c14-d8fe-4b5c-b50b-2e5422965fc7,cc96d5de-323e-4533-b7bf-071e9e75fad0,1633625285462,13.4239554,52.4964925,5.0653925,3.404508,-19.044737,-3.5829716,on bike mount,cyclo cross,True,sett,intermediate
a78b398a-7992-49c3-bdeb-325a57e1e32a,ab476c14-d8fe-4b5c-b50b-2e5422965fc7,54cd22b9-d885-4fc9-ae38-4d2584e8daad,1633625285513,13.4239554,52.4964925,5.0653925,7.5614634,25.694569,0.9802275,on bike mount,cyclo cross,True,sett,intermediate
a78b398a-7992-49c3-bdeb-325a57e1e32a,ab476c14-d8fe-4b5c-b50b-2e5422965fc7,7c905d5f-8b92-4216-a5d7-1108072a1c12,1633625285564,13.4240006,52.4965423,5.9093113,-4.730466,-15.994625,15.117237,on bike mount,cyclo cross,True,sett,intermediate
a78b398a-7992-49c3-bdeb-325a57e1e32a,ab476c14-d8fe-4b5c-b50b-2e5422965fc7,cedb257f-ea2b-46de-8b84-7b72b74851c0,1633625285629,13.4240006,52.4965423,5.9093113,2.5062292,2.201354,9.747204,on bike mount,cyclo cross,True,sett,intermediate
a78b398a-7992-49c3-bdeb-325a57e1e32a,ab476c14-d8fe-4b5c-b50b-2e5422965fc7,37b7e7c5-aa0d-4f73-ae6b-c3e5f74829b9,1633625285680,13.4240006,52.4965423,5.9093113,-1.1653357,19.593578,-11.2758255,on bike mount,cyclo cross,True,sett,intermediate
a78b398a-7992-49c3-bdeb-325a57e1e32a,ab476c14-d8fe-4b5c-b50b-2e5422965fc7,34f21ed0-cc3a-4235-b1ec-c7bdbc547b21,1633625285731,13.4240006,52.4965423,5.9093113,-0.58060527,-16.474247,-31.229992,on bike mount,cyclo cross,True,sett,intermediate
a78b398a-7992-49c3-bdeb-325a57e1e32a,ab476c14-d8fe-4b5c-b50b-2e5422965fc7,8c11aa5d-cd1a-4296-9ebb-da36897d9ddb,1633625285796,13.4240006,52.4965423,5.9093113,-1.8819219,-0.2508664,9.970385,on bike mount,cyclo cross,True,sett,intermediate
a78b398a-7992-49c3-bdeb-325a57e1e32a,ab476c14-d8fe-4b5c-b50b-2e5422965fc7,789ab5af-a008-4abc-842c-adf2186a1562,1633625285847,13.4240006,52.4965423,5.9093113,-1.072145,-1.265383,21.842258,on bike mount,cyclo cross,True,sett,intermediate
a78b398a-7992-49c3-bdeb-325a57e1e32a,ab476c14-d8fe-4b5c-b50b-2e5422965fc7,aa94598c-8ba6-46a5-b704-a20c05df27e4,1633625285898,13.4240006,52.4965423,5.9093113,-9.048054,1.4510145,20.899117,on bike mount,cyclo cross,True,sett,intermediate
a78b398a-7992-49c3-bdeb-325a57e1e32a,ab476c14-d8fe-4b5c-b50b-2e5422965fc7,6714536a-8904-4e9d-999f-a7f1dcd43f0c,1633625285947,13.4240006,52.4965423,5.9093113,0.25323436,0.6364832,7.4393215,on bike mount,cyclo cross,True,sett,intermediate
a78b398a-7992-49c3-bdeb-325a57e1e32a,ab476c14-d8fe-4b5c-b50b-2e5422965fc7,5296d996-4590-4ee8-a9cc-0c407909b498,1633625285998,13.4240006,52.4965423,5.9093113,3.5078773,-11.098014,-12.429827,on bike mount,cyclo cross,True,sett,intermediate
a78b398a-7992-49c3-bdeb-325a57e1e32a,ab476c14-d8fe-4b5c-b50b-2e5422965fc7,ab728166-80da-4901-a582-af1bb7980c45,1633625286048,13.4240006,52.4965423,5.9093113,-0.52335095,-66.194855,29.89139,on bike mount,cyclo cross,True,sett,intermediate
a78b398a-7992-49c3-bdeb-325a57e1e32a,ab476c14-d8fe-4b5c-b50b-2e5422965fc7,e1d61f2e-bbe9-4c2f-bcf2-39f826895c47,1633625286098,13.4240006,52.4965423,5.9093113,0.042584464,1.1010566,-26.135822,on bike mount,cyclo cross,True,sett,intermediate
a78b398a-7992-49c3-bdeb-325a57e1e32a,ab476c14-d8fe-4b5c-b50b-2e5422965fc7,8cfd51c9-5760-45a6-a7b8-4792c991f632,1633625286148,13.4240006,52.4965423,5.9093113,0.37968016,5.0844355,-8.648947,on bike mount,cyclo cross,True,sett,intermediate
a78b398a-7992-49c3-bdeb-325a57e1e32a,ab476c14-d8fe-4b5c-b50b-2e5422965fc7,e4b9840a-3abd-483d-9fe0-54f3096eecdd,1633625286198,13.4240006,52.4965423,5.9093113,2.9384913,13.992991,1.2528801,on bike mount,cyclo cross,True,sett,intermediate
a78b398a-7992-49c3-bdeb-325a57e1e32a,ab476c14-d8fe-4b5c-b50b-2e5422965fc7,3ab82a68-7d4a-4fe3-8294-a54ccea539bb,1633625286248,13.4240006,52.4965423,5.9093113,-5.1250153,-7.195514,15.561415,on bike mount,cyclo cross,True,sett,intermediate
a78b398a-7992-49c3-bdeb-325a57e1e32a,ab476c14-d8fe-4b5c-b50b-2e5422965fc7,0748d435-c520-46f4-87a3-e3589832720b,1633625286298,13.4240006,52.4965423,5.9093113,-0.6748288,-14.755758,31.471134,on bike mount,cyclo cross,True,sett,intermediate
a78b398a-7992-49c3-bdeb-325a57e1e32a,ab476c14-d8fe-4b5c-b50b-2e5422965fc7,c860f126-c7f8-4acc-bd9c-0bbfcb8be612,1633625286364,13.4240006,52.4965423,5.9093113,6.3854804,29.630875,24.065052,on bike mount,cyclo cross,True,sett,intermediate
a78b398a-7992-49c3-bdeb-325a57e1e32a,ab476c14-d8fe-4b5c-b50b-2e5422965fc7,89d403ab-4340-4741-bd6c-06b4ab8558d6,1633625286414,13.4240006,52.4965423,5.9093113,2.31842,26.046642,5.6156197,on bike mount,cyclo cross,True,sett,intermediate
a78b398a-7992-49c3-bdeb-325a57e1e32a,ab476c14-d8fe-4b5c-b50b-2e5422965fc7,6b8125d5-3196-44e3-9e38-c3f15ed874ca,1633625286464,13.4240006,52.4965423,5.9093113,-8.695318,16.611038,-23.010695,on bike mount,cyclo cross,True,sett,intermediate
a78b398a-7992-49c3-bdeb-325a57e1e32a,ab476c14-d8fe-4b5c-b50b-2e5422965fc7,da1bcc76-8cd1-4ab1-a148-279c33682f90,1633625286515,13.4240006,52.4965423,5.9093113,-2.3931837,-33.180138,1.0975418,on bike mount,cyclo cross,True,sett,intermediate
a78b398a-7992-49c3-bdeb-325a57e1e32a,ab476c14-d8fe-4b5c-b50b-2e5422965fc7,30438217-d254-4c40-9a78-968b2ff72f40,1633625286566,13.4240571,52.4965898,5.7777114,4.1763916,-71.040375,26.543285,on bike mount,cyclo cross,True,sett,intermediate
a78b398a-7992-49c3-bdeb-325a57e1e32a,ab476c14-d8fe-4b5c-b50b-2e5422965fc7,a686eef6-9d45-4c8d-9778-d40ddb67b2f1,1633625286631,13.4240571,52.4965898,5.7777114,-4.537286,-10.596685,7.513941,on bike mount,cyclo cross,True,sett,intermediate
a78b398a-7992-49c3-bdeb-325a57e1e32a,ab476c14-d8fe-4b5c-b50b-2e5422965fc7,c0cfbbc8-1f8d-4f2a-a30c-0194ec626e30,1633625286681,13.4240571,52.4965898,5.7777114,4.706093,7.5708494,19.30923,on bike mount,cyclo cross,True,sett,intermediate
a78b398a-7992-49c3-bdeb-325a57e1e32a,ab476c14-d8fe-4b5c-b50b-2e5422965fc7,646ce85e-e254-47d7-8fcf-8b5418768bf3,1633625286733,13.4240571,52.4965898,5.7777114,4.171092,7.0809402,5.049635,on bike mount,cyclo cross,True,sett,intermediate
a78b398a-7992-49c3-bdeb-325a57e1e32a,ab476c14-d8fe-4b5c-b50b-2e5422965fc7,dd4414f5-5ad9-4b09-a467-4bfe5b0ffaff,1633625286783,13.4240571,52.4965898,5.7777114,6.431162,5.101054,1.6755018,on bike mount,cyclo cross,True,sett,intermediate
a78b398a-7992-49c3-bdeb-325a57e1e32a,ab476c14-d8fe-4b5c-b50b-2e5422965fc7,092d535b-4aea-4280-a1f9-89655de9ca0d,1633625286832,13.4240571,52.4965898,5.7777114,-4.0702057,-1.4629347,-16.703735,on bike mount,cyclo cross,True,sett,intermediate
a78b398a-7992-49c3-bdeb-325a57e1e32a,ab476c14-d8fe-4b5c-b50b-2e5422965fc7,ae259c90-6904-4eb2-a6ae-c05d0955295a,1633625286883,13.4240571,52.4965898,5.7777114,6.1592927,-6.858115,6.8826265,on bike mount,cyclo cross,True,sett,intermediate
a78b398a-7992-49c3-bdeb-325a57e1e32a,ab476c14-d8fe-4b5c-b50b-2e5422965fc7,7a31e88b-6997-4cc1-8b42-142e0982f132,1633625286949,13.4240571,52.4965898,5.7777114,-6.8002057,19.690838,4.9844074,on bike mount,cyclo cross,True,sett,intermediate
a78b398a-7992-49c3-bdeb-325a57e1e32a,ab476c14-d8fe-4b5c-b50b-2e5422965fc7,624c838e-4278-4660-8aaf-52aef6410615,1633625287001,13.4240571,52.4965898,5.7777114,1.7839117,-27.614462,23.350296,on bike mount,cyclo cross,True,sett,intermediate
a78b398a-7992-49c3-bdeb-325a57e1e32a,ab476c14-d8fe-4b5c-b50b-2e5422965fc7,8003415c-b8db-4a34-896f-927506bfe984,1633625287067,13.4240571,52.4965898,5.7777114,1.736056,-33.17063,51.296852,on bike mount,cyclo cross,True,sett,intermediate
a78b398a-7992-49c3-bdeb-325a57e1e32a,ab476c14-d8fe-4b5c-b50b-2e5422965fc7,8a8d65a6-f577-43e3-ae8c-b5c72c00ef0f,1633625287117,13.4240571,52.4965898,5.7777114,-13.898027,-26.433556,-9.64681,on bike mount,cyclo cross,True,sett,intermediate
a78b398a-7992-49c3-bdeb-325a57e1e32a,ab476c14-d8fe-4b5c-b50b-2e5422965fc7,fc6873f1-4a89-4577-b06e-8675c645fab0,1633625287167,13.4240571,52.4965898,5.7777114,-8.511917,-20.075897,15.890724,on bike mount,cyclo cross,True,sett,intermediate
a78b398a-7992-49c3-bdeb-325a57e1e32a,ab476c14-d8fe-4b5c-b50b-2e5422965fc7,f112e5b7-6c14-4b3f-926e-ea72be4e9cc9,1633625287217,13.4240571,52.4965898,5.7777114,-1.5841985,-12.473477,15.18001,on bike mount,cyclo cross,True,sett,intermediate
a78b398a-7992-49c3-bdeb-325a57e1e32a,ab476c14-d8fe-4b5c-b50b-2e5422965fc7,246c72ea-64aa-46ff-91b2-d6ec363bcf36,1633625287268,13.4240571,52.4965898,5.7777114,-4.931068,-38.865356,17.93417,on bike mount,cyclo cross,True,sett,intermediate
a78b398a-7992-49c3-bdeb-325a57e1e32a,ab476c14-d8fe-4b5c-b50b-2e5422965fc7,75e69312-3d10-43f6-a352-8f12d73cc55d,1633625287317,13.4240571,52.4965898,5.7777114,-9.357764,11.432513,-12.5846195,on bike mount,cyclo cross,True,sett,intermediate
a78b398a-7992-49c3-bdeb-325a57e1e32a,ab476c14-d8fe-4b5c-b50b-2e5422965fc7,00617636-3c02-4a18-a87d-464386e570e3,1633625287367,13.4240571,52.4965898,5.7777114,-3.5492268,31.28031,-10.583786,on bike mount,cyclo cross,True,sett,intermediate
a78b398a-7992-49c3-bdeb-325a57e1e32a,ab476c14-d8fe-4b5c-b50b-2e5422965fc7,f7f6ac85-dbbb-4083-91e7-fdb98a00645f,1633625287417,13.4240571,52.4965898,5.7777114,-7.441297,3.527237,1.1513958,on bike mount,cyclo cross,True,sett,intermediate
a78b398a-7992-49c3-bdeb-325a57e1e32a,ab476c14-d8fe-4b5c-b50b-2e5422965fc7,fd983d3d-e013-449e-bea1-de3454a5c3b5,1633625287467,13.4240571,52.4965898,5.7777114,-0.7175348,12.896797,-17.15541,on bike mount,cyclo cross,True,sett,intermediate
a78b398a-7992-49c3-bdeb-325a57e1e32a,ab476c14-d8fe-4b5c-b50b-2e5422965fc7,1666aaa1-0717-477f-9fca-3aea2a8e6f31,1633625287517,13.4240571,52.4965898,5.7777114,-2.9508126,-1.5134616,19.717136,on bike mount,cyclo cross,True,sett,intermediate
a78b398a-7992-49c3-bdeb-325a57e1e32a,ab476c14-d8fe-4b5c-b50b-2e5422965fc7,4fef8511-39e6-4cd0-a349-5a35f71dfa3b,1633625287567,13.4241009,52.4966366,5.3992825,-4.026515,-31.242844,-24.023806,on bike mount,cyclo cross,True,sett,intermediate
a78b398a-7992-49c3-bdeb-325a57e1e32a,ab476c14-d8fe-4b5c-b50b-2e5422965fc7,1e58b23e-b671-4a2a-875a-759f8b7a717f,1633625287617,13.4241009,52.4966366,5.3992825,-5.397913,8.168588,-12.225906,on bike mount,cyclo cross,True,sett,intermediate
a78b398a-7992-49c3-bdeb-325a57e1e32a,ab476c14-d8fe-4b5c-b50b-2e5422965fc7,8c70ed7e-a91e-4963-ac19-06d9469055d7,1633625287666,13.4241009,52.4966366,5.3992825,1.9902704,9.9282055,-2.2455544,on bike mount,cyclo cross,True,sett,intermediate
a78b398a-7992-49c3-bdeb-325a57e1e32a,ab476c14-d8fe-4b5c-b50b-2e5422965fc7,1196a726-3d53-47ed-a1f8-865c20139355,1633625287718,13.4241009,52.4966366,5.3992825,1.0712625,4.261161,-24.886162,on bike mount,cyclo cross,True,sett,intermediate
a78b398a-7992-49c3-bdeb-325a57e1e32a,ab476c14-d8fe-4b5c-b50b-2e5422965fc7,c39977f6-7910-452f-bce7-8a0bf36c1f2d,1633625287768,13.4241009,52.4966366,5.3992825,2.5090473,2.0662103,1.3378481,on bike mount,cyclo cross,True,sett,intermediate
a78b398a-7992-49c3-bdeb-325a57e1e32a,ab476c14-d8fe-4b5c-b50b-2e5422965fc7,c3a5b44f-a9a3-408e-b896-cfced55c6419,1633625287818,13.4241009,52.4966366,5.3992825,-7.5507073,10.959871,-21.861565,on bike mount,cyclo cross,True,sett,intermediate
a78b398a-7992-49c3-bdeb-325a57e1e32a,ab476c14-d8fe-4b5c-b50b-2e5422965fc7,6fbf130f-247f-4949-99bb-630c5af45b96,1633625287868,13.4241009,52.4966366,5.3992825,-12.459104,40.87504,-36.043026,on bike mount,cyclo cross,True,sett,intermediate
a78b398a-7992-49c3-bdeb-325a57e1e32a,ab476c14-d8fe-4b5c-b50b-2e5422965fc7,827ea473-9f39-40f5-a873-1476f27d7435,1633625287918,13.4241009,52.4966366,5.3992825,-1.29885,28.25748,-37.294777,on bike mount,cyclo cross,True,sett,intermediate
a78b398a-7992-49c3-bdeb-325a57e1e32a,ab476c14-d8fe-4b5c-b50b-2e5422965fc7,3d12038a-cde3-4293-b4e3-ea37b65940f9,1633625287968,13.4241009,52.4966366,5.3992825,0.56317866,5.6729155,5.2536316,on bike mount,cyclo cross,True,sett,intermediate
a78b398a-7992-49c3-bdeb-325a57e1e32a,ab476c14-d8fe-4b5c-b50b-2e5422965fc7,557e9ecf-82b8-4c1a-9bc3-fc07a7fb8733,1633625288019,13.4241009,52.4966366,5.3992825,-2.379275,0.74903464,3.5574617,on bike mount,cyclo cross,True,sett,intermediate
a78b398a-7992-49c3-bdeb-325a57e1e32a,ab476c14-d8fe-4b5c-b50b-2e5422965fc7,e13cf1bf-c44a-4531-98eb-e4cf795b7903,1633625288070,13.4241009,52.4966366,5.3992825,5.97787,-37.108025,14.667135,on bike mount,cyclo cross,True,sett,intermediate
a78b398a-7992-49c3-bdeb-325a57e1e32a,ab476c14-d8fe-4b5c-b50b-2e5422965fc7,880e08a9-ad07-4c8c-aaf7-c8f97cf3ec0e,1633625288120,13.4241009,52.4966366,5.3992825,9.944816,-30.787237,5.2741804,on bike mount,cyclo cross,True,sett,intermediate
a78b398a-7992-49c3-bdeb-325a57e1e32a,ab476c14-d8fe-4b5c-b50b-2e5422965fc7,0eec7d8f-3df1-4356-950e-b6e896bbb3bd,1633625288170,13.4241009,52.4966366,5.3992825,-5.7352138,34.264893,-8.324746,on bike mount,cyclo cross,True,sett,intermediate
a78b398a-7992-49c3-bdeb-325a57e1e32a,ab476c14-d8fe-4b5c-b50b-2e5422965fc7,db7db801-1fa2-4389-afca-f73bcc91bbe7,1633625288220,13.4241009,52.4966366,5.3992825,-0.45158586,0.9174657,-16.430855,on bike mount,cyclo cross,True,sett,intermediate
a78b398a-7992-49c3-bdeb-325a57e1e32a,ab476c14-d8fe-4b5c-b50b-2e5422965fc7,1fbfcd79-afed-401f-9a5f-22af228381f1,1633625288270,13.4241009,52.4966366,5.3992825,0.8363113,-3.0942383,-7.5493765,on bike mount,cyclo cross,True,sett,intermediate
a78b398a-7992-49c3-bdeb-325a57e1e32a,ab476c14-d8fe-4b5c-b50b-2e5422965fc7,efd525de-e116-4c76-acc6-7fe5eb12f64f,1633625288335,13.4241009,52.4966366,5.3992825,5.361883,-3.0572052,-14.425838,on bike mount,cyclo cross,True,sett,intermediate
a78b398a-7992-49c3-bdeb-325a57e1e32a,ab476c14-d8fe-4b5c-b50b-2e5422965fc7,8b22baa2-f488-41e0-969d-bd6cd8c4958a,1633625288385,13.4241009,52.4966366,5.3992825,2.3731241,-2.4252956,8.510393,on bike mount,cyclo cross,True,sett,intermediate
a78b398a-7992-49c3-bdeb-325a57e1e32a,ab476c14-d8fe-4b5c-b50b-2e5422965fc7,8214a0d2-e929-4c18-a0dc-0007e18265d3,1633625288435,13.4241009,52.4966366,5.3992825,4.9770985,-3.8237429,-0.42706108,on bike mount,cyclo cross,True,sett,intermediate
a78b398a-7992-49c3-bdeb-325a57e1e32a,ab476c14-d8fe-4b5c-b50b-2e5422965fc7,e3560f3f-e0cd-4341-81a6-17f72961d72f,1633625288485,13.4241009,52.4966366,5.3992825,0.52575433,11.492819,-20.243446,on bike mount,cyclo cross,True,sett,intermediate
a78b398a-7992-49c3-bdeb-325a57e1e32a,ab476c14-d8fe-4b5c-b50b-2e5422965fc7,281090cf-f649-4c3d-81da-999995e1e519,1633625288542,13.4241009,52.4966366,5.3992825,0.18109418,3.6846628,-12.084159,on bike mount,cyclo cross,True,sett,intermediate
a78b398a-7992-49c3-bdeb-325a57e1e32a,ab476c14-d8fe-4b5c-b50b-2e5422965fc7,3972a4f5-5bcb-4a56-a120-a7e3879b36f5,1633625288603,13.4241342,52.496681,4.802983,0.11635981,24.184555,-16.671043,on bike mount,cyclo cross,True,sett,intermediate
a78b398a-7992-49c3-bdeb-325a57e1e32a,ab476c14-d8fe-4b5c-b50b-2e5422965fc7,ebe04f7e-3344-471d-a416-0e9bdbeec844,1633625288654,13.4241342,52.496681,4.802983,1.8526788,15.069749,-8.448839,on bike mount,cyclo cross,True,sett,intermediate
a78b398a-7992-49c3-bdeb-325a57e1e32a,ab476c14-d8fe-4b5c-b50b-2e5422965fc7,90dd10a4-0223-4871-98c9-5c5f4bbe2649,1633625288705,13.4241342,52.496681,4.802983,-1.8134239,1.7413921,13.028,on bike mount,cyclo cross,True,sett,intermediate
a78b398a-7992-49c3-bdeb-325a57e1e32a,ab476c14-d8fe-4b5c-b50b-2e5422965fc7,0cc40b8f-e5d7-45e4-b7a2-cdb9ba06d8bd,1633625288770,13.4241342,52.496681,4.802983,-2.4063244,18.806889,-16.085613,on bike mount,cyclo cross,True,sett,intermediate
a78b398a-7992-49c3-bdeb-325a57e1e32a,ab476c14-d8fe-4b5c-b50b-2e5422965fc7,1f980f4e-9f48-4a56-9eb4-f2b63cdc3fac,1633625288820,13.4241342,52.496681,4.802983,0.42727697,1.2212815,-10.261387,on bike mount,cyclo cross,True,sett,intermediate
a78b398a-7992-49c3-bdeb-325a57e1e32a,ab476c14-d8fe-4b5c-b50b-2e5422965fc7,2ed12224-f67a-4305-809a-f451c36fb319,1633625288870,13.4241342,52.496681,4.802983,1.0139855,11.880856,-19.71988,on bike mount,cyclo cross,True,sett,intermediate
a78b398a-7992-49c3-bdeb-325a57e1e32a,ab476c14-d8fe-4b5c-b50b-2e5422965fc7,b52c5dd2-1d09-4384-b9e3-9078b3e449dd,1633625288921,13.4241342,52.496681,4.802983,-1.6730309,0.98761415,7.7102413,on bike mount,cyclo cross,True,sett,intermediate
a78b398a-7992-49c3-bdeb-325a57e1e32a,ab476c14-d8fe-4b5c-b50b-2e5422965fc7,d24fa873-6c92-45fc-9ce4-c58b9db54262,1633625288970,13.4241342,52.496681,4.802983,1.2232144,-23.1219,5.1054134,on bike mount,cyclo cross,True,sett,intermediate
a78b398a-7992-49c3-bdeb-325a57e1e32a,ab476c14-d8fe-4b5c-b50b-2e5422965fc7,72392590-3bf4-41fa-acd4-bae64e5cf4ef,1633625289020,13.4241342,52.496681,4.802983,0.339056,24.55115,3.7661161,on bike mount,cyclo cross,True,sett,intermediate
a78b398a-7992-49c3-bdeb-325a57e1e32a,ab476c14-d8fe-4b5c-b50b-2e5422965fc7,c5b00797-f169-43d5-bcd4-585543cd5907,1633625289072,13.4241342,52.496681,4.802983,1.324379,-0.5335326,-6.9147468,on bike mount,cyclo cross,True,sett,intermediate
a78b398a-7992-49c3-bdeb-325a57e1e32a,ab476c14-d8fe-4b5c-b50b-2e5422965fc7,a176fb9a-a632-4b5b-9d11-1ab5fd0f0551,1633625289122,13.4241342,52.496681,4.802983,1.9247959,-11.406509,-5.6347466,on bike mount,cyclo cross,True,sett,intermediate
a78b398a-7992-49c3-bdeb-325a57e1e32a,ab476c14-d8fe-4b5c-b50b-2e5422965fc7,7fd5594a-0e0f-43c1-829f-6323d81f3138,1633625289172,13.4241342,52.496681,4.802983,-1.8107755,20.005348,11.780796,on bike mount,cyclo cross,True,sett,intermediate
a78b398a-7992-49c3-bdeb-325a57e1e32a,ab476c14-d8fe-4b5c-b50b-2e5422965fc7,154939dc-3e3a-4330-b000-b3824e7ce574,1633625289237,13.4241342,52.496681,4.802983,5.860951,9.850134,9.052111,on bike mount,cyclo cross,True,sett,intermediate
a78b398a-7992-49c3-bdeb-325a57e1e32a,ab476c14-d8fe-4b5c-b50b-2e5422965fc7,97f5a8d3-efb8-4105-9414-87eecd809ed7,1633625289287,13.4241342,52.496681,4.802983,4.631752,-31.163393,16.641708,on bike mount,cyclo cross,True,sett,intermediate
a78b398a-7992-49c3-bdeb-325a57e1e32a,ab476c14-d8fe-4b5c-b50b-2e5422965fc7,48ebb0d9-9065-4d3f-a52e-cf18b963d5c3,1633625289337,13.4241342,52.496681,4.802983,-0.82518905,-10.550903,26.261072,on bike mount,cyclo cross,True,sett,intermediate
a78b398a-7992-49c3-bdeb-325a57e1e32a,ab476c14-d8fe-4b5c-b50b-2e5422965fc7,f12a9414-90d9-4c1f-a8d8-ad042ef9fa5f,1633625289387,13.4241342,52.496681,4.802983,0.39243662,26.942299,-20.490677,on bike mount,cyclo cross,True,sett,intermediate
a78b398a-7992-49c3-bdeb-325a57e1e32a,ab476c14-d8fe-4b5c-b50b-2e5422965fc7,d4bd81cf-7638-4f43-9d58-52cd3129f795,1633625289437,13.4241342,52.496681,4.802983,-1.4992424,12.551007,-7.8772774,on bike mount,cyclo cross,True,sett,intermediate
a78b398a-7992-49c3-bdeb-325a57e1e32a,ab476c14-d8fe-4b5c-b50b-2e5422965fc7,443e0b83-cfd8-4c93-b427-97e4c134e429,1633625289487,13.4241342,52.496681,4.802983,-5.298027,3.8932285,-9.512101,on bike mount,cyclo cross,True,sett,intermediate
a78b398a-7992-49c3-bdeb-325a57e1e32a,ab476c14-d8fe-4b5c-b50b-2e5422965fc7,26432dd6-f48b-487f-9eed-6c148ba5447f,1633625289538,13.4241342,52.496681,4.802983,-2.5430865,-2.288292,24.58825,on bike mount,cyclo cross,True,sett,intermediate
a78b398a-7992-49c3-bdeb-325a57e1e32a,ab476c14-d8fe-4b5c-b50b-2e5422965fc7,4f9adc5c-ffb7-4603-8bc0-961923850bb2,1633625289593,13.424158,52.4967119,5.1156716,-0.17040053,-36.175743,8.501562,on bike mount,cyclo cross,True,sett,intermediate
a78b398a-7992-49c3-bdeb-325a57e1e32a,ab476c14-d8fe-4b5c-b50b-2e5422965fc7,37f0713a-ebbb-4867-b9fa-31bd5464e038,1633625289655,13.424158,52.4967119,5.1156716,-0.77297115,3.0337324,6.78358,on bike mount,cyclo cross,True,sett,intermediate
a78b398a-7992-49c3-bdeb-325a57e1e32a,ab476c14-d8fe-4b5c-b50b-2e5422965fc7,8d52d87b-e389-4d40-9c00-906d6a22b439,1633625289705,13.424158,52.4967119,5.1156716,2.5596776,-9.028784,10.814081,on bike mount,cyclo cross,True,sett,intermediate
a78b398a-7992-49c3-bdeb-325a57e1e32a,ab476c14-d8fe-4b5c-b50b-2e5422965fc7,06c727c2-bfb6-45b5-8bb8-a9a496b7a91b,1633625289755,13.424158,52.4967119,5.1156716,-0.88716954,5.199417,-7.55246,on bike mount,cyclo cross,True,sett,intermediate
a78b398a-7992-49c3-bdeb-325a57e1e32a,ab476c14-d8fe-4b5c-b50b-2e5422965fc7,3723afb5-a264-4841-ae3e-dc462ef44d67,1633625289805,13.424158,52.4967119,5.1156716,-1.2855276,19.447392,-1.9221363,on bike mount,cyclo cross,True,sett,intermediate
a78b398a-7992-49c3-bdeb-325a57e1e32a,ab476c14-d8fe-4b5c-b50b-2e5422965fc7,13f3c994-d4cb-44e7-823f-fdd31d86b26b,1633625289855,13.424158,52.4967119,5.1156716,-2.2185853,2.0379553,-20.092587,on bike mount,cyclo cross,True,sett,intermediate
a78b398a-7992-49c3-bdeb-325a57e1e32a,ab476c14-d8fe-4b5c-b50b-2e5422965fc7,a589e6df-bec9-4048-b0a2-58d3a131afe4,1633625289905,13.424158,52.4967119,5.1156716,-1.0822654,15.152799,-24.326591,on bike mount,cyclo cross,True,sett,intermediate
a78b398a-7992-49c3-bdeb-325a57e1e32a,ab476c14-d8fe-4b5c-b50b-2e5422965fc7,7d2a7597-8d7f-499e-a1b0-0c8eacc22994,1633625289955,13.424158,52.4967119,5.1156716,0.011508793,5.1004643,-32.248657,on bike mount,cyclo cross,True,sett,intermediate
a78b398a-7992-49c3-bdeb-325a57e1e32a,ab476c14-d8fe-4b5c-b50b-2e5422965fc7,ac37b5bf-0085-4b70-ba2f-ae870fd90dab,1633625290006,13.424158,52.4967119,5.1156716,4.082528,3.9040813,23.114002,on bike mount,cyclo cross,True,sett,intermediate
a78b398a-7992-49c3-bdeb-325a57e1e32a,ab476c14-d8fe-4b5c-b50b-2e5422965fc7,0c59ddca-a178-47f7-8965-028cdf081ebc,1633625290055,13.424158,52.4967119,5.1156716,6.5981765,-64.36113,70.14641,on bike mount,cyclo cross,True,sett,intermediate
a78b398a-7992-49c3-bdeb-325a57e1e32a,ab476c14-d8fe-4b5c-b50b-2e5422965fc7,0cdded15-19ee-46d5-b6e0-822028887860,1633625290105,13.424158,52.4967119,5.1156716,-8.8671875,-7.743538,27.884346,on bike mount,cyclo cross,True,sett,intermediate
a78b398a-7992-49c3-bdeb-325a57e1e32a,ab476c14-d8fe-4b5c-b50b-2e5422965fc7,d05b48f0-73d0-4d4a-8d5a-ebdba8746ad2,1633625290156,13.424158,52.4967119,5.1156716,-6.841337,-12.517242,-0.9847059,on bike mount,cyclo cross,True,sett,intermediate
a78b398a-7992-49c3-bdeb-325a57e1e32a,ab476c14-d8fe-4b5c-b50b-2e5422965fc7,7109c48c-0e51-4e24-bf01-dbcf8ff2957b,1633625290205,13.424158,52.4967119,5.1156716,-3.2472067,15.675709,-11.472313,on bike mount,cyclo cross,True,sett,intermediate
a78b398a-7992-49c3-bdeb-325a57e1e32a,ab476c14-d8fe-4b5c-b50b-2e5422965fc7,53f7c83e-57d0-4edd-8ae5-bdc834a1129c,1633625290257,13.424158,52.4967119,5.1156716,-2.37979,0.942595,-33.13729,on bike mount,cyclo cross,True,sett,intermediate
a78b398a-7992-49c3-bdeb-325a57e1e32a,ab476c14-d8fe-4b5c-b50b-2e5422965fc7,e77467c0-dafc-414c-9581-cbe0e32cfd1d,1633625290307,13.424158,52.4967119,5.1156716,1.1038097,-16.851576,-13.002349,on bike mount,cyclo cross,True,sett,intermediate
a78b398a-7992-49c3-bdeb-325a57e1e32a,ab476c14-d8fe-4b5c-b50b-2e5422965fc7,08960d62-9dbf-4dfb-889e-35570a9620c2,1633625290357,13.424158,52.4967119,5.1156716,-1.6067383,10.740327,-15.146001,on bike mount,cyclo cross,True,sett,intermediate
a78b398a-7992-49c3-bdeb-325a57e1e32a,ab476c14-d8fe-4b5c-b50b-2e5422965fc7,29b5e2a5-a680-4528-9773-d9b9fe961709,1633625290407,13.424158,52.4967119,5.1156716,0.28096247,9.732128,-13.7175255,on bike mount,cyclo cross,True,sett,intermediate
a78b398a-7992-49c3-bdeb-325a57e1e32a,ab476c14-d8fe-4b5c-b50b-2e5422965fc7,c0fbe38c-a3e3-4508-ad77-cb6f5cf2b9e1,1633625290457,13.424158,52.4967119,5.1156716,3.1802104,4.855567,-9.357574,on bike mount,cyclo cross,True,sett,intermediate
a78b398a-7992-49c3-bdeb-325a57e1e32a,ab476c14-d8fe-4b5c-b50b-2e5422965fc7,6dd89c37-cec9-4101-bf9e-c5a90f79232a,1633625290507,13.424158,52.4967119,5.1156716,-1.60805,5.385009,8.7012615,on bike mount,cyclo cross,True,sett,intermediate
a78b398a-7992-49c3-bdeb-325a57e1e32a,ab476c14-d8fe-4b5c-b50b-2e5422965fc7,d9d05773-3c28-4a16-bc8f-19cdce91d06f,1633625290559,13.4242051,52.4967556,5.088703,-1.057309,1.6289349,1.9919434,on bike mount,cyclo cross,True,sett,intermediate
a78b398a-7992-49c3-bdeb-325a57e1e32a,ab476c14-d8fe-4b5c-b50b-2e5422965fc7,7d286fa4-7e0c-4cab-8745-e42e66217bf8,1633625290624,13.4242051,52.4967556,5.088703,1.1666461,-12.454609,14.305595,on bike mount,cyclo cross,True,sett,intermediate
a78b398a-7992-49c3-bdeb-325a57e1e32a,ab476c14-d8fe-4b5c-b50b-2e5422965fc7,431067a1-3ed9-44dc-ad9e-a70e4a8ffc25,1633625290674,13.4242051,52.4967556,5.088703,-4.181594,-5.162054,0.34732723,on bike mount,cyclo cross,True,sett,intermediate
a78b398a-7992-49c3-bdeb-325a57e1e32a,ab476c14-d8fe-4b5c-b50b-2e5422965fc7,b657aed4-aaab-43b3-a7dc-5cc522a2efee,1633625290724,13.4242051,52.4967556,5.088703,-1.549365,-3.3493562,6.4959087,on bike mount,cyclo cross,True,sett,intermediate
a78b398a-7992-49c3-bdeb-325a57e1e32a,ab476c14-d8fe-4b5c-b50b-2e5422965fc7,53646dac-5a08-4dd8-90a1-c6dc76205b39,1633625290774,13.4242051,52.4967556,5.088703,-0.9217043,8.118321,3.8850765,on bike mount,cyclo cross,True,sett,intermediate
a78b398a-7992-49c3-bdeb-325a57e1e32a,ab476c14-d8fe-4b5c-b50b-2e5422965fc7,8c118273-c75d-462e-833b-4f4df904421f,1633625290825,13.4242051,52.4967556,5.088703,2.4071746,6.4519906,-7.4511757,on bike mount,cyclo cross,True,sett,intermediate
a78b398a-7992-49c3-bdeb-325a57e1e32a,ab476c14-d8fe-4b5c-b50b-2e5422965fc7,b23bbf8b-70df-474c-9776-aef40e499133,1633625290876,13.4242051,52.4967556,5.088703,-3.6537244,-15.8875675,0.5082903,on bike mount,cyclo cross,True,sett,intermediate
a78b398a-7992-49c3-bdeb-325a57e1e32a,ab476c14-d8fe-4b5c-b50b-2e5422965fc7,1ccc313e-009b-4f13-b2b5-69e10a81e58d,1633625290942,13.4242051,52.4967556,5.088703,-2.022266,-6.9878407,-3.8850179,on bike mount,cyclo cross,True,sett,intermediate
a78b398a-7992-49c3-bdeb-325a57e1e32a,ab476c14-d8fe-4b5c-b50b-2e5422965fc7,78175627-00ff-4a86-bfab-5d49c03fc0bb,1633625291008,13.4242051,52.4967556,5.088703,2.7405024,-0.12379885,-14.023084,on bike mount,cyclo cross,True,sett,intermediate
a78b398a-7992-49c3-bdeb-325a57e1e32a,ab476c14-d8fe-4b5c-b50b-2e5422965fc7,4a4db9e0-8f46-4577-863c-0af6c0bf4d40,1633625291057,13.4242051,52.4967556,5.088703,-0.5530913,2.5484812,16.97749,on bike mount,cyclo cross,True,sett,intermediate
a78b398a-7992-49c3-bdeb-325a57e1e32a,ab476c14-d8fe-4b5c-b50b-2e5422965fc7,fe0df825-0a27-47fc-b7f7-99a365056259,1633625291107,13.4242051,52.4967556,5.088703,-0.6654401,8.874877,-0.527441,on bike mount,cyclo cross,True,sett,intermediate
a78b398a-7992-49c3-bdeb-325a57e1e32a,ab476c14-d8fe-4b5c-b50b-2e5422965fc7,4ec6af49-42f6-44d3-a2f4-3f4561bab38f,1633625291158,13.4242051,52.4967556,5.088703,0.83049244,-1.8404406,4.7743387,on bike mount,cyclo cross,True,sett,intermediate
a78b398a-7992-49c3-bdeb-325a57e1e32a,ab476c14-d8fe-4b5c-b50b-2e5422965fc7,1b2db0af-8457-42b6-9245-6dd48a5a99e5,1633625291209,13.4242051,52.4967556,5.088703,-0.037173748,-15.993208,19.92355,on bike mount,cyclo cross,True,sett,intermediate
a78b398a-7992-49c3-bdeb-325a57e1e32a,ab476c14-d8fe-4b5c-b50b-2e5422965fc7,b79921f6-50b4-4d3d-8661-c47c9b516ff3,1633625291276,13.4242051,52.4967556,5.088703,0.47393543,14.40953,8.3581295,on bike mount,cyclo cross,True,sett,intermediate
a78b398a-7992-49c3-bdeb-325a57e1e32a,ab476c14-d8fe-4b5c-b50b-2e5422965fc7,6999da76-a23d-4a34-888a-d9941e126d60,1633625291326,13.4242051,52.4967556,5.088703,-1.1998098,-20.682589,30.996515,on bike mount,cyclo cross,True,sett,intermediate
a78b398a-7992-49c3-bdeb-325a57e1e32a,ab476c14-d8fe-4b5c-b50b-2e5422965fc7,9a3f41cf-36b8-4317-9e87-f15f46739898,1633625291376,13.4242051,52.4967556,5.088703,2.5842881,-2.213758,-0.77953243,on bike mount,cyclo cross,True,sett,intermediate
a78b398a-7992-49c3-bdeb-325a57e1e32a,ab476c14-d8fe-4b5c-b50b-2e5422965fc7,0c63d2fe-5dcf-42db-b99e-fc3e6bea1c30,1633625291425,13.4242051,52.4967556,5.088703,0.20789973,2.7096968,-1.1291876,on bike mount,cyclo cross,True,sett,intermediate
a78b398a-7992-49c3-bdeb-325a57e1e32a,ab476c14-d8fe-4b5c-b50b-2e5422965fc7,503311a6-de0d-492f-9df3-f88589a68652,1633625291476,13.4242051,52.4967556,5.088703,-1.5715482,7.760373,-4.0775747,on bike mount,cyclo cross,True,sett,intermediate
a78b398a-7992-49c3-bdeb-325a57e1e32a,ab476c14-d8fe-4b5c-b50b-2e5422965fc7,a5411457-f8f3-4ae0-a5b6-d93cfabebc4a,1633625291526,13.4242051,52.4967556,5.088703,-2.4755378,-1.7385089,-3.0481486,on bike mount,cyclo cross,True,sett,intermediate
a78b398a-7992-49c3-bdeb-325a57e1e32a,ab476c14-d8fe-4b5c-b50b-2e5422965fc7,027cbe13-c4c2-4809-ad27-34c14a055bfa,1633625291576,13.4242394,52.4968016,4.5697823,-0.5057281,-2.639876,-11.621878,on bike mount,cyclo cross,True,sett,intermediate
a78b398a-7992-49c3-bdeb-325a57e1e32a,ab476c14-d8fe-4b5c-b50b-2e5422965fc7,a80f05d6-a88a-4420-9958-0ecb37dc62e1,1633625291626,13.4242394,52.4968016,4.5697823,3.4493976,-5.1377463,1.9647865,on bike mount,cyclo cross,True,sett,intermediate
a78b398a-7992-49c3-bdeb-325a57e1e32a,ab476c14-d8fe-4b5c-b50b-2e5422965fc7,1b711cf5-09ff-4538-80aa-afce95e77ce0,1633625291676,13.4242394,52.4968016,4.5697823,1.3988595,8.760628,-14.621685,on bike mount,cyclo cross,True,sett,intermediate
a78b398a-7992-49c3-bdeb-325a57e1e32a,ab476c14-d8fe-4b5c-b50b-2e5422965fc7,a5b61858-6491-4c2d-b2b8-04adc0926566,1633625291726,13.4242394,52.4968016,4.5697823,-5.439136,2.329421,-4.181308,on bike mount,cyclo cross,True,sett,intermediate
a78b398a-7992-49c3-bdeb-325a57e1e32a,ab476c14-d8fe-4b5c-b50b-2e5422965fc7,830e8ce5-ecec-459e-bcb8-1c073176e996,1633625291779,13.4242394,52.4968016,4.5697823,-1.461568,0.58935165,-6.6448016,on bike mount,cyclo cross,True,sett,intermediate
a78b398a-7992-49c3-bdeb-325a57e1e32a,ab476c14-d8fe-4b5c-b50b-2e5422965fc7,2b2ecca8-d676-49c1-85ad-395781a93754,1633625291844,13.4242394,52.4968016,4.5697823,-2.7322521,1.955965,-8.349466,on bike mount,cyclo cross,True,sett,intermediate
a78b398a-7992-49c3-bdeb-325a57e1e32a,ab476c14-d8fe-4b5c-b50b-2e5422965fc7,57f2374b-3dda-45f5-84de-8ee697175743,1633625291909,13.4242394,52.4968016,4.5697823,-1.5279582,8.358291,0.0324955,on bike mount,cyclo cross,True,sett,intermediate
a78b398a-7992-49c3-bdeb-325a57e1e32a,ab476c14-d8fe-4b5c-b50b-2e5422965fc7,83915fee-70bc-4dfa-abf7-f5361b16a2cd,1633625291960,13.4242394,52.4968016,4.5697823,-0.9574186,1.5860844,2.1081343,on bike mount,cyclo cross,True,sett,intermediate
a78b398a-7992-49c3-bdeb-325a57e1e32a,ab476c14-d8fe-4b5c-b50b-2e5422965fc7,d13bc9d9-fb38-4fa6-bb17-9b045e0c1673,1633625292011,13.4242394,52.4968016,4.5697823,-0.8655836,-1.3878417,20.973541,on bike mount,cyclo cross,True,sett,intermediate
a78b398a-7992-49c3-bdeb-325a57e1e32a,ab476c14-d8fe-4b5c-b50b-2e5422965fc7,ea4287f4-be4a-4df1-8674-f8a1b09d5b4f,1633625292061,13.4242394,52.4968016,4.5697823,-2.5877268,-0.9857631,-20.664757,on bike mount,cyclo cross,True,sett,intermediate
a78b398a-7992-49c3-bdeb-325a57e1e32a,ab476c14-d8fe-4b5c-b50b-2e5422965fc7,c567c108-6f36-49a9-a5fc-01c01ac35211,1633625292111,13.4242394,52.4968016,4.5697823,-0.03524804,7.618479,-2.814619,on bike mount,cyclo cross,True,sett,intermediate
a78b398a-7992-49c3-bdeb-325a57e1e32a,ab476c14-d8fe-4b5c-b50b-2e5422965fc7,25fcfc4f-3cb6-4174-934b-682e2de4f0f8,1633625292177,13.4242394,52.4968016,4.5697823,1.224363,9.741794,-6.777463,on bike mount,cyclo cross,True,sett,intermediate
a78b398a-7992-49c3-bdeb-325a57e1e32a,ab476c14-d8fe-4b5c-b50b-2e5422965fc7,5c1fda4d-7362-4f56-ba30-b06983b87886,1633625292228,13.4242394,52.4968016,4.5697823,-0.9980826,-4.7948627,5.8823347,on bike mount,cyclo cross,True,sett,intermediate
a78b398a-7992-49c3-bdeb-325a57e1e32a,ab476c14-d8fe-4b5c-b50b-2e5422965fc7,89e99853-cf8f-4c42-8377-b6c196917cf4,1633625292294,13.4242394,52.4968016,4.5697823,-1.1287948,9.880585,8.951584,on bike mount,cyclo cross,True,sett,intermediate
a78b398a-7992-49c3-bdeb-325a57e1e32a,ab476c14-d8fe-4b5c-b50b-2e5422965fc7,64a7093e-2405-4e01-b953-0e1260f53256,1633625292344,13.4242394,52.4968016,4.5697823,0.2516262,-5.9646797,6.0287256,on bike mount,cyclo cross,True,sett,intermediate
a78b398a-7992-49c3-bdeb-325a57e1e32a,ab476c14-d8fe-4b5c-b50b-2e5422965fc7,5cd4fc52-9ace-4fcf-a001-d11b50041ac3,1633625292396,13.4242394,52.4968016,4.5697823,1.5468664,-5.150815,5.600565,on bike mount,cyclo cross,True,sett,intermediate
a78b398a-7992-49c3-bdeb-325a57e1e32a,ab476c14-d8fe-4b5c-b50b-2e5422965fc7,c16bfcb3-7d29-4aab-be90-4f2bc38be9f1,1633625292446,13.4242394,52.4968016,4.5697823,1.6947712,0.77124023,-9.033982,on bike mount,cyclo cross,True,sett,intermediate
a78b398a-7992-49c3-bdeb-325a57e1e32a,ab476c14-d8fe-4b5c-b50b-2e5422965fc7,28e45615-d91b-44c2-ab0d-13ef11e8a43f,1633625292512,13.4242394,52.4968016,4.5697823,1.1116889,3.0462074,-3.2811327,on bike mount,cyclo cross,True,sett,intermediate
a78b398a-7992-49c3-bdeb-325a57e1e32a,ab476c14-d8fe-4b5c-b50b-2e5422965fc7,44a5f3c7-014b-4f4a-bd20-3e06f8bbff90,1633625292562,13.4242638,52.496847,4.708833,0.8968028,-10.659109,7.3250933,on bike mount,cyclo cross,True,sett,intermediate
a78b398a-7992-49c3-bdeb-325a57e1e32a,ab476c14-d8fe-4b5c-b50b-2e5422965fc7,99e08c6f-1782-44dc-94ea-228130de5517,1633625292613,13.4242638,52.496847,4.708833,-2.6950285,14.978331,-17.788721,on bike mount,cyclo cross,True,sett,intermediate
a78b398a-7992-49c3-bdeb-325a57e1e32a,ab476c14-d8fe-4b5c-b50b-2e5422965fc7,79aebf35-00f9-44a0-a135-c279d8d8c1fb,1633625292662,13.4242638,52.496847,4.708833,-1.4052979,7.9171133,-18.361584,on bike mount,cyclo cross,True,sett,intermediate
a78b398a-7992-49c3-bdeb-325a57e1e32a,ab476c14-d8fe-4b5c-b50b-2e5422965fc7,2d5d928a-97a6-44da-aa34-8ef244bf95ef,1633625292713,13.4242638,52.496847,4.708833,6.8880563,-11.59914,2.5628223,on bike mount,cyclo cross,True,sett,intermediate
a78b398a-7992-49c3-bdeb-325a57e1e32a,ab476c14-d8fe-4b5c-b50b-2e5422965fc7,2d493576-f680-45a6-966a-c7ad452ba72c,1633625292763,13.4242638,52.496847,4.708833,7.073183,-10.554581,5.97946,on bike mount,cyclo cross,True,sett,intermediate
a78b398a-7992-49c3-bdeb-325a57e1e32a,ab476c14-d8fe-4b5c-b50b-2e5422965fc7,a0dac3b9-7583-42ce-b568-5da1655ec3cf,1633625292829,13.4242638,52.496847,4.708833,-2.193726,-3.6934185,0.25776196,on bike mount,cyclo cross,True,sett,intermediate
a78b398a-7992-49c3-bdeb-325a57e1e32a,ab476c14-d8fe-4b5c-b50b-2e5422965fc7,322a1672-5d20-4432-9905-849aea2a451b,1633625292879,13.4242638,52.496847,4.708833,-1.5713152,12.60273,-4.578483,on bike mount,cyclo cross,True,sett,intermediate
a78b398a-7992-49c3-bdeb-325a57e1e32a,ab476c14-d8fe-4b5c-b50b-2e5422965fc7,6da45f1f-2e64-4329-b9a2-a9e2a28e67d6,1633625292930,13.4242638,52.496847,4.708833,-0.645468,-8.70883,2.8852959,on bike mount,cyclo cross,True,sett,intermediate
