bike_activity_uid,bike_activity_sample_uid,bike_activity_measurement,bike_activity_measurement_timestamp,bike_activity_measurement_lon,bike_activity_measurement_lat,bike_activity_measurement_speed,bike_activity_measurement_accelerometer_x,bike_activity_measurement_accelerometer_y,bike_activity_measurement_accelerometer_z,bike_activity_phone_position,bike_activity_bike_type,bike_activity_flagged_lab_conditions,bike_activity_surface_type,bike_activity_smoothness_type
aa460e9e-5072-4184-b5d4-d40d99b4c733,64923646-c2b6-4c9b-a677-e5d5acf57f0e,6a2f1676-1de8-4cdf-834e-9bb53d1adc86,1635696433615,13.3897375,52.4738849,5.989938,2.405029,1.5707455,-3.0242028,on bike mount,cyclo cross,True,concrete plates,good
aa460e9e-5072-4184-b5d4-d40d99b4c733,64923646-c2b6-4c9b-a677-e5d5acf57f0e,ab52577c-7348-47f7-9236-074f3430c473,1635696433676,13.3897375,52.4738849,5.989938,-0.15739447,-2.0541062,2.58469,on bike mount,cyclo cross,True,concrete plates,good
aa460e9e-5072-4184-b5d4-d40d99b4c733,64923646-c2b6-4c9b-a677-e5d5acf57f0e,37d38cad-63d4-47ed-880c-ffacbc65d519,1635696433726,13.389747,52.4738321,5.9002476,0.47662202,-1.2130399,-2.9688272,on bike mount,cyclo cross,True,concrete plates,good
aa460e9e-5072-4184-b5d4-d40d99b4c733,64923646-c2b6-4c9b-a677-e5d5acf57f0e,d0119bae-e979-4c80-b9c8-09047b857484,1635696433777,13.389747,52.4738321,5.9002476,-0.47928518,3.1646824,0.31531525,on bike mount,cyclo cross,True,concrete plates,good
aa460e9e-5072-4184-b5d4-d40d99b4c733,64923646-c2b6-4c9b-a677-e5d5acf57f0e,1afe9156-3056-4b16-a23e-7b26d6642d56,1635696433829,13.389747,52.4738321,5.9002476,-1.8272358,-0.66100574,-0.6581955,on bike mount,cyclo cross,True,concrete plates,good
aa460e9e-5072-4184-b5d4-d40d99b4c733,64923646-c2b6-4c9b-a677-e5d5acf57f0e,4e3409c9-70ce-458f-8b53-90f9a21d6c63,1635696433898,13.389747,52.4738321,5.9002476,0.35981452,1.9578085,-1.3182535,on bike mount,cyclo cross,True,concrete plates,good
aa460e9e-5072-4184-b5d4-d40d99b4c733,64923646-c2b6-4c9b-a677-e5d5acf57f0e,2fdc6928-4667-45dd-9add-6ea01cec35fc,1635696433962,13.389747,52.4738321,5.9002476,0.51932454,2.4541464,-0.28181744,on bike mount,cyclo cross,True,concrete plates,good
aa460e9e-5072-4184-b5d4-d40d99b4c733,64923646-c2b6-4c9b-a677-e5d5acf57f0e,1a814441-38d9-4c14-a88c-74faa80ae48c,1635696434015,13.389747,52.4738321,5.9002476,-0.34561333,-2.1820362,-0.87675667,on bike mount,cyclo cross,True,concrete plates,good
aa460e9e-5072-4184-b5d4-d40d99b4c733,64923646-c2b6-4c9b-a677-e5d5acf57f0e,d97886fa-e7b4-4614-86cd-ce861ab1342f,1635696434069,13.389747,52.4738321,5.9002476,0.4746278,-1.4076225,-2.4157143,on bike mount,cyclo cross,True,concrete plates,good
aa460e9e-5072-4184-b5d4-d40d99b4c733,64923646-c2b6-4c9b-a677-e5d5acf57f0e,4808f18b-62ca-45a4-9984-80c8c16b81f0,1635696434127,13.389747,52.4738321,5.9002476,0.09717117,-1.2493869,-3.4765177,on bike mount,cyclo cross,True,concrete plates,good
aa460e9e-5072-4184-b5d4-d40d99b4c733,64923646-c2b6-4c9b-a677-e5d5acf57f0e,dfd5585d-0764-418e-862a-7c339ab0829f,1635696434180,13.389747,52.4738321,5.9002476,2.8401754,-4.070082,-2.6193743,on bike mount,cyclo cross,True,concrete plates,good
aa460e9e-5072-4184-b5d4-d40d99b4c733,64923646-c2b6-4c9b-a677-e5d5acf57f0e,f26e5a9e-9efd-4f7f-936f-818fc100619a,1635696434230,13.389747,52.4738321,5.9002476,-1.9702156,0.6710117,-2.6850753,on bike mount,cyclo cross,True,concrete plates,good
aa460e9e-5072-4184-b5d4-d40d99b4c733,64923646-c2b6-4c9b-a677-e5d5acf57f0e,b8b44ad5-4651-40bb-ad2b-77b172b26828,1635696434282,13.389747,52.4738321,5.9002476,-0.89462876,-3.0963957,-2.5897603,on bike mount,cyclo cross,True,concrete plates,good
aa460e9e-5072-4184-b5d4-d40d99b4c733,64923646-c2b6-4c9b-a677-e5d5acf57f0e,99979a6f-b2f5-4d59-950e-fbbe779d518f,1635696434337,13.389747,52.4738321,5.9002476,0.3661387,-0.29610825,-0.24751377,on bike mount,cyclo cross,True,concrete plates,good
aa460e9e-5072-4184-b5d4-d40d99b4c733,64923646-c2b6-4c9b-a677-e5d5acf57f0e,049f9d1c-848f-452f-9ed8-af6ac42a56eb,1635696434398,13.389747,52.4738321,5.9002476,-1.8691211,0.4367919,-0.047397614,on bike mount,cyclo cross,True,concrete plates,good
aa460e9e-5072-4184-b5d4-d40d99b4c733,64923646-c2b6-4c9b-a677-e5d5acf57f0e,1eebc370-5925-4221-8042-5faefe9d0b2e,1635696434461,13.389747,52.4738321,5.9002476,1.3732855,-1.7761462,-3.6789675,on bike mount,cyclo cross,True,concrete plates,good
aa460e9e-5072-4184-b5d4-d40d99b4c733,64923646-c2b6-4c9b-a677-e5d5acf57f0e,4bbb2214-56c3-4903-98b9-4b2d686bba06,1635696434512,13.389747,52.4738321,5.9002476,1.2136981,-0.48783064,-0.26779747,on bike mount,cyclo cross,True,concrete plates,good
aa460e9e-5072-4184-b5d4-d40d99b4c733,64923646-c2b6-4c9b-a677-e5d5acf57f0e,f02eb346-74ca-4354-aa6d-7df11048cb78,1635696434565,13.389747,52.4738321,5.9002476,-0.17445655,-0.25432324,2.1102257,on bike mount,cyclo cross,True,concrete plates,good
aa460e9e-5072-4184-b5d4-d40d99b4c733,64923646-c2b6-4c9b-a677-e5d5acf57f0e,f5c4f673-11e3-4332-a86c-745b1300fb12,1635696434631,13.389747,52.4738321,5.9002476,-0.60539746,1.5161343,-0.18412113,on bike mount,cyclo cross,True,concrete plates,good
aa460e9e-5072-4184-b5d4-d40d99b4c733,64923646-c2b6-4c9b-a677-e5d5acf57f0e,edddd9c3-21cb-4a97-8b6b-d9bf3ed79a2b,1635696434683,13.389747,52.4738321,5.9002476,-0.41194928,-0.61530423,3.9513206,on bike mount,cyclo cross,True,concrete plates,good
aa460e9e-5072-4184-b5d4-d40d99b4c733,64923646-c2b6-4c9b-a677-e5d5acf57f0e,67321007-c1ec-439b-933a-9e85da3538ec,1635696434748,13.3897476,52.4737787,5.9799066,-0.40658057,-0.30127978,-3.3747787,on bike mount,cyclo cross,True,concrete plates,good
aa460e9e-5072-4184-b5d4-d40d99b4c733,64923646-c2b6-4c9b-a677-e5d5acf57f0e,771df551-1f08-4a9e-a193-3da4cf0b5d91,1635696434801,13.3897476,52.4737787,5.9799066,-1.5174916,-0.7262616,3.095067,on bike mount,cyclo cross,True,concrete plates,good
aa460e9e-5072-4184-b5d4-d40d99b4c733,64923646-c2b6-4c9b-a677-e5d5acf57f0e,99da846e-a8a1-4e9c-aae4-2b5c5c41a4c5,1635696434862,13.3897476,52.4737787,5.9799066,0.06929562,0.88372254,-2.1012497,on bike mount,cyclo cross,True,concrete plates,good
aa460e9e-5072-4184-b5d4-d40d99b4c733,64923646-c2b6-4c9b-a677-e5d5acf57f0e,5bff19f4-41aa-4b36-ac86-e869222897cc,1635696434914,13.3897476,52.4737787,5.9799066,-1.945503,1.104069,-0.2143383,on bike mount,cyclo cross,True,concrete plates,good
aa460e9e-5072-4184-b5d4-d40d99b4c733,64923646-c2b6-4c9b-a677-e5d5acf57f0e,3401d33e-d85a-476e-8e62-2d8b41cd9c61,1635696434965,13.3897476,52.4737787,5.9799066,-0.5495556,-1.9294044,0.7917223,on bike mount,cyclo cross,True,concrete plates,good
aa460e9e-5072-4184-b5d4-d40d99b4c733,64923646-c2b6-4c9b-a677-e5d5acf57f0e,261803ff-84cd-490f-b49b-6832639c4757,1635696435015,13.3897476,52.4737787,5.9799066,1.1338955,0.01696062,1.6298227,on bike mount,cyclo cross,True,concrete plates,good
aa460e9e-5072-4184-b5d4-d40d99b4c733,64923646-c2b6-4c9b-a677-e5d5acf57f0e,dfb64f7c-5667-4874-9185-95ac6be3ee72,1635696435066,13.3897476,52.4737787,5.9799066,-0.5349333,0.5115564,-1.0668926,on bike mount,cyclo cross,True,concrete plates,good
aa460e9e-5072-4184-b5d4-d40d99b4c733,64923646-c2b6-4c9b-a677-e5d5acf57f0e,c35d76c8-8fc5-46ee-971d-6216d7daa4b6,1635696435134,13.3897476,52.4737787,5.9799066,0.046068117,-1.4812611,0.23655033,on bike mount,cyclo cross,True,concrete plates,good
aa460e9e-5072-4184-b5d4-d40d99b4c733,64923646-c2b6-4c9b-a677-e5d5acf57f0e,633ff381-f125-4c8c-a56a-3f56a2e52a53,1635696435186,13.3897476,52.4737787,5.9799066,0.017234609,0.86081505,0.8126316,on bike mount,cyclo cross,True,concrete plates,good
aa460e9e-5072-4184-b5d4-d40d99b4c733,64923646-c2b6-4c9b-a677-e5d5acf57f0e,2c99a5bb-2abe-45a4-8703-3f668d120263,1635696435246,13.3897476,52.4737787,5.9799066,-0.70231664,-1.3770583,-0.089491844,on bike mount,cyclo cross,True,concrete plates,good
aa460e9e-5072-4184-b5d4-d40d99b4c733,64923646-c2b6-4c9b-a677-e5d5acf57f0e,ca1494ed-8139-4752-8497-c325da8d6221,1635696435297,13.3897476,52.4737787,5.9799066,1.1066769,-0.7939465,-1.5716505,on bike mount,cyclo cross,True,concrete plates,good
aa460e9e-5072-4184-b5d4-d40d99b4c733,64923646-c2b6-4c9b-a677-e5d5acf57f0e,3c937383-6518-4130-a0ef-ef96575db614,1635696435349,13.3897476,52.4737787,5.9799066,-0.6049828,-1.9010123,0.939188,on bike mount,cyclo cross,True,concrete plates,good
aa460e9e-5072-4184-b5d4-d40d99b4c733,64923646-c2b6-4c9b-a677-e5d5acf57f0e,54efb4c2-9ecd-46bf-8cf9-83a10075a9eb,1635696435400,13.3897476,52.4737787,5.9799066,-0.1755726,-0.023620605,-0.047434807,on bike mount,cyclo cross,True,concrete plates,good
aa460e9e-5072-4184-b5d4-d40d99b4c733,64923646-c2b6-4c9b-a677-e5d5acf57f0e,0e78d5fc-94fe-4309-9a4f-9197fb96fb20,1635696435464,13.3897476,52.4737787,5.9799066,-0.13718235,-0.74777675,-1.2934089,on bike mount,cyclo cross,True,concrete plates,good
aa460e9e-5072-4184-b5d4-d40d99b4c733,64923646-c2b6-4c9b-a677-e5d5acf57f0e,722adfb7-8229-44dc-bce7-200958067096,1635696435514,13.3897476,52.4737787,5.9799066,-0.6821821,-1.5604236,-0.21307087,on bike mount,cyclo cross,True,concrete plates,good
aa460e9e-5072-4184-b5d4-d40d99b4c733,64923646-c2b6-4c9b-a677-e5d5acf57f0e,888b882c-f231-41d1-82db-350abec2d04f,1635696435567,13.3897476,52.4737787,5.9799066,0.6387682,1.8906245,1.1185617,on bike mount,cyclo cross,True,concrete plates,good
aa460e9e-5072-4184-b5d4-d40d99b4c733,64923646-c2b6-4c9b-a677-e5d5acf57f0e,6cd7b82e-186f-4e05-b722-a892042c71df,1635696435631,13.3897476,52.4737787,5.9799066,-0.1239731,-1.6846678,1.5101681,on bike mount,cyclo cross,True,concrete plates,good
aa460e9e-5072-4184-b5d4-d40d99b4c733,64923646-c2b6-4c9b-a677-e5d5acf57f0e,a7ffd87d-b013-4fbb-b2d3-f8c51f3cb302,1635696435681,13.3897476,52.4737787,5.9799066,-0.16161728,0.004932165,0.5028219,on bike mount,cyclo cross,True,concrete plates,good
aa460e9e-5072-4184-b5d4-d40d99b4c733,64923646-c2b6-4c9b-a677-e5d5acf57f0e,e689c42b-2d21-47b8-9688-4c4622c6f807,1635696435732,13.3897491,52.4737224,6.3794365,0.14940986,-2.4491384,-1.1890535,on bike mount,cyclo cross,True,concrete plates,good
aa460e9e-5072-4184-b5d4-d40d99b4c733,64923646-c2b6-4c9b-a677-e5d5acf57f0e,835e6a3f-49bb-4915-8f97-4b0efde6ba17,1635696435782,13.3897491,52.4737224,6.3794365,2.569686,1.9897747,0.11302853,on bike mount,cyclo cross,True,concrete plates,good
aa460e9e-5072-4184-b5d4-d40d99b4c733,64923646-c2b6-4c9b-a677-e5d5acf57f0e,cd9929e3-4637-41ca-a1be-ec0b65da5671,1635696435834,13.3897491,52.4737224,6.3794365,-1.075878,1.5291915,-2.0675306,on bike mount,cyclo cross,True,concrete plates,good
aa460e9e-5072-4184-b5d4-d40d99b4c733,64923646-c2b6-4c9b-a677-e5d5acf57f0e,c48386f7-4180-4d16-90cb-e3a8971f746f,1635696435885,13.3897491,52.4737224,6.3794365,-0.0535599,-1.1986468,-3.1726513,on bike mount,cyclo cross,True,concrete plates,good
aa460e9e-5072-4184-b5d4-d40d99b4c733,64923646-c2b6-4c9b-a677-e5d5acf57f0e,a024edef-85d2-4868-b1ba-f0165d18a522,1635696435950,13.3897491,52.4737224,6.3794365,1.1082067,-4.369711,-0.8973932,on bike mount,cyclo cross,True,concrete plates,good
aa460e9e-5072-4184-b5d4-d40d99b4c733,64923646-c2b6-4c9b-a677-e5d5acf57f0e,586adaf8-13e1-4850-9613-9e537d62b4d9,1635696436000,13.3897491,52.4737224,6.3794365,0.53825665,4.622024,-0.91426706,on bike mount,cyclo cross,True,concrete plates,good
aa460e9e-5072-4184-b5d4-d40d99b4c733,64923646-c2b6-4c9b-a677-e5d5acf57f0e,e6cddc0d-0920-4ba2-a5b0-c41908ce9a64,1635696436054,13.3897491,52.4737224,6.3794365,0.69038916,5.540719,-1.1195202,on bike mount,cyclo cross,True,concrete plates,good
aa460e9e-5072-4184-b5d4-d40d99b4c733,64923646-c2b6-4c9b-a677-e5d5acf57f0e,5bdca9ff-593d-4cec-8801-600dd78a26a0,1635696436116,13.3897491,52.4737224,6.3794365,0.05178062,1.7122016,0.08090401,on bike mount,cyclo cross,True,concrete plates,good
aa460e9e-5072-4184-b5d4-d40d99b4c733,64923646-c2b6-4c9b-a677-e5d5acf57f0e,e4ce095b-07d5-4031-b9b8-a3b554d2fe9c,1635696436167,13.3897491,52.4737224,6.3794365,1.1760607,0.06440973,-0.20840454,on bike mount,cyclo cross,True,concrete plates,good
aa460e9e-5072-4184-b5d4-d40d99b4c733,64923646-c2b6-4c9b-a677-e5d5acf57f0e,83153fd2-23bf-4ea0-b38a-ee54c9f5e604,1635696436218,13.3897491,52.4737224,6.3794365,0.11190764,-1.3090684,5.258442,on bike mount,cyclo cross,True,concrete plates,good
aa460e9e-5072-4184-b5d4-d40d99b4c733,64923646-c2b6-4c9b-a677-e5d5acf57f0e,c62af6fe-e35f-4743-97ba-9d168f9b06ed,1635696436271,13.3897491,52.4737224,6.3794365,0.016181529,-1.3484291,-1.2391462,on bike mount,cyclo cross,True,concrete plates,good
aa460e9e-5072-4184-b5d4-d40d99b4c733,64923646-c2b6-4c9b-a677-e5d5acf57f0e,1ba2446a-88d4-41c1-8e1f-611997650f2b,1635696436335,13.3897491,52.4737224,6.3794365,-0.4178,-0.9290812,-1.6339426,on bike mount,cyclo cross,True,concrete plates,good
aa460e9e-5072-4184-b5d4-d40d99b4c733,64923646-c2b6-4c9b-a677-e5d5acf57f0e,0ee7d9c3-5372-4361-8914-1c2f90800d33,1635696436402,13.3897491,52.4737224,6.3794365,-0.35590175,2.0180068,0.43903065,on bike mount,cyclo cross,True,concrete plates,good
aa460e9e-5072-4184-b5d4-d40d99b4c733,64923646-c2b6-4c9b-a677-e5d5acf57f0e,429dea31-4f6b-49f8-b437-3afc8b1796f5,1635696436456,13.3897491,52.4737224,6.3794365,-0.41447428,-1.9655764,1.3892765,on bike mount,cyclo cross,True,concrete plates,good
aa460e9e-5072-4184-b5d4-d40d99b4c733,64923646-c2b6-4c9b-a677-e5d5acf57f0e,2c6d6e1a-8415-4313-afee-7a363a1a764a,1635696436516,13.3897491,52.4737224,6.3794365,-0.20180303,-0.45756125,-1.3062758,on bike mount,cyclo cross,True,concrete plates,good
aa460e9e-5072-4184-b5d4-d40d99b4c733,64923646-c2b6-4c9b-a677-e5d5acf57f0e,3204f781-9670-4033-ab5d-8e90fe045dd3,1635696436567,13.3897491,52.4737224,6.3794365,2.0330713,1.1453238,-0.45427227,on bike mount,cyclo cross,True,concrete plates,good
aa460e9e-5072-4184-b5d4-d40d99b4c733,64923646-c2b6-4c9b-a677-e5d5acf57f0e,7cf81aa8-aaf3-4892-935a-d71b50c85fe5,1635696436618,13.3897491,52.4737224,6.3794365,-0.772336,0.23176312,-1.754508,on bike mount,cyclo cross,True,concrete plates,good
aa460e9e-5072-4184-b5d4-d40d99b4c733,64923646-c2b6-4c9b-a677-e5d5acf57f0e,07a78bbd-3365-42fd-986b-04b6f72c1655,1635696436674,13.3897491,52.4737224,6.3794365,-0.33718234,-1.5132059,2.849596,on bike mount,cyclo cross,True,concrete plates,good
aa460e9e-5072-4184-b5d4-d40d99b4c733,64923646-c2b6-4c9b-a677-e5d5acf57f0e,9fb88458-2362-41d3-b06c-44f4a93b6765,1635696436734,13.3897519,52.4736644,6.1702843,1.1255479,-0.07696986,1.2383795,on bike mount,cyclo cross,True,concrete plates,good
aa460e9e-5072-4184-b5d4-d40d99b4c733,64923646-c2b6-4c9b-a677-e5d5acf57f0e,949052f8-28d2-42fd-8be3-1ae4dafc745d,1635696436785,13.3897519,52.4736644,6.1702843,0.5276191,-0.08746076,-1.0503964,on bike mount,cyclo cross,True,concrete plates,good
aa460e9e-5072-4184-b5d4-d40d99b4c733,64923646-c2b6-4c9b-a677-e5d5acf57f0e,e518ef53-3024-4159-aca4-05a81f738775,1635696436836,13.3897519,52.4736644,6.1702843,-0.11727061,-0.64713955,-1.273179,on bike mount,cyclo cross,True,concrete plates,good
aa460e9e-5072-4184-b5d4-d40d99b4c733,64923646-c2b6-4c9b-a677-e5d5acf57f0e,96f8dff9-3411-4bf9-b93f-f2bbebc3057f,1635696436887,13.3897519,52.4736644,6.1702843,-1.8974521,-2.3591595,-2.6811118,on bike mount,cyclo cross,True,concrete plates,good
aa460e9e-5072-4184-b5d4-d40d99b4c733,64923646-c2b6-4c9b-a677-e5d5acf57f0e,2add87cd-3877-49c6-9ee7-339fed5aa207,1635696436952,13.3897519,52.4736644,6.1702843,0.43644688,0.4895091,-0.6226368,on bike mount,cyclo cross,True,concrete plates,good
aa460e9e-5072-4184-b5d4-d40d99b4c733,64923646-c2b6-4c9b-a677-e5d5acf57f0e,4d350667-b93a-4362-8730-492f99f0f565,1635696437001,13.3897519,52.4736644,6.1702843,0.5579028,1.1883454,0.64423656,on bike mount,cyclo cross,True,concrete plates,good
aa460e9e-5072-4184-b5d4-d40d99b4c733,64923646-c2b6-4c9b-a677-e5d5acf57f0e,ca8ac47d-5dc6-4bbc-ace3-916e935c741b,1635696437051,13.3897519,52.4736644,6.1702843,-0.13251796,-1.1243587,-0.028849602,on bike mount,cyclo cross,True,concrete plates,good
aa460e9e-5072-4184-b5d4-d40d99b4c733,64923646-c2b6-4c9b-a677-e5d5acf57f0e,14a2be66-5ead-4e56-975f-d8ec36a4a160,1635696437104,13.3897519,52.4736644,6.1702843,-2.5155072,2.4267445,-2.412561,on bike mount,cyclo cross,True,concrete plates,good
aa460e9e-5072-4184-b5d4-d40d99b4c733,64923646-c2b6-4c9b-a677-e5d5acf57f0e,f3a7e07e-a5bc-4756-a56d-00babbf1ecab,1635696437156,13.3897519,52.4736644,6.1702843,-0.8608568,2.7604132,0.35322285,on bike mount,cyclo cross,True,concrete plates,good
aa460e9e-5072-4184-b5d4-d40d99b4c733,64923646-c2b6-4c9b-a677-e5d5acf57f0e,f7db6766-b912-4059-8bcc-030f22f833f2,1635696437219,13.3897519,52.4736644,6.1702843,0.01772201,1.1925461,-3.30439,on bike mount,cyclo cross,True,concrete plates,good
aa460e9e-5072-4184-b5d4-d40d99b4c733,64923646-c2b6-4c9b-a677-e5d5acf57f0e,790fc09c-63a3-4c12-91f4-f5ebc65480e8,1635696437270,13.3897519,52.4736644,6.1702843,-1.4820659,5.0316143,-1.3053718,on bike mount,cyclo cross,True,concrete plates,good
aa460e9e-5072-4184-b5d4-d40d99b4c733,64923646-c2b6-4c9b-a677-e5d5acf57f0e,f8d37eed-1060-419b-aaef-1915f760a9bf,1635696437338,13.3897519,52.4736644,6.1702843,-0.4706968,-1.8195648,-4.404978,on bike mount,cyclo cross,True,concrete plates,good
aa460e9e-5072-4184-b5d4-d40d99b4c733,64923646-c2b6-4c9b-a677-e5d5acf57f0e,f8862793-349a-435f-84b3-72476260cdef,1635696437392,13.3897519,52.4736644,6.1702843,0.20739847,0.6262827,0.8666611,on bike mount,cyclo cross,True,concrete plates,good
aa460e9e-5072-4184-b5d4-d40d99b4c733,64923646-c2b6-4c9b-a677-e5d5acf57f0e,6708df47-09e7-4e41-bcc4-14aef96dc56f,1635696437456,13.3897519,52.4736644,6.1702843,-0.16415006,-0.1286428,-2.1332698,on bike mount,cyclo cross,True,concrete plates,good
aa460e9e-5072-4184-b5d4-d40d99b4c733,64923646-c2b6-4c9b-a677-e5d5acf57f0e,104ef03c-af42-491c-b54c-fcac6a54497e,1635696437505,13.3897519,52.4736644,6.1702843,-1.1773465,-0.45175958,1.4387083,on bike mount,cyclo cross,True,concrete plates,good
aa460e9e-5072-4184-b5d4-d40d99b4c733,64923646-c2b6-4c9b-a677-e5d5acf57f0e,ca161b48-fbfe-4517-ba3c-7fd5f2346bac,1635696437569,13.3897519,52.4736644,6.1702843,-1.5145534,3.365798,-2.1864052,on bike mount,cyclo cross,True,concrete plates,good
aa460e9e-5072-4184-b5d4-d40d99b4c733,64923646-c2b6-4c9b-a677-e5d5acf57f0e,0ef1f9d9-6be0-4d81-8d7b-3f828dcb5158,1635696437621,13.3897519,52.4736644,6.1702843,-1.76491,-0.769444,-0.6750164,on bike mount,cyclo cross,True,concrete plates,good
aa460e9e-5072-4184-b5d4-d40d99b4c733,64923646-c2b6-4c9b-a677-e5d5acf57f0e,867e1b74-5a8f-4437-9e6f-f6beb9cc5019,1635696437670,13.3897519,52.4736644,6.1702843,-1.2354708,0.8290725,3.2144384,on bike mount,cyclo cross,True,concrete plates,good
aa460e9e-5072-4184-b5d4-d40d99b4c733,64923646-c2b6-4c9b-a677-e5d5acf57f0e,b5f91a51-cc05-4be5-89db-36b2a1d2f8fb,1635696437723,13.3897489,52.4736095,5.973949,-0.8550142,1.5089121,-1.9878016,on bike mount,cyclo cross,True,concrete plates,good
aa460e9e-5072-4184-b5d4-d40d99b4c733,64923646-c2b6-4c9b-a677-e5d5acf57f0e,2e733524-f085-4213-9bdc-2872ebd0477d,1635696437786,13.3897489,52.4736095,5.973949,0.6373244,-0.12630463,2.1660528,on bike mount,cyclo cross,True,concrete plates,good
aa460e9e-5072-4184-b5d4-d40d99b4c733,64923646-c2b6-4c9b-a677-e5d5acf57f0e,62a71273-bf3c-422a-9615-247d94aaa8fa,1635696437838,13.3897489,52.4736095,5.973949,0.5918134,1.34268,-0.7220297,on bike mount,cyclo cross,True,concrete plates,good
aa460e9e-5072-4184-b5d4-d40d99b4c733,64923646-c2b6-4c9b-a677-e5d5acf57f0e,5d7fda6c-1483-4414-9dcc-d1479366f273,1635696437889,13.3897489,52.4736095,5.973949,0.34376618,-0.8420718,1.7291107,on bike mount,cyclo cross,True,concrete plates,good
aa460e9e-5072-4184-b5d4-d40d99b4c733,64923646-c2b6-4c9b-a677-e5d5acf57f0e,1e97d759-12ed-46e4-b463-bb907324c53b,1635696437956,13.3897489,52.4736095,5.973949,-0.2221222,-1.003232,1.1507807,on bike mount,cyclo cross,True,concrete plates,good
aa460e9e-5072-4184-b5d4-d40d99b4c733,64923646-c2b6-4c9b-a677-e5d5acf57f0e,bbc4970f-026e-4c3d-91e7-8068f697ac03,1635696438007,13.3897489,52.4736095,5.973949,-0.8965695,-1.4219308,-0.5995102,on bike mount,cyclo cross,True,concrete plates,good
aa460e9e-5072-4184-b5d4-d40d99b4c733,64923646-c2b6-4c9b-a677-e5d5acf57f0e,85eb070a-4e26-4684-998d-c0a8c01193a3,1635696438070,13.3897489,52.4736095,5.973949,1.0140963,-2.4729853,1.0782757,on bike mount,cyclo cross,True,concrete plates,good
aa460e9e-5072-4184-b5d4-d40d99b4c733,64923646-c2b6-4c9b-a677-e5d5acf57f0e,d88062c3-b4ef-47f7-b8ea-d3e2ee6503d4,1635696438122,13.3897489,52.4736095,5.973949,-1.2225549,-1.20995,-0.34660053,on bike mount,cyclo cross,True,concrete plates,good
aa460e9e-5072-4184-b5d4-d40d99b4c733,64923646-c2b6-4c9b-a677-e5d5acf57f0e,7c24d2f1-7bd4-4fb7-b93f-01104f68717f,1635696438173,13.3897489,52.4736095,5.973949,0.161825,-1.6685926,1.3957405,on bike mount,cyclo cross,True,concrete plates,good
aa460e9e-5072-4184-b5d4-d40d99b4c733,64923646-c2b6-4c9b-a677-e5d5acf57f0e,23aca47b-6e06-4e4a-9265-563f046312e5,1635696438223,13.3897489,52.4736095,5.973949,0.24466151,3.133943,-2.2633939,on bike mount,cyclo cross,True,concrete plates,good
aa460e9e-5072-4184-b5d4-d40d99b4c733,64923646-c2b6-4c9b-a677-e5d5acf57f0e,fd6ab918-03c5-4601-becd-90ffa1776283,1635696438275,13.3897489,52.4736095,5.973949,0.03053534,0.30067492,3.7574291,on bike mount,cyclo cross,True,concrete plates,good
aa460e9e-5072-4184-b5d4-d40d99b4c733,64923646-c2b6-4c9b-a677-e5d5acf57f0e,182a2fda-e8c7-42de-89a4-721a9b6bb84a,1635696438338,13.3897489,52.4736095,5.973949,-0.6904734,3.2915807,-0.5912323,on bike mount,cyclo cross,True,concrete plates,good
aa460e9e-5072-4184-b5d4-d40d99b4c733,64923646-c2b6-4c9b-a677-e5d5acf57f0e,9971fa8d-545e-4fff-a153-e41304f908e5,1635696438389,13.3897489,52.4736095,5.973949,-0.9012133,1.4062657,0.6838169,on bike mount,cyclo cross,True,concrete plates,good
aa460e9e-5072-4184-b5d4-d40d99b4c733,64923646-c2b6-4c9b-a677-e5d5acf57f0e,ee257526-549e-4c4b-b3c8-49214972e422,1635696438439,13.3897489,52.4736095,5.973949,-0.5940591,0.030362606,-0.12969303,on bike mount,cyclo cross,True,concrete plates,good
aa460e9e-5072-4184-b5d4-d40d99b4c733,64923646-c2b6-4c9b-a677-e5d5acf57f0e,2262255a-e2be-4235-b407-2d9868d9ca3b,1635696438490,13.3897489,52.4736095,5.973949,1.1575713,-0.80891514,-0.014698029,on bike mount,cyclo cross,True,concrete plates,good
aa460e9e-5072-4184-b5d4-d40d99b4c733,64923646-c2b6-4c9b-a677-e5d5acf57f0e,55a5cc16-b5ed-44a4-8b23-e4187877aa8e,1635696438540,13.3897489,52.4736095,5.973949,1.0114043,-2.36618,3.8340836,on bike mount,cyclo cross,True,concrete plates,good
aa460e9e-5072-4184-b5d4-d40d99b4c733,64923646-c2b6-4c9b-a677-e5d5acf57f0e,c60847bd-ba6e-432d-8c46-55b1901a9d23,1635696438607,13.3897489,52.4736095,5.973949,-0.23901919,-2.669399,1.0310946,on bike mount,cyclo cross,True,concrete plates,good
aa460e9e-5072-4184-b5d4-d40d99b4c733,64923646-c2b6-4c9b-a677-e5d5acf57f0e,29be249c-2ebb-48a7-934e-76f204c6745e,1635696438657,13.3897489,52.4736095,5.973949,0.87501454,-1.4136658,-1.0977397,on bike mount,cyclo cross,True,concrete plates,good
aa460e9e-5072-4184-b5d4-d40d99b4c733,64923646-c2b6-4c9b-a677-e5d5acf57f0e,3f1b1386-8e00-4d27-a1b9-79ddcf0afca9,1635696438709,13.3897533,52.4735557,6.2185984,-0.3597034,1.5533714,-0.24196148,on bike mount,cyclo cross,True,concrete plates,good
aa460e9e-5072-4184-b5d4-d40d99b4c733,64923646-c2b6-4c9b-a677-e5d5acf57f0e,61b28837-0e22-4466-99e3-389e5e4c9133,1635696438761,13.3897533,52.4735557,6.2185984,-0.22552684,-1.1552347,0.2328682,on bike mount,cyclo cross,True,concrete plates,good
aa460e9e-5072-4184-b5d4-d40d99b4c733,64923646-c2b6-4c9b-a677-e5d5acf57f0e,4e478d7f-29db-4492-8659-e0259019234b,1635696438823,13.3897533,52.4735557,6.2185984,0.5360366,0.6057501,1.4415865,on bike mount,cyclo cross,True,concrete plates,good
aa460e9e-5072-4184-b5d4-d40d99b4c733,64923646-c2b6-4c9b-a677-e5d5acf57f0e,f950f338-cf8c-475f-aa99-956414fc5b7d,1635696438874,13.3897533,52.4735557,6.2185984,0.25278124,-1.1283094,3.753356,on bike mount,cyclo cross,True,concrete plates,good
aa460e9e-5072-4184-b5d4-d40d99b4c733,64923646-c2b6-4c9b-a677-e5d5acf57f0e,ed9d06cd-fbc0-46b6-8698-7d51579929ed,1635696438925,13.3897533,52.4735557,6.2185984,0.3643772,-0.7183225,-0.44625282,on bike mount,cyclo cross,True,concrete plates,good
aa460e9e-5072-4184-b5d4-d40d99b4c733,64923646-c2b6-4c9b-a677-e5d5acf57f0e,2f41037b-c7f3-4f4f-aec0-b43198575945,1635696438976,13.3897533,52.4735557,6.2185984,0.5285082,0.1575892,-0.8736434,on bike mount,cyclo cross,True,concrete plates,good
aa460e9e-5072-4184-b5d4-d40d99b4c733,64923646-c2b6-4c9b-a677-e5d5acf57f0e,a230ea29-8dd9-4df9-b59d-0a8627dc6654,1635696439043,13.3897533,52.4735557,6.2185984,0.86320573,2.7146368,0.6285219,on bike mount,cyclo cross,True,concrete plates,good
aa460e9e-5072-4184-b5d4-d40d99b4c733,64923646-c2b6-4c9b-a677-e5d5acf57f0e,205d07c5-a0f2-4b1b-889f-2b943b83f830,1635696439107,13.3897533,52.4735557,6.2185984,-0.8275628,-2.83537,-2.5830765,on bike mount,cyclo cross,True,concrete plates,good
aa460e9e-5072-4184-b5d4-d40d99b4c733,64923646-c2b6-4c9b-a677-e5d5acf57f0e,6fc55a52-695c-4375-b557-64e5c698b070,1635696439157,13.3897533,52.4735557,6.2185984,0.093868494,-1.0044479,-3.9946213,on bike mount,cyclo cross,True,concrete plates,good
aa460e9e-5072-4184-b5d4-d40d99b4c733,64923646-c2b6-4c9b-a677-e5d5acf57f0e,dcf8d26e-1241-47f1-85d7-f8f97c9cf7fd,1635696439208,13.3897533,52.4735557,6.2185984,0.15671374,-0.98074293,2.7448206,on bike mount,cyclo cross,True,concrete plates,good
aa460e9e-5072-4184-b5d4-d40d99b4c733,64923646-c2b6-4c9b-a677-e5d5acf57f0e,e954543f-fba7-40eb-9076-8dcf5018d335,1635696439258,13.3897533,52.4735557,6.2185984,1.2257302,0.20409203,0.18203449,on bike mount,cyclo cross,True,concrete plates,good
aa460e9e-5072-4184-b5d4-d40d99b4c733,64923646-c2b6-4c9b-a677-e5d5acf57f0e,3f81ee0b-8cad-4fdb-be4c-f489eb101905,1635696439309,13.3897533,52.4735557,6.2185984,1.7047001,1.6423225,-1.1636147,on bike mount,cyclo cross,True,concrete plates,good
aa460e9e-5072-4184-b5d4-d40d99b4c733,64923646-c2b6-4c9b-a677-e5d5acf57f0e,31df5400-1ce0-439a-82f7-9be39c9a85a3,1635696439375,13.3897533,52.4735557,6.2185984,1.7738826,-1.5431038,0.8879862,on bike mount,cyclo cross,True,concrete plates,good
aa460e9e-5072-4184-b5d4-d40d99b4c733,64923646-c2b6-4c9b-a677-e5d5acf57f0e,fcb77a21-701a-4b19-a4a4-e5d4a555fb08,1635696439425,13.3897533,52.4735557,6.2185984,-0.88431174,0.86482453,0.566762,on bike mount,cyclo cross,True,concrete plates,good
aa460e9e-5072-4184-b5d4-d40d99b4c733,64923646-c2b6-4c9b-a677-e5d5acf57f0e,68392f2b-b347-4c70-915a-09bb3c00fc89,1635696439475,13.3897533,52.4735557,6.2185984,-0.3480192,2.885202,0.11153507,on bike mount,cyclo cross,True,concrete plates,good
aa460e9e-5072-4184-b5d4-d40d99b4c733,64923646-c2b6-4c9b-a677-e5d5acf57f0e,0c13fafb-47f2-4b15-b81b-0367797e3c31,1635696439527,13.3897533,52.4735557,6.2185984,-1.354053,-1.3208067,-0.34445286,on bike mount,cyclo cross,True,concrete plates,good
aa460e9e-5072-4184-b5d4-d40d99b4c733,64923646-c2b6-4c9b-a677-e5d5acf57f0e,34d7a286-e07c-48c5-b3ac-6296e7672f84,1635696439577,13.3897533,52.4735557,6.2185984,0.05011958,-0.79276633,0.63764477,on bike mount,cyclo cross,True,concrete plates,good
aa460e9e-5072-4184-b5d4-d40d99b4c733,64923646-c2b6-4c9b-a677-e5d5acf57f0e,cbf6a076-aeb2-4fe7-92e3-15946ef7bc81,1635696439630,13.3897533,52.4735557,6.2185984,-0.46979362,2.7376668,-0.11950016,on bike mount,cyclo cross,True,concrete plates,good
aa460e9e-5072-4184-b5d4-d40d99b4c733,64923646-c2b6-4c9b-a677-e5d5acf57f0e,cf20fa00-d326-4715-9a38-48ab19915e4d,1635696439693,13.3897533,52.4735557,6.2185984,0.6450596,-0.61126995,-0.046536446,on bike mount,cyclo cross,True,concrete plates,good
aa460e9e-5072-4184-b5d4-d40d99b4c733,64923646-c2b6-4c9b-a677-e5d5acf57f0e,f4b15eb0-6025-49a6-a70e-c795b0773632,1635696439743,13.3897651,52.4735001,6.2399592,0.10356456,0.47016573,-2.8166304,on bike mount,cyclo cross,True,concrete plates,good
aa460e9e-5072-4184-b5d4-d40d99b4c733,64923646-c2b6-4c9b-a677-e5d5acf57f0e,9d0965fb-e734-4d14-a707-6b30134a111e,1635696439793,13.3897651,52.4735001,6.2399592,0.16721591,-1.3693808,-1.5521336,on bike mount,cyclo cross,True,concrete plates,good
aa460e9e-5072-4184-b5d4-d40d99b4c733,64923646-c2b6-4c9b-a677-e5d5acf57f0e,3f0865ef-b536-40bf-83de-21cab01af96e,1635696439846,13.3897651,52.4735001,6.2399592,0.35884178,-1.8822212,0.2874298,on bike mount,cyclo cross,True,concrete plates,good
aa460e9e-5072-4184-b5d4-d40d99b4c733,64923646-c2b6-4c9b-a677-e5d5acf57f0e,10a72785-16e6-4334-86d7-9a2bb0c13a08,1635696439909,13.3897651,52.4735001,6.2399592,0.6390531,2.23029,0.16615391,on bike mount,cyclo cross,True,concrete plates,good
aa460e9e-5072-4184-b5d4-d40d99b4c733,64923646-c2b6-4c9b-a677-e5d5acf57f0e,96995d63-1a5b-4017-bfb7-4c71d3d03f18,1635696439960,13.3897651,52.4735001,6.2399592,0.18352154,-0.7212732,0.600482,on bike mount,cyclo cross,True,concrete plates,good
aa460e9e-5072-4184-b5d4-d40d99b4c733,64923646-c2b6-4c9b-a677-e5d5acf57f0e,14000978-fb74-4689-8d4a-5af9df1bdd44,1635696440013,13.3897651,52.4735001,6.2399592,0.22722584,0.27615643,2.2256508,on bike mount,cyclo cross,True,concrete plates,good
aa460e9e-5072-4184-b5d4-d40d99b4c733,64923646-c2b6-4c9b-a677-e5d5acf57f0e,cfd3c460-9021-4b1b-ac3c-2cb5e27a7c11,1635696440075,13.3897651,52.4735001,6.2399592,0.19025698,-1.3242308,-0.12458038,on bike mount,cyclo cross,True,concrete plates,good
aa460e9e-5072-4184-b5d4-d40d99b4c733,64923646-c2b6-4c9b-a677-e5d5acf57f0e,4e00ae6c-9961-49f3-97b8-815fd3123379,1635696440125,13.3897651,52.4735001,6.2399592,-0.10628236,-2.122984,0.55453014,on bike mount,cyclo cross,True,concrete plates,good
aa460e9e-5072-4184-b5d4-d40d99b4c733,64923646-c2b6-4c9b-a677-e5d5acf57f0e,450dac5e-f2c6-4ecb-866d-e952812f958c,1635696440177,13.3897651,52.4735001,6.2399592,-0.21353523,-1.3650066,-1.3941679,on bike mount,cyclo cross,True,concrete plates,good
aa460e9e-5072-4184-b5d4-d40d99b4c733,64923646-c2b6-4c9b-a677-e5d5acf57f0e,2e6177a9-ab7d-4b4a-8fc6-29992ed2c2c0,1635696440227,13.3897651,52.4735001,6.2399592,0.49485493,-1.6822816,-4.6580567,on bike mount,cyclo cross,True,concrete plates,good
aa460e9e-5072-4184-b5d4-d40d99b4c733,64923646-c2b6-4c9b-a677-e5d5acf57f0e,b33daac6-f917-4f17-a2ef-784be17dd344,1635696440277,13.3897651,52.4735001,6.2399592,-0.91627985,-0.42568326,-0.5839367,on bike mount,cyclo cross,True,concrete plates,good
aa460e9e-5072-4184-b5d4-d40d99b4c733,64923646-c2b6-4c9b-a677-e5d5acf57f0e,977d86df-4ce3-4065-99af-570c83aa49fb,1635696440328,13.3897651,52.4735001,6.2399592,0.90758246,-1.2834069,0.498044,on bike mount,cyclo cross,True,concrete plates,good
aa460e9e-5072-4184-b5d4-d40d99b4c733,64923646-c2b6-4c9b-a677-e5d5acf57f0e,2d1a1499-882d-464b-8133-ad85b0d9a95f,1635696440378,13.3897651,52.4735001,6.2399592,0.118759304,2.1259613,0.57110023,on bike mount,cyclo cross,True,concrete plates,good
aa460e9e-5072-4184-b5d4-d40d99b4c733,64923646-c2b6-4c9b-a677-e5d5acf57f0e,b613e484-e807-41a0-bbd0-039717c428c0,1635696440430,13.3897651,52.4735001,6.2399592,-0.029206336,2.6628861,-1.9517245,on bike mount,cyclo cross,True,concrete plates,good
aa460e9e-5072-4184-b5d4-d40d99b4c733,64923646-c2b6-4c9b-a677-e5d5acf57f0e,5e1fcbcb-eb89-4fa5-9538-28ee0639c568,1635696440481,13.3897651,52.4735001,6.2399592,-1.13938,0.66323733,-0.6485729,on bike mount,cyclo cross,True,concrete plates,good
aa460e9e-5072-4184-b5d4-d40d99b4c733,64923646-c2b6-4c9b-a677-e5d5acf57f0e,4cc5c572-3737-411b-a640-cf9d09435b2a,1635696440544,13.3897651,52.4735001,6.2399592,-0.5158739,0.94630456,-1.6926522,on bike mount,cyclo cross,True,concrete plates,good
aa460e9e-5072-4184-b5d4-d40d99b4c733,64923646-c2b6-4c9b-a677-e5d5acf57f0e,8e6a5770-a9b1-4128-b7d7-b766eeeb0770,1635696440595,13.3897651,52.4735001,6.2399592,-0.8511748,1.9479713,-1.3480992,on bike mount,cyclo cross,True,concrete plates,good
aa460e9e-5072-4184-b5d4-d40d99b4c733,64923646-c2b6-4c9b-a677-e5d5acf57f0e,177052e8-49ca-43bb-95e2-1f6d5a3d15d4,1635696440645,13.3897651,52.4735001,6.2399592,-0.6204636,-0.09244299,0.026369095,on bike mount,cyclo cross,True,concrete plates,good
aa460e9e-5072-4184-b5d4-d40d99b4c733,64923646-c2b6-4c9b-a677-e5d5acf57f0e,1db154eb-a095-4be6-bd85-d37ae95c6fcd,1635696440701,13.3897735,52.4734449,6.3172793,-1.2447941,-1.1701041,-2.4754114,on bike mount,cyclo cross,True,concrete plates,good
aa460e9e-5072-4184-b5d4-d40d99b4c733,64923646-c2b6-4c9b-a677-e5d5acf57f0e,6aafa659-3edf-4656-93e0-ff937587b283,1635696440761,13.3897735,52.4734449,6.3172793,0.149198,1.4407969,-3.2604036,on bike mount,cyclo cross,True,concrete plates,good
aa460e9e-5072-4184-b5d4-d40d99b4c733,64923646-c2b6-4c9b-a677-e5d5acf57f0e,17a9571c-c017-4a92-b212-481324e540c5,1635696440814,13.3897735,52.4734449,6.3172793,-2.5621028,0.30552316,-0.44548416,on bike mount,cyclo cross,True,concrete plates,good
aa460e9e-5072-4184-b5d4-d40d99b4c733,64923646-c2b6-4c9b-a677-e5d5acf57f0e,a776246c-820b-4280-add7-6ad5fe236c73,1635696440866,13.3897735,52.4734449,6.3172793,-1.6630635,2.808384,-1.6150131,on bike mount,cyclo cross,True,concrete plates,good
aa460e9e-5072-4184-b5d4-d40d99b4c733,64923646-c2b6-4c9b-a677-e5d5acf57f0e,7151cb32-d51e-4e64-bedd-14144c532576,1635696440929,13.3897735,52.4734449,6.3172793,0.8213901,0.44855,1.9705029,on bike mount,cyclo cross,True,concrete plates,good
aa460e9e-5072-4184-b5d4-d40d99b4c733,64923646-c2b6-4c9b-a677-e5d5acf57f0e,2016dc77-e4c5-4b8c-be07-d71b46a81490,1635696440997,13.3897735,52.4734449,6.3172793,-0.51970303,1.3577561,-3.69734,on bike mount,cyclo cross,True,concrete plates,good
aa460e9e-5072-4184-b5d4-d40d99b4c733,64923646-c2b6-4c9b-a677-e5d5acf57f0e,4cff6495-4787-4050-822e-8be3658f84b3,1635696441061,13.3897735,52.4734449,6.3172793,0.71536654,1.414484,-1.858048,on bike mount,cyclo cross,True,concrete plates,good
aa460e9e-5072-4184-b5d4-d40d99b4c733,64923646-c2b6-4c9b-a677-e5d5acf57f0e,fdd746d9-b77a-487e-b350-ce512cc03f1e,1635696441112,13.3897735,52.4734449,6.3172793,0.47983742,2.9946647,-3.5167956,on bike mount,cyclo cross,True,concrete plates,good
aa460e9e-5072-4184-b5d4-d40d99b4c733,64923646-c2b6-4c9b-a677-e5d5acf57f0e,b9ee1437-cc1d-4fc5-a37f-40c79716dfb3,1635696441163,13.3897735,52.4734449,6.3172793,0.21477683,0.4229405,-0.49691486,on bike mount,cyclo cross,True,concrete plates,good
aa460e9e-5072-4184-b5d4-d40d99b4c733,64923646-c2b6-4c9b-a677-e5d5acf57f0e,3e631362-ad90-4af1-8aed-e8a3e4311588,1635696441214,13.3897735,52.4734449,6.3172793,0.16785009,-3.4821916,1.3740234,on bike mount,cyclo cross,True,concrete plates,good
aa460e9e-5072-4184-b5d4-d40d99b4c733,64923646-c2b6-4c9b-a677-e5d5acf57f0e,68b8e519-6337-48cd-8d60-65287f59078f,1635696441265,13.3897735,52.4734449,6.3172793,-0.2809953,-1.9963646,-3.8441467,on bike mount,cyclo cross,True,concrete plates,good
aa460e9e-5072-4184-b5d4-d40d99b4c733,64923646-c2b6-4c9b-a677-e5d5acf57f0e,d02fac4c-766a-476a-808c-9bf9baed1561,1635696441331,13.3897735,52.4734449,6.3172793,1.5426884,-1.3820791,-2.5618048,on bike mount,cyclo cross,True,concrete plates,good
aa460e9e-5072-4184-b5d4-d40d99b4c733,64923646-c2b6-4c9b-a677-e5d5acf57f0e,ac2aa8d8-45b2-42fb-ae8c-60786182fdde,1635696441381,13.3897735,52.4734449,6.3172793,1.4520893,3.930728,3.3335133,on bike mount,cyclo cross,True,concrete plates,good
aa460e9e-5072-4184-b5d4-d40d99b4c733,64923646-c2b6-4c9b-a677-e5d5acf57f0e,11b09ae1-d237-4dc0-8e13-24740a6e0bbd,1635696441433,13.3897735,52.4734449,6.3172793,-1.1331156,1.1562505,4.377638,on bike mount,cyclo cross,True,concrete plates,good
aa460e9e-5072-4184-b5d4-d40d99b4c733,64923646-c2b6-4c9b-a677-e5d5acf57f0e,63143f9c-7133-44e0-a6d7-ab3897904249,1635696441499,13.3897735,52.4734449,6.3172793,-0.9611913,-1.997599,-0.31325626,on bike mount,cyclo cross,True,concrete plates,good
aa460e9e-5072-4184-b5d4-d40d99b4c733,64923646-c2b6-4c9b-a677-e5d5acf57f0e,9623ac30-be72-49cc-bac2-5e66ed3425dd,1635696441549,13.3897735,52.4734449,6.3172793,-1.3027518,-0.89482856,-2.9990954,on bike mount,cyclo cross,True,concrete plates,good
aa460e9e-5072-4184-b5d4-d40d99b4c733,64923646-c2b6-4c9b-a677-e5d5acf57f0e,290fb572-b11c-4c9f-93a4-f7e0e339d36f,1635696441615,13.3897735,52.4734449,6.3172793,0.035996318,1.2226396,-0.979815,on bike mount,cyclo cross,True,concrete plates,good
aa460e9e-5072-4184-b5d4-d40d99b4c733,64923646-c2b6-4c9b-a677-e5d5acf57f0e,a4e6b3c1-8e0d-4632-931d-b38830d90378,1635696441680,13.3897735,52.4734449,6.3172793,-0.5491868,0.89022183,0.03182316,on bike mount,cyclo cross,True,concrete plates,good
aa460e9e-5072-4184-b5d4-d40d99b4c733,64923646-c2b6-4c9b-a677-e5d5acf57f0e,e63f586d-f38a-49b9-be6a-058a2695e410,1635696441732,13.3897849,52.4733869,6.429144,-0.5263185,0.3185804,-10.810158,on bike mount,cyclo cross,True,concrete plates,good
aa460e9e-5072-4184-b5d4-d40d99b4c733,64923646-c2b6-4c9b-a677-e5d5acf57f0e,3d3bbcdf-82dc-4485-94f0-a54071a6993f,1635696441782,13.3897849,52.4733869,6.429144,-0.053984135,3.540163,-4.6477795,on bike mount,cyclo cross,True,concrete plates,good
aa460e9e-5072-4184-b5d4-d40d99b4c733,64923646-c2b6-4c9b-a677-e5d5acf57f0e,3d99bf61-3705-4055-b7da-8a1c9f12c98f,1635696441833,13.3897849,52.4733869,6.429144,-2.2819712,-0.46841502,2.78868,on bike mount,cyclo cross,True,concrete plates,good
aa460e9e-5072-4184-b5d4-d40d99b4c733,64923646-c2b6-4c9b-a677-e5d5acf57f0e,847be8d6-2134-485e-b460-b6348895ec8c,1635696441899,13.3897849,52.4733869,6.429144,-0.8066031,-3.9695888,-0.0074720383,on bike mount,cyclo cross,True,concrete plates,good
aa460e9e-5072-4184-b5d4-d40d99b4c733,64923646-c2b6-4c9b-a677-e5d5acf57f0e,74600a40-a8d8-483e-a60f-67ea518621f1,1635696441965,13.3897849,52.4733869,6.429144,-0.9876502,-0.7668474,3.3898106,on bike mount,cyclo cross,True,concrete plates,good
aa460e9e-5072-4184-b5d4-d40d99b4c733,64923646-c2b6-4c9b-a677-e5d5acf57f0e,65789cd9-8414-4039-9652-b7c49d640e80,1635696442014,13.3897849,52.4733869,6.429144,-2.1573925,-0.28211117,-0.23557568,on bike mount,cyclo cross,True,concrete plates,good
aa460e9e-5072-4184-b5d4-d40d99b4c733,64923646-c2b6-4c9b-a677-e5d5acf57f0e,d62b4425-c9c9-4b33-a765-7f92c09ce44a,1635696442065,13.3897849,52.4733869,6.429144,1.1284345,-1.2169762,0.22884178,on bike mount,cyclo cross,True,concrete plates,good
aa460e9e-5072-4184-b5d4-d40d99b4c733,64923646-c2b6-4c9b-a677-e5d5acf57f0e,f75701cd-efca-463d-ac31-a6887768ed29,1635696442115,13.3897849,52.4733869,6.429144,-0.29924113,-1.8579725,0.37779522,on bike mount,cyclo cross,True,concrete plates,good
aa460e9e-5072-4184-b5d4-d40d99b4c733,64923646-c2b6-4c9b-a677-e5d5acf57f0e,dc4d0ff5-8520-4ee5-a117-cedddd42f75b,1635696442167,13.3897849,52.4733869,6.429144,-0.9952314,1.2325869,-1.8536777,on bike mount,cyclo cross,True,concrete plates,good
aa460e9e-5072-4184-b5d4-d40d99b4c733,64923646-c2b6-4c9b-a677-e5d5acf57f0e,c58ff7cb-af3e-410b-a91b-f4399705baeb,1635696442232,13.3897849,52.4733869,6.429144,-0.15501232,0.056025982,0.37395954,on bike mount,cyclo cross,True,concrete plates,good
aa460e9e-5072-4184-b5d4-d40d99b4c733,64923646-c2b6-4c9b-a677-e5d5acf57f0e,76a815eb-34c0-4e7f-af79-3a1de5dfba55,1635696442283,13.3897849,52.4733869,6.429144,1.1501355,-0.6736176,-0.5690479,on bike mount,cyclo cross,True,concrete plates,good
aa460e9e-5072-4184-b5d4-d40d99b4c733,64923646-c2b6-4c9b-a677-e5d5acf57f0e,2cebaac1-95e5-4741-9642-5684355dc087,1635696442335,13.3897849,52.4733869,6.429144,-0.087981224,2.6355,0.7880955,on bike mount,cyclo cross,True,concrete plates,good
aa460e9e-5072-4184-b5d4-d40d99b4c733,64923646-c2b6-4c9b-a677-e5d5acf57f0e,9b557430-0407-46d8-9589-0ac227ccae70,1635696442399,13.3897849,52.4733869,6.429144,-0.028230846,-1.9848378,2.0832214,on bike mount,cyclo cross,True,concrete plates,good
aa460e9e-5072-4184-b5d4-d40d99b4c733,64923646-c2b6-4c9b-a677-e5d5acf57f0e,8c00f855-c0f7-4b63-87fd-d638e9854ce4,1635696442448,13.3897849,52.4733869,6.429144,0.35771877,0.8419583,-0.42194653,on bike mount,cyclo cross,True,concrete plates,good
aa460e9e-5072-4184-b5d4-d40d99b4c733,64923646-c2b6-4c9b-a677-e5d5acf57f0e,471f74c6-15b3-406e-a34c-ff60fed2bbfa,1635696442499,13.3897849,52.4733869,6.429144,-0.22975932,-1.8838978,1.7447977,on bike mount,cyclo cross,True,concrete plates,good
aa460e9e-5072-4184-b5d4-d40d99b4c733,64923646-c2b6-4c9b-a677-e5d5acf57f0e,7b283a39-a0bf-40d3-beac-5a1da4fe11a2,1635696442548,13.3897849,52.4733869,6.429144,-0.68734723,-1.1697421,1.2907581,on bike mount,cyclo cross,True,concrete plates,good
aa460e9e-5072-4184-b5d4-d40d99b4c733,64923646-c2b6-4c9b-a677-e5d5acf57f0e,fbe83b17-1b1f-453f-89e9-346f362e8b81,1635696442598,13.3897849,52.4733869,6.429144,-0.59811103,-0.8826679,-2.1479368,on bike mount,cyclo cross,True,concrete plates,good
aa460e9e-5072-4184-b5d4-d40d99b4c733,64923646-c2b6-4c9b-a677-e5d5acf57f0e,4453e522-70f3-417c-90cf-b810dfe3f411,1635696442654,13.3897849,52.4733869,6.429144,-1.3603854,0.18402219,-3.220047,on bike mount,cyclo cross,True,concrete plates,good
aa460e9e-5072-4184-b5d4-d40d99b4c733,64923646-c2b6-4c9b-a677-e5d5acf57f0e,8d616e70-081a-47de-8c80-7a1689d0c50d,1635696442717,13.3898024,52.473331,6.112619,0.08048481,-0.2809081,-0.43634796,on bike mount,cyclo cross,True,concrete plates,good
aa460e9e-5072-4184-b5d4-d40d99b4c733,64923646-c2b6-4c9b-a677-e5d5acf57f0e,2b40b73f-d2ed-4866-9173-aa5a725a60b8,1635696442769,13.3898024,52.473331,6.112619,0.5108837,1.515584,-0.6178112,on bike mount,cyclo cross,True,concrete plates,good
aa460e9e-5072-4184-b5d4-d40d99b4c733,64923646-c2b6-4c9b-a677-e5d5acf57f0e,fb539bc6-10da-4ed8-9d3f-d1131bf364bd,1635696442832,13.3898024,52.473331,6.112619,-1.0671113,-2.6680126,-0.70513535,on bike mount,cyclo cross,True,concrete plates,good
aa460e9e-5072-4184-b5d4-d40d99b4c733,64923646-c2b6-4c9b-a677-e5d5acf57f0e,dc62a76a-f53e-4fce-b1da-b1739761b376,1635696442883,13.3898024,52.473331,6.112619,0.65034544,2.1982727,2.283143,on bike mount,cyclo cross,True,concrete plates,good
aa460e9e-5072-4184-b5d4-d40d99b4c733,64923646-c2b6-4c9b-a677-e5d5acf57f0e,bb4d3de8-eeb6-407e-b252-0b68dad32cc7,1635696442934,13.3898024,52.473331,6.112619,-0.7330502,-0.8220215,1.6946478,on bike mount,cyclo cross,True,concrete plates,good
aa460e9e-5072-4184-b5d4-d40d99b4c733,64923646-c2b6-4c9b-a677-e5d5acf57f0e,8a15ed8c-1986-43bc-886a-a00d61c00066,1635696442986,13.3898024,52.473331,6.112619,-0.94595075,2.174384,-0.05205536,on bike mount,cyclo cross,True,concrete plates,good
aa460e9e-5072-4184-b5d4-d40d99b4c733,64923646-c2b6-4c9b-a677-e5d5acf57f0e,4e53bd25-e9de-4f38-ad5f-431bc377e468,1635696443052,13.3898024,52.473331,6.112619,-0.8918015,1.6207027,-1.311585,on bike mount,cyclo cross,True,concrete plates,good
aa460e9e-5072-4184-b5d4-d40d99b4c733,64923646-c2b6-4c9b-a677-e5d5acf57f0e,8292eac8-c43f-4825-9560-3642eea222c6,1635696443104,13.3898024,52.473331,6.112619,0.6981438,-0.024495363,-0.23997307,on bike mount,cyclo cross,True,concrete plates,good
aa460e9e-5072-4184-b5d4-d40d99b4c733,64923646-c2b6-4c9b-a677-e5d5acf57f0e,a6015c4c-9e67-420d-812e-3e7e2caf2f9d,1635696443166,13.3898024,52.473331,6.112619,0.07880528,1.1420808,-0.06224346,on bike mount,cyclo cross,True,concrete plates,good
aa460e9e-5072-4184-b5d4-d40d99b4c733,64923646-c2b6-4c9b-a677-e5d5acf57f0e,790dda92-28fc-4870-87af-14687c57da37,1635696443219,13.3898024,52.473331,6.112619,-0.035949692,0.005101204,0.83907604,on bike mount,cyclo cross,True,concrete plates,good
aa460e9e-5072-4184-b5d4-d40d99b4c733,64923646-c2b6-4c9b-a677-e5d5acf57f0e,e9671965-492b-4cc6-aad8-101fe587f5d9,1635696443285,13.3898024,52.473331,6.112619,1.245784,1.591999,-1.0635653,on bike mount,cyclo cross,True,concrete plates,good
aa460e9e-5072-4184-b5d4-d40d99b4c733,64923646-c2b6-4c9b-a677-e5d5acf57f0e,b8be3875-24d5-4a78-9a54-178bb8ff182c,1635696443336,13.3898024,52.473331,6.112619,0.06784293,0.47975206,0.9127798,on bike mount,cyclo cross,True,concrete plates,good
aa460e9e-5072-4184-b5d4-d40d99b4c733,64923646-c2b6-4c9b-a677-e5d5acf57f0e,8896a466-a7a6-4055-a5d4-23a472e40703,1635696443389,13.3898024,52.473331,6.112619,-0.44587392,2.4524078,-1.9722457,on bike mount,cyclo cross,True,concrete plates,good
aa460e9e-5072-4184-b5d4-d40d99b4c733,64923646-c2b6-4c9b-a677-e5d5acf57f0e,e0b8ebec-bd15-4d00-aac4-471f379e42ca,1635696443451,13.3898024,52.473331,6.112619,1.0366967,-4.750474,2.397543,on bike mount,cyclo cross,True,concrete plates,good
aa460e9e-5072-4184-b5d4-d40d99b4c733,64923646-c2b6-4c9b-a677-e5d5acf57f0e,d050192f-f7d4-4262-aed4-1d9041017f7d,1635696443501,13.3898024,52.473331,6.112619,0.57233655,-1.3657662,1.0761337,on bike mount,cyclo cross,True,concrete plates,good
aa460e9e-5072-4184-b5d4-d40d99b4c733,64923646-c2b6-4c9b-a677-e5d5acf57f0e,e4c1a6e8-80bc-41c9-a0a5-b42be0d361d6,1635696443552,13.3898024,52.473331,6.112619,0.09610614,-0.2854643,-0.7986765,on bike mount,cyclo cross,True,concrete plates,good
aa460e9e-5072-4184-b5d4-d40d99b4c733,64923646-c2b6-4c9b-a677-e5d5acf57f0e,99aabc08-2fff-4db3-a41c-9c7350d414cb,1635696443602,13.3898024,52.473331,6.112619,-0.20211454,-1.019608,3.6760778,on bike mount,cyclo cross,True,concrete plates,good
aa460e9e-5072-4184-b5d4-d40d99b4c733,64923646-c2b6-4c9b-a677-e5d5acf57f0e,544a7392-dd8e-42f6-9e08-a9cc92d7471b,1635696443652,13.3898024,52.473331,6.112619,-0.7149582,-1.3071915,1.7675877,on bike mount,cyclo cross,True,concrete plates,good
aa460e9e-5072-4184-b5d4-d40d99b4c733,64923646-c2b6-4c9b-a677-e5d5acf57f0e,a6756cab-a78b-4188-9c24-9c6c56620203,1635696443702,13.3898272,52.4732763,6.329693,0.45680583,-2.7816303,1.5806255,on bike mount,cyclo cross,True,concrete plates,good
aa460e9e-5072-4184-b5d4-d40d99b4c733,64923646-c2b6-4c9b-a677-e5d5acf57f0e,11826e92-5a6c-4a68-ba02-391b7f12cb97,1635696443769,13.3898272,52.4732763,6.329693,-0.6958522,-0.18798447,-0.043582916,on bike mount,cyclo cross,True,concrete plates,good
aa460e9e-5072-4184-b5d4-d40d99b4c733,64923646-c2b6-4c9b-a677-e5d5acf57f0e,05f7b9de-44d6-4bf0-ad38-ba81bfeabd56,1635696443819,13.3898272,52.4732763,6.329693,0.31687966,-3.0005884,5.653165,on bike mount,cyclo cross,True,concrete plates,good
aa460e9e-5072-4184-b5d4-d40d99b4c733,64923646-c2b6-4c9b-a677-e5d5acf57f0e,1388ef44-190a-4f81-aa97-e483c45c5743,1635696443872,13.3898272,52.4732763,6.329693,-2.727806,4.189676,-2.8216982,on bike mount,cyclo cross,True,concrete plates,good
aa460e9e-5072-4184-b5d4-d40d99b4c733,64923646-c2b6-4c9b-a677-e5d5acf57f0e,54814eb7-1ee2-467a-bab0-c0262c4d8f3b,1635696443938,13.3898272,52.4732763,6.329693,-0.0017119646,0.6259515,-1.8746414,on bike mount,cyclo cross,True,concrete plates,good
aa460e9e-5072-4184-b5d4-d40d99b4c733,64923646-c2b6-4c9b-a677-e5d5acf57f0e,392f4c2e-bfc8-4b28-a503-b8e3487aad9b,1635696444002,13.3898272,52.4732763,6.329693,0.8178046,-0.12767243,0.50433254,on bike mount,cyclo cross,True,concrete plates,good
aa460e9e-5072-4184-b5d4-d40d99b4c733,64923646-c2b6-4c9b-a677-e5d5acf57f0e,10587115-3f30-41b7-a78b-735ec59298f2,1635696444056,13.3898272,52.4732763,6.329693,-1.4776193,1.4936256,-4.4667706,on bike mount,cyclo cross,True,concrete plates,good
aa460e9e-5072-4184-b5d4-d40d99b4c733,64923646-c2b6-4c9b-a677-e5d5acf57f0e,b921169f-56d0-4f57-a6da-633b8354c1f1,1635696444107,13.3898272,52.4732763,6.329693,0.2930615,-0.9778094,-0.75454617,on bike mount,cyclo cross,True,concrete plates,good
aa460e9e-5072-4184-b5d4-d40d99b4c733,64923646-c2b6-4c9b-a677-e5d5acf57f0e,12158860-761e-4d54-b23a-557ec8aa20cf,1635696444170,13.3898272,52.4732763,6.329693,-0.12817124,-1.7108734,0.8111305,on bike mount,cyclo cross,True,concrete plates,good
aa460e9e-5072-4184-b5d4-d40d99b4c733,64923646-c2b6-4c9b-a677-e5d5acf57f0e,77a251c5-1676-4d4b-a0b8-0787e2d4efdd,1635696444221,13.3898272,52.4732763,6.329693,1.1607834,0.5533397,-1.7602086,on bike mount,cyclo cross,True,concrete plates,good
aa460e9e-5072-4184-b5d4-d40d99b4c733,64923646-c2b6-4c9b-a677-e5d5acf57f0e,4671b953-8996-4941-a257-bc9a9fa81b62,1635696444288,13.3898272,52.4732763,6.329693,0.9776721,1.0785522,0.030287743,on bike mount,cyclo cross,True,concrete plates,good
aa460e9e-5072-4184-b5d4-d40d99b4c733,64923646-c2b6-4c9b-a677-e5d5acf57f0e,9fa889b2-9578-4527-89b2-415a5fbc2d8f,1635696444337,13.3898272,52.4732763,6.329693,0.039132178,0.18240547,1.1196823,on bike mount,cyclo cross,True,concrete plates,good
aa460e9e-5072-4184-b5d4-d40d99b4c733,64923646-c2b6-4c9b-a677-e5d5acf57f0e,06d41c30-7179-44a1-b0b4-d7c6692b4ce1,1635696444389,13.3898272,52.4732763,6.329693,-0.6039535,2.1758385,1.8813257,on bike mount,cyclo cross,True,concrete plates,good
aa460e9e-5072-4184-b5d4-d40d99b4c733,64923646-c2b6-4c9b-a677-e5d5acf57f0e,2c5a1ffc-8777-4cd9-ab80-0f2275198413,1635696444439,13.3898272,52.4732763,6.329693,1.3441784,-1.1428607,-2.4569998,on bike mount,cyclo cross,True,concrete plates,good
aa460e9e-5072-4184-b5d4-d40d99b4c733,64923646-c2b6-4c9b-a677-e5d5acf57f0e,e7fbc16d-b12e-46f4-8c8c-06bf6c169c41,1635696444503,13.3898272,52.4732763,6.329693,-0.43706217,-1.1537054,-0.02910328,on bike mount,cyclo cross,True,concrete plates,good
aa460e9e-5072-4184-b5d4-d40d99b4c733,64923646-c2b6-4c9b-a677-e5d5acf57f0e,0af03b94-f16f-4517-9680-589a04ca0714,1635696444558,13.3898272,52.4732763,6.329693,-0.09059018,1.0667048,0.26798153,on bike mount,cyclo cross,True,concrete plates,good
aa460e9e-5072-4184-b5d4-d40d99b4c733,64923646-c2b6-4c9b-a677-e5d5acf57f0e,421a0f7c-a7b2-451a-88b8-b4444e67412e,1635696444621,13.3898272,52.4732763,6.329693,0.5282667,-2.0498724,-0.2967682,on bike mount,cyclo cross,True,concrete plates,good
aa460e9e-5072-4184-b5d4-d40d99b4c733,64923646-c2b6-4c9b-a677-e5d5acf57f0e,22310e43-474b-4dcf-a336-4cb1edb5779b,1635696444672,13.3898272,52.4732763,6.329693,0.54351777,-0.9786718,-0.03653431,on bike mount,cyclo cross,True,concrete plates,good
aa460e9e-5072-4184-b5d4-d40d99b4c733,64923646-c2b6-4c9b-a677-e5d5acf57f0e,b1a30614-f464-4253-a5cd-55c2319a8ece,1635696444738,13.3898525,52.4732216,6.240026,-0.7334806,0.21469784,1.951704,on bike mount,cyclo cross,True,concrete plates,good
aa460e9e-5072-4184-b5d4-d40d99b4c733,64923646-c2b6-4c9b-a677-e5d5acf57f0e,f2995077-4ceb-461b-85b5-6159be129db5,1635696444789,13.3898525,52.4732216,6.240026,0.46265256,1.2802038,-1.1813703,on bike mount,cyclo cross,True,concrete plates,good
aa460e9e-5072-4184-b5d4-d40d99b4c733,64923646-c2b6-4c9b-a677-e5d5acf57f0e,cd1d3120-fa81-4023-beb2-2d48f9fd90b1,1635696444839,13.3898525,52.4732216,6.240026,0.25025013,-1.2251296,-2.0250483,on bike mount,cyclo cross,True,concrete plates,good
aa460e9e-5072-4184-b5d4-d40d99b4c733,64923646-c2b6-4c9b-a677-e5d5acf57f0e,6ee3d650-1ea0-4caa-9c57-dbfaa7c7a23a,1635696444889,13.3898525,52.4732216,6.240026,0.134188,-2.6442456,-0.19765472,on bike mount,cyclo cross,True,concrete plates,good
aa460e9e-5072-4184-b5d4-d40d99b4c733,64923646-c2b6-4c9b-a677-e5d5acf57f0e,fb08cd24-9455-41a5-8d7b-a9d64b0343d2,1635696444940,13.3898525,52.4732216,6.240026,-0.5987076,0.8570962,-2.2012773,on bike mount,cyclo cross,True,concrete plates,good
aa460e9e-5072-4184-b5d4-d40d99b4c733,64923646-c2b6-4c9b-a677-e5d5acf57f0e,474ec4b2-43cc-406e-be37-566e207a5a1a,1635696444991,13.3898525,52.4732216,6.240026,0.08930361,1.3273482,-0.71884537,on bike mount,cyclo cross,True,concrete plates,good
aa460e9e-5072-4184-b5d4-d40d99b4c733,64923646-c2b6-4c9b-a677-e5d5acf57f0e,f99332e9-048f-47de-9b4d-39650efd1e9b,1635696445057,13.3898525,52.4732216,6.240026,0.60491985,0.15113354,1.0622864,on bike mount,cyclo cross,True,concrete plates,good
aa460e9e-5072-4184-b5d4-d40d99b4c733,64923646-c2b6-4c9b-a677-e5d5acf57f0e,526f5ac7-270a-4d14-8e93-b38ca75a17f1,1635696445121,13.3898525,52.4732216,6.240026,0.22620517,-0.33749962,-0.7969618,on bike mount,cyclo cross,True,concrete plates,good
aa460e9e-5072-4184-b5d4-d40d99b4c733,64923646-c2b6-4c9b-a677-e5d5acf57f0e,288a9eaa-af4e-43d2-be07-c571f23bc7d9,1635696445172,13.3898525,52.4732216,6.240026,-0.315125,0.014795303,1.3665524,on bike mount,cyclo cross,True,concrete plates,good
aa460e9e-5072-4184-b5d4-d40d99b4c733,64923646-c2b6-4c9b-a677-e5d5acf57f0e,c7fe036e-7016-4a6a-8ff0-007f73e2c43b,1635696445223,13.3898525,52.4732216,6.240026,0.6934351,1.3551998,-1.9172988,on bike mount,cyclo cross,True,concrete plates,good
aa460e9e-5072-4184-b5d4-d40d99b4c733,64923646-c2b6-4c9b-a677-e5d5acf57f0e,74351ef1-561f-47f8-a335-c36eb94dd853,1635696445272,13.3898525,52.4732216,6.240026,-0.20027399,0.11782789,0.39883995,on bike mount,cyclo cross,True,concrete plates,good
aa460e9e-5072-4184-b5d4-d40d99b4c733,64923646-c2b6-4c9b-a677-e5d5acf57f0e,3c618147-c0ba-44ba-bc39-ed3d26652614,1635696445322,13.3898525,52.4732216,6.240026,0.104679786,-1.0446953,-0.78059673,on bike mount,cyclo cross,True,concrete plates,good
aa460e9e-5072-4184-b5d4-d40d99b4c733,64923646-c2b6-4c9b-a677-e5d5acf57f0e,72f53887-f201-4cf8-8418-b601d9948ae1,1635696445375,13.3898525,52.4732216,6.240026,-0.37208068,1.6144161,1.5745077,on bike mount,cyclo cross,True,concrete plates,good
aa460e9e-5072-4184-b5d4-d40d99b4c733,64923646-c2b6-4c9b-a677-e5d5acf57f0e,c70d1861-9502-486e-aca2-2d17688f4eff,1635696445426,13.3898525,52.4732216,6.240026,0.032078877,-1.0766852,0.24403,on bike mount,cyclo cross,True,concrete plates,good
aa460e9e-5072-4184-b5d4-d40d99b4c733,64923646-c2b6-4c9b-a677-e5d5acf57f0e,0874583f-7438-404b-a6fc-16981e053e69,1635696445496,13.3898525,52.4732216,6.240026,0.6166871,-2.3661602,2.9634943,on bike mount,cyclo cross,True,concrete plates,good
aa460e9e-5072-4184-b5d4-d40d99b4c733,64923646-c2b6-4c9b-a677-e5d5acf57f0e,ba0846ab-be53-41cd-9fdf-367a7a8d0586,1635696445557,13.3898525,52.4732216,6.240026,0.23064953,-0.11152625,-1.8293219,on bike mount,cyclo cross,True,concrete plates,good
aa460e9e-5072-4184-b5d4-d40d99b4c733,64923646-c2b6-4c9b-a677-e5d5acf57f0e,c3649af9-b38d-4d66-99ba-46f410484edb,1635696445609,13.3898525,52.4732216,6.240026,0.6859964,-1.3078884,1.8272276,on bike mount,cyclo cross,True,concrete plates,good
aa460e9e-5072-4184-b5d4-d40d99b4c733,64923646-c2b6-4c9b-a677-e5d5acf57f0e,2c0f98e4-aef8-450e-b258-129a199afd13,1635696445676,13.3898525,52.4732216,6.240026,-0.53601396,-0.4901476,1.5296888,on bike mount,cyclo cross,True,concrete plates,good
aa460e9e-5072-4184-b5d4-d40d99b4c733,64923646-c2b6-4c9b-a677-e5d5acf57f0e,24092f61-3987-43c5-b4c5-c123bc4380ce,1635696445726,13.389873,52.4731683,6.0523386,0.83268696,-0.5950148,1.4817724,on bike mount,cyclo cross,True,concrete plates,good
aa460e9e-5072-4184-b5d4-d40d99b4c733,64923646-c2b6-4c9b-a677-e5d5acf57f0e,f6dbd2b7-2866-48d3-91cf-cc7efe7d9fa1,1635696445791,13.389873,52.4731683,6.0523386,1.0411804,-3.0367749,-0.10705948,on bike mount,cyclo cross,True,concrete plates,good
aa460e9e-5072-4184-b5d4-d40d99b4c733,64923646-c2b6-4c9b-a677-e5d5acf57f0e,c3dfd57d-6593-4bcc-9700-39a0f8d6b288,1635696445842,13.389873,52.4731683,6.0523386,-0.92644966,1.1458075,1.7469988,on bike mount,cyclo cross,True,concrete plates,good
aa460e9e-5072-4184-b5d4-d40d99b4c733,64923646-c2b6-4c9b-a677-e5d5acf57f0e,78296082-64b7-4579-9ff3-bc0ffd0b60a3,1635696445894,13.389873,52.4731683,6.0523386,1.052972,0.8165839,-0.20302677,on bike mount,cyclo cross,True,concrete plates,good
aa460e9e-5072-4184-b5d4-d40d99b4c733,64923646-c2b6-4c9b-a677-e5d5acf57f0e,c01433a1-82bc-4f54-bac6-41acd6b327c0,1635696445947,13.389873,52.4731683,6.0523386,-0.009280585,2.16143,1.28864,on bike mount,cyclo cross,True,concrete plates,good
aa460e9e-5072-4184-b5d4-d40d99b4c733,64923646-c2b6-4c9b-a677-e5d5acf57f0e,3bb18a1c-d11b-48ba-8897-767c5b2a567c,1635696446007,13.389873,52.4731683,6.0523386,-0.11337644,-0.43915558,0.40366077,on bike mount,cyclo cross,True,concrete plates,good
aa460e9e-5072-4184-b5d4-d40d99b4c733,64923646-c2b6-4c9b-a677-e5d5acf57f0e,ce68f8e3-422c-4c10-8ad3-f846eac21908,1635696446058,13.389873,52.4731683,6.0523386,-0.22157939,-0.08609247,-0.86805296,on bike mount,cyclo cross,True,concrete plates,good
aa460e9e-5072-4184-b5d4-d40d99b4c733,64923646-c2b6-4c9b-a677-e5d5acf57f0e,07c262b4-d2c4-4d43-8384-82bfb5f62785,1635696446109,13.389873,52.4731683,6.0523386,-0.20561492,-0.5437596,-2.6285357,on bike mount,cyclo cross,True,concrete plates,good
aa460e9e-5072-4184-b5d4-d40d99b4c733,64923646-c2b6-4c9b-a677-e5d5acf57f0e,04f3f85f-db81-45ea-830a-be64b15145e7,1635696446161,13.389873,52.4731683,6.0523386,-0.47288543,0.5869024,-1.3281746,on bike mount,cyclo cross,True,concrete plates,good
aa460e9e-5072-4184-b5d4-d40d99b4c733,64923646-c2b6-4c9b-a677-e5d5acf57f0e,38cdc236-5a31-450a-8030-46b3de146033,1635696446213,13.389873,52.4731683,6.0523386,0.085132375,1.5982003,0.14538193,on bike mount,cyclo cross,True,concrete plates,good
aa460e9e-5072-4184-b5d4-d40d99b4c733,64923646-c2b6-4c9b-a677-e5d5acf57f0e,4581086e-666b-40ca-a190-7f7cc3200f2d,1635696446277,13.389873,52.4731683,6.0523386,-0.5324508,1.5370183,0.9251995,on bike mount,cyclo cross,True,concrete plates,good
aa460e9e-5072-4184-b5d4-d40d99b4c733,64923646-c2b6-4c9b-a677-e5d5acf57f0e,def4a979-7130-4313-a61d-cfd12ed9cb2e,1635696446342,13.389873,52.4731683,6.0523386,-0.55514663,-0.081735134,2.7913818,on bike mount,cyclo cross,True,concrete plates,good
aa460e9e-5072-4184-b5d4-d40d99b4c733,64923646-c2b6-4c9b-a677-e5d5acf57f0e,c1b861e8-7d12-46a8-bc3c-679c9eeec671,1635696446391,13.389873,52.4731683,6.0523386,0.5316393,-0.18184304,-1.243433,on bike mount,cyclo cross,True,concrete plates,good
aa460e9e-5072-4184-b5d4-d40d99b4c733,64923646-c2b6-4c9b-a677-e5d5acf57f0e,43854888-d90f-447e-94c3-fa93779734f2,1635696446444,13.389873,52.4731683,6.0523386,-0.17624405,-0.30829525,-0.76489305,on bike mount,cyclo cross,True,concrete plates,good
aa460e9e-5072-4184-b5d4-d40d99b4c733,64923646-c2b6-4c9b-a677-e5d5acf57f0e,161845fe-c89c-4021-89de-2957b7d80997,1635696446495,13.389873,52.4731683,6.0523386,-0.86198,0.23020864,3.3300838,on bike mount,cyclo cross,True,concrete plates,good
aa460e9e-5072-4184-b5d4-d40d99b4c733,64923646-c2b6-4c9b-a677-e5d5acf57f0e,c64f34b0-e4e7-4ae9-b1ef-63a671aefb91,1635696446545,13.389873,52.4731683,6.0523386,0.0011689663,0.19003654,0.15364933,on bike mount,cyclo cross,True,concrete plates,good
aa460e9e-5072-4184-b5d4-d40d99b4c733,64923646-c2b6-4c9b-a677-e5d5acf57f0e,fb9ed825-46e8-413a-8f2f-fca1b122f72c,1635696446595,13.389873,52.4731683,6.0523386,-0.78117007,-0.21963286,1.2154808,on bike mount,cyclo cross,True,concrete plates,good
aa460e9e-5072-4184-b5d4-d40d99b4c733,64923646-c2b6-4c9b-a677-e5d5acf57f0e,c6f718dc-bcdc-42ab-8586-44e3e775bc3a,1635696446660,13.389873,52.4731683,6.0523386,0.08321488,-4.1947308,2.2968102,on bike mount,cyclo cross,True,concrete plates,good
aa460e9e-5072-4184-b5d4-d40d99b4c733,64923646-c2b6-4c9b-a677-e5d5acf57f0e,b71a3f01-eb9a-4607-9362-b51b1035a592,1635696446726,13.3898945,52.4731166,5.8373575,-0.7593598,-0.3425789,1.5187187,on bike mount,cyclo cross,True,concrete plates,good
aa460e9e-5072-4184-b5d4-d40d99b4c733,64923646-c2b6-4c9b-a677-e5d5acf57f0e,8ccc0f9b-09c5-48f7-a842-3c1c5aa705f9,1635696446777,13.3898945,52.4731166,5.8373575,0.32964456,-1.5236752,1.9178982,on bike mount,cyclo cross,True,concrete plates,good
aa460e9e-5072-4184-b5d4-d40d99b4c733,64923646-c2b6-4c9b-a677-e5d5acf57f0e,fd53f6d5-6e5c-46d3-8121-87167d557b0c,1635696446828,13.3898945,52.4731166,5.8373575,0.42616487,-0.009817839,0.40501213,on bike mount,cyclo cross,True,concrete plates,good
aa460e9e-5072-4184-b5d4-d40d99b4c733,64923646-c2b6-4c9b-a677-e5d5acf57f0e,ca058597-21b2-4f48-b934-c8c052651f5c,1635696446878,13.3898945,52.4731166,5.8373575,-0.9465058,-1.1235906,-1.5195322,on bike mount,cyclo cross,True,concrete plates,good
aa460e9e-5072-4184-b5d4-d40d99b4c733,64923646-c2b6-4c9b-a677-e5d5acf57f0e,079e37d7-7355-4485-825b-6025ebf545d4,1635696446928,13.3898945,52.4731166,5.8373575,-0.66703457,0.36102605,-1.0907617,on bike mount,cyclo cross,True,concrete plates,good
aa460e9e-5072-4184-b5d4-d40d99b4c733,64923646-c2b6-4c9b-a677-e5d5acf57f0e,4402434b-4c5e-4192-b12f-427557a66382,1635696446996,13.3898945,52.4731166,5.8373575,0.27547646,0.12102866,1.1764545,on bike mount,cyclo cross,True,concrete plates,good
aa460e9e-5072-4184-b5d4-d40d99b4c733,64923646-c2b6-4c9b-a677-e5d5acf57f0e,3a0e8524-393c-4c33-838e-23c75bafd406,1635696447048,13.3898945,52.4731166,5.8373575,-0.4732986,-0.82290447,1.5290499,on bike mount,cyclo cross,True,concrete plates,good
aa460e9e-5072-4184-b5d4-d40d99b4c733,64923646-c2b6-4c9b-a677-e5d5acf57f0e,389a80fb-f71a-4ca2-b10d-993ce48853a5,1635696447111,13.3898945,52.4731166,5.8373575,0.22902554,-1.8549075,2.5248165,on bike mount,cyclo cross,True,concrete plates,good
aa460e9e-5072-4184-b5d4-d40d99b4c733,64923646-c2b6-4c9b-a677-e5d5acf57f0e,922e8d47-f409-4e7d-8156-a8c05fee5e28,1635696447162,13.3898945,52.4731166,5.8373575,0.43760154,-2.4996772,0.53021336,on bike mount,cyclo cross,True,concrete plates,good
aa460e9e-5072-4184-b5d4-d40d99b4c733,64923646-c2b6-4c9b-a677-e5d5acf57f0e,0e8ec86e-b036-4f33-aebf-69bedf4fea80,1635696447214,13.3898945,52.4731166,5.8373575,-0.7879498,-0.34413648,-0.82491064,on bike mount,cyclo cross,True,concrete plates,good
aa460e9e-5072-4184-b5d4-d40d99b4c733,64923646-c2b6-4c9b-a677-e5d5acf57f0e,694419a2-cfd8-4aa9-bcf2-75b0fb3829b3,1635696447266,13.3898945,52.4731166,5.8373575,0.52060026,-2.2279758,-0.713871,on bike mount,cyclo cross,True,concrete plates,good
aa460e9e-5072-4184-b5d4-d40d99b4c733,64923646-c2b6-4c9b-a677-e5d5acf57f0e,9e3758b9-6f85-4965-9e9e-217e0bc43c7a,1635696447328,13.3898945,52.4731166,5.8373575,0.7263917,0.019114494,-1.6560869,on bike mount,cyclo cross,True,concrete plates,good
aa460e9e-5072-4184-b5d4-d40d99b4c733,64923646-c2b6-4c9b-a677-e5d5acf57f0e,c04f6838-602f-4d3d-9eb1-f0d7b19b6559,1635696447379,13.3898945,52.4731166,5.8373575,-0.3270753,0.80818653,0.224926,on bike mount,cyclo cross,True,concrete plates,good
aa460e9e-5072-4184-b5d4-d40d99b4c733,64923646-c2b6-4c9b-a677-e5d5acf57f0e,e27487f2-bd90-4fab-93f1-c2bb0a2b12fd,1635696447429,13.3898945,52.4731166,5.8373575,0.20686984,-0.46695232,-0.45768642,on bike mount,cyclo cross,True,concrete plates,good
aa460e9e-5072-4184-b5d4-d40d99b4c733,64923646-c2b6-4c9b-a677-e5d5acf57f0e,fb0b5077-27f5-48de-9c25-c289d4f10c7d,1635696447494,13.3898945,52.4731166,5.8373575,1.0595962,-1.6123995,-1.7583714,on bike mount,cyclo cross,True,concrete plates,good
aa460e9e-5072-4184-b5d4-d40d99b4c733,64923646-c2b6-4c9b-a677-e5d5acf57f0e,2671e5d4-a8e0-48fc-955b-7775f29bd923,1635696447546,13.3898945,52.4731166,5.8373575,-0.42366573,-0.9437592,2.2908096,on bike mount,cyclo cross,True,concrete plates,good
aa460e9e-5072-4184-b5d4-d40d99b4c733,64923646-c2b6-4c9b-a677-e5d5acf57f0e,ae183cbf-c101-45b6-ae7a-17b6601f2165,1635696447596,13.3898945,52.4731166,5.8373575,-0.0400231,-0.85888255,-0.55626345,on bike mount,cyclo cross,True,concrete plates,good
aa460e9e-5072-4184-b5d4-d40d99b4c733,64923646-c2b6-4c9b-a677-e5d5acf57f0e,51233622-4b5c-4432-b8ae-979772293bbf,1635696447648,13.3898945,52.4731166,5.8373575,0.038243026,-0.82795334,0.23887157,on bike mount,cyclo cross,True,concrete plates,good
aa460e9e-5072-4184-b5d4-d40d99b4c733,64923646-c2b6-4c9b-a677-e5d5acf57f0e,53e34f32-a5b1-4a00-a885-6d24ab62d405,1635696447714,13.3899173,52.4730687,5.5984497,-0.22192627,1.4937117,-2.355639,on bike mount,cyclo cross,True,concrete plates,good
aa460e9e-5072-4184-b5d4-d40d99b4c733,64923646-c2b6-4c9b-a677-e5d5acf57f0e,34649fbf-8d05-4fef-b251-79cf739a78db,1635696447780,13.3899173,52.4730687,5.5984497,0.085049555,-0.4852245,0.84097385,on bike mount,cyclo cross,True,concrete plates,good
aa460e9e-5072-4184-b5d4-d40d99b4c733,64923646-c2b6-4c9b-a677-e5d5acf57f0e,c975634d-dcf7-4e93-bc43-a40f9d4a44e9,1635696447845,13.3899173,52.4730687,5.5984497,0.42821977,-1.238704,-0.6629505,on bike mount,cyclo cross,True,concrete plates,good
aa460e9e-5072-4184-b5d4-d40d99b4c733,64923646-c2b6-4c9b-a677-e5d5acf57f0e,d7575524-aa27-42a6-a941-57da951b4f71,1635696447896,13.3899173,52.4730687,5.5984497,-0.6115716,1.6422796,-0.17919731,on bike mount,cyclo cross,True,concrete plates,good
aa460e9e-5072-4184-b5d4-d40d99b4c733,64923646-c2b6-4c9b-a677-e5d5acf57f0e,7c234460-0ffa-48f7-86d3-3f108fb7c0a3,1635696447946,13.3899173,52.4730687,5.5984497,-1.1966577,-0.5935433,-4.0173635,on bike mount,cyclo cross,True,concrete plates,good
aa460e9e-5072-4184-b5d4-d40d99b4c733,64923646-c2b6-4c9b-a677-e5d5acf57f0e,7c673118-59a3-41b2-a906-4f176a35de20,1635696447996,13.3899173,52.4730687,5.5984497,1.4399368,-2.655737,2.7934246,on bike mount,cyclo cross,True,concrete plates,good
aa460e9e-5072-4184-b5d4-d40d99b4c733,64923646-c2b6-4c9b-a677-e5d5acf57f0e,5088b4d4-fa1b-47c3-aabf-753a6d56bf2d,1635696448048,13.3899173,52.4730687,5.5984497,-0.7392903,1.4263308,0.6546116,on bike mount,cyclo cross,True,concrete plates,good
aa460e9e-5072-4184-b5d4-d40d99b4c733,64923646-c2b6-4c9b-a677-e5d5acf57f0e,d945388c-4c0e-4466-a385-955c51278678,1635696448098,13.3899173,52.4730687,5.5984497,-1.2340109,0.24079108,-0.41764355,on bike mount,cyclo cross,True,concrete plates,good
aa460e9e-5072-4184-b5d4-d40d99b4c733,64923646-c2b6-4c9b-a677-e5d5acf57f0e,9a87b6df-f1e7-456b-b525-87e4a9090006,1635696448162,13.3899173,52.4730687,5.5984497,-0.31082588,1.259299,-1.8117247,on bike mount,cyclo cross,True,concrete plates,good
aa460e9e-5072-4184-b5d4-d40d99b4c733,64923646-c2b6-4c9b-a677-e5d5acf57f0e,3d799396-68a7-41f3-b020-bf6985085330,1635696448214,13.3899173,52.4730687,5.5984497,-1.7835244,0.59315443,-0.103860855,on bike mount,cyclo cross,True,concrete plates,good
aa460e9e-5072-4184-b5d4-d40d99b4c733,64923646-c2b6-4c9b-a677-e5d5acf57f0e,65b413a4-ff16-466d-97f3-6f75f8093a73,1635696448282,13.3899173,52.4730687,5.5984497,-0.44213885,0.6960156,-0.41543865,on bike mount,cyclo cross,True,concrete plates,good
aa460e9e-5072-4184-b5d4-d40d99b4c733,64923646-c2b6-4c9b-a677-e5d5acf57f0e,6d848b7c-6b81-4dec-8a10-4488691ca914,1635696448334,13.3899173,52.4730687,5.5984497,0.18577942,-2.702408,2.2019558,on bike mount,cyclo cross,True,concrete plates,good
aa460e9e-5072-4184-b5d4-d40d99b4c733,64923646-c2b6-4c9b-a677-e5d5acf57f0e,255304a1-900c-4fc1-b4f0-421d60fc81bf,1635696448399,13.3899173,52.4730687,5.5984497,-0.49859193,-0.7140546,-0.14447498,on bike mount,cyclo cross,True,concrete plates,good
aa460e9e-5072-4184-b5d4-d40d99b4c733,64923646-c2b6-4c9b-a677-e5d5acf57f0e,14b9755f-c21b-4991-bf4c-616d71bc9716,1635696448452,13.3899173,52.4730687,5.5984497,-0.47235322,-0.16459751,2.2762241,on bike mount,cyclo cross,True,concrete plates,good
aa460e9e-5072-4184-b5d4-d40d99b4c733,64923646-c2b6-4c9b-a677-e5d5acf57f0e,2a1f6625-314c-4612-a5c5-ed51d8940323,1635696448515,13.3899173,52.4730687,5.5984497,1.2483225,0.9763675,-1.8098974,on bike mount,cyclo cross,True,concrete plates,good
aa460e9e-5072-4184-b5d4-d40d99b4c733,64923646-c2b6-4c9b-a677-e5d5acf57f0e,d789e832-80d4-44a5-a08e-49803b5ec451,1635696448568,13.3899173,52.4730687,5.5984497,-1.0514671,-0.6949644,-0.74129295,on bike mount,cyclo cross,True,concrete plates,good
aa460e9e-5072-4184-b5d4-d40d99b4c733,64923646-c2b6-4c9b-a677-e5d5acf57f0e,f9263989-169b-4c02-b893-c0f2f0c0d537,1635696448633,13.3899173,52.4730687,5.5984497,1.6868374,-1.2643722,0.2206707,on bike mount,cyclo cross,True,concrete plates,good
aa460e9e-5072-4184-b5d4-d40d99b4c733,64923646-c2b6-4c9b-a677-e5d5acf57f0e,fbbbbe39-c37a-45af-8181-b2ebad7582fd,1635696448686,13.3899173,52.4730687,5.5984497,0.9360585,-4.6355104,2.3733282,on bike mount,cyclo cross,True,concrete plates,good
aa460e9e-5072-4184-b5d4-d40d99b4c733,64923646-c2b6-4c9b-a677-e5d5acf57f0e,6e2f1535-ec77-4ca4-9bd9-38a81920bdf2,1635696448749,13.3899416,52.4730234,5.5195174,1.219044,-0.06287718,-1.564455,on bike mount,cyclo cross,True,concrete plates,good
aa460e9e-5072-4184-b5d4-d40d99b4c733,64923646-c2b6-4c9b-a677-e5d5acf57f0e,675d5c06-7318-4951-ae1a-74810c346969,1635696448814,13.3899416,52.4730234,5.5195174,0.4734973,1.4039526,-2.3962126,on bike mount,cyclo cross,True,concrete plates,good
aa460e9e-5072-4184-b5d4-d40d99b4c733,64923646-c2b6-4c9b-a677-e5d5acf57f0e,192fb3c3-fa6a-4123-90e0-7d49686b445a,1635696448867,13.3899416,52.4730234,5.5195174,1.1363701,-0.38179207,-0.92067814,on bike mount,cyclo cross,True,concrete plates,good
aa460e9e-5072-4184-b5d4-d40d99b4c733,64923646-c2b6-4c9b-a677-e5d5acf57f0e,c353db7b-17e5-45fd-a774-48b3f2add1ff,1635696448936,13.3899416,52.4730234,5.5195174,-0.019460976,-0.59876776,-1.9358053,on bike mount,cyclo cross,True,concrete plates,good
aa460e9e-5072-4184-b5d4-d40d99b4c733,64923646-c2b6-4c9b-a677-e5d5acf57f0e,8077c567-d4ee-46f3-ae45-9f9ab3f60ec8,1635696449000,13.3899416,52.4730234,5.5195174,-0.15857986,-1.8731055,4.397667,on bike mount,cyclo cross,True,concrete plates,good
aa460e9e-5072-4184-b5d4-d40d99b4c733,64923646-c2b6-4c9b-a677-e5d5acf57f0e,2932b1a2-dcb8-4d9e-9ff3-c006a443c049,1635696449066,13.3899416,52.4730234,5.5195174,-0.12866294,0.23275161,-0.8078766,on bike mount,cyclo cross,True,concrete plates,good
aa460e9e-5072-4184-b5d4-d40d99b4c733,64923646-c2b6-4c9b-a677-e5d5acf57f0e,b70fe23c-19dd-4bb7-9926-edf91c2a98db,1635696449118,13.3899416,52.4730234,5.5195174,0.5296548,-3.352028,-0.20590019,on bike mount,cyclo cross,True,concrete plates,good
aa460e9e-5072-4184-b5d4-d40d99b4c733,64923646-c2b6-4c9b-a677-e5d5acf57f0e,0b273e97-5787-4d7b-addf-7682b82e9f50,1635696449167,13.3899416,52.4730234,5.5195174,-0.44293666,2.164828,-0.06408596,on bike mount,cyclo cross,True,concrete plates,good
aa460e9e-5072-4184-b5d4-d40d99b4c733,64923646-c2b6-4c9b-a677-e5d5acf57f0e,1f5150e0-e66a-489d-ad0f-527163364a03,1635696449218,13.3899416,52.4730234,5.5195174,-2.5366066,0.5473449,-1.631505,on bike mount,cyclo cross,True,concrete plates,good
aa460e9e-5072-4184-b5d4-d40d99b4c733,64923646-c2b6-4c9b-a677-e5d5acf57f0e,6e3cbded-3c64-4611-9e66-8e30c40959d7,1635696449285,13.3899416,52.4730234,5.5195174,0.04760766,-2.0891156,-1.8170023,on bike mount,cyclo cross,True,concrete plates,good
aa460e9e-5072-4184-b5d4-d40d99b4c733,64923646-c2b6-4c9b-a677-e5d5acf57f0e,9e66ac18-b6d3-41b8-a57a-4b48abe7f2f6,1635696449334,13.3899416,52.4730234,5.5195174,-0.27984154,-5.854247,1.1749487,on bike mount,cyclo cross,True,concrete plates,good
aa460e9e-5072-4184-b5d4-d40d99b4c733,64923646-c2b6-4c9b-a677-e5d5acf57f0e,a7298ce4-412c-4044-a72b-030b3783261b,1635696449385,13.3899416,52.4730234,5.5195174,0.24262097,-2.9417257,-2.0149717,on bike mount,cyclo cross,True,concrete plates,good
aa460e9e-5072-4184-b5d4-d40d99b4c733,64923646-c2b6-4c9b-a677-e5d5acf57f0e,7a5bfc43-d527-4ac8-b3b5-2ce1665590b6,1635696449449,13.3899416,52.4730234,5.5195174,-0.34869245,-1.9613619,-1.034102,on bike mount,cyclo cross,True,concrete plates,good
aa460e9e-5072-4184-b5d4-d40d99b4c733,64923646-c2b6-4c9b-a677-e5d5acf57f0e,c5754ecb-78e4-452e-b3b0-b96c8603c050,1635696449499,13.3899416,52.4730234,5.5195174,-0.35810065,0.15569592,0.7287359,on bike mount,cyclo cross,True,concrete plates,good
aa460e9e-5072-4184-b5d4-d40d99b4c733,64923646-c2b6-4c9b-a677-e5d5acf57f0e,7334ce75-dc85-4b54-9919-a616cbc4ae9a,1635696449551,13.3899416,52.4730234,5.5195174,0.2990321,-0.40968227,-0.49559307,on bike mount,cyclo cross,True,concrete plates,good
aa460e9e-5072-4184-b5d4-d40d99b4c733,64923646-c2b6-4c9b-a677-e5d5acf57f0e,6c3367c2-11af-4a27-8369-c7d4bfd64426,1635696449600,13.3899416,52.4730234,5.5195174,1.2796029,-0.08207679,1.1150312,on bike mount,cyclo cross,True,concrete plates,good
aa460e9e-5072-4184-b5d4-d40d99b4c733,64923646-c2b6-4c9b-a677-e5d5acf57f0e,80890a13-3cac-4df3-bce4-9f2b29e87b2a,1635696449652,13.3899416,52.4730234,5.5195174,0.21469724,0.016079187,0.6918316,on bike mount,cyclo cross,True,concrete plates,good
aa460e9e-5072-4184-b5d4-d40d99b4c733,64923646-c2b6-4c9b-a677-e5d5acf57f0e,cba606df-8368-46da-8005-5255e16dd106,1635696449718,13.3899656,52.4729778,5.464208,1.7908653,1.0600924,-3.81587,on bike mount,cyclo cross,True,concrete plates,good
aa460e9e-5072-4184-b5d4-d40d99b4c733,64923646-c2b6-4c9b-a677-e5d5acf57f0e,23f1ffb0-b31e-4a9a-b238-a732665463fd,1635696449769,13.3899656,52.4729778,5.464208,-0.9266205,-1.2274288,-0.13555813,on bike mount,cyclo cross,True,concrete plates,good
aa460e9e-5072-4184-b5d4-d40d99b4c733,64923646-c2b6-4c9b-a677-e5d5acf57f0e,be369944-9cd0-4903-92f0-c94e4bc9d4e7,1635696449835,13.3899656,52.4729778,5.464208,-0.9643626,-1.232663,-0.055440903,on bike mount,cyclo cross,True,concrete plates,good
aa460e9e-5072-4184-b5d4-d40d99b4c733,64923646-c2b6-4c9b-a677-e5d5acf57f0e,b43223cb-d8d7-4a97-8929-c75cc4cfa2f7,1635696449887,13.3899656,52.4729778,5.464208,-0.1370964,-0.53923464,4.235485,on bike mount,cyclo cross,True,concrete plates,good
aa460e9e-5072-4184-b5d4-d40d99b4c733,64923646-c2b6-4c9b-a677-e5d5acf57f0e,b7996aea-6bb0-4843-89e6-896d971edfe8,1635696449951,13.3899656,52.4729778,5.464208,0.69818634,2.0350304,0.49959898,on bike mount,cyclo cross,True,concrete plates,good
aa460e9e-5072-4184-b5d4-d40d99b4c733,64923646-c2b6-4c9b-a677-e5d5acf57f0e,3e51f404-9e29-4a4a-a71d-8c9f28dfc273,1635696450002,13.3899656,52.4729778,5.464208,0.15756434,1.4236007,0.1449337,on bike mount,cyclo cross,True,concrete plates,good
aa460e9e-5072-4184-b5d4-d40d99b4c733,64923646-c2b6-4c9b-a677-e5d5acf57f0e,28b46449-2677-418f-8d3f-23939e060ed4,1635696450054,13.3899656,52.4729778,5.464208,1.5719247,0.84705424,-2.9872417,on bike mount,cyclo cross,True,concrete plates,good
aa460e9e-5072-4184-b5d4-d40d99b4c733,64923646-c2b6-4c9b-a677-e5d5acf57f0e,41e89a02-ad1d-43af-83f5-98c3d637cf00,1635696450104,13.3899656,52.4729778,5.464208,-0.2895397,1.3485601,3.5285988,on bike mount,cyclo cross,True,concrete plates,good
aa460e9e-5072-4184-b5d4-d40d99b4c733,64923646-c2b6-4c9b-a677-e5d5acf57f0e,be09c64a-2f20-42b6-b7d8-a7f00f724da5,1635696450153,13.3899656,52.4729778,5.464208,0.8235482,0.53632927,-3.6520777,on bike mount,cyclo cross,True,concrete plates,good
aa460e9e-5072-4184-b5d4-d40d99b4c733,64923646-c2b6-4c9b-a677-e5d5acf57f0e,adaea256-0c9d-405f-afda-fdd1d363c605,1635696450203,13.3899656,52.4729778,5.464208,0.66741776,3.3169522,-1.3897858,on bike mount,cyclo cross,True,concrete plates,good
aa460e9e-5072-4184-b5d4-d40d99b4c733,64923646-c2b6-4c9b-a677-e5d5acf57f0e,30b84003-c691-441e-80fa-7d05811cd8da,1635696450269,13.3899656,52.4729778,5.464208,-0.5819909,0.4175706,1.3693953,on bike mount,cyclo cross,True,concrete plates,good
aa460e9e-5072-4184-b5d4-d40d99b4c733,64923646-c2b6-4c9b-a677-e5d5acf57f0e,a717358a-7187-4d01-aa82-b6f1e056fad4,1635696450319,13.3899656,52.4729778,5.464208,1.21435,-1.2382139,1.9568157,on bike mount,cyclo cross,True,concrete plates,good
aa460e9e-5072-4184-b5d4-d40d99b4c733,64923646-c2b6-4c9b-a677-e5d5acf57f0e,2611dcf1-f42f-47cb-b3fd-a6ea62fa377d,1635696450372,13.3899656,52.4729778,5.464208,1.073276,-2.0042934,3.162404,on bike mount,cyclo cross,True,concrete plates,good
aa460e9e-5072-4184-b5d4-d40d99b4c733,64923646-c2b6-4c9b-a677-e5d5acf57f0e,96d83f88-7162-4c6e-9fc1-f0c1306f9643,1635696450438,13.3899656,52.4729778,5.464208,1.3371975,-0.8818145,0.90594006,on bike mount,cyclo cross,True,concrete plates,good
aa460e9e-5072-4184-b5d4-d40d99b4c733,64923646-c2b6-4c9b-a677-e5d5acf57f0e,0d15c865-e4d3-4d36-a074-079fd94612a1,1635696450502,13.3899656,52.4729778,5.464208,-0.16526753,-2.6223238,2.1178036,on bike mount,cyclo cross,True,concrete plates,good
aa460e9e-5072-4184-b5d4-d40d99b4c733,64923646-c2b6-4c9b-a677-e5d5acf57f0e,9436d813-fc49-4bad-9c55-795b5b244dae,1635696450552,13.3899656,52.4729778,5.464208,-0.45867366,0.08808851,0.61571217,on bike mount,cyclo cross,True,concrete plates,good
aa460e9e-5072-4184-b5d4-d40d99b4c733,64923646-c2b6-4c9b-a677-e5d5acf57f0e,8fd4a6d9-c0c2-4556-949b-f201fb7fd302,1635696450605,13.3899656,52.4729778,5.464208,-0.6537754,-1.6662085,2.590994,on bike mount,cyclo cross,True,concrete plates,good
aa460e9e-5072-4184-b5d4-d40d99b4c733,64923646-c2b6-4c9b-a677-e5d5acf57f0e,4149ebba-38a2-4b8d-ae28-82b71cf8244b,1635696450669,13.3899656,52.4729778,5.464208,-0.057526186,-1.1104033,0.45754242,on bike mount,cyclo cross,True,concrete plates,good
aa460e9e-5072-4184-b5d4-d40d99b4c733,64923646-c2b6-4c9b-a677-e5d5acf57f0e,5c5af0e0-b30c-4472-a4f2-ec2a3dce8aec,1635696450720,13.3899865,52.4729288,5.5702453,-1.196697,0.31698895,-1.0564065,on bike mount,cyclo cross,True,concrete plates,good
aa460e9e-5072-4184-b5d4-d40d99b4c733,64923646-c2b6-4c9b-a677-e5d5acf57f0e,8525bb94-f54c-4343-b9d4-4d69f053e272,1635696450771,13.3899865,52.4729288,5.5702453,-0.4214728,-1.8528312,1.3811893,on bike mount,cyclo cross,True,concrete plates,good
aa460e9e-5072-4184-b5d4-d40d99b4c733,64923646-c2b6-4c9b-a677-e5d5acf57f0e,c8f2cd55-1c61-4b7f-a2e2-bbf7d1580873,1635696450836,13.3899865,52.4729288,5.5702453,0.30609697,0.3244164,0.2778654,on bike mount,cyclo cross,True,concrete plates,good
aa460e9e-5072-4184-b5d4-d40d99b4c733,64923646-c2b6-4c9b-a677-e5d5acf57f0e,d3a8c81c-4796-4f37-abc7-01407e24c4a1,1635696450889,13.3899865,52.4729288,5.5702453,0.9927752,0.9415536,-2.5675154,on bike mount,cyclo cross,True,concrete plates,good
aa460e9e-5072-4184-b5d4-d40d99b4c733,64923646-c2b6-4c9b-a677-e5d5acf57f0e,35db7f22-71f3-4e69-9e20-48686af0585b,1635696450954,13.3899865,52.4729288,5.5702453,-0.3455037,1.1273823,1.5355473,on bike mount,cyclo cross,True,concrete plates,good
aa460e9e-5072-4184-b5d4-d40d99b4c733,64923646-c2b6-4c9b-a677-e5d5acf57f0e,77edf6e9-5124-4b6e-bdc0-54e1d00840c0,1635696451004,13.3899865,52.4729288,5.5702453,1.0179193,-3.0785632,-0.41901588,on bike mount,cyclo cross,True,concrete plates,good
aa460e9e-5072-4184-b5d4-d40d99b4c733,64923646-c2b6-4c9b-a677-e5d5acf57f0e,8fe9bddc-04e6-45ab-b14d-bc8f74446d8e,1635696451055,13.3899865,52.4729288,5.5702453,-1.2795589,-1.3216119,2.753148,on bike mount,cyclo cross,True,concrete plates,good
aa460e9e-5072-4184-b5d4-d40d99b4c733,64923646-c2b6-4c9b-a677-e5d5acf57f0e,80141236-0941-415d-95b7-6bf5f5537c25,1635696451107,13.3899865,52.4729288,5.5702453,0.20871353,0.6988182,-3.5540657,on bike mount,cyclo cross,True,concrete plates,good
aa460e9e-5072-4184-b5d4-d40d99b4c733,64923646-c2b6-4c9b-a677-e5d5acf57f0e,09dc2cec-bdcb-4e16-8799-a201ee7cf03b,1635696451159,13.3899865,52.4729288,5.5702453,-0.006760657,0.45362592,1.8810282,on bike mount,cyclo cross,True,concrete plates,good
aa460e9e-5072-4184-b5d4-d40d99b4c733,64923646-c2b6-4c9b-a677-e5d5acf57f0e,f512f202-69e0-4679-891f-7245cd436b08,1635696451222,13.3899865,52.4729288,5.5702453,0.48367143,1.5960741,1.6609697,on bike mount,cyclo cross,True,concrete plates,good
aa460e9e-5072-4184-b5d4-d40d99b4c733,64923646-c2b6-4c9b-a677-e5d5acf57f0e,d4090595-f302-44ae-8ea6-2c9e8cf417db,1635696451272,13.3899865,52.4729288,5.5702453,0.4838897,-1.6827772,-1.6903777,on bike mount,cyclo cross,True,concrete plates,good
aa460e9e-5072-4184-b5d4-d40d99b4c733,64923646-c2b6-4c9b-a677-e5d5acf57f0e,d3440387-99f9-4df2-a614-2e32c848fdfe,1635696451322,13.3899865,52.4729288,5.5702453,-0.66004956,0.82647085,1.6887522,on bike mount,cyclo cross,True,concrete plates,good
aa460e9e-5072-4184-b5d4-d40d99b4c733,64923646-c2b6-4c9b-a677-e5d5acf57f0e,84096481-bb70-4986-ba8e-0a4e7e907a2b,1635696451373,13.3899865,52.4729288,5.5702453,-0.3452632,-1.6473482,0.78221035,on bike mount,cyclo cross,True,concrete plates,good
aa460e9e-5072-4184-b5d4-d40d99b4c733,64923646-c2b6-4c9b-a677-e5d5acf57f0e,e0806704-c959-42bf-80b4-892c4d43d922,1635696451422,13.3899865,52.4729288,5.5702453,-0.23915666,4.669219,-0.052830696,on bike mount,cyclo cross,True,concrete plates,good
aa460e9e-5072-4184-b5d4-d40d99b4c733,64923646-c2b6-4c9b-a677-e5d5acf57f0e,0e1c53f5-5273-4737-82d2-b843d6b20c22,1635696451471,13.3899865,52.4729288,5.5702453,-1.0862101,2.762353,-0.36833858,on bike mount,cyclo cross,True,concrete plates,good
aa460e9e-5072-4184-b5d4-d40d99b4c733,64923646-c2b6-4c9b-a677-e5d5acf57f0e,f5173103-cfee-4370-a5b7-3319a21cd252,1635696451521,13.3899865,52.4729288,5.5702453,-0.16995831,-0.29781795,-1.3330474,on bike mount,cyclo cross,True,concrete plates,good
aa460e9e-5072-4184-b5d4-d40d99b4c733,64923646-c2b6-4c9b-a677-e5d5acf57f0e,82bf5bca-d9ba-4df4-b631-fdd30a155f47,1635696451574,13.3899865,52.4729288,5.5702453,0.22329852,0.010145903,2.008193,on bike mount,cyclo cross,True,concrete plates,good
aa460e9e-5072-4184-b5d4-d40d99b4c733,64923646-c2b6-4c9b-a677-e5d5acf57f0e,5d1efb12-7ab9-4bfc-a2e0-0ae0de47c8ab,1635696451626,13.3899865,52.4729288,5.5702453,0.34644616,2.3396106,-5.0125675,on bike mount,cyclo cross,True,concrete plates,good
aa460e9e-5072-4184-b5d4-d40d99b4c733,64923646-c2b6-4c9b-a677-e5d5acf57f0e,d88f777b-402a-4d61-a075-509ac6c2e2fb,1635696451688,13.3899865,52.4729288,5.5702453,-0.40792617,-0.06828785,-1.4271994,on bike mount,cyclo cross,True,concrete plates,good
aa460e9e-5072-4184-b5d4-d40d99b4c733,64923646-c2b6-4c9b-a677-e5d5acf57f0e,70da4925-bb47-4333-913d-1558a140c015,1635696451739,13.3900101,52.472879,5.5392222,-0.60569304,0.55182505,-2.7367764,on bike mount,cyclo cross,True,concrete plates,good
aa460e9e-5072-4184-b5d4-d40d99b4c733,64923646-c2b6-4c9b-a677-e5d5acf57f0e,159263d9-f281-4131-a9d2-62cb44522abc,1635696451790,13.3900101,52.472879,5.5392222,-0.48278916,-1.22255,2.565691,on bike mount,cyclo cross,True,concrete plates,good
aa460e9e-5072-4184-b5d4-d40d99b4c733,64923646-c2b6-4c9b-a677-e5d5acf57f0e,a7ceef07-e9bf-4608-8d8d-754cb87433fd,1635696451841,13.3900101,52.472879,5.5392222,-0.3185187,1.7469003,-1.4600883,on bike mount,cyclo cross,True,concrete plates,good
aa460e9e-5072-4184-b5d4-d40d99b4c733,64923646-c2b6-4c9b-a677-e5d5acf57f0e,4acd7c79-a041-4224-be16-1c5c5c9f1844,1635696451893,13.3900101,52.472879,5.5392222,0.49480167,1.2794008,0.7302227,on bike mount,cyclo cross,True,concrete plates,good
aa460e9e-5072-4184-b5d4-d40d99b4c733,64923646-c2b6-4c9b-a677-e5d5acf57f0e,c7eb8f51-c9e0-461e-997a-c2ac97c3feee,1635696451957,13.3900101,52.472879,5.5392222,-1.775292,0.065229416,-0.23501396,on bike mount,cyclo cross,True,concrete plates,good
aa460e9e-5072-4184-b5d4-d40d99b4c733,64923646-c2b6-4c9b-a677-e5d5acf57f0e,e28f0fc6-acf8-40aa-8454-15348eaf63d8,1635696452008,13.3900101,52.472879,5.5392222,0.2187493,-1.7338104,-1.7164831,on bike mount,cyclo cross,True,concrete plates,good
aa460e9e-5072-4184-b5d4-d40d99b4c733,64923646-c2b6-4c9b-a677-e5d5acf57f0e,6f4539a6-96be-4e71-967f-af6abefee90d,1635696452076,13.3900101,52.472879,5.5392222,0.15657955,-4.626488,2.9675703,on bike mount,cyclo cross,True,concrete plates,good
aa460e9e-5072-4184-b5d4-d40d99b4c733,64923646-c2b6-4c9b-a677-e5d5acf57f0e,ab5d3077-df0b-472f-abcb-e131738e24e6,1635696452128,13.3900101,52.472879,5.5392222,-0.1345273,2.0001216,-1.24302,on bike mount,cyclo cross,True,concrete plates,good
aa460e9e-5072-4184-b5d4-d40d99b4c733,64923646-c2b6-4c9b-a677-e5d5acf57f0e,c6afe6b4-aa3b-4f57-ad5f-1756e3a864be,1635696452193,13.3900101,52.472879,5.5392222,-0.6783495,-0.7687502,-1.7219224,on bike mount,cyclo cross,True,concrete plates,good
aa460e9e-5072-4184-b5d4-d40d99b4c733,64923646-c2b6-4c9b-a677-e5d5acf57f0e,d5e55222-15ce-48d9-afd6-aef1dd558b01,1635696452245,13.3900101,52.472879,5.5392222,1.4920208,1.3673105,-3.4215221,on bike mount,cyclo cross,True,concrete plates,good
aa460e9e-5072-4184-b5d4-d40d99b4c733,64923646-c2b6-4c9b-a677-e5d5acf57f0e,6361798c-f09f-452a-afd2-d54e6c2a63e6,1635696452307,13.3900101,52.472879,5.5392222,-0.18399632,-0.0663991,0.6279278,on bike mount,cyclo cross,True,concrete plates,good
aa460e9e-5072-4184-b5d4-d40d99b4c733,64923646-c2b6-4c9b-a677-e5d5acf57f0e,4761c60d-d284-407b-8982-4055456402cc,1635696452358,13.3900101,52.472879,5.5392222,-0.038233876,-2.6608915,-1.0007534,on bike mount,cyclo cross,True,concrete plates,good
aa460e9e-5072-4184-b5d4-d40d99b4c733,64923646-c2b6-4c9b-a677-e5d5acf57f0e,f525c8a0-139c-4e0f-b0f3-e36c8581e624,1635696452409,13.3900101,52.472879,5.5392222,-2.1187081,-0.0861609,2.996172,on bike mount,cyclo cross,True,concrete plates,good
aa460e9e-5072-4184-b5d4-d40d99b4c733,64923646-c2b6-4c9b-a677-e5d5acf57f0e,9e987251-9837-457a-a007-b92f4c5e33ee,1635696452460,13.3900101,52.472879,5.5392222,1.2793875,0.8045254,-1.8406582,on bike mount,cyclo cross,True,concrete plates,good
aa460e9e-5072-4184-b5d4-d40d99b4c733,64923646-c2b6-4c9b-a677-e5d5acf57f0e,534cf57c-3209-495e-831e-f20479bc088c,1635696452527,13.3900101,52.472879,5.5392222,0.23996782,1.0194085,2.268712,on bike mount,cyclo cross,True,concrete plates,good
aa460e9e-5072-4184-b5d4-d40d99b4c733,64923646-c2b6-4c9b-a677-e5d5acf57f0e,ca10e051-2c51-4772-8966-eff17a811c2a,1635696452577,13.3900101,52.472879,5.5392222,-1.4764789,2.7670956,-1.2684331,on bike mount,cyclo cross,True,concrete plates,good
aa460e9e-5072-4184-b5d4-d40d99b4c733,64923646-c2b6-4c9b-a677-e5d5acf57f0e,79cf412d-a38e-4e4e-8d52-d6dd9775415a,1635696452643,13.3900101,52.472879,5.5392222,0.47561616,2.7704077,0.42071438,on bike mount,cyclo cross,True,concrete plates,good
aa460e9e-5072-4184-b5d4-d40d99b4c733,64923646-c2b6-4c9b-a677-e5d5acf57f0e,cfcd2da9-b07c-4898-8a6b-3bd19d9afed8,1635696452697,13.3900357,52.4728293,5.5544944,0.3653564,0.24210787,3.1368866,on bike mount,cyclo cross,True,concrete plates,good
aa460e9e-5072-4184-b5d4-d40d99b4c733,64923646-c2b6-4c9b-a677-e5d5acf57f0e,d3d03351-be8c-47a2-9b8d-4daf4ce16f12,1635696452759,13.3900357,52.4728293,5.5544944,-0.93174404,0.70294046,0.6542988,on bike mount,cyclo cross,True,concrete plates,good
aa460e9e-5072-4184-b5d4-d40d99b4c733,64923646-c2b6-4c9b-a677-e5d5acf57f0e,0859c2c9-87a3-4788-a854-18004755ce8b,1635696452811,13.3900357,52.4728293,5.5544944,-0.022466034,-0.5213485,2.5514822,on bike mount,cyclo cross,True,concrete plates,good
aa460e9e-5072-4184-b5d4-d40d99b4c733,64923646-c2b6-4c9b-a677-e5d5acf57f0e,7d87e9cb-4d17-4037-a47d-54c19c1e6a92,1635696452877,13.3900357,52.4728293,5.5544944,1.6389991,-1.8172183,0.49257946,on bike mount,cyclo cross,True,concrete plates,good
aa460e9e-5072-4184-b5d4-d40d99b4c733,64923646-c2b6-4c9b-a677-e5d5acf57f0e,969f6c08-0529-4ca2-b717-94ac201b1412,1635696452942,13.3900357,52.4728293,5.5544944,0.38470683,0.65434647,-0.41792822,on bike mount,cyclo cross,True,concrete plates,good
aa460e9e-5072-4184-b5d4-d40d99b4c733,64923646-c2b6-4c9b-a677-e5d5acf57f0e,751b8349-b937-4ba2-aa71-1ca9536e6dcf,1635696452993,13.3900357,52.4728293,5.5544944,-1.6033764,1.0924911,-1.0474057,on bike mount,cyclo cross,True,concrete plates,good
aa460e9e-5072-4184-b5d4-d40d99b4c733,64923646-c2b6-4c9b-a677-e5d5acf57f0e,7675f770-8487-414a-8859-01e89648acb3,1635696453044,13.3900357,52.4728293,5.5544944,2.1751645,-5.7787685,3.712057,on bike mount,cyclo cross,True,concrete plates,good
aa460e9e-5072-4184-b5d4-d40d99b4c733,64923646-c2b6-4c9b-a677-e5d5acf57f0e,1ddb61b1-1db8-4710-9e65-ca1bf8fe3e6b,1635696453094,13.3900357,52.4728293,5.5544944,-0.7477951,0.8209505,0.75812244,on bike mount,cyclo cross,True,concrete plates,good
aa460e9e-5072-4184-b5d4-d40d99b4c733,64923646-c2b6-4c9b-a677-e5d5acf57f0e,c7dd3e94-321c-4743-94c0-84e9644e3665,1635696453145,13.3900357,52.4728293,5.5544944,-0.5975659,1.9970412,-2.0342274,on bike mount,cyclo cross,True,concrete plates,good
aa460e9e-5072-4184-b5d4-d40d99b4c733,64923646-c2b6-4c9b-a677-e5d5acf57f0e,c9878968-c4bf-4f45-8284-8572dcef1d37,1635696453195,13.3900357,52.4728293,5.5544944,1.9514954,-3.594558,2.1942434,on bike mount,cyclo cross,True,concrete plates,good
aa460e9e-5072-4184-b5d4-d40d99b4c733,64923646-c2b6-4c9b-a677-e5d5acf57f0e,b8471255-d30f-4e87-bbde-3bfc52a40958,1635696453244,13.3900357,52.4728293,5.5544944,0.6275953,-2.6596851,1.9483128,on bike mount,cyclo cross,True,concrete plates,good
aa460e9e-5072-4184-b5d4-d40d99b4c733,64923646-c2b6-4c9b-a677-e5d5acf57f0e,05bb1a98-adfb-4908-9024-738473f2c8dd,1635696453295,13.3900357,52.4728293,5.5544944,0.13561775,0.030944824,-5.308613,on bike mount,cyclo cross,True,concrete plates,good
aa460e9e-5072-4184-b5d4-d40d99b4c733,64923646-c2b6-4c9b-a677-e5d5acf57f0e,918f647a-ee41-42b2-8409-3ccf7ca3586c,1635696453346,13.3900357,52.4728293,5.5544944,-0.6039314,0.045377016,2.1191673,on bike mount,cyclo cross,True,concrete plates,good
aa460e9e-5072-4184-b5d4-d40d99b4c733,64923646-c2b6-4c9b-a677-e5d5acf57f0e,067dcc21-90d9-4dc4-8d12-581c1e19845a,1635696453414,13.3900357,52.4728293,5.5544944,0.58469677,-0.13523126,-0.21325779,on bike mount,cyclo cross,True,concrete plates,good
aa460e9e-5072-4184-b5d4-d40d99b4c733,64923646-c2b6-4c9b-a677-e5d5acf57f0e,8c1eff42-aeba-4cd2-a8bb-42daf0907e76,1635696453478,13.3900357,52.4728293,5.5544944,0.15548608,1.0787437,0.28517532,on bike mount,cyclo cross,True,concrete plates,good
aa460e9e-5072-4184-b5d4-d40d99b4c733,64923646-c2b6-4c9b-a677-e5d5acf57f0e,cf2f44a5-dbff-44b6-b6ce-95149f8e93e7,1635696453528,13.3900357,52.4728293,5.5544944,-1.2610687,0.5237913,-1.315021,on bike mount,cyclo cross,True,concrete plates,good
aa460e9e-5072-4184-b5d4-d40d99b4c733,d6f25c03-789a-48d2-95ca-206c119094a2,210dbf55-d2f0-403a-aafe-094c48f5cd40,1635696450888,13.3899865,52.4729288,5.5702453,0.9927752,0.9415536,-2.5675154,on bike mount,cyclo cross,True,concrete plates,good
aa460e9e-5072-4184-b5d4-d40d99b4c733,d6f25c03-789a-48d2-95ca-206c119094a2,34b9c0b8-b810-4f1f-a2d8-9d080aa886bd,1635696450937,13.3899865,52.4729288,5.5702453,-3.1911943,-1.7341249,-1.3744354,on bike mount,cyclo cross,True,concrete plates,good
aa460e9e-5072-4184-b5d4-d40d99b4c733,d6f25c03-789a-48d2-95ca-206c119094a2,689fb277-9d3f-4ffc-bedf-6689165b399f,1635696450987,13.3899865,52.4729288,5.5702453,1.1296424,-0.04754901,-2.6226969,on bike mount,cyclo cross,True,concrete plates,good
aa460e9e-5072-4184-b5d4-d40d99b4c733,d6f25c03-789a-48d2-95ca-206c119094a2,d9406b30-78a1-477d-9a18-d159fb684f6e,1635696451039,13.3899865,52.4729288,5.5702453,-1.6035221,2.0669384,0.33434677,on bike mount,cyclo cross,True,concrete plates,good
aa460e9e-5072-4184-b5d4-d40d99b4c733,d6f25c03-789a-48d2-95ca-206c119094a2,77cb827e-2ed9-4d39-9881-3e1d7568c597,1635696451106,13.3899865,52.4729288,5.5702453,0.20871353,0.6988182,-3.5540657,on bike mount,cyclo cross,True,concrete plates,good
aa460e9e-5072-4184-b5d4-d40d99b4c733,d6f25c03-789a-48d2-95ca-206c119094a2,b38a8c09-5551-48aa-9861-ef72e883d441,1635696451156,13.3899865,52.4729288,5.5702453,0.17996109,1.7349625,1.2708111,on bike mount,cyclo cross,True,concrete plates,good
aa460e9e-5072-4184-b5d4-d40d99b4c733,d6f25c03-789a-48d2-95ca-206c119094a2,883b81c4-e150-4423-baa0-276a14e54e17,1635696451221,13.3899865,52.4729288,5.5702453,0.48367143,1.5960741,1.6609697,on bike mount,cyclo cross,True,concrete plates,good
aa460e9e-5072-4184-b5d4-d40d99b4c733,d6f25c03-789a-48d2-95ca-206c119094a2,a79beaad-a2b0-4859-92c2-b872dc66dd82,1635696451272,13.3899865,52.4729288,5.5702453,0.4838897,-1.6827772,-1.6903777,on bike mount,cyclo cross,True,concrete plates,good
aa460e9e-5072-4184-b5d4-d40d99b4c733,d6f25c03-789a-48d2-95ca-206c119094a2,87af7670-76b8-4cd8-99d1-47302910f8c3,1635696451323,13.3899865,52.4729288,5.5702453,-0.66004956,0.82647085,1.6887522,on bike mount,cyclo cross,True,concrete plates,good
aa460e9e-5072-4184-b5d4-d40d99b4c733,d6f25c03-789a-48d2-95ca-206c119094a2,f496e666-4d04-4d01-90e1-fe6df6e44a61,1635696451375,13.3899865,52.4729288,5.5702453,-0.6810465,1.5279503,-2.1069932,on bike mount,cyclo cross,True,concrete plates,good
aa460e9e-5072-4184-b5d4-d40d99b4c733,d6f25c03-789a-48d2-95ca-206c119094a2,be8bf3ef-c055-4408-84bc-2a3cf18cbbff,1635696451438,13.3899865,52.4729288,5.5702453,-0.99236834,-0.7971071,-0.31496334,on bike mount,cyclo cross,True,concrete plates,good
aa460e9e-5072-4184-b5d4-d40d99b4c733,d6f25c03-789a-48d2-95ca-206c119094a2,5bc36473-7621-4403-807e-5c340f9d13c6,1635696451489,13.3899865,52.4729288,5.5702453,-0.6973915,-2.5262022,1.9611397,on bike mount,cyclo cross,True,concrete plates,good
aa460e9e-5072-4184-b5d4-d40d99b4c733,d6f25c03-789a-48d2-95ca-206c119094a2,130b8299-3693-4665-9ad2-7c1544bbc6aa,1635696451539,13.3899865,52.4729288,5.5702453,-0.9626233,-0.88218665,1.2286797,on bike mount,cyclo cross,True,concrete plates,good
aa460e9e-5072-4184-b5d4-d40d99b4c733,d6f25c03-789a-48d2-95ca-206c119094a2,9887a01f-340b-4b33-84bc-0579a9f42a16,1635696451589,13.3899865,52.4729288,5.5702453,1.0316397,1.3602245,-0.75369453,on bike mount,cyclo cross,True,concrete plates,good
aa460e9e-5072-4184-b5d4-d40d99b4c733,d6f25c03-789a-48d2-95ca-206c119094a2,82fcecf0-706e-45a1-970f-07cd90324a8c,1635696451642,13.3899865,52.4729288,5.5702453,0.9115383,3.8682075,2.1312819,on bike mount,cyclo cross,True,concrete plates,good
aa460e9e-5072-4184-b5d4-d40d99b4c733,d6f25c03-789a-48d2-95ca-206c119094a2,5944ad3c-8ac8-4784-b894-c1a65c519ce7,1635696451705,13.3900101,52.472879,5.5392222,1.0810488,2.6330504,2.0558949,on bike mount,cyclo cross,True,concrete plates,good
aa460e9e-5072-4184-b5d4-d40d99b4c733,d6f25c03-789a-48d2-95ca-206c119094a2,f4ed19cb-938f-43a1-add0-062fc31f857f,1635696451756,13.3900101,52.472879,5.5392222,-0.80929327,-2.4146695,0.7222061,on bike mount,cyclo cross,True,concrete plates,good
aa460e9e-5072-4184-b5d4-d40d99b4c733,d6f25c03-789a-48d2-95ca-206c119094a2,8f359b88-5db0-45eb-9d60-c79ec16fc1f6,1635696451806,13.3900101,52.472879,5.5392222,-0.21790107,1.0023589,0.8124933,on bike mount,cyclo cross,True,concrete plates,good
aa460e9e-5072-4184-b5d4-d40d99b4c733,d6f25c03-789a-48d2-95ca-206c119094a2,2a9e77a0-def6-4b6a-bd24-a35b57d99180,1635696451856,13.3900101,52.472879,5.5392222,0.88200486,-1.5320653,0.62734413,on bike mount,cyclo cross,True,concrete plates,good
aa460e9e-5072-4184-b5d4-d40d99b4c733,d6f25c03-789a-48d2-95ca-206c119094a2,c8042f46-9aa9-47d7-b6f3-fb5a585b6767,1635696451906,13.3900101,52.472879,5.5392222,0.6540098,-0.9590478,-0.9205532,on bike mount,cyclo cross,True,concrete plates,good
aa460e9e-5072-4184-b5d4-d40d99b4c733,d6f25c03-789a-48d2-95ca-206c119094a2,b379a2da-80c9-4574-a109-5f85c00b4b00,1635696451957,13.3900101,52.472879,5.5392222,-1.775292,0.065229416,-0.23501396,on bike mount,cyclo cross,True,concrete plates,good
aa460e9e-5072-4184-b5d4-d40d99b4c733,d6f25c03-789a-48d2-95ca-206c119094a2,8918ffe9-48b3-428c-85d2-421e190abdee,1635696452009,13.3900101,52.472879,5.5392222,0.2187493,-1.7338104,-1.7164831,on bike mount,cyclo cross,True,concrete plates,good
aa460e9e-5072-4184-b5d4-d40d99b4c733,d6f25c03-789a-48d2-95ca-206c119094a2,9b2b3170-1dab-4f0d-a738-8c8f23556cee,1635696452076,13.3900101,52.472879,5.5392222,0.15657955,-4.626488,2.9675703,on bike mount,cyclo cross,True,concrete plates,good
aa460e9e-5072-4184-b5d4-d40d99b4c733,d6f25c03-789a-48d2-95ca-206c119094a2,4fb96a78-ab44-4d70-a367-6a3d7953b2ab,1635696452125,13.3900101,52.472879,5.5392222,0.4257096,-1.1496501,-0.16042995,on bike mount,cyclo cross,True,concrete plates,good
aa460e9e-5072-4184-b5d4-d40d99b4c733,d6f25c03-789a-48d2-95ca-206c119094a2,1d9a8861-35f6-449e-9b27-214dd56f1f85,1635696452175,13.3900101,52.472879,5.5392222,-0.5463449,5.5244365,-2.4796052,on bike mount,cyclo cross,True,concrete plates,good
aa460e9e-5072-4184-b5d4-d40d99b4c733,d6f25c03-789a-48d2-95ca-206c119094a2,9a2c8f08-ff67-4e6e-abd9-e36890e37431,1635696452226,13.3900101,52.472879,5.5392222,0.5069239,0.675498,1.6269665,on bike mount,cyclo cross,True,concrete plates,good
aa460e9e-5072-4184-b5d4-d40d99b4c733,d6f25c03-789a-48d2-95ca-206c119094a2,7004ac0e-2184-435c-a6c6-63ba3618fcc0,1635696452295,13.3900101,52.472879,5.5392222,0.107659996,1.690804,0.7101526,on bike mount,cyclo cross,True,concrete plates,good
aa460e9e-5072-4184-b5d4-d40d99b4c733,d6f25c03-789a-48d2-95ca-206c119094a2,bc6a2ff3-039d-4538-ae23-1aece1f80ad1,1635696452358,13.3900101,52.472879,5.5392222,-0.038233876,-2.6608915,-1.0007534,on bike mount,cyclo cross,True,concrete plates,good
aa460e9e-5072-4184-b5d4-d40d99b4c733,d6f25c03-789a-48d2-95ca-206c119094a2,d25ba07a-7f21-4684-b67c-4a635539c84c,1635696452409,13.3900101,52.472879,5.5392222,-2.1187081,-0.0861609,2.996172,on bike mount,cyclo cross,True,concrete plates,good
aa460e9e-5072-4184-b5d4-d40d99b4c733,d6f25c03-789a-48d2-95ca-206c119094a2,38600d69-ecee-47d2-9b47-182b0cd86059,1635696452460,13.3900101,52.472879,5.5392222,1.2793875,0.8045254,-1.8406582,on bike mount,cyclo cross,True,concrete plates,good
aa460e9e-5072-4184-b5d4-d40d99b4c733,d6f25c03-789a-48d2-95ca-206c119094a2,ea34a25f-84a3-42ab-869a-da45cf4005e4,1635696452526,13.3900101,52.472879,5.5392222,0.23996782,1.0194085,2.268712,on bike mount,cyclo cross,True,concrete plates,good
aa460e9e-5072-4184-b5d4-d40d99b4c733,d6f25c03-789a-48d2-95ca-206c119094a2,808d776d-1d4d-40dd-8505-ad4e3c06127c,1635696452575,13.3900101,52.472879,5.5392222,-0.7339737,7.206661,-0.550107,on bike mount,cyclo cross,True,concrete plates,good
aa460e9e-5072-4184-b5d4-d40d99b4c733,d6f25c03-789a-48d2-95ca-206c119094a2,0b78cc87-b821-4f6c-b2ed-9853ba370d10,1635696452627,13.3900101,52.472879,5.5392222,-0.70062476,3.1437259,-0.99927425,on bike mount,cyclo cross,True,concrete plates,good
aa460e9e-5072-4184-b5d4-d40d99b4c733,d6f25c03-789a-48d2-95ca-206c119094a2,a9ebe286-3f15-4a4e-9287-d506b2f099b8,1635696452695,13.3900101,52.472879,5.5392222,0.2626617,1.8417299,1.4693356,on bike mount,cyclo cross,True,concrete plates,good
aa460e9e-5072-4184-b5d4-d40d99b4c733,d6f25c03-789a-48d2-95ca-206c119094a2,7ea729ba-38b6-4429-8714-2e46884d37cb,1635696452758,13.3900357,52.4728293,5.5544944,-0.93174404,0.70294046,0.6542988,on bike mount,cyclo cross,True,concrete plates,good
aa460e9e-5072-4184-b5d4-d40d99b4c733,d6f25c03-789a-48d2-95ca-206c119094a2,73bce257-5c7c-421b-864d-7377c271c386,1635696452808,13.3900357,52.4728293,5.5544944,0.0651751,-1.266931,2.1743774,on bike mount,cyclo cross,True,concrete plates,good
aa460e9e-5072-4184-b5d4-d40d99b4c733,d6f25c03-789a-48d2-95ca-206c119094a2,a475b926-a954-42a1-ba8d-bb1c4f790db0,1635696452859,13.3900357,52.4728293,5.5544944,0.45929325,-1.632889,-1.0058732,on bike mount,cyclo cross,True,concrete plates,good
aa460e9e-5072-4184-b5d4-d40d99b4c733,d6f25c03-789a-48d2-95ca-206c119094a2,fcdc7ae2-1f36-4266-bd84-7d97d310b851,1635696452910,13.3900357,52.4728293,5.5544944,0.48667535,0.94526005,0.90997887,on bike mount,cyclo cross,True,concrete plates,good
aa460e9e-5072-4184-b5d4-d40d99b4c733,d6f25c03-789a-48d2-95ca-206c119094a2,1ca5e454-09e2-49ad-807f-cf24dda880a1,1635696452975,13.3900357,52.4728293,5.5544944,-2.2502942,0.18317008,0.6125097,on bike mount,cyclo cross,True,concrete plates,good
aa460e9e-5072-4184-b5d4-d40d99b4c733,d6f25c03-789a-48d2-95ca-206c119094a2,0bf6391d-bfaf-4954-8d72-fbf87d01c3e1,1635696453026,13.3900357,52.4728293,5.5544944,1.099376,2.4944038,-4.432888,on bike mount,cyclo cross,True,concrete plates,good
aa460e9e-5072-4184-b5d4-d40d99b4c733,d6f25c03-789a-48d2-95ca-206c119094a2,1a2ef73c-1afe-47aa-ae7a-cbfef66c0025,1635696453075,13.3900357,52.4728293,5.5544944,1.5388147,0.3801055,-2.690515,on bike mount,cyclo cross,True,concrete plates,good
aa460e9e-5072-4184-b5d4-d40d99b4c733,d6f25c03-789a-48d2-95ca-206c119094a2,083e0e7d-4e51-4b0e-9ce7-7069c32a3aa6,1635696453125,13.3900357,52.4728293,5.5544944,1.3054814,-1.6346102,1.0197325,on bike mount,cyclo cross,True,concrete plates,good
aa460e9e-5072-4184-b5d4-d40d99b4c733,d6f25c03-789a-48d2-95ca-206c119094a2,6b5ddb1b-7168-44c6-80f0-ac4f7dfd8591,1635696453178,13.3900357,52.4728293,5.5544944,-0.26539925,0.13408446,-1.1989756,on bike mount,cyclo cross,True,concrete plates,good
aa460e9e-5072-4184-b5d4-d40d99b4c733,d6f25c03-789a-48d2-95ca-206c119094a2,ab0332a6-bcca-4b3d-ad9d-acdbf6833aee,1635696453227,13.3900357,52.4728293,5.5544944,1.4033628,2.8610015,-1.2238736,on bike mount,cyclo cross,True,concrete plates,good
aa460e9e-5072-4184-b5d4-d40d99b4c733,d6f25c03-789a-48d2-95ca-206c119094a2,5a666697-7c27-4c03-b2cf-5bf461fdbc84,1635696453277,13.3900357,52.4728293,5.5544944,-0.44688493,1.291549,-4.6856985,on bike mount,cyclo cross,True,concrete plates,good
aa460e9e-5072-4184-b5d4-d40d99b4c733,d6f25c03-789a-48d2-95ca-206c119094a2,d6918a12-bc4a-44ff-ba85-be442875111a,1635696453327,13.3900357,52.4728293,5.5544944,-2.0466526,3.233511,3.9943104,on bike mount,cyclo cross,True,concrete plates,good
aa460e9e-5072-4184-b5d4-d40d99b4c733,d6f25c03-789a-48d2-95ca-206c119094a2,c9931253-5a79-4102-95e2-7c5f57457872,1635696453378,13.3900357,52.4728293,5.5544944,0.9554991,-2.2390802,1.0832205,on bike mount,cyclo cross,True,concrete plates,good
aa460e9e-5072-4184-b5d4-d40d99b4c733,d6f25c03-789a-48d2-95ca-206c119094a2,d4c681df-3972-48fb-b2e1-4ca23bcd9cec,1635696453427,13.3900357,52.4728293,5.5544944,0.1595379,1.4110193,-2.5040808,on bike mount,cyclo cross,True,concrete plates,good
aa460e9e-5072-4184-b5d4-d40d99b4c733,d6f25c03-789a-48d2-95ca-206c119094a2,9db6354a-36e5-4b44-9f27-a3d42edc191e,1635696453479,13.3900357,52.4728293,5.5544944,0.15548608,1.0787437,0.28517532,on bike mount,cyclo cross,True,concrete plates,good
aa460e9e-5072-4184-b5d4-d40d99b4c733,d6f25c03-789a-48d2-95ca-206c119094a2,2798b364-a0d2-4ddd-bd78-f3bab541f1b3,1635696453545,13.3900357,52.4728293,5.5544944,0.29250976,0.58192754,-1.6207118,on bike mount,cyclo cross,True,concrete plates,good
aa460e9e-5072-4184-b5d4-d40d99b4c733,d6f25c03-789a-48d2-95ca-206c119094a2,f626c2da-f578-4a21-8be0-a295319146bc,1635696453617,13.3900357,52.4728293,5.5544944,0.71252155,0.92181444,0.948719,on bike mount,cyclo cross,True,concrete plates,good
aa460e9e-5072-4184-b5d4-d40d99b4c733,d6f25c03-789a-48d2-95ca-206c119094a2,5c637a34-a1ba-48f9-9e7e-20a631b808c5,1635696453680,13.3900357,52.4728293,5.5544944,0.54446834,0.90375185,-0.32855225,on bike mount,cyclo cross,True,concrete plates,good
aa460e9e-5072-4184-b5d4-d40d99b4c733,d6f25c03-789a-48d2-95ca-206c119094a2,128bc489-7ba8-4f1a-ad7e-c14846f0a650,1635696453730,13.3900659,52.4727788,5.680155,-0.21053548,-0.1374619,0.86499596,on bike mount,cyclo cross,True,concrete plates,good
aa460e9e-5072-4184-b5d4-d40d99b4c733,d6f25c03-789a-48d2-95ca-206c119094a2,fb26b89a-2efb-46b5-a879-3e6ce199e90d,1635696453796,13.3900659,52.4727788,5.680155,0.0033771098,2.9608293,0.32652187,on bike mount,cyclo cross,True,concrete plates,good
aa460e9e-5072-4184-b5d4-d40d99b4c733,d6f25c03-789a-48d2-95ca-206c119094a2,0ea923ed-875c-44e8-91d8-030b3109257d,1635696453847,13.3900659,52.4727788,5.680155,-0.29956704,-1.2266948,2.3318424,on bike mount,cyclo cross,True,concrete plates,good
aa460e9e-5072-4184-b5d4-d40d99b4c733,d6f25c03-789a-48d2-95ca-206c119094a2,36042689-0ec0-4013-a1c9-b482225354f5,1635696453913,13.3900659,52.4727788,5.680155,0.42498636,0.30371428,0.42787838,on bike mount,cyclo cross,True,concrete plates,good
aa460e9e-5072-4184-b5d4-d40d99b4c733,d6f25c03-789a-48d2-95ca-206c119094a2,ed15da8f-b822-4506-a2d5-f3f18f9fa87f,1635696453967,13.3900659,52.4727788,5.680155,-0.7924089,-2.2052255,-0.26022148,on bike mount,cyclo cross,True,concrete plates,good
aa460e9e-5072-4184-b5d4-d40d99b4c733,d6f25c03-789a-48d2-95ca-206c119094a2,52e6c8db-457a-4966-bf69-85872f8eaaf2,1635696454027,13.3900659,52.4727788,5.680155,0.26616657,1.0932302,-0.9680004,on bike mount,cyclo cross,True,concrete plates,good
aa460e9e-5072-4184-b5d4-d40d99b4c733,d6f25c03-789a-48d2-95ca-206c119094a2,af4bdbac-abfb-40e2-8f00-53b06b0f4e55,1635696454078,13.3900659,52.4727788,5.680155,-1.6917611,-0.44667912,0.48287296,on bike mount,cyclo cross,True,concrete plates,good
aa460e9e-5072-4184-b5d4-d40d99b4c733,d6f25c03-789a-48d2-95ca-206c119094a2,5a1f110b-0417-44c1-8c54-7127804f3ee6,1635696454128,13.3900659,52.4727788,5.680155,0.6602118,2.142257,-0.58915234,on bike mount,cyclo cross,True,concrete plates,good
aa460e9e-5072-4184-b5d4-d40d99b4c733,d6f25c03-789a-48d2-95ca-206c119094a2,e7bd8735-bf50-40e2-8109-1e22e38e0b10,1635696454179,13.3900659,52.4727788,5.680155,0.7595329,-0.3074112,1.8984756,on bike mount,cyclo cross,True,concrete plates,good
aa460e9e-5072-4184-b5d4-d40d99b4c733,d6f25c03-789a-48d2-95ca-206c119094a2,6c101e60-2600-44ca-9a5f-9ed3f8e277c1,1635696454230,13.3900659,52.4727788,5.680155,-1.1655024,1.4309797,-1.7249451,on bike mount,cyclo cross,True,concrete plates,good
aa460e9e-5072-4184-b5d4-d40d99b4c733,d6f25c03-789a-48d2-95ca-206c119094a2,59bd4e0b-ebcb-4426-847e-26f8e0bb870a,1635696454279,13.3900659,52.4727788,5.680155,0.73890954,-1.326727,0.7590418,on bike mount,cyclo cross,True,concrete plates,good
aa460e9e-5072-4184-b5d4-d40d99b4c733,d6f25c03-789a-48d2-95ca-206c119094a2,f2ca2454-6225-45c5-bd99-93853754f3ec,1635696454330,13.3900659,52.4727788,5.680155,0.39060432,-2.6622696,0.18994713,on bike mount,cyclo cross,True,concrete plates,good
aa460e9e-5072-4184-b5d4-d40d99b4c733,d6f25c03-789a-48d2-95ca-206c119094a2,eea4e2f3-932b-4b33-b981-0613038ca937,1635696454380,13.3900659,52.4727788,5.680155,-1.258517,0.2591982,1.5408573,on bike mount,cyclo cross,True,concrete plates,good
aa460e9e-5072-4184-b5d4-d40d99b4c733,d6f25c03-789a-48d2-95ca-206c119094a2,971a204e-2cc7-4b9a-b50f-b00b124a4fac,1635696454431,13.3900659,52.4727788,5.680155,0.07007785,-0.46577525,1.0712795,on bike mount,cyclo cross,True,concrete plates,good
aa460e9e-5072-4184-b5d4-d40d99b4c733,d6f25c03-789a-48d2-95ca-206c119094a2,e07a67bb-85ab-4eb8-b3fc-3ebd4654efaf,1635696454497,13.3900659,52.4727788,5.680155,1.62884,0.26894093,-5.774368,on bike mount,cyclo cross,True,concrete plates,good
aa460e9e-5072-4184-b5d4-d40d99b4c733,d6f25c03-789a-48d2-95ca-206c119094a2,622fc607-8206-44dc-aa25-4efaaa0deef4,1635696454551,13.3900659,52.4727788,5.680155,-0.5532847,0.20255661,0.88075733,on bike mount,cyclo cross,True,concrete plates,good
aa460e9e-5072-4184-b5d4-d40d99b4c733,d6f25c03-789a-48d2-95ca-206c119094a2,c630167f-815b-44d9-b7c8-e36ebe4e7ba0,1635696454617,13.3900659,52.4727788,5.680155,0.602929,-0.519187,2.216179,on bike mount,cyclo cross,True,concrete plates,good
aa460e9e-5072-4184-b5d4-d40d99b4c733,d6f25c03-789a-48d2-95ca-206c119094a2,f3c2eabb-ee1d-4b57-a36c-89c80eef336e,1635696454685,13.3900659,52.4727788,5.680155,-0.23236871,4.0441093,0.23376465,on bike mount,cyclo cross,True,concrete plates,good
aa460e9e-5072-4184-b5d4-d40d99b4c733,d6f25c03-789a-48d2-95ca-206c119094a2,ea54b193-7253-40cc-a0a0-1a999e3a74f4,1635696454747,13.3900978,52.4727297,5.768595,1.0615637,0.27345634,3.318882,on bike mount,cyclo cross,True,concrete plates,good
aa460e9e-5072-4184-b5d4-d40d99b4c733,d6f25c03-789a-48d2-95ca-206c119094a2,35d3819d-0a5f-4aab-8fb0-73d4c03e1787,1635696454798,13.3900978,52.4727297,5.768595,-1.0358117,0.65654826,2.9854631,on bike mount,cyclo cross,True,concrete plates,good
aa460e9e-5072-4184-b5d4-d40d99b4c733,d6f25c03-789a-48d2-95ca-206c119094a2,1346ac64-f1f2-4bcc-a462-89e2781c372e,1635696454849,13.3900978,52.4727297,5.768595,0.32310155,0.41725993,-2.8368902,on bike mount,cyclo cross,True,concrete plates,good
aa460e9e-5072-4184-b5d4-d40d99b4c733,d6f25c03-789a-48d2-95ca-206c119094a2,3c271717-74b6-4420-81f7-7f62f797e65b,1635696454915,13.3900978,52.4727297,5.768595,0.4535093,-0.45523262,-3.1805797,on bike mount,cyclo cross,True,concrete plates,good
aa460e9e-5072-4184-b5d4-d40d99b4c733,d6f25c03-789a-48d2-95ca-206c119094a2,51d352a9-535d-4de3-84cc-85ee5d2bcc65,1635696454966,13.3900978,52.4727297,5.768595,-1.7117416,-3.0735593,5.049964,on bike mount,cyclo cross,True,concrete plates,good
aa460e9e-5072-4184-b5d4-d40d99b4c733,d6f25c03-789a-48d2-95ca-206c119094a2,5f940b3d-b1c9-49f6-a5c7-898b8e4da525,1635696455031,13.3900978,52.4727297,5.768595,1.8414419,-0.52412605,2.54317,on bike mount,cyclo cross,True,concrete plates,good
aa460e9e-5072-4184-b5d4-d40d99b4c733,d6f25c03-789a-48d2-95ca-206c119094a2,64706edd-664e-4a0d-8ea9-c5f8e9706594,1635696455084,13.3900978,52.4727297,5.768595,0.8212739,-3.1642342,2.6633654,on bike mount,cyclo cross,True,concrete plates,good
aa460e9e-5072-4184-b5d4-d40d99b4c733,d6f25c03-789a-48d2-95ca-206c119094a2,b36a605d-00c4-43a9-ab9b-b3c4ca404b25,1635696455149,13.3900978,52.4727297,5.768595,2.3046627,0.6858258,-0.3747716,on bike mount,cyclo cross,True,concrete plates,good
aa460e9e-5072-4184-b5d4-d40d99b4c733,d6f25c03-789a-48d2-95ca-206c119094a2,fe0e7547-21fe-4f43-9e57-9bfc46501540,1635696455200,13.3900978,52.4727297,5.768595,-0.4651087,0.37391973,0.59819126,on bike mount,cyclo cross,True,concrete plates,good
aa460e9e-5072-4184-b5d4-d40d99b4c733,d6f25c03-789a-48d2-95ca-206c119094a2,b40ef35a-9a91-4bb6-9bc1-5167ea7edbf0,1635696455251,13.3900978,52.4727297,5.768595,-1.3905029,-2.7439725,0.44646358,on bike mount,cyclo cross,True,concrete plates,good
aa460e9e-5072-4184-b5d4-d40d99b4c733,d6f25c03-789a-48d2-95ca-206c119094a2,e8d7832a-364e-4155-ade3-3b940ebceff6,1635696455315,13.3900978,52.4727297,5.768595,-1.2165155,-0.31620884,1.3592205,on bike mount,cyclo cross,True,concrete plates,good
aa460e9e-5072-4184-b5d4-d40d99b4c733,d6f25c03-789a-48d2-95ca-206c119094a2,ffadb17d-afde-4840-ba3f-89c3d29fafeb,1635696455365,13.3900978,52.4727297,5.768595,0.014044017,-1.2918853,-1.5436115,on bike mount,cyclo cross,True,concrete plates,good
aa460e9e-5072-4184-b5d4-d40d99b4c733,d6f25c03-789a-48d2-95ca-206c119094a2,05acee88-2f5b-4ac5-9b32-c405a7dd1b82,1635696455416,13.3900978,52.4727297,5.768595,0.45789045,0.73415804,0.45928383,on bike mount,cyclo cross,True,concrete plates,good
aa460e9e-5072-4184-b5d4-d40d99b4c733,d6f25c03-789a-48d2-95ca-206c119094a2,1dda0dec-ffdd-4ba3-b43c-080091ad4675,1635696455467,13.3900978,52.4727297,5.768595,-0.55939144,0.23267865,4.263709,on bike mount,cyclo cross,True,concrete plates,good
aa460e9e-5072-4184-b5d4-d40d99b4c733,d6f25c03-789a-48d2-95ca-206c119094a2,c4c7ca25-99bf-4d70-9a1e-98e7ad254d95,1635696455516,13.3900978,52.4727297,5.768595,-0.38571241,0.44172955,-1.7408304,on bike mount,cyclo cross,True,concrete plates,good
aa460e9e-5072-4184-b5d4-d40d99b4c733,d6f25c03-789a-48d2-95ca-206c119094a2,d87754f5-8b63-4d2b-82e8-9e8a1a6f82d6,1635696455567,13.3900978,52.4727297,5.768595,-1.6846318,0.07585645,-4.7780037,on bike mount,cyclo cross,True,concrete plates,good
aa460e9e-5072-4184-b5d4-d40d99b4c733,d6f25c03-789a-48d2-95ca-206c119094a2,be3b3e3b-ec40-40bc-9f0f-7aa414f0cb84,1635696455619,13.3900978,52.4727297,5.768595,0.1325633,-0.9052906,-0.09452534,on bike mount,cyclo cross,True,concrete plates,good
aa460e9e-5072-4184-b5d4-d40d99b4c733,d6f25c03-789a-48d2-95ca-206c119094a2,674108c3-e24b-4673-8643-24ac172434c4,1635696455705,13.3900978,52.4727297,5.768595,1.2608967,-4.3783555,0.7967272,on bike mount,cyclo cross,True,concrete plates,good
aa460e9e-5072-4184-b5d4-d40d99b4c733,d6f25c03-789a-48d2-95ca-206c119094a2,860e9341-e04a-4da2-8d28-869c8e80d5ec,1635696455766,13.3901272,52.472678,5.8699985,-0.5141307,0.18563843,-1.280262,on bike mount,cyclo cross,True,concrete plates,good
aa460e9e-5072-4184-b5d4-d40d99b4c733,d6f25c03-789a-48d2-95ca-206c119094a2,cbb7472f-998d-41b5-8130-1e51d6c7c8c9,1635696455816,13.3901272,52.472678,5.8699985,0.47924155,1.269763,-0.6085186,on bike mount,cyclo cross,True,concrete plates,good
aa460e9e-5072-4184-b5d4-d40d99b4c733,d6f25c03-789a-48d2-95ca-206c119094a2,59da9b32-6816-441c-8af9-f0a3319bfceb,1635696455869,13.3901272,52.472678,5.8699985,0.25411856,-2.0396962,2.4841185,on bike mount,cyclo cross,True,concrete plates,good
aa460e9e-5072-4184-b5d4-d40d99b4c733,d6f25c03-789a-48d2-95ca-206c119094a2,ace0112b-6526-4341-9f06-2a8554ebd8a3,1635696455935,13.3901272,52.472678,5.8699985,-1.5242828,-0.22711325,-1.6873522,on bike mount,cyclo cross,True,concrete plates,good
aa460e9e-5072-4184-b5d4-d40d99b4c733,d6f25c03-789a-48d2-95ca-206c119094a2,b8abf1d4-533a-4797-bf68-8eb8945bc9ae,1635696456000,13.3901272,52.472678,5.8699985,-1.1166785,0.76511073,-0.6071558,on bike mount,cyclo cross,True,concrete plates,good
aa460e9e-5072-4184-b5d4-d40d99b4c733,d6f25c03-789a-48d2-95ca-206c119094a2,02a582ee-c5d2-4767-a27b-b2db6adb3dbb,1635696456050,13.3901272,52.472678,5.8699985,0.27100354,-1.5039272,0.8803091,on bike mount,cyclo cross,True,concrete plates,good
aa460e9e-5072-4184-b5d4-d40d99b4c733,d6f25c03-789a-48d2-95ca-206c119094a2,2b3e884a-ccf4-4f4e-a900-16ad825a210b,1635696456100,13.3901272,52.472678,5.8699985,1.0587862,1.2078364,0.37832355,on bike mount,cyclo cross,True,concrete plates,good
aa460e9e-5072-4184-b5d4-d40d99b4c733,d6f25c03-789a-48d2-95ca-206c119094a2,ae3137df-e9a8-4967-91a7-7b026bc30d4d,1635696456152,13.3901272,52.472678,5.8699985,0.37625605,-2.3349724,0.50882053,on bike mount,cyclo cross,True,concrete plates,good
aa460e9e-5072-4184-b5d4-d40d99b4c733,d6f25c03-789a-48d2-95ca-206c119094a2,06e916e0-354d-43bb-bddc-fdc1d0280456,1635696456218,13.3901272,52.472678,5.8699985,0.35120946,-0.042049408,-3.0710263,on bike mount,cyclo cross,True,concrete plates,good
aa460e9e-5072-4184-b5d4-d40d99b4c733,d6f25c03-789a-48d2-95ca-206c119094a2,40909f42-27b5-4a3a-8b35-55ebff1fd252,1635696456270,13.3901272,52.472678,5.8699985,0.7591914,1.1144466,0.96597385,on bike mount,cyclo cross,True,concrete plates,good
aa460e9e-5072-4184-b5d4-d40d99b4c733,d6f25c03-789a-48d2-95ca-206c119094a2,28623506-3c78-4088-aff5-42af3483f511,1635696456322,13.3901272,52.472678,5.8699985,-0.96612674,0.54203725,-1.1730814,on bike mount,cyclo cross,True,concrete plates,good
aa460e9e-5072-4184-b5d4-d40d99b4c733,d6f25c03-789a-48d2-95ca-206c119094a2,de215168-fa4b-433b-82c1-ef090621dfdf,1635696456384,13.3901272,52.472678,5.8699985,-0.33304402,0.20729566,1.458909,on bike mount,cyclo cross,True,concrete plates,good
aa460e9e-5072-4184-b5d4-d40d99b4c733,d6f25c03-789a-48d2-95ca-206c119094a2,c42dcd64-a3f5-43d2-bfb2-ec92c50adaa8,1635696456434,13.3901272,52.472678,5.8699985,0.34091142,2.1103885,2.9110317,on bike mount,cyclo cross,True,concrete plates,good
aa460e9e-5072-4184-b5d4-d40d99b4c733,d6f25c03-789a-48d2-95ca-206c119094a2,6faee027-42b3-4e62-836e-55adff674667,1635696456485,13.3901272,52.472678,5.8699985,-1.4554317,-1.1852845,2.889719,on bike mount,cyclo cross,True,concrete plates,good
aa460e9e-5072-4184-b5d4-d40d99b4c733,d6f25c03-789a-48d2-95ca-206c119094a2,807b0fb8-b66b-4cf2-b314-e5d8d0e0c1d0,1635696456536,13.3901272,52.472678,5.8699985,0.3496111,-1.4524465,-1.4501905,on bike mount,cyclo cross,True,concrete plates,good
aa460e9e-5072-4184-b5d4-d40d99b4c733,d6f25c03-789a-48d2-95ca-206c119094a2,28c7d1cb-7c3a-47bf-9cd5-384d1be9c69b,1635696456588,13.3901272,52.472678,5.8699985,-1.2502232,1.230473,0.58989525,on bike mount,cyclo cross,True,concrete plates,good
aa460e9e-5072-4184-b5d4-d40d99b4c733,d6f25c03-789a-48d2-95ca-206c119094a2,8b8b8303-76d5-4d3d-afad-f197c0c879c4,1635696456651,13.3901272,52.472678,5.8699985,-0.20443442,2.4509854,-0.006567955,on bike mount,cyclo cross,True,concrete plates,good
aa460e9e-5072-4184-b5d4-d40d99b4c733,d6f25c03-789a-48d2-95ca-206c119094a2,c7e2b6c8-7f85-4e3b-8ad3-f4d942bc43ff,1635696456702,13.3901566,52.4726266,5.959799,0.15139842,0.36612034,-0.33384228,on bike mount,cyclo cross,True,concrete plates,good
aa460e9e-5072-4184-b5d4-d40d99b4c733,d6f25c03-789a-48d2-95ca-206c119094a2,080efb53-d62c-4810-8fcb-b6308bf1e3f8,1635696456753,13.3901566,52.4726266,5.959799,-1.9391189,0.44720197,2.0956745,on bike mount,cyclo cross,True,concrete plates,good
aa460e9e-5072-4184-b5d4-d40d99b4c733,d6f25c03-789a-48d2-95ca-206c119094a2,629ebd07-0b88-46ac-9992-ad95e57b8442,1635696456802,13.3901566,52.4726266,5.959799,0.7495489,-2.0307293,2.7420588,on bike mount,cyclo cross,True,concrete plates,good
aa460e9e-5072-4184-b5d4-d40d99b4c733,d6f25c03-789a-48d2-95ca-206c119094a2,dc10db1f-e4ae-4fac-bf1b-9320566cea16,1635696456855,13.3901566,52.4726266,5.959799,1.3397597,3.5640974,-2.8004103,on bike mount,cyclo cross,True,concrete plates,good
aa460e9e-5072-4184-b5d4-d40d99b4c733,d6f25c03-789a-48d2-95ca-206c119094a2,1c36c838-0433-4d52-bf19-4d4526a7fb9e,1635696456920,13.3901566,52.4726266,5.959799,0.5686018,1.4786248,-0.97441006,on bike mount,cyclo cross,True,concrete plates,good
aa460e9e-5072-4184-b5d4-d40d99b4c733,d6f25c03-789a-48d2-95ca-206c119094a2,b082ff3f-ed20-4402-b984-f7d1cfdf820d,1635696456971,13.3901566,52.4726266,5.959799,1.7887379,1.3174272,4.654647,on bike mount,cyclo cross,True,concrete plates,good
aa460e9e-5072-4184-b5d4-d40d99b4c733,d6f25c03-789a-48d2-95ca-206c119094a2,3bb3013e-8df7-43fc-9187-db09b2bd5c74,1635696457037,13.3901566,52.4726266,5.959799,0.64845806,0.96683455,-1.2907043,on bike mount,cyclo cross,True,concrete plates,good
aa460e9e-5072-4184-b5d4-d40d99b4c733,d6f25c03-789a-48d2-95ca-206c119094a2,32968e2d-2618-49dc-9304-4cde2050455e,1635696457088,13.3901566,52.4726266,5.959799,1.5173784,-2.29536,3.773531,on bike mount,cyclo cross,True,concrete plates,good
aa460e9e-5072-4184-b5d4-d40d99b4c733,d6f25c03-789a-48d2-95ca-206c119094a2,05be6a3f-1b8e-4a80-aca8-26a2d059e26d,1635696457152,13.3901566,52.4726266,5.959799,0.54277945,-0.09703183,-1.1393437,on bike mount,cyclo cross,True,concrete plates,good
aa460e9e-5072-4184-b5d4-d40d99b4c733,d6f25c03-789a-48d2-95ca-206c119094a2,6ea3a652-d187-4810-9bbd-89b49c36ce17,1635696457202,13.3901566,52.4726266,5.959799,0.4489826,-0.59764886,-0.053361893,on bike mount,cyclo cross,True,concrete plates,good
aa460e9e-5072-4184-b5d4-d40d99b4c733,d6f25c03-789a-48d2-95ca-206c119094a2,8287babe-55ce-4732-b21b-f2f39e9363d1,1635696457256,13.3901566,52.4726266,5.959799,0.19710048,0.33332205,-2.3003778,on bike mount,cyclo cross,True,concrete plates,good
aa460e9e-5072-4184-b5d4-d40d99b4c733,d6f25c03-789a-48d2-95ca-206c119094a2,40c4f80b-d499-4078-846e-4f3652805634,1635696457308,13.3901566,52.4726266,5.959799,-0.10200812,0.3623345,-0.7464285,on bike mount,cyclo cross,True,concrete plates,good
aa460e9e-5072-4184-b5d4-d40d99b4c733,d6f25c03-789a-48d2-95ca-206c119094a2,2d08909d-f57b-4266-82ce-953f0e29e4d6,1635696457373,13.3901566,52.4726266,5.959799,-1.4658158,-0.65989304,1.460783,on bike mount,cyclo cross,True,concrete plates,good
aa460e9e-5072-4184-b5d4-d40d99b4c733,d6f25c03-789a-48d2-95ca-206c119094a2,423382a4-3dac-4a66-9c5b-64811c0b72b9,1635696457427,13.3901566,52.4726266,5.959799,-0.29811648,-1.2788544,0.2237835,on bike mount,cyclo cross,True,concrete plates,good
aa460e9e-5072-4184-b5d4-d40d99b4c733,d6f25c03-789a-48d2-95ca-206c119094a2,5b9d4bf1-bd0f-4016-b1cc-5a6ecacb85f9,1635696457487,13.3901566,52.4726266,5.959799,-0.32280838,0.08666015,3.493597,on bike mount,cyclo cross,True,concrete plates,good
aa460e9e-5072-4184-b5d4-d40d99b4c733,d6f25c03-789a-48d2-95ca-206c119094a2,8bbbce83-2746-4bc3-9bbe-950cd2524c14,1635696457538,13.3901566,52.4726266,5.959799,0.47530806,2.2349772,-1.246346,on bike mount,cyclo cross,True,concrete plates,good
aa460e9e-5072-4184-b5d4-d40d99b4c733,d6f25c03-789a-48d2-95ca-206c119094a2,fef2ca6f-c545-41d5-909e-7d2db6318890,1635696457588,13.3901566,52.4726266,5.959799,-0.57342875,0.84979105,0.13419533,on bike mount,cyclo cross,True,concrete plates,good
aa460e9e-5072-4184-b5d4-d40d99b4c733,d6f25c03-789a-48d2-95ca-206c119094a2,0f5f5b99-b91f-47b6-9109-07d63c049b3a,1635696457638,13.3901566,52.4726266,5.959799,0.41827756,0.15084887,0.87676334,on bike mount,cyclo cross,True,concrete plates,good
aa460e9e-5072-4184-b5d4-d40d99b4c733,d6f25c03-789a-48d2-95ca-206c119094a2,f0512600-04a6-4dbd-847f-dc789e5d7e4d,1635696457695,13.390186,52.4725735,5.988344,-0.118460596,-0.87215376,-2.377141,on bike mount,cyclo cross,True,concrete plates,good
aa460e9e-5072-4184-b5d4-d40d99b4c733,d6f25c03-789a-48d2-95ca-206c119094a2,99cf6a52-ca30-46df-b5fa-2b193c83f47e,1635696457753,13.390186,52.4725735,5.988344,-0.8379209,-1.8702565,-0.19770432,on bike mount,cyclo cross,True,concrete plates,good
aa460e9e-5072-4184-b5d4-d40d99b4c733,d6f25c03-789a-48d2-95ca-206c119094a2,3ecfe4d7-d5e5-4f0f-856b-39238b7c577a,1635696457806,13.390186,52.4725735,5.988344,0.98884714,0.5825949,1.650814,on bike mount,cyclo cross,True,concrete plates,good
aa460e9e-5072-4184-b5d4-d40d99b4c733,d6f25c03-789a-48d2-95ca-206c119094a2,18cafc36-5ce1-4883-b619-d86f210a0ccc,1635696457876,13.390186,52.4725735,5.988344,-0.8399846,0.707664,-2.4454432,on bike mount,cyclo cross,True,concrete plates,good
aa460e9e-5072-4184-b5d4-d40d99b4c733,d6f25c03-789a-48d2-95ca-206c119094a2,8a261217-f549-4c7b-9467-a970be5d68b5,1635696457938,13.390186,52.4725735,5.988344,-0.7734066,1.7423472,-0.5365944,on bike mount,cyclo cross,True,concrete plates,good
aa460e9e-5072-4184-b5d4-d40d99b4c733,d6f25c03-789a-48d2-95ca-206c119094a2,1a483536-147e-49d9-8b73-7c33c8cd4230,1635696457989,13.390186,52.4725735,5.988344,1.8089551,1.4124551,0.4584036,on bike mount,cyclo cross,True,concrete plates,good
aa460e9e-5072-4184-b5d4-d40d99b4c733,d6f25c03-789a-48d2-95ca-206c119094a2,1a1fce12-16e5-45df-a3ff-1d45260e050e,1635696458041,13.390186,52.4725735,5.988344,-1.0574785,0.11697483,0.519907,on bike mount,cyclo cross,True,concrete plates,good
aa460e9e-5072-4184-b5d4-d40d99b4c733,d6f25c03-789a-48d2-95ca-206c119094a2,84c393e6-204b-461b-bd3a-348bcdca6c1a,1635696458106,13.390186,52.4725735,5.988344,0.9993837,-0.32615423,0.286582,on bike mount,cyclo cross,True,concrete plates,good
aa460e9e-5072-4184-b5d4-d40d99b4c733,d6f25c03-789a-48d2-95ca-206c119094a2,a6425b64-5809-4d2f-9048-84b3587c9c48,1635696458158,13.390186,52.4725735,5.988344,0.28448272,0.07552409,-0.6788521,on bike mount,cyclo cross,True,concrete plates,good
aa460e9e-5072-4184-b5d4-d40d99b4c733,d6f25c03-789a-48d2-95ca-206c119094a2,e1a41616-06bd-44ca-9374-b543683c69db,1635696458209,13.390186,52.4725735,5.988344,-0.34823987,-0.2683339,0.14367867,on bike mount,cyclo cross,True,concrete plates,good
aa460e9e-5072-4184-b5d4-d40d99b4c733,d6f25c03-789a-48d2-95ca-206c119094a2,40c7f7e8-8ab7-4b3d-b0e8-4e513430a712,1635696458273,13.390186,52.4725735,5.988344,0.79291034,-0.87327003,3.3862362,on bike mount,cyclo cross,True,concrete plates,good
aa460e9e-5072-4184-b5d4-d40d99b4c733,d6f25c03-789a-48d2-95ca-206c119094a2,7d0706a9-268f-4a31-b513-fd9ad8d788e7,1635696458325,13.390186,52.4725735,5.988344,-1.1413926,-0.24890089,1.5815878,on bike mount,cyclo cross,True,concrete plates,good
aa460e9e-5072-4184-b5d4-d40d99b4c733,d6f25c03-789a-48d2-95ca-206c119094a2,092f3c22-c834-4b23-89b1-0e20cc3d2a54,1635696458391,13.390186,52.4725735,5.988344,-1.3307235,3.8908348,-5.0305805,on bike mount,cyclo cross,True,concrete plates,good
aa460e9e-5072-4184-b5d4-d40d99b4c733,d6f25c03-789a-48d2-95ca-206c119094a2,6e9cc9b4-796c-4025-b287-805586cef9f8,1635696458457,13.390186,52.4725735,5.988344,-0.11315048,-0.26143217,2.3639097,on bike mount,cyclo cross,True,concrete plates,good
aa460e9e-5072-4184-b5d4-d40d99b4c733,d6f25c03-789a-48d2-95ca-206c119094a2,20bab967-0a28-4a01-9f19-7e3932387c0c,1635696458508,13.390186,52.4725735,5.988344,-0.31988665,-1.5365787,-2.7519984,on bike mount,cyclo cross,True,concrete plates,good
aa460e9e-5072-4184-b5d4-d40d99b4c733,d6f25c03-789a-48d2-95ca-206c119094a2,432ddf02-036f-4722-90fb-ad7263d43bf7,1635696458559,13.390186,52.4725735,5.988344,-0.47775578,1.3326497,3.645543,on bike mount,cyclo cross,True,concrete plates,good
aa460e9e-5072-4184-b5d4-d40d99b4c733,d6f25c03-789a-48d2-95ca-206c119094a2,1090936a-2b16-44c4-a659-34a2bd9d79fe,1635696458622,13.390186,52.4725735,5.988344,0.06176561,-0.32487035,3.6672125,on bike mount,cyclo cross,True,concrete plates,good
