bike_activity_uid,bike_activity_sample_uid,bike_activity_measurement,bike_activity_measurement_timestamp,bike_activity_measurement_lon,bike_activity_measurement_lat,bike_activity_measurement_speed,bike_activity_measurement_accelerometer_x,bike_activity_measurement_accelerometer_y,bike_activity_measurement_accelerometer_z,bike_activity_phone_position,bike_activity_bike_type,bike_activity_flagged_lab_conditions,bike_activity_surface_type,bike_activity_smoothness_type
cc44daa8-360c-4b54-954c-3a4442362c0c,42c3fb0e-2896-44f9-bae7-42d3bd6b55ad,9f8787f0-0cdd-4279-a509-c38c1b35ac08,1632204995969,13.3906602,52.4764232,7.175466,0.32614613,-1.4679599,-2.6621008,on bike mount,cyclo cross,True,concrete plates,good
cc44daa8-360c-4b54-954c-3a4442362c0c,42c3fb0e-2896-44f9-bae7-42d3bd6b55ad,cce84036-e3f3-4aae-913c-f990ad5cd934,1632204996018,13.3906602,52.4764232,7.175466,-1.6524694,2.2076855,-6.0093784,on bike mount,cyclo cross,True,concrete plates,good
cc44daa8-360c-4b54-954c-3a4442362c0c,42c3fb0e-2896-44f9-bae7-42d3bd6b55ad,e775c1ae-b210-491c-a04b-8c6310123579,1632204996068,13.3906602,52.4764232,7.175466,1.2371869,1.7600904,-0.25040913,on bike mount,cyclo cross,True,concrete plates,good
cc44daa8-360c-4b54-954c-3a4442362c0c,42c3fb0e-2896-44f9-bae7-42d3bd6b55ad,a5dc439d-26f0-41a4-9bd5-8091b340d9ca,1632204996136,13.3906602,52.4764232,7.175466,0.003970403,0.052433252,-1.4455609,on bike mount,cyclo cross,True,concrete plates,good
cc44daa8-360c-4b54-954c-3a4442362c0c,42c3fb0e-2896-44f9-bae7-42d3bd6b55ad,a56cb413-e93b-4983-ae5c-bee44d20ed11,1632204996185,13.3906602,52.4764232,7.175466,-1.0031859,-1.6514317,0.57633686,on bike mount,cyclo cross,True,concrete plates,good
cc44daa8-360c-4b54-954c-3a4442362c0c,42c3fb0e-2896-44f9-bae7-42d3bd6b55ad,7c3d7c56-1996-4f7c-b8e7-18eb7776b7f9,1632204996250,13.3906602,52.4764232,7.175466,0.67459047,-1.5834742,1.2149191,on bike mount,cyclo cross,True,concrete plates,good
cc44daa8-360c-4b54-954c-3a4442362c0c,42c3fb0e-2896-44f9-bae7-42d3bd6b55ad,eb54c7a4-ff69-45a7-83e1-0ccd0338dee2,1632204996301,13.3906602,52.4764232,7.175466,-0.5362449,0.74210787,0.23184013,on bike mount,cyclo cross,True,concrete plates,good
cc44daa8-360c-4b54-954c-3a4442362c0c,42c3fb0e-2896-44f9-bae7-42d3bd6b55ad,00752326-48f0-4e1d-8a07-1f83658b086d,1632204996352,13.3906602,52.4764232,7.175466,1.38223,2.5582466,1.0565224,on bike mount,cyclo cross,True,concrete plates,good
cc44daa8-360c-4b54-954c-3a4442362c0c,42c3fb0e-2896-44f9-bae7-42d3bd6b55ad,98e2ff4b-4bac-4d53-8f33-9c0602efbd9d,1632204996402,13.3906602,52.4764232,7.175466,-0.81637144,0.37323856,3.3899422,on bike mount,cyclo cross,True,concrete plates,good
cc44daa8-360c-4b54-954c-3a4442362c0c,42c3fb0e-2896-44f9-bae7-42d3bd6b55ad,2901e201-85fd-469a-9cb0-502a011efc22,1632204996453,13.3906602,52.4764232,7.175466,-0.18578708,2.0761504,-4.038875,on bike mount,cyclo cross,True,concrete plates,good
cc44daa8-360c-4b54-954c-3a4442362c0c,42c3fb0e-2896-44f9-bae7-42d3bd6b55ad,7493a61a-fc78-4223-b570-41fe16cb22ad,1632204996517,13.3906602,52.4764232,7.175466,1.0806129,-1.3889015,-1.7165852,on bike mount,cyclo cross,True,concrete plates,good
cc44daa8-360c-4b54-954c-3a4442362c0c,42c3fb0e-2896-44f9-bae7-42d3bd6b55ad,e331fb99-352c-45db-8e14-f4ab3d8b10d0,1632204996583,13.3906602,52.4764232,7.175466,0.17596683,-0.38567185,0.15587425,on bike mount,cyclo cross,True,concrete plates,good
cc44daa8-360c-4b54-954c-3a4442362c0c,42c3fb0e-2896-44f9-bae7-42d3bd6b55ad,647a5a34-ad4b-43ec-948b-b414d579e6d2,1632204996631,13.3906602,52.4764232,7.175466,0.7859001,-7.3878345,-1.3970661,on bike mount,cyclo cross,True,concrete plates,good
cc44daa8-360c-4b54-954c-3a4442362c0c,42c3fb0e-2896-44f9-bae7-42d3bd6b55ad,a77daf46-aa80-4d2f-a6c0-3adcb0ddbf31,1632204996681,13.3906602,52.4764232,7.175466,1.1598377,-0.045325756,1.0798702,on bike mount,cyclo cross,True,concrete plates,good
cc44daa8-360c-4b54-954c-3a4442362c0c,42c3fb0e-2896-44f9-bae7-42d3bd6b55ad,980ae9ae-e294-47ad-9d8a-d4a5feb8506b,1632204996733,13.3906602,52.4764232,7.175466,-1.939158,0.13533592,2.8045835,on bike mount,cyclo cross,True,concrete plates,good
cc44daa8-360c-4b54-954c-3a4442362c0c,42c3fb0e-2896-44f9-bae7-42d3bd6b55ad,9798ec05-aaec-4e7a-831e-2c7119757ccf,1632204996800,13.3906602,52.4764232,7.175466,0.16401714,0.06405878,7.161829,on bike mount,cyclo cross,True,concrete plates,good
cc44daa8-360c-4b54-954c-3a4442362c0c,42c3fb0e-2896-44f9-bae7-42d3bd6b55ad,2553ae96-5b6f-40f2-afcf-3e318988b4c0,1632204996867,13.3906132,52.4763729,7.099255,-0.38612592,0.117978096,3.8053637,on bike mount,cyclo cross,True,concrete plates,good
cc44daa8-360c-4b54-954c-3a4442362c0c,42c3fb0e-2896-44f9-bae7-42d3bd6b55ad,06e15162-4792-4bac-8ca7-3017ea14e1e9,1632204996917,13.3906132,52.4763729,7.099255,2.464188,2.1896434,-0.7914686,on bike mount,cyclo cross,True,concrete plates,good
cc44daa8-360c-4b54-954c-3a4442362c0c,42c3fb0e-2896-44f9-bae7-42d3bd6b55ad,cc0777ac-e36f-4c96-b9af-479cfcf1d51d,1632204996966,13.3906132,52.4763729,7.099255,-0.08958042,-5.874403,4.8167515,on bike mount,cyclo cross,True,concrete plates,good
cc44daa8-360c-4b54-954c-3a4442362c0c,42c3fb0e-2896-44f9-bae7-42d3bd6b55ad,7b9a0f8c-73bc-4134-939a-a1060c1cdaf1,1632204997017,13.3906132,52.4763729,7.099255,-0.25244159,2.5214524,0.12028408,on bike mount,cyclo cross,True,concrete plates,good
cc44daa8-360c-4b54-954c-3a4442362c0c,42c3fb0e-2896-44f9-bae7-42d3bd6b55ad,0560cc84-1c89-4095-a827-940a619e889b,1632204997068,13.3906132,52.4763729,7.099255,1.8225366,3.3579693,0.701499,on bike mount,cyclo cross,True,concrete plates,good
cc44daa8-360c-4b54-954c-3a4442362c0c,42c3fb0e-2896-44f9-bae7-42d3bd6b55ad,152f2f7a-6225-43e1-b15b-9204d309c118,1632204997125,13.3906132,52.4763729,7.099255,1.3196515,0.21067095,1.6500006,on bike mount,cyclo cross,True,concrete plates,good
cc44daa8-360c-4b54-954c-3a4442362c0c,42c3fb0e-2896-44f9-bae7-42d3bd6b55ad,566d512e-bbe9-48e0-a112-2144da006a5d,1632204997176,13.3906132,52.4763729,7.099255,-1.928309,4.1756387,-0.59304714,on bike mount,cyclo cross,True,concrete plates,good
cc44daa8-360c-4b54-954c-3a4442362c0c,42c3fb0e-2896-44f9-bae7-42d3bd6b55ad,c5572ae1-1712-4bbe-a08b-05203c3d8671,1632204997227,13.3906132,52.4763729,7.099255,-0.68968135,2.8729649,2.434431,on bike mount,cyclo cross,True,concrete plates,good
cc44daa8-360c-4b54-954c-3a4442362c0c,42c3fb0e-2896-44f9-bae7-42d3bd6b55ad,0dbff12b-0e41-4c8b-8d14-27ec80394895,1632204997277,13.3906132,52.4763729,7.099255,-1.6715232,-1.1044929,0.4544468,on bike mount,cyclo cross,True,concrete plates,good
cc44daa8-360c-4b54-954c-3a4442362c0c,42c3fb0e-2896-44f9-bae7-42d3bd6b55ad,36f36ed1-4f66-4add-987e-66fd5347cf9d,1632204997336,13.3906132,52.4763729,7.099255,-2.5863028,0.7054398,1.54774,on bike mount,cyclo cross,True,concrete plates,good
cc44daa8-360c-4b54-954c-3a4442362c0c,42c3fb0e-2896-44f9-bae7-42d3bd6b55ad,80ca3495-3606-4fa1-a72b-bb86c58b8c71,1632204997386,13.3906132,52.4763729,7.099255,0.6074956,-2.5295954,0.96876526,on bike mount,cyclo cross,True,concrete plates,good
cc44daa8-360c-4b54-954c-3a4442362c0c,42c3fb0e-2896-44f9-bae7-42d3bd6b55ad,1706764c-fd43-444c-b14a-2eb8e01c3e9b,1632204997435,13.3906132,52.4763729,7.099255,0.4027027,-3.569967,-3.0184617,on bike mount,cyclo cross,True,concrete plates,good
cc44daa8-360c-4b54-954c-3a4442362c0c,42c3fb0e-2896-44f9-bae7-42d3bd6b55ad,ec6f161f-0d16-4d98-b595-e73f3dd349af,1632204997486,13.3906132,52.4763729,7.099255,-1.7754648,-2.7004888,-0.001531601,on bike mount,cyclo cross,True,concrete plates,good
cc44daa8-360c-4b54-954c-3a4442362c0c,42c3fb0e-2896-44f9-bae7-42d3bd6b55ad,4ae1432e-a858-4da5-bf3f-01b7272cea26,1632204997537,13.3906132,52.4763729,7.099255,1.1105244,-0.57117605,0.08543491,on bike mount,cyclo cross,True,concrete plates,good
cc44daa8-360c-4b54-954c-3a4442362c0c,42c3fb0e-2896-44f9-bae7-42d3bd6b55ad,17452dd3-b6d0-40a7-b6ff-21dcbcbfd4a9,1632204997586,13.3906132,52.4763729,7.099255,1.0630748,1.2711108,1.4368944,on bike mount,cyclo cross,True,concrete plates,good
cc44daa8-360c-4b54-954c-3a4442362c0c,42c3fb0e-2896-44f9-bae7-42d3bd6b55ad,23fa3d68-100c-46f9-961f-a8279d90264b,1632204997637,13.3906132,52.4763729,7.099255,-1.6036662,-2.762661,-2.1110568,on bike mount,cyclo cross,True,concrete plates,good
cc44daa8-360c-4b54-954c-3a4442362c0c,42c3fb0e-2896-44f9-bae7-42d3bd6b55ad,a0b46712-33b3-4d74-90c2-dfde3eea47c1,1632204997686,13.3906132,52.4763729,7.099255,-0.46685266,0.8328049,6.2218266,on bike mount,cyclo cross,True,concrete plates,good
cc44daa8-360c-4b54-954c-3a4442362c0c,42c3fb0e-2896-44f9-bae7-42d3bd6b55ad,40a387c4-a1c3-4280-a9e5-25ac637619c9,1632204997736,13.3906132,52.4763729,7.099255,1.6880608,3.150912,0.4678173,on bike mount,cyclo cross,True,concrete plates,good
cc44daa8-360c-4b54-954c-3a4442362c0c,42c3fb0e-2896-44f9-bae7-42d3bd6b55ad,ba7b2a52-f717-415e-a7ee-ba514cdd926a,1632204997786,13.3906132,52.4763729,7.099255,-0.4738458,1.2554631,0.65207005,on bike mount,cyclo cross,True,concrete plates,good
cc44daa8-360c-4b54-954c-3a4442362c0c,42c3fb0e-2896-44f9-bae7-42d3bd6b55ad,4e30ea46-ea7b-4c91-9f01-eb5e27d67756,1632204997836,13.3905627,52.4763176,7.1911826,-0.2383593,2.5610557,-3.4541984,on bike mount,cyclo cross,True,concrete plates,good
cc44daa8-360c-4b54-954c-3a4442362c0c,42c3fb0e-2896-44f9-bae7-42d3bd6b55ad,59989763-b426-480d-8eba-4f1be4390822,1632204997888,13.3905627,52.4763176,7.1911826,1.683148,-2.6260033,1.7789326,on bike mount,cyclo cross,True,concrete plates,good
cc44daa8-360c-4b54-954c-3a4442362c0c,42c3fb0e-2896-44f9-bae7-42d3bd6b55ad,73dd8218-6a82-43f5-a296-efcaa4fccd28,1632204997938,13.3905627,52.4763176,7.1911826,-1.4012434,-2.5938358,0.93974113,on bike mount,cyclo cross,True,concrete plates,good
cc44daa8-360c-4b54-954c-3a4442362c0c,42c3fb0e-2896-44f9-bae7-42d3bd6b55ad,3bd33653-2979-4f63-9740-60d760dd8bf2,1632204997987,13.3905627,52.4763176,7.1911826,0.22267851,-4.567262,1.4589624,on bike mount,cyclo cross,True,concrete plates,good
cc44daa8-360c-4b54-954c-3a4442362c0c,42c3fb0e-2896-44f9-bae7-42d3bd6b55ad,0bb536de-374d-43ca-b174-b741c8a89533,1632204998038,13.3905627,52.4763176,7.1911826,1.5097703,-1.7200134,-1.5187998,on bike mount,cyclo cross,True,concrete plates,good
cc44daa8-360c-4b54-954c-3a4442362c0c,42c3fb0e-2896-44f9-bae7-42d3bd6b55ad,df37b51b-e3f5-4943-a9dc-92923da89f2b,1632204998088,13.3905627,52.4763176,7.1911826,0.14981723,-0.7771143,-1.4181113,on bike mount,cyclo cross,True,concrete plates,good
cc44daa8-360c-4b54-954c-3a4442362c0c,42c3fb0e-2896-44f9-bae7-42d3bd6b55ad,8fbf6cc5-782f-4844-921a-33f31030ca99,1632204998145,13.3905627,52.4763176,7.1911826,0.5028074,-1.2706507,-4.169883,on bike mount,cyclo cross,True,concrete plates,good
cc44daa8-360c-4b54-954c-3a4442362c0c,42c3fb0e-2896-44f9-bae7-42d3bd6b55ad,8a896052-2f80-4012-ac5e-32278be93a4e,1632204998195,13.3905627,52.4763176,7.1911826,1.0685169,1.3992469,3.0831022,on bike mount,cyclo cross,True,concrete plates,good
cc44daa8-360c-4b54-954c-3a4442362c0c,42c3fb0e-2896-44f9-bae7-42d3bd6b55ad,3df3627e-4180-49cd-b973-db13b5f09f47,1632204998245,13.3905627,52.4763176,7.1911826,-1.240894,-2.9887028,1.3266039,on bike mount,cyclo cross,True,concrete plates,good
cc44daa8-360c-4b54-954c-3a4442362c0c,42c3fb0e-2896-44f9-bae7-42d3bd6b55ad,81fee44b-2950-4a08-b120-4870a4c1671a,1632204998303,13.3905627,52.4763176,7.1911826,-1.0174506,-0.5565692,-1.2729049,on bike mount,cyclo cross,True,concrete plates,good
cc44daa8-360c-4b54-954c-3a4442362c0c,42c3fb0e-2896-44f9-bae7-42d3bd6b55ad,eeb2e85c-6700-4099-a900-82c696cdf781,1632204998353,13.3905627,52.4763176,7.1911826,-1.5620492,1.8905854,-2.7900958,on bike mount,cyclo cross,True,concrete plates,good
cc44daa8-360c-4b54-954c-3a4442362c0c,42c3fb0e-2896-44f9-bae7-42d3bd6b55ad,b2264d33-9839-4bbe-bc67-77149fcb7edd,1632204998403,13.3905627,52.4763176,7.1911826,0.1262907,-1.8670454,1.1320524,on bike mount,cyclo cross,True,concrete plates,good
cc44daa8-360c-4b54-954c-3a4442362c0c,42c3fb0e-2896-44f9-bae7-42d3bd6b55ad,ed9b6810-11d3-4638-9a3d-66f775bd44f3,1632204998452,13.3905627,52.4763176,7.1911826,0.82280815,-2.9398854,-2.8456855,on bike mount,cyclo cross,True,concrete plates,good
cc44daa8-360c-4b54-954c-3a4442362c0c,42c3fb0e-2896-44f9-bae7-42d3bd6b55ad,e540550a-0e61-498f-ac3a-a6b2289588a0,1632204998509,13.3905627,52.4763176,7.1911826,-0.79568374,-4.1274095,-1.8869,on bike mount,cyclo cross,True,concrete plates,good
cc44daa8-360c-4b54-954c-3a4442362c0c,42c3fb0e-2896-44f9-bae7-42d3bd6b55ad,c9416a1e-d879-462a-8b32-0c5c5daa9561,1632204998559,13.3905627,52.4763176,7.1911826,-1.4868994,-0.049913883,-0.87070084,on bike mount,cyclo cross,True,concrete plates,good
cc44daa8-360c-4b54-954c-3a4442362c0c,42c3fb0e-2896-44f9-bae7-42d3bd6b55ad,7973ed32-af75-40a5-9812-803728029770,1632204998609,13.3905627,52.4763176,7.1911826,-0.6779809,1.7442203,1.6535711,on bike mount,cyclo cross,True,concrete plates,good
cc44daa8-360c-4b54-954c-3a4442362c0c,42c3fb0e-2896-44f9-bae7-42d3bd6b55ad,c991fdea-5469-45d1-8add-4f2d2d8a950f,1632204998659,13.3905627,52.4763176,7.1911826,1.2320442,-2.5318434,1.0404367,on bike mount,cyclo cross,True,concrete plates,good
cc44daa8-360c-4b54-954c-3a4442362c0c,42c3fb0e-2896-44f9-bae7-42d3bd6b55ad,68f200fb-bc3d-4027-8276-b9cd24a5f04f,1632204998708,13.3905627,52.4763176,7.1911826,-1.0197041,-2.5403266,-2.0077162,on bike mount,cyclo cross,True,concrete plates,good
cc44daa8-360c-4b54-954c-3a4442362c0c,42c3fb0e-2896-44f9-bae7-42d3bd6b55ad,23082606-17a2-4751-ae05-df24ddbabac4,1632204998758,13.3905627,52.4763176,7.1911826,-0.6950332,-6.4161186,2.0833235,on bike mount,cyclo cross,True,concrete plates,good
cc44daa8-360c-4b54-954c-3a4442362c0c,42c3fb0e-2896-44f9-bae7-42d3bd6b55ad,2c635dc7-c550-49bd-b0f0-f0892edcc480,1632204998807,13.3905627,52.4763176,7.1911826,0.59007883,-0.13829732,-0.3826561,on bike mount,cyclo cross,True,concrete plates,good
cc44daa8-360c-4b54-954c-3a4442362c0c,42c3fb0e-2896-44f9-bae7-42d3bd6b55ad,c0cb84f3-32e2-4fd8-b0eb-7623e30215ca,1632204998857,13.3905204,52.4762632,7.0716887,-0.2994589,0.41433,3.3702993,on bike mount,cyclo cross,True,concrete plates,good
cc44daa8-360c-4b54-954c-3a4442362c0c,42c3fb0e-2896-44f9-bae7-42d3bd6b55ad,5ed8cfcc-4924-4edb-a41e-94567c12d3b3,1632204998906,13.3905204,52.4762632,7.0716887,-1.3863307,1.8754883,2.1975918,on bike mount,cyclo cross,True,concrete plates,good
cc44daa8-360c-4b54-954c-3a4442362c0c,42c3fb0e-2896-44f9-bae7-42d3bd6b55ad,bb725038-2354-4243-bd33-e4e340890d74,1632204998956,13.3905204,52.4762632,7.0716887,-0.25575596,1.2413914,-2.5938134,on bike mount,cyclo cross,True,concrete plates,good
cc44daa8-360c-4b54-954c-3a4442362c0c,42c3fb0e-2896-44f9-bae7-42d3bd6b55ad,e4ed3f25-6dc1-46ef-9e87-46fc4bd35a23,1632204999007,13.3905204,52.4762632,7.0716887,0.068796486,4.0972276,0.9240942,on bike mount,cyclo cross,True,concrete plates,good
cc44daa8-360c-4b54-954c-3a4442362c0c,42c3fb0e-2896-44f9-bae7-42d3bd6b55ad,890619b7-bad8-4aca-b524-b678beb53887,1632204999057,13.3905204,52.4762632,7.0716887,0.42141944,0.21890879,-1.5709672,on bike mount,cyclo cross,True,concrete plates,good
cc44daa8-360c-4b54-954c-3a4442362c0c,42c3fb0e-2896-44f9-bae7-42d3bd6b55ad,241b456f-f886-4796-bdf6-38c4180ea96d,1632204999107,13.3905204,52.4762632,7.0716887,0.63913155,-3.3504736,-1.8712363,on bike mount,cyclo cross,True,concrete plates,good
cc44daa8-360c-4b54-954c-3a4442362c0c,42c3fb0e-2896-44f9-bae7-42d3bd6b55ad,5b9bcddc-7732-4882-9b24-2335471ad0cc,1632204999157,13.3905204,52.4762632,7.0716887,-0.21043295,3.572029,-0.019795418,on bike mount,cyclo cross,True,concrete plates,good
cc44daa8-360c-4b54-954c-3a4442362c0c,42c3fb0e-2896-44f9-bae7-42d3bd6b55ad,cc4d4cb0-f10d-4e8a-81dd-4fe9f65881c9,1632204999213,13.3905204,52.4762632,7.0716887,0.07800421,1.1065366,-6.236941,on bike mount,cyclo cross,True,concrete plates,good
cc44daa8-360c-4b54-954c-3a4442362c0c,42c3fb0e-2896-44f9-bae7-42d3bd6b55ad,0ab1d3a4-69b8-4bcb-8f06-81695730d18b,1632204999264,13.3905204,52.4762632,7.0716887,-0.07835007,-3.7070918,0.43943977,on bike mount,cyclo cross,True,concrete plates,good
cc44daa8-360c-4b54-954c-3a4442362c0c,42c3fb0e-2896-44f9-bae7-42d3bd6b55ad,5748ee5a-ea2e-48e6-bfcc-67e2037e8e54,1632204999324,13.3905204,52.4762632,7.0716887,-0.098285325,-0.1655767,-3.5687256,on bike mount,cyclo cross,True,concrete plates,good
cc44daa8-360c-4b54-954c-3a4442362c0c,42c3fb0e-2896-44f9-bae7-42d3bd6b55ad,38530511-feb5-4acd-a662-a92a8b8a0838,1632204999374,13.3905204,52.4762632,7.0716887,-0.7059249,1.7552032,-0.984849,on bike mount,cyclo cross,True,concrete plates,good
cc44daa8-360c-4b54-954c-3a4442362c0c,42c3fb0e-2896-44f9-bae7-42d3bd6b55ad,ad304567-66f9-471b-a08b-c6bd729db139,1632204999425,13.3905204,52.4762632,7.0716887,-0.93026495,-2.128103,0.8016834,on bike mount,cyclo cross,True,concrete plates,good
cc44daa8-360c-4b54-954c-3a4442362c0c,42c3fb0e-2896-44f9-bae7-42d3bd6b55ad,5248f68a-b47d-455c-8948-5cf1db707b5c,1632204999475,13.3905204,52.4762632,7.0716887,-0.9514084,2.7747421,2.4062805,on bike mount,cyclo cross,True,concrete plates,good
cc44daa8-360c-4b54-954c-3a4442362c0c,42c3fb0e-2896-44f9-bae7-42d3bd6b55ad,670138c0-d37f-401e-b961-71d36e9eed86,1632204999525,13.3905204,52.4762632,7.0716887,0.2635299,-0.9113771,-1.5636783,on bike mount,cyclo cross,True,concrete plates,good
cc44daa8-360c-4b54-954c-3a4442362c0c,42c3fb0e-2896-44f9-bae7-42d3bd6b55ad,e2d9e493-2212-4f5a-bdd5-f37bdb28855a,1632204999574,13.3905204,52.4762632,7.0716887,0.111032404,2.149649,-2.893217,on bike mount,cyclo cross,True,concrete plates,good
cc44daa8-360c-4b54-954c-3a4442362c0c,42c3fb0e-2896-44f9-bae7-42d3bd6b55ad,f28f19da-70a4-45ca-a442-fe3b9b51f1e7,1632204999624,13.3905204,52.4762632,7.0716887,-0.4029667,-0.6608026,-1.5515075,on bike mount,cyclo cross,True,concrete plates,good
cc44daa8-360c-4b54-954c-3a4442362c0c,42c3fb0e-2896-44f9-bae7-42d3bd6b55ad,679c9173-6332-4ced-a246-d1719cf8eafe,1632204999694,13.3905204,52.4762632,7.0716887,1.0222334,2.7743769,-3.246521,on bike mount,cyclo cross,True,concrete plates,good
cc44daa8-360c-4b54-954c-3a4442362c0c,42c3fb0e-2896-44f9-bae7-42d3bd6b55ad,a4f4e244-cadf-49a8-aa20-8445ee9366f6,1632204999745,13.3905204,52.4762632,7.0716887,-0.36904845,2.3674731,-2.5556564,on bike mount,cyclo cross,True,concrete plates,good
cc44daa8-360c-4b54-954c-3a4442362c0c,42c3fb0e-2896-44f9-bae7-42d3bd6b55ad,be070b45-3a65-42e1-a5c3-ae47a72c4d78,1632204999812,13.3905204,52.4762632,7.0716887,-0.44571826,0.15381408,-2.1755672,on bike mount,cyclo cross,True,concrete plates,good
cc44daa8-360c-4b54-954c-3a4442362c0c,42c3fb0e-2896-44f9-bae7-42d3bd6b55ad,60c89b48-3df0-4019-b5a8-5b62dd75f2e4,1632204999863,13.3904814,52.4762046,7.1318846,-0.98262477,0.038184404,-0.53975487,on bike mount,cyclo cross,True,concrete plates,good
cc44daa8-360c-4b54-954c-3a4442362c0c,42c3fb0e-2896-44f9-bae7-42d3bd6b55ad,73160bb8-6072-4315-8227-f5ed32d0c428,1632204999912,13.3904814,52.4762046,7.1318846,2.1381016,-1.0381143,-0.5469761,on bike mount,cyclo cross,True,concrete plates,good
cc44daa8-360c-4b54-954c-3a4442362c0c,42c3fb0e-2896-44f9-bae7-42d3bd6b55ad,f6d8501c-1ee4-4ec5-8808-c8a17a51c9bd,1632204999962,13.3904814,52.4762046,7.1318846,0.43083742,-1.0351574,0.75238514,on bike mount,cyclo cross,True,concrete plates,good
cc44daa8-360c-4b54-954c-3a4442362c0c,42c3fb0e-2896-44f9-bae7-42d3bd6b55ad,ba252820-fb89-48b0-b82e-b06c8302a96c,1632205000013,13.3904814,52.4762046,7.1318846,1.387509,-2.6407363,-1.6667209,on bike mount,cyclo cross,True,concrete plates,good
cc44daa8-360c-4b54-954c-3a4442362c0c,42c3fb0e-2896-44f9-bae7-42d3bd6b55ad,0a430548-75bc-41df-b599-29569c24768f,1632205000089,13.3904814,52.4762046,7.1318846,2.6256685,0.34012008,-0.859849,on bike mount,cyclo cross,True,concrete plates,good
cc44daa8-360c-4b54-954c-3a4442362c0c,42c3fb0e-2896-44f9-bae7-42d3bd6b55ad,ec125d47-ca89-4cab-9bf5-4342031025bf,1632205000139,13.3904814,52.4762046,7.1318846,-2.6386647,1.1885672,-2.1505122,on bike mount,cyclo cross,True,concrete plates,good
cc44daa8-360c-4b54-954c-3a4442362c0c,42c3fb0e-2896-44f9-bae7-42d3bd6b55ad,c64af37f-94b8-4ad2-9cf6-54639d3119a1,1632205000190,13.3904814,52.4762046,7.1318846,-0.050377265,3.731875,-4.4466023,on bike mount,cyclo cross,True,concrete plates,good
cc44daa8-360c-4b54-954c-3a4442362c0c,42c3fb0e-2896-44f9-bae7-42d3bd6b55ad,bfeda489-7bd8-4606-9c93-cbf635f9e3b3,1632205000241,13.3904814,52.4762046,7.1318846,0.080328956,-1.8079739,4.3429527,on bike mount,cyclo cross,True,concrete plates,good
cc44daa8-360c-4b54-954c-3a4442362c0c,42c3fb0e-2896-44f9-bae7-42d3bd6b55ad,ed20c71d-1deb-4527-96ee-e5e5ff6be398,1632205000291,13.3904814,52.4762046,7.1318846,-0.18384689,-1.8337958,1.8064327,on bike mount,cyclo cross,True,concrete plates,good
cc44daa8-360c-4b54-954c-3a4442362c0c,42c3fb0e-2896-44f9-bae7-42d3bd6b55ad,dcbd1dc0-c196-4478-b588-15a8598233bc,1632205000341,13.3904814,52.4762046,7.1318846,0.4540704,0.3005309,-5.0683403,on bike mount,cyclo cross,True,concrete plates,good
cc44daa8-360c-4b54-954c-3a4442362c0c,42c3fb0e-2896-44f9-bae7-42d3bd6b55ad,ef2250b7-e094-46b3-baba-302ef79823e3,1632205000392,13.3904814,52.4762046,7.1318846,-0.79325867,0.50670433,0.3579445,on bike mount,cyclo cross,True,concrete plates,good
cc44daa8-360c-4b54-954c-3a4442362c0c,42c3fb0e-2896-44f9-bae7-42d3bd6b55ad,112eeded-4a65-48b0-86ef-0926f574c7d7,1632205000442,13.3904814,52.4762046,7.1318846,-0.27831325,-0.09023523,-3.4752502,on bike mount,cyclo cross,True,concrete plates,good
cc44daa8-360c-4b54-954c-3a4442362c0c,42c3fb0e-2896-44f9-bae7-42d3bd6b55ad,1e0566a9-1425-4b34-9fe3-7de1f7aa4ff0,1632205000500,13.3904814,52.4762046,7.1318846,0.36522484,-4.570189,2.1381378,on bike mount,cyclo cross,True,concrete plates,good
cc44daa8-360c-4b54-954c-3a4442362c0c,42c3fb0e-2896-44f9-bae7-42d3bd6b55ad,7630e2ae-c454-45e0-8edf-e447417a4f01,1632205000550,13.3904814,52.4762046,7.1318846,-0.1911223,-3.117336,-2.1816397,on bike mount,cyclo cross,True,concrete plates,good
cc44daa8-360c-4b54-954c-3a4442362c0c,42c3fb0e-2896-44f9-bae7-42d3bd6b55ad,b3400d69-ea87-4114-adb2-a0b89b8982fe,1632205000599,13.3904814,52.4762046,7.1318846,0.5352002,-1.0539839,-4.6535497,on bike mount,cyclo cross,True,concrete plates,good
cc44daa8-360c-4b54-954c-3a4442362c0c,42c3fb0e-2896-44f9-bae7-42d3bd6b55ad,a06c03d5-704f-4dd5-af3a-7cf210f40b0e,1632205000649,13.3904814,52.4762046,7.1318846,0.41831294,3.799203,0.63402367,on bike mount,cyclo cross,True,concrete plates,good
cc44daa8-360c-4b54-954c-3a4442362c0c,42c3fb0e-2896-44f9-bae7-42d3bd6b55ad,daa3c62c-a4ee-441a-91c3-3fa487dc0cc6,1632205000700,13.3904814,52.4762046,7.1318846,-0.5772113,-0.5964601,0.8698578,on bike mount,cyclo cross,True,concrete plates,good
cc44daa8-360c-4b54-954c-3a4442362c0c,42c3fb0e-2896-44f9-bae7-42d3bd6b55ad,309be59c-0cdc-4ccd-b200-faf7ce72b5bf,1632205000750,13.3904814,52.4762046,7.1318846,-0.3757662,-0.035683155,-2.5276394,on bike mount,cyclo cross,True,concrete plates,good
cc44daa8-360c-4b54-954c-3a4442362c0c,42c3fb0e-2896-44f9-bae7-42d3bd6b55ad,65aabbbb-9065-4822-b42d-3ab08c62e820,1632205000801,13.3904814,52.4762046,7.1318846,-0.69571227,-1.8021307,-2.97335,on bike mount,cyclo cross,True,concrete plates,good
cc44daa8-360c-4b54-954c-3a4442362c0c,42c3fb0e-2896-44f9-bae7-42d3bd6b55ad,d5b9a974-9f8d-4cd9-aced-601021bb646a,1632205000852,13.3904453,52.476141,7.0655985,4.7742143,-5.060734,-1.7275715,on bike mount,cyclo cross,True,concrete plates,good
cc44daa8-360c-4b54-954c-3a4442362c0c,42c3fb0e-2896-44f9-bae7-42d3bd6b55ad,65f394b0-c7c0-49a4-b40a-a55555da7695,1632205000925,13.3904453,52.476141,7.0655985,0.42972073,1.0612779,-3.1169095,on bike mount,cyclo cross,True,concrete plates,good
cc44daa8-360c-4b54-954c-3a4442362c0c,42c3fb0e-2896-44f9-bae7-42d3bd6b55ad,876fdedc-96e6-49a0-a5df-4d66329a35bc,1632205000992,13.3904453,52.476141,7.0655985,-1.0366441,1.8125334,0.3253107,on bike mount,cyclo cross,True,concrete plates,good
cc44daa8-360c-4b54-954c-3a4442362c0c,42c3fb0e-2896-44f9-bae7-42d3bd6b55ad,c49926e9-e77a-478e-8588-53459b1f686a,1632205001042,13.3904453,52.476141,7.0655985,1.0166295,4.345278,-3.2153296,on bike mount,cyclo cross,True,concrete plates,good
cc44daa8-360c-4b54-954c-3a4442362c0c,42c3fb0e-2896-44f9-bae7-42d3bd6b55ad,d1b7324a-74b9-40a9-be5c-eacdaf0941f1,1632205001092,13.3904453,52.476141,7.0655985,-0.65037763,4.3132,-0.10176659,on bike mount,cyclo cross,True,concrete plates,good
cc44daa8-360c-4b54-954c-3a4442362c0c,42c3fb0e-2896-44f9-bae7-42d3bd6b55ad,2696bff2-27fa-4293-8779-06279b9b6468,1632205001142,13.3904453,52.476141,7.0655985,-0.90444106,-1.0556664,-1.0382876,on bike mount,cyclo cross,True,concrete plates,good
cc44daa8-360c-4b54-954c-3a4442362c0c,42c3fb0e-2896-44f9-bae7-42d3bd6b55ad,8518a496-dcce-4d75-b4a0-eb044507a2cd,1632205001193,13.3904453,52.476141,7.0655985,-0.6676425,1.3265095,0.95186615,on bike mount,cyclo cross,True,concrete plates,good
cc44daa8-360c-4b54-954c-3a4442362c0c,42c3fb0e-2896-44f9-bae7-42d3bd6b55ad,0b6ba505-baa5-4fe8-bc11-39b456ea48f7,1632205001243,13.3904453,52.476141,7.0655985,-0.3544817,0.29393888,-2.414382,on bike mount,cyclo cross,True,concrete plates,good
cc44daa8-360c-4b54-954c-3a4442362c0c,42c3fb0e-2896-44f9-bae7-42d3bd6b55ad,57e4a9d1-a068-4c1a-a75c-f734e7594f59,1632205001294,13.3904453,52.476141,7.0655985,1.2372788,-2.6377583,-1.2882304,on bike mount,cyclo cross,True,concrete plates,good
cc44daa8-360c-4b54-954c-3a4442362c0c,42c3fb0e-2896-44f9-bae7-42d3bd6b55ad,45883a78-63f7-4d32-a90d-02924e6482c0,1632205001345,13.3904453,52.476141,7.0655985,0.26407498,-1.9471345,-1.1306133,on bike mount,cyclo cross,True,concrete plates,good
cc44daa8-360c-4b54-954c-3a4442362c0c,42c3fb0e-2896-44f9-bae7-42d3bd6b55ad,4c29cede-bbca-4848-a570-9f813c54b056,1632205001395,13.3904453,52.476141,7.0655985,0.18956432,-2.34381,3.6665926,on bike mount,cyclo cross,True,concrete plates,good
cc44daa8-360c-4b54-954c-3a4442362c0c,42c3fb0e-2896-44f9-bae7-42d3bd6b55ad,a96e044f-2b27-4ae3-818a-30b94a454dd4,1632205001445,13.3904453,52.476141,7.0655985,0.38769034,0.3027916,-1.5573306,on bike mount,cyclo cross,True,concrete plates,good
cc44daa8-360c-4b54-954c-3a4442362c0c,42c3fb0e-2896-44f9-bae7-42d3bd6b55ad,c50880ba-49b1-430e-9bea-89bcec1a6a13,1632205001495,13.3904453,52.476141,7.0655985,0.023452826,-3.5941777,1.6595068,on bike mount,cyclo cross,True,concrete plates,good
cc44daa8-360c-4b54-954c-3a4442362c0c,42c3fb0e-2896-44f9-bae7-42d3bd6b55ad,d63b29aa-03fb-42b3-98c1-8fb873931024,1632205001545,13.3904453,52.476141,7.0655985,-0.7282297,1.0491457,-0.9433117,on bike mount,cyclo cross,True,concrete plates,good
cc44daa8-360c-4b54-954c-3a4442362c0c,42c3fb0e-2896-44f9-bae7-42d3bd6b55ad,605ca77f-4d55-4591-9927-d7a79ace2c14,1632205001595,13.3904453,52.476141,7.0655985,0.9468174,2.566722,-0.032815933,on bike mount,cyclo cross,True,concrete plates,good
cc44daa8-360c-4b54-954c-3a4442362c0c,42c3fb0e-2896-44f9-bae7-42d3bd6b55ad,f568372d-56b2-4ba6-822f-62642c529079,1632205001650,13.3904453,52.476141,7.0655985,-1.9671565,-2.403065,3.8161726,on bike mount,cyclo cross,True,concrete plates,good
cc44daa8-360c-4b54-954c-3a4442362c0c,42c3fb0e-2896-44f9-bae7-42d3bd6b55ad,6b3804cf-0878-4f0a-b0e0-6ded39f0d0c4,1632205001700,13.3904453,52.476141,7.0655985,-0.6013032,-0.23002434,-3.0064282,on bike mount,cyclo cross,True,concrete plates,good
cc44daa8-360c-4b54-954c-3a4442362c0c,42c3fb0e-2896-44f9-bae7-42d3bd6b55ad,acd5743b-d845-43ca-b7d0-031e26ff3206,1632205001750,13.3904453,52.476141,7.0655985,0.32683602,0.64993954,-1.8369565,on bike mount,cyclo cross,True,concrete plates,good
cc44daa8-360c-4b54-954c-3a4442362c0c,42c3fb0e-2896-44f9-bae7-42d3bd6b55ad,b48d8c82-7dd3-41d8-bff2-61b493a9daa5,1632205001801,13.3904453,52.476141,7.0655985,1.9818578,-2.524914,-0.59939194,on bike mount,cyclo cross,True,concrete plates,good
cc44daa8-360c-4b54-954c-3a4442362c0c,42c3fb0e-2896-44f9-bae7-42d3bd6b55ad,72fa2241-d81d-4c17-b7b7-559e39622211,1632205001860,13.3904032,52.4760806,7.180904,-2.2676983,1.9891152,1.61866,on bike mount,cyclo cross,True,concrete plates,good
cc44daa8-360c-4b54-954c-3a4442362c0c,42c3fb0e-2896-44f9-bae7-42d3bd6b55ad,745cd51d-0a44-45e9-a104-b44c1782616d,1632205001910,13.3904032,52.4760806,7.180904,-1.5857465,0.3942027,-7.519319,on bike mount,cyclo cross,True,concrete plates,good
cc44daa8-360c-4b54-954c-3a4442362c0c,42c3fb0e-2896-44f9-bae7-42d3bd6b55ad,dc3b4f91-d797-4abf-9352-81d968d11596,1632205001960,13.3904032,52.4760806,7.180904,1.2545981,-2.7157905,2.7369347,on bike mount,cyclo cross,True,concrete plates,good
cc44daa8-360c-4b54-954c-3a4442362c0c,42c3fb0e-2896-44f9-bae7-42d3bd6b55ad,cddb25cd-eca7-4ad7-bf6e-42512c6b94a9,1632205002009,13.3904032,52.4760806,7.180904,-0.44033363,7.9370604,0.8726702,on bike mount,cyclo cross,True,concrete plates,good
cc44daa8-360c-4b54-954c-3a4442362c0c,42c3fb0e-2896-44f9-bae7-42d3bd6b55ad,74ba9190-39c9-440a-8bc6-12b1b2abc46e,1632205002085,13.3904032,52.4760806,7.180904,0.10093731,0.3046093,-2.2122202,on bike mount,cyclo cross,True,concrete plates,good
cc44daa8-360c-4b54-954c-3a4442362c0c,42c3fb0e-2896-44f9-bae7-42d3bd6b55ad,157be8f0-0751-48c0-9625-531ea97d1344,1632205002135,13.3904032,52.4760806,7.180904,1.0081986,1.1959207,-2.3055334,on bike mount,cyclo cross,True,concrete plates,good
cc44daa8-360c-4b54-954c-3a4442362c0c,42c3fb0e-2896-44f9-bae7-42d3bd6b55ad,d5f31ce1-9945-4224-bbf2-1354cdd1ae8f,1632205002186,13.3904032,52.4760806,7.180904,0.075928986,-11.03911,-3.6213884,on bike mount,cyclo cross,True,concrete plates,good
cc44daa8-360c-4b54-954c-3a4442362c0c,42c3fb0e-2896-44f9-bae7-42d3bd6b55ad,cbc8e67b-6f1f-44e5-bdc5-01d511a6d7a2,1632205002236,13.3904032,52.4760806,7.180904,0.8811489,1.0953987,-0.9859276,on bike mount,cyclo cross,True,concrete plates,good
cc44daa8-360c-4b54-954c-3a4442362c0c,42c3fb0e-2896-44f9-bae7-42d3bd6b55ad,1d585f7a-6255-4be3-9e15-d90893f57c53,1632205002287,13.3904032,52.4760806,7.180904,-1.1157395,0.07050967,-0.91749287,on bike mount,cyclo cross,True,concrete plates,good
cc44daa8-360c-4b54-954c-3a4442362c0c,42c3fb0e-2896-44f9-bae7-42d3bd6b55ad,2c2d12fc-f92b-4ade-9593-7cc5096ad8f7,1632205002337,13.3904032,52.4760806,7.180904,0.21164364,1.8640461,-0.3008051,on bike mount,cyclo cross,True,concrete plates,good
cc44daa8-360c-4b54-954c-3a4442362c0c,42c3fb0e-2896-44f9-bae7-42d3bd6b55ad,ef3541ca-cbec-4d69-a0a8-9abd7e658977,1632205002387,13.3904032,52.4760806,7.180904,1.0573477,-0.6196549,-0.087862015,on bike mount,cyclo cross,True,concrete plates,good
cc44daa8-360c-4b54-954c-3a4442362c0c,42c3fb0e-2896-44f9-bae7-42d3bd6b55ad,5b6d19a4-2d06-426b-afb6-3693486e2e1e,1632205002437,13.3904032,52.4760806,7.180904,-0.16373104,2.301651,0.9964247,on bike mount,cyclo cross,True,concrete plates,good
cc44daa8-360c-4b54-954c-3a4442362c0c,42c3fb0e-2896-44f9-bae7-42d3bd6b55ad,b8b048a9-8e30-4d75-b3eb-240e388176b3,1632205002494,13.3904032,52.4760806,7.180904,0.80427164,-0.5384064,1.8514204,on bike mount,cyclo cross,True,concrete plates,good
cc44daa8-360c-4b54-954c-3a4442362c0c,42c3fb0e-2896-44f9-bae7-42d3bd6b55ad,8384a07a-d6d6-45af-9535-58958cbeb595,1632205002544,13.3904032,52.4760806,7.180904,0.70436716,-3.2016888,2.6584005,on bike mount,cyclo cross,True,concrete plates,good
cc44daa8-360c-4b54-954c-3a4442362c0c,42c3fb0e-2896-44f9-bae7-42d3bd6b55ad,81f9d44a-516f-42c0-a5a2-6eca5f37ff34,1632205002594,13.3904032,52.4760806,7.180904,1.0756166,2.2715845,-2.4321675,on bike mount,cyclo cross,True,concrete plates,good
cc44daa8-360c-4b54-954c-3a4442362c0c,42c3fb0e-2896-44f9-bae7-42d3bd6b55ad,6905763e-1f53-4f62-8306-546f67ddbe0b,1632205002645,13.3904032,52.4760806,7.180904,-0.20031628,-0.010391235,-1.0852346,on bike mount,cyclo cross,True,concrete plates,good
cc44daa8-360c-4b54-954c-3a4442362c0c,42c3fb0e-2896-44f9-bae7-42d3bd6b55ad,7a456ba7-b672-4d1b-8c30-890f96c69103,1632205002695,13.3904032,52.4760806,7.180904,-0.070815384,2.320263,0.72025204,on bike mount,cyclo cross,True,concrete plates,good
cc44daa8-360c-4b54-954c-3a4442362c0c,42c3fb0e-2896-44f9-bae7-42d3bd6b55ad,959d18de-ae1c-4e57-ac16-d06183d8decb,1632205002745,13.3904032,52.4760806,7.180904,-0.37529808,0.4156928,0.4399824,on bike mount,cyclo cross,True,concrete plates,good
cc44daa8-360c-4b54-954c-3a4442362c0c,42c3fb0e-2896-44f9-bae7-42d3bd6b55ad,26f6913c-f022-4d25-a466-b6a7558b85f2,1632205002796,13.3904032,52.4760806,7.180904,-0.55757666,-4.0019584,1.41364,on bike mount,cyclo cross,True,concrete plates,good
cc44daa8-360c-4b54-954c-3a4442362c0c,42c3fb0e-2896-44f9-bae7-42d3bd6b55ad,036ead84-6beb-450c-b2d4-aa55d8409322,1632205002848,13.3903603,52.4760144,7.0245495,-0.22132778,1.2336879,2.8851194,on bike mount,cyclo cross,True,concrete plates,good
cc44daa8-360c-4b54-954c-3a4442362c0c,42c3fb0e-2896-44f9-bae7-42d3bd6b55ad,7691ade2-e9a1-4d17-b503-c064b64be65f,1632205002897,13.3903603,52.4760144,7.0245495,-1.1759205,4.5499887,-7.7683315,on bike mount,cyclo cross,True,concrete plates,good
cc44daa8-360c-4b54-954c-3a4442362c0c,42c3fb0e-2896-44f9-bae7-42d3bd6b55ad,6e2e570f-b835-43ac-a9b0-fa1c551c5265,1632205002947,13.3903603,52.4760144,7.0245495,0.8083087,0.7727051,3.7256536,on bike mount,cyclo cross,True,concrete plates,good
cc44daa8-360c-4b54-954c-3a4442362c0c,42c3fb0e-2896-44f9-bae7-42d3bd6b55ad,74753fe0-187c-4659-a0bc-46b5b0ccca8c,1632205002997,13.3903603,52.4760144,7.0245495,-1.4419997,3.7030158,4.986124,on bike mount,cyclo cross,True,concrete plates,good
cc44daa8-360c-4b54-954c-3a4442362c0c,42c3fb0e-2896-44f9-bae7-42d3bd6b55ad,56947c7b-99be-42b9-b5ee-602c8ded9d83,1632205003047,13.3903603,52.4760144,7.0245495,0.98917735,-1.8267838,-1.6455741,on bike mount,cyclo cross,True,concrete plates,good
cc44daa8-360c-4b54-954c-3a4442362c0c,42c3fb0e-2896-44f9-bae7-42d3bd6b55ad,6446bb2a-3926-4db4-b0ea-0674333d651b,1632205003098,13.3903603,52.4760144,7.0245495,0.5682016,6.5006247,-11.89607,on bike mount,cyclo cross,True,concrete plates,good
cc44daa8-360c-4b54-954c-3a4442362c0c,42c3fb0e-2896-44f9-bae7-42d3bd6b55ad,78b0c73f-01be-4367-8485-55c63290d7f6,1632205003148,13.3903603,52.4760144,7.0245495,0.97934645,-5.1861715,4.864835,on bike mount,cyclo cross,True,concrete plates,good
cc44daa8-360c-4b54-954c-3a4442362c0c,42c3fb0e-2896-44f9-bae7-42d3bd6b55ad,1ecf97ef-664f-4b29-90dd-9be09a07f0a8,1632205003198,13.3903603,52.4760144,7.0245495,-2.6872494,-2.553415,-2.2303867,on bike mount,cyclo cross,True,concrete plates,good
cc44daa8-360c-4b54-954c-3a4442362c0c,42c3fb0e-2896-44f9-bae7-42d3bd6b55ad,e45f0a70-d9d3-413d-8a1c-4704cbf035e4,1632205003248,13.3903603,52.4760144,7.0245495,-15.164958,-2.9778476,0.08314037,on bike mount,cyclo cross,True,concrete plates,good
cc44daa8-360c-4b54-954c-3a4442362c0c,42c3fb0e-2896-44f9-bae7-42d3bd6b55ad,056a4bda-4813-4b8e-8e95-18c4302d6009,1632205003298,13.3903603,52.4760144,7.0245495,0.91076505,-2.892051,1.3910627,on bike mount,cyclo cross,True,concrete plates,good
cc44daa8-360c-4b54-954c-3a4442362c0c,42c3fb0e-2896-44f9-bae7-42d3bd6b55ad,67d20140-335a-428c-8847-684acda6cf00,1632205003349,13.3903603,52.4760144,7.0245495,-3.4827852,-7.9356074,1.4904709,on bike mount,cyclo cross,True,concrete plates,good
cc44daa8-360c-4b54-954c-3a4442362c0c,42c3fb0e-2896-44f9-bae7-42d3bd6b55ad,269fec48-40ce-441f-aa7e-adc12aa6cec5,1632205003399,13.3903603,52.4760144,7.0245495,-0.4217695,1.064168,-0.97107697,on bike mount,cyclo cross,True,concrete plates,good
cc44daa8-360c-4b54-954c-3a4442362c0c,42c3fb0e-2896-44f9-bae7-42d3bd6b55ad,a387c06d-ec33-4024-90ec-03e7f465fef5,1632205003463,13.3903603,52.4760144,7.0245495,-0.16208568,0.41461277,5.7684784,on bike mount,cyclo cross,True,concrete plates,good
cc44daa8-360c-4b54-954c-3a4442362c0c,42c3fb0e-2896-44f9-bae7-42d3bd6b55ad,dfb7f88c-386f-409c-8c9d-cc45d1741dea,1632205003514,13.3903603,52.4760144,7.0245495,-1.9668891,-1.7476243,1.1673603,on bike mount,cyclo cross,True,concrete plates,good
cc44daa8-360c-4b54-954c-3a4442362c0c,42c3fb0e-2896-44f9-bae7-42d3bd6b55ad,5b215176-2c45-435b-b312-d0cffc49a0a8,1632205003565,13.3903603,52.4760144,7.0245495,-0.5160961,1.7706618,5.8587,on bike mount,cyclo cross,True,concrete plates,good
cc44daa8-360c-4b54-954c-3a4442362c0c,42c3fb0e-2896-44f9-bae7-42d3bd6b55ad,71d0da19-e249-4f68-b6a9-b93382f67a28,1632205003614,13.3903603,52.4760144,7.0245495,-0.5767135,3.511488,-1.7408605,on bike mount,cyclo cross,True,concrete plates,good
cc44daa8-360c-4b54-954c-3a4442362c0c,42c3fb0e-2896-44f9-bae7-42d3bd6b55ad,712a0644-f78c-4bb8-be79-0c0f045119cc,1632205003680,13.3903603,52.4760144,7.0245495,-0.24313694,-6.107198,-6.030589,on bike mount,cyclo cross,True,concrete plates,good
cc44daa8-360c-4b54-954c-3a4442362c0c,42c3fb0e-2896-44f9-bae7-42d3bd6b55ad,610c6ca9-530a-45f8-94e3-6b6c73fa8fe5,1632205003731,13.3903603,52.4760144,7.0245495,0.07312299,-1.4754195,0.20196152,on bike mount,cyclo cross,True,concrete plates,good
cc44daa8-360c-4b54-954c-3a4442362c0c,42c3fb0e-2896-44f9-bae7-42d3bd6b55ad,7de82fd3-037f-4aea-bbfc-48e79589dcd8,1632205003779,13.3903603,52.4760144,7.0245495,0.6039916,7.49153,-6.275709,on bike mount,cyclo cross,True,concrete plates,good
cc44daa8-360c-4b54-954c-3a4442362c0c,42c3fb0e-2896-44f9-bae7-42d3bd6b55ad,737d1d90-815f-472b-a34b-f046f81c6d93,1632205003831,13.3903228,52.4759526,7.001193,-4.458519,1.231565,-1.8186584,on bike mount,cyclo cross,True,concrete plates,good
cc44daa8-360c-4b54-954c-3a4442362c0c,42c3fb0e-2896-44f9-bae7-42d3bd6b55ad,a82328ee-1302-4d85-a1f1-14edb84a55cb,1632205003882,13.3903228,52.4759526,7.001193,-1.1093599,2.1397767,-3.6699219,on bike mount,cyclo cross,True,concrete plates,good
cc44daa8-360c-4b54-954c-3a4442362c0c,42c3fb0e-2896-44f9-bae7-42d3bd6b55ad,ba80ea31-cbb4-4400-9097-6f67c24d7ab7,1632205003932,13.3903228,52.4759526,7.001193,0.5196479,0.9567871,-8.149885,on bike mount,cyclo cross,True,concrete plates,good
cc44daa8-360c-4b54-954c-3a4442362c0c,42c3fb0e-2896-44f9-bae7-42d3bd6b55ad,3cf219c7-f017-430b-ae13-34acc89c6c72,1632205003980,13.3903228,52.4759526,7.001193,1.1316221,-3.5968885,-6.0642433,on bike mount,cyclo cross,True,concrete plates,good
cc44daa8-360c-4b54-954c-3a4442362c0c,42c3fb0e-2896-44f9-bae7-42d3bd6b55ad,0575e255-ee59-42e5-a31d-4788fb999cfa,1632205004029,13.3903228,52.4759526,7.001193,0.133847,3.107419,-4.531458,on bike mount,cyclo cross,True,concrete plates,good
cc44daa8-360c-4b54-954c-3a4442362c0c,42c3fb0e-2896-44f9-bae7-42d3bd6b55ad,9f7a299f-a82f-4c01-840f-278feb3540fc,1632205004079,13.3903228,52.4759526,7.001193,0.4623893,-0.16973019,-5.440448,on bike mount,cyclo cross,True,concrete plates,good
cc44daa8-360c-4b54-954c-3a4442362c0c,42c3fb0e-2896-44f9-bae7-42d3bd6b55ad,23f549b4-cbbd-486d-9968-e7491523c28c,1632205004138,13.3903228,52.4759526,7.001193,-0.52119374,3.266984,-2.602828,on bike mount,cyclo cross,True,concrete plates,good
cc44daa8-360c-4b54-954c-3a4442362c0c,42c3fb0e-2896-44f9-bae7-42d3bd6b55ad,3a25e553-ca9e-4330-9d17-445f63c718cb,1632205004188,13.3903228,52.4759526,7.001193,0.31499934,-2.2492204,4.5366755,on bike mount,cyclo cross,True,concrete plates,good
cc44daa8-360c-4b54-954c-3a4442362c0c,42c3fb0e-2896-44f9-bae7-42d3bd6b55ad,bf7ce6a3-6a20-404f-a5f7-5636c3675cf5,1632205004239,13.3903228,52.4759526,7.001193,0.47209936,-0.774632,-3.338296,on bike mount,cyclo cross,True,concrete plates,good
cc44daa8-360c-4b54-954c-3a4442362c0c,42c3fb0e-2896-44f9-bae7-42d3bd6b55ad,13c3fe7a-2f48-4fd5-b708-481735fd7f9f,1632205004289,13.3903228,52.4759526,7.001193,2.8852527,-2.1123488,-5.8781037,on bike mount,cyclo cross,True,concrete plates,good
cc44daa8-360c-4b54-954c-3a4442362c0c,42c3fb0e-2896-44f9-bae7-42d3bd6b55ad,51746348-113a-40a4-80bb-bda26cbe9044,1632205004339,13.3903228,52.4759526,7.001193,2.3682156,-1.8981563,-3.9293017,on bike mount,cyclo cross,True,concrete plates,good
cc44daa8-360c-4b54-954c-3a4442362c0c,42c3fb0e-2896-44f9-bae7-42d3bd6b55ad,1efd119a-8bc8-4d09-a4a2-10d62c0a6454,1632205004389,13.3903228,52.4759526,7.001193,-1.3050576,-0.7451091,-10.379733,on bike mount,cyclo cross,True,concrete plates,good
cc44daa8-360c-4b54-954c-3a4442362c0c,42c3fb0e-2896-44f9-bae7-42d3bd6b55ad,770d19db-03fe-469f-a695-167d895c33b4,1632205004439,13.3903228,52.4759526,7.001193,-0.24524629,-6.405026,3.2875223,on bike mount,cyclo cross,True,concrete plates,good
cc44daa8-360c-4b54-954c-3a4442362c0c,42c3fb0e-2896-44f9-bae7-42d3bd6b55ad,998d2949-0175-4850-b6f0-fd1784c4956f,1632205004501,13.3903228,52.4759526,7.001193,1.1647269,-1.9886165,2.2547712,on bike mount,cyclo cross,True,concrete plates,good
cc44daa8-360c-4b54-954c-3a4442362c0c,42c3fb0e-2896-44f9-bae7-42d3bd6b55ad,7c4d6f01-f14c-4e8a-9df6-232c7889fee7,1632205004551,13.3903228,52.4759526,7.001193,1.8261077,3.1918004,-1.0063267,on bike mount,cyclo cross,True,concrete plates,good
cc44daa8-360c-4b54-954c-3a4442362c0c,42c3fb0e-2896-44f9-bae7-42d3bd6b55ad,08387495-a711-4cd4-8529-a04fc4e604a2,1632205004621,13.3903228,52.4759526,7.001193,-1.253305,0.90482426,-3.4246016,on bike mount,cyclo cross,True,concrete plates,good
cc44daa8-360c-4b54-954c-3a4442362c0c,42c3fb0e-2896-44f9-bae7-42d3bd6b55ad,cf54618d-612f-48aa-9564-dd468bddb56c,1632205004670,13.3903228,52.4759526,7.001193,-0.2414062,6.487482,0.9691248,on bike mount,cyclo cross,True,concrete plates,good
cc44daa8-360c-4b54-954c-3a4442362c0c,42c3fb0e-2896-44f9-bae7-42d3bd6b55ad,4a3e0b5c-321f-42d2-810b-bc2846c2adaf,1632205004719,13.3903228,52.4759526,7.001193,-0.5184654,1.0569239,1.3530769,on bike mount,cyclo cross,True,concrete plates,good
cc44daa8-360c-4b54-954c-3a4442362c0c,42c3fb0e-2896-44f9-bae7-42d3bd6b55ad,360074b5-465c-457a-918f-ed5dc95f7fe9,1632205004769,13.3903228,52.4759526,7.001193,-0.06754954,-3.4763174,-4.7992916,on bike mount,cyclo cross,True,concrete plates,good
cc44daa8-360c-4b54-954c-3a4442362c0c,42c3fb0e-2896-44f9-bae7-42d3bd6b55ad,a45037d4-4ebe-4217-9ba0-7afb47b65b35,1632205004832,13.3902848,52.4758918,7.012773,-0.28786087,4.85375,3.4611044,on bike mount,cyclo cross,True,concrete plates,good
cc44daa8-360c-4b54-954c-3a4442362c0c,42c3fb0e-2896-44f9-bae7-42d3bd6b55ad,9f6fe90d-60a6-43ec-8c85-9c26397a1737,1632205004900,13.3902848,52.4758918,7.012773,-0.38456565,-2.1516438,-3.4868116,on bike mount,cyclo cross,True,concrete plates,good
cc44daa8-360c-4b54-954c-3a4442362c0c,42c3fb0e-2896-44f9-bae7-42d3bd6b55ad,cc538078-82b9-4f5c-8fe6-472f566e01ef,1632205004950,13.3902848,52.4758918,7.012773,-0.33597004,-1.7764642,1.0711517,on bike mount,cyclo cross,True,concrete plates,good
cc44daa8-360c-4b54-954c-3a4442362c0c,42c3fb0e-2896-44f9-bae7-42d3bd6b55ad,f7fff10d-0377-4f83-bbbc-4adb93ca013e,1632205005006,13.3902848,52.4758918,7.012773,-1.1339166,0.4721892,-7.3756895,on bike mount,cyclo cross,True,concrete plates,good
cc44daa8-360c-4b54-954c-3a4442362c0c,42c3fb0e-2896-44f9-bae7-42d3bd6b55ad,a53d4617-e1db-42fb-90e4-21960b09f02f,1632205005056,13.3902848,52.4758918,7.012773,3.8727837,4.9829435,2.615697,on bike mount,cyclo cross,True,concrete plates,good
cc44daa8-360c-4b54-954c-3a4442362c0c,42c3fb0e-2896-44f9-bae7-42d3bd6b55ad,b7e83837-78b0-4aec-b283-30bb78510bfb,1632205005106,13.3902848,52.4758918,7.012773,-2.380114,-2.5606577,2.4034433,on bike mount,cyclo cross,True,concrete plates,good
cc44daa8-360c-4b54-954c-3a4442362c0c,42c3fb0e-2896-44f9-bae7-42d3bd6b55ad,d2cbbdc3-7718-4535-ad31-c2eceefda591,1632205005157,13.3902848,52.4758918,7.012773,-0.9518579,-8.147996,0.026780128,on bike mount,cyclo cross,True,concrete plates,good
cc44daa8-360c-4b54-954c-3a4442362c0c,42c3fb0e-2896-44f9-bae7-42d3bd6b55ad,f6b96afb-a4b8-4eee-b378-dcee7e45a5fb,1632205005207,13.3902848,52.4758918,7.012773,0.6648452,-4.1766634,0.8478584,on bike mount,cyclo cross,True,concrete plates,good
cc44daa8-360c-4b54-954c-3a4442362c0c,42c3fb0e-2896-44f9-bae7-42d3bd6b55ad,7e47312a-3458-484c-be56-f46865cfb41b,1632205005258,13.3902848,52.4758918,7.012773,3.3157146,3.590541,-0.21361351,on bike mount,cyclo cross,True,concrete plates,good
cc44daa8-360c-4b54-954c-3a4442362c0c,42c3fb0e-2896-44f9-bae7-42d3bd6b55ad,c8ecdeba-f44a-4ed5-884c-f73f67c8264b,1632205005309,13.3902848,52.4758918,7.012773,0.5765942,6.9396734,3.3339949,on bike mount,cyclo cross,True,concrete plates,good
cc44daa8-360c-4b54-954c-3a4442362c0c,42c3fb0e-2896-44f9-bae7-42d3bd6b55ad,809ca34d-86e2-406a-a9ea-46e6c677ec48,1632205005367,13.3902848,52.4758918,7.012773,2.2658868,0.2490468,-5.8133936,on bike mount,cyclo cross,True,concrete plates,good
cc44daa8-360c-4b54-954c-3a4442362c0c,42c3fb0e-2896-44f9-bae7-42d3bd6b55ad,12cf832e-fcd0-48aa-991c-adfc13946d64,1632205005418,13.3902848,52.4758918,7.012773,-0.50264424,-5.9164023,0.8520794,on bike mount,cyclo cross,True,concrete plates,good
cc44daa8-360c-4b54-954c-3a4442362c0c,42c3fb0e-2896-44f9-bae7-42d3bd6b55ad,ae0f8d7c-33f4-4a6a-b53c-16f46838d81c,1632205005468,13.3902848,52.4758918,7.012773,1.906904,-4.9629045,3.9836302,on bike mount,cyclo cross,True,concrete plates,good
cc44daa8-360c-4b54-954c-3a4442362c0c,42c3fb0e-2896-44f9-bae7-42d3bd6b55ad,cb8a3213-3bdc-4be4-9970-f386383e448c,1632205005519,13.3902848,52.4758918,7.012773,-0.3275556,-1.8112432,-3.7555478,on bike mount,cyclo cross,True,concrete plates,good
cc44daa8-360c-4b54-954c-3a4442362c0c,42c3fb0e-2896-44f9-bae7-42d3bd6b55ad,95f87fcf-36cc-4856-9aa7-9de7681822a8,1632205005569,13.3902848,52.4758918,7.012773,1.782144,6.7334523,-2.2392163,on bike mount,cyclo cross,True,concrete plates,good
cc44daa8-360c-4b54-954c-3a4442362c0c,42c3fb0e-2896-44f9-bae7-42d3bd6b55ad,f7a2cb81-babd-45eb-b3f9-e9ab74965aad,1632205005627,13.3902848,52.4758918,7.012773,-2.402022,-2.3669546,1.2494793,on bike mount,cyclo cross,True,concrete plates,good
cc44daa8-360c-4b54-954c-3a4442362c0c,42c3fb0e-2896-44f9-bae7-42d3bd6b55ad,1767920b-6033-473c-871f-c839324eef19,1632205005678,13.3902848,52.4758918,7.012773,-0.08741394,5.5971117,-8.448271,on bike mount,cyclo cross,True,concrete plates,good
cc44daa8-360c-4b54-954c-3a4442362c0c,42c3fb0e-2896-44f9-bae7-42d3bd6b55ad,c9497465-ee0d-4a2c-803a-0ca405732024,1632205005728,13.3902848,52.4758918,7.012773,1.766155,2.7276764,-2.328014,on bike mount,cyclo cross,True,concrete plates,good
cc44daa8-360c-4b54-954c-3a4442362c0c,42c3fb0e-2896-44f9-bae7-42d3bd6b55ad,beaaa0ef-e729-4057-a73c-da299b875402,1632205005785,13.3902848,52.4758918,7.012773,-0.37283593,-2.2288318,-0.116500854,on bike mount,cyclo cross,True,concrete plates,good
cc44daa8-360c-4b54-954c-3a4442362c0c,42c3fb0e-2896-44f9-bae7-42d3bd6b55ad,8558a621-223d-4f8f-8100-241ed9a98124,1632205005836,13.3902444,52.4758354,6.846635,-1.0541685,1.6411204,0.3118,on bike mount,cyclo cross,True,concrete plates,good
cc44daa8-360c-4b54-954c-3a4442362c0c,42c3fb0e-2896-44f9-bae7-42d3bd6b55ad,a384ff44-f1f3-41d4-9961-68272e98be6a,1632205005891,13.3902444,52.4758354,6.846635,1.9378569,3.1948872,-2.6553168,on bike mount,cyclo cross,True,concrete plates,good
cc44daa8-360c-4b54-954c-3a4442362c0c,42c3fb0e-2896-44f9-bae7-42d3bd6b55ad,199bb3c5-e975-443e-9707-480689070e55,1632205005940,13.3902444,52.4758354,6.846635,-0.43429485,-2.1517568,4.6254606,on bike mount,cyclo cross,True,concrete plates,good
cc44daa8-360c-4b54-954c-3a4442362c0c,42c3fb0e-2896-44f9-bae7-42d3bd6b55ad,c8fdaced-a5e5-468b-ae57-9f92e43f4a18,1632205005990,13.3902444,52.4758354,6.846635,-0.36478376,3.526414,-2.3814487,on bike mount,cyclo cross,True,concrete plates,good
cc44daa8-360c-4b54-954c-3a4442362c0c,42c3fb0e-2896-44f9-bae7-42d3bd6b55ad,3fac09b2-e3ef-4fc7-9fc9-ddf20af34970,1632205006041,13.3902444,52.4758354,6.846635,-1.2401686,-5.628666,-2.1014977,on bike mount,cyclo cross,True,concrete plates,good
cc44daa8-360c-4b54-954c-3a4442362c0c,42c3fb0e-2896-44f9-bae7-42d3bd6b55ad,e90ebc1d-e918-416c-bcf5-ecb076448769,1632205006102,13.3902444,52.4758354,6.846635,0.34465334,-0.19345427,-6.4106197,on bike mount,cyclo cross,True,concrete plates,good
cc44daa8-360c-4b54-954c-3a4442362c0c,42c3fb0e-2896-44f9-bae7-42d3bd6b55ad,751e78f5-a464-4129-8934-9b92392faac1,1632205006152,13.3902444,52.4758354,6.846635,-0.60840183,3.6834168,1.0306492,on bike mount,cyclo cross,True,concrete plates,good
cc44daa8-360c-4b54-954c-3a4442362c0c,42c3fb0e-2896-44f9-bae7-42d3bd6b55ad,ef20c781-0907-464b-b9e0-4342f4b98f8b,1632205006202,13.3902444,52.4758354,6.846635,1.0823205,-2.9458086,2.6111631,on bike mount,cyclo cross,True,concrete plates,good
cc44daa8-360c-4b54-954c-3a4442362c0c,42c3fb0e-2896-44f9-bae7-42d3bd6b55ad,cd18cedb-6828-4482-b033-553196238589,1632205006252,13.3902444,52.4758354,6.846635,0.13305318,-3.717665,-2.1018271,on bike mount,cyclo cross,True,concrete plates,good
cc44daa8-360c-4b54-954c-3a4442362c0c,42c3fb0e-2896-44f9-bae7-42d3bd6b55ad,d0afae11-ab07-4812-90d3-dc6b53fc5aa0,1632205006302,13.3902444,52.4758354,6.846635,-1.6935866,0.9107852,1.8770094,on bike mount,cyclo cross,True,concrete plates,good
cc44daa8-360c-4b54-954c-3a4442362c0c,42c3fb0e-2896-44f9-bae7-42d3bd6b55ad,b1bb97c2-69a1-4150-b10c-a1e324fc1612,1632205006352,13.3902444,52.4758354,6.846635,-0.25906283,-1.4664311,-2.8262734,on bike mount,cyclo cross,True,concrete plates,good
cc44daa8-360c-4b54-954c-3a4442362c0c,42c3fb0e-2896-44f9-bae7-42d3bd6b55ad,955d2b1b-631f-44f5-9743-47d22662ea5c,1632205006408,13.3902444,52.4758354,6.846635,-0.6479376,6.414782,-1.6751156,on bike mount,cyclo cross,True,concrete plates,good
cc44daa8-360c-4b54-954c-3a4442362c0c,42c3fb0e-2896-44f9-bae7-42d3bd6b55ad,4cd8f901-b3e5-4b8e-b582-4a18039fb2ad,1632205006457,13.3902444,52.4758354,6.846635,-3.1675036,4.0006313,-4.8493986,on bike mount,cyclo cross,True,concrete plates,good
cc44daa8-360c-4b54-954c-3a4442362c0c,42c3fb0e-2896-44f9-bae7-42d3bd6b55ad,9ffae823-6759-47ef-a9b2-35068c4a2b80,1632205006507,13.3902444,52.4758354,6.846635,1.3606601,-3.23415,0.713789,on bike mount,cyclo cross,True,concrete plates,good
cc44daa8-360c-4b54-954c-3a4442362c0c,42c3fb0e-2896-44f9-bae7-42d3bd6b55ad,63b0e7fd-e0e6-469f-9f1b-73f2dc597d66,1632205006557,13.3902444,52.4758354,6.846635,-0.535651,-2.8334062,2.0407,on bike mount,cyclo cross,True,concrete plates,good
cc44daa8-360c-4b54-954c-3a4442362c0c,42c3fb0e-2896-44f9-bae7-42d3bd6b55ad,28f948e1-802c-4397-b142-6b5ea37b8b8b,1632205006607,13.3902444,52.4758354,6.846635,-0.052675206,-3.181261,-1.6595254,on bike mount,cyclo cross,True,concrete plates,good
cc44daa8-360c-4b54-954c-3a4442362c0c,42c3fb0e-2896-44f9-bae7-42d3bd6b55ad,5df58c77-88bf-4123-bb39-54281d1e3fd2,1632205006677,13.3902444,52.4758354,6.846635,-0.02152374,-2.830289,0.64263344,on bike mount,cyclo cross,True,concrete plates,good
cc44daa8-360c-4b54-954c-3a4442362c0c,42c3fb0e-2896-44f9-bae7-42d3bd6b55ad,faf0ee44-6eda-4234-af8a-6a320856fed4,1632205006728,13.3902444,52.4758354,6.846635,0.8075301,-5.149562,-4.9855523,on bike mount,cyclo cross,True,concrete plates,good
cc44daa8-360c-4b54-954c-3a4442362c0c,42c3fb0e-2896-44f9-bae7-42d3bd6b55ad,3893189f-df3f-4f57-8994-54b4ad8416fb,1632205006778,13.3902444,52.4758354,6.846635,1.7724744,3.3755808,-2.2812252,on bike mount,cyclo cross,True,concrete plates,good
cc44daa8-360c-4b54-954c-3a4442362c0c,42c3fb0e-2896-44f9-bae7-42d3bd6b55ad,5f527060-3606-4263-a272-52e4650cd1ee,1632205006854,13.3902037,52.4757778,7.007689,-0.80513084,-10.788418,-1.3241997,on bike mount,cyclo cross,True,concrete plates,good
cc44daa8-360c-4b54-954c-3a4442362c0c,42c3fb0e-2896-44f9-bae7-42d3bd6b55ad,244b1988-ec5a-4654-a065-0cdfce6dd1ee,1632205006921,13.3902037,52.4757778,7.007689,-2.4883595,4.6533747,-2.7888708,on bike mount,cyclo cross,True,concrete plates,good
cc44daa8-360c-4b54-954c-3a4442362c0c,42c3fb0e-2896-44f9-bae7-42d3bd6b55ad,82055b99-32c9-4404-9170-144e8790da4d,1632205006971,13.3902037,52.4757778,7.007689,-0.5795727,-0.7290106,0.75343704,on bike mount,cyclo cross,True,concrete plates,good
cc44daa8-360c-4b54-954c-3a4442362c0c,42c3fb0e-2896-44f9-bae7-42d3bd6b55ad,c0b4a72e-00cd-45e3-a1e9-808e4d61e4a7,1632205007021,13.3902037,52.4757778,7.007689,-1.0189861,1.1824341,2.6258917,on bike mount,cyclo cross,True,concrete plates,good
cc44daa8-360c-4b54-954c-3a4442362c0c,42c3fb0e-2896-44f9-bae7-42d3bd6b55ad,4800c866-6f15-4a83-aaf5-e03241d9bbaf,1632205007071,13.3902037,52.4757778,7.007689,-0.4218122,0.23915648,1.6593838,on bike mount,cyclo cross,True,concrete plates,good
cc44daa8-360c-4b54-954c-3a4442362c0c,42c3fb0e-2896-44f9-bae7-42d3bd6b55ad,1600e448-ecbe-45d8-ba24-83616636a369,1632205007124,13.3902037,52.4757778,7.007689,-0.5973616,5.2744617,1.6632481,on bike mount,cyclo cross,True,concrete plates,good
cc44daa8-360c-4b54-954c-3a4442362c0c,42c3fb0e-2896-44f9-bae7-42d3bd6b55ad,3887122d-1eb6-429c-a6dd-e0f9076fc99c,1632205007175,13.3902037,52.4757778,7.007689,-0.39034867,-6.8077397,11.032667,on bike mount,cyclo cross,True,concrete plates,good
cc44daa8-360c-4b54-954c-3a4442362c0c,42c3fb0e-2896-44f9-bae7-42d3bd6b55ad,9a29b9e0-fe68-4fb5-9db4-a802950f4c4b,1632205007223,13.3902037,52.4757778,7.007689,-1.1438794,-7.703495,-4.0954967,on bike mount,cyclo cross,True,concrete plates,good
cc44daa8-360c-4b54-954c-3a4442362c0c,42c3fb0e-2896-44f9-bae7-42d3bd6b55ad,55730bb6-f3bf-4429-99f1-92a7966e5d88,1632205007273,13.3902037,52.4757778,7.007689,-2.4084396,-2.1620572,-1.7642212,on bike mount,cyclo cross,True,concrete plates,good
cc44daa8-360c-4b54-954c-3a4442362c0c,42c3fb0e-2896-44f9-bae7-42d3bd6b55ad,6045475a-6a75-4e35-a176-190aefd700d6,1632205007324,13.3902037,52.4757778,7.007689,0.17643167,6.560047,-6.019451,on bike mount,cyclo cross,True,concrete plates,good
cc44daa8-360c-4b54-954c-3a4442362c0c,42c3fb0e-2896-44f9-bae7-42d3bd6b55ad,cce0cba1-7d55-425a-9a27-0debc8744501,1632205007375,13.3902037,52.4757778,7.007689,-0.82828337,0.88278055,0.98394203,on bike mount,cyclo cross,True,concrete plates,good
cc44daa8-360c-4b54-954c-3a4442362c0c,42c3fb0e-2896-44f9-bae7-42d3bd6b55ad,477da799-e333-4544-9f3e-248206d30736,1632205007427,13.3902037,52.4757778,7.007689,2.8173578,6.088093,-5.089859,on bike mount,cyclo cross,True,concrete plates,good
cc44daa8-360c-4b54-954c-3a4442362c0c,42c3fb0e-2896-44f9-bae7-42d3bd6b55ad,addc9ed7-747b-4990-9763-fbdb38b3e957,1632205007477,13.3902037,52.4757778,7.007689,0.4188519,-3.7355156,-1.4404101,on bike mount,cyclo cross,True,concrete plates,good
cc44daa8-360c-4b54-954c-3a4442362c0c,42c3fb0e-2896-44f9-bae7-42d3bd6b55ad,488c5e19-f096-4fc8-a5f8-da19141c12a0,1632205007540,13.3902037,52.4757778,7.007689,-1.4697444,0.19376373,-2.292962,on bike mount,cyclo cross,True,concrete plates,good
cc44daa8-360c-4b54-954c-3a4442362c0c,42c3fb0e-2896-44f9-bae7-42d3bd6b55ad,655fcccf-9f45-4d0a-ba54-80e5f5cfb25a,1632205007590,13.3902037,52.4757778,7.007689,-0.6017055,-1.4333661,-2.3773174,on bike mount,cyclo cross,True,concrete plates,good
cc44daa8-360c-4b54-954c-3a4442362c0c,42c3fb0e-2896-44f9-bae7-42d3bd6b55ad,32cfa565-3fd1-4440-bfeb-1febd0a7c260,1632205007640,13.3902037,52.4757778,7.007689,0.26530105,0.5051782,-2.0700908,on bike mount,cyclo cross,True,concrete plates,good
cc44daa8-360c-4b54-954c-3a4442362c0c,42c3fb0e-2896-44f9-bae7-42d3bd6b55ad,2188ae0c-61a5-439e-8262-92d1e709f987,1632205007689,13.3902037,52.4757778,7.007689,0.6697267,-3.8314428,-0.22603798,on bike mount,cyclo cross,True,concrete plates,good
cc44daa8-360c-4b54-954c-3a4442362c0c,42c3fb0e-2896-44f9-bae7-42d3bd6b55ad,fa51eabb-67aa-4400-a4ad-17cfe8f4ef12,1632205007738,13.3902037,52.4757778,7.007689,-0.21930125,-1.7983454,-2.0793142,on bike mount,cyclo cross,True,concrete plates,good
cc44daa8-360c-4b54-954c-3a4442362c0c,42c3fb0e-2896-44f9-bae7-42d3bd6b55ad,5d057d3a-49c7-4485-9de3-c1fa481c4a5d,1632205007788,13.3902037,52.4757778,7.007689,-0.3685953,-1.4941952,-0.18481827,on bike mount,cyclo cross,True,concrete plates,good
cc44daa8-360c-4b54-954c-3a4442362c0c,42c3fb0e-2896-44f9-bae7-42d3bd6b55ad,aa0f9817-9e5d-494b-bfd3-700916cd39bc,1632205007838,13.3901596,52.475721,6.7719207,-0.8245697,-1.440634,1.5580559,on bike mount,cyclo cross,True,concrete plates,good
cc44daa8-360c-4b54-954c-3a4442362c0c,42c3fb0e-2896-44f9-bae7-42d3bd6b55ad,ed2cb0a4-6289-43dd-a158-5acfa3dad8a9,1632205007888,13.3901596,52.475721,6.7719207,-2.0586782,-3.284747,-1.7610855,on bike mount,cyclo cross,True,concrete plates,good
cc44daa8-360c-4b54-954c-3a4442362c0c,42c3fb0e-2896-44f9-bae7-42d3bd6b55ad,e3a79871-6538-4ede-9aa3-fe65c493db79,1632205007945,13.3901596,52.475721,6.7719207,1.1511284,4.879449,-5.8455453,on bike mount,cyclo cross,True,concrete plates,good
cc44daa8-360c-4b54-954c-3a4442362c0c,42c3fb0e-2896-44f9-bae7-42d3bd6b55ad,15c1cf96-a080-46da-a31c-e0eec9ee3dd9,1632205007995,13.3901596,52.475721,6.7719207,-0.8290379,-1.7838687,6.368105,on bike mount,cyclo cross,True,concrete plates,good
cc44daa8-360c-4b54-954c-3a4442362c0c,42c3fb0e-2896-44f9-bae7-42d3bd6b55ad,1613a732-a867-4fcb-9239-ac0340cd5ff9,1632205008045,13.3901596,52.475721,6.7719207,-2.1880093,-2.1449971,-0.10578203,on bike mount,cyclo cross,True,concrete plates,good
cc44daa8-360c-4b54-954c-3a4442362c0c,42c3fb0e-2896-44f9-bae7-42d3bd6b55ad,d9403978-8613-49f9-8bb4-2b22e6a22aba,1632205008096,13.3901596,52.475721,6.7719207,-1.7979589,2.8901792,-0.47597027,on bike mount,cyclo cross,True,concrete plates,good
cc44daa8-360c-4b54-954c-3a4442362c0c,42c3fb0e-2896-44f9-bae7-42d3bd6b55ad,03a1a311-3d35-406c-a7cd-fe3086e49508,1632205008146,13.3901596,52.475721,6.7719207,0.49718547,0.8836198,-2.1785336,on bike mount,cyclo cross,True,concrete plates,good
cc44daa8-360c-4b54-954c-3a4442362c0c,42c3fb0e-2896-44f9-bae7-42d3bd6b55ad,e010db89-b4ad-4b64-a9bc-72f67f014672,1632205008196,13.3901596,52.475721,6.7719207,-0.060635984,-3.5250955,3.4720497,on bike mount,cyclo cross,True,concrete plates,good
cc44daa8-360c-4b54-954c-3a4442362c0c,42c3fb0e-2896-44f9-bae7-42d3bd6b55ad,d1040dd9-94a7-4d8a-bffb-4ee526b6d49d,1632205008246,13.3901596,52.475721,6.7719207,0.48609853,1.4116647,-7.48781,on bike mount,cyclo cross,True,concrete plates,good
cc44daa8-360c-4b54-954c-3a4442362c0c,42c3fb0e-2896-44f9-bae7-42d3bd6b55ad,c8220b4f-6226-49ef-afb3-ab0d7e199df9,1632205008297,13.3901596,52.475721,6.7719207,0.5324506,-0.47840285,2.903205,on bike mount,cyclo cross,True,concrete plates,good
cc44daa8-360c-4b54-954c-3a4442362c0c,42c3fb0e-2896-44f9-bae7-42d3bd6b55ad,8060333e-f2b8-4821-89c8-96cc37c0799d,1632205008361,13.3901596,52.475721,6.7719207,-3.737862,-0.83902955,-4.280656,on bike mount,cyclo cross,True,concrete plates,good
cc44daa8-360c-4b54-954c-3a4442362c0c,42c3fb0e-2896-44f9-bae7-42d3bd6b55ad,fa822b51-7f1f-41fd-bb0f-8af72e2e7eb4,1632205008411,13.3901596,52.475721,6.7719207,-0.3661133,0.88525677,-2.973905,on bike mount,cyclo cross,True,concrete plates,good
cc44daa8-360c-4b54-954c-3a4442362c0c,42c3fb0e-2896-44f9-bae7-42d3bd6b55ad,05fc63a2-5f51-4c30-bb5c-e2863640aa12,1632205008461,13.3901596,52.475721,6.7719207,0.17321554,0.35231376,-3.0690928,on bike mount,cyclo cross,True,concrete plates,good
cc44daa8-360c-4b54-954c-3a4442362c0c,42c3fb0e-2896-44f9-bae7-42d3bd6b55ad,89bdf2f6-47ed-4434-b1b2-5a81fc8d5ce7,1632205008510,13.3901596,52.475721,6.7719207,-0.20614487,1.2551892,1.4268093,on bike mount,cyclo cross,True,concrete plates,good
cc44daa8-360c-4b54-954c-3a4442362c0c,42c3fb0e-2896-44f9-bae7-42d3bd6b55ad,c1a048b9-8257-4b92-95a5-8c1ce2d3347b,1632205008559,13.3901596,52.475721,6.7719207,-1.4327087,-2.025832,2.3189678,on bike mount,cyclo cross,True,concrete plates,good
cc44daa8-360c-4b54-954c-3a4442362c0c,42c3fb0e-2896-44f9-bae7-42d3bd6b55ad,b24aa831-ff6a-4af3-8cc0-0ae5cd67d6d0,1632205008609,13.3901596,52.475721,6.7719207,-0.9663561,-0.87815857,-0.7251477,on bike mount,cyclo cross,True,concrete plates,good
cc44daa8-360c-4b54-954c-3a4442362c0c,42c3fb0e-2896-44f9-bae7-42d3bd6b55ad,2ea5abd2-beee-433a-aa9d-e026f11c0ca9,1632205008659,13.3901596,52.475721,6.7719207,0.5711648,0.7701793,3.959136,on bike mount,cyclo cross,True,concrete plates,good
cc44daa8-360c-4b54-954c-3a4442362c0c,42c3fb0e-2896-44f9-bae7-42d3bd6b55ad,65efb314-bcfa-4206-9bc3-6084d7a0cfbb,1632205008708,13.3901596,52.475721,6.7719207,0.024817497,-2.066966,0.7914219,on bike mount,cyclo cross,True,concrete plates,good
cc44daa8-360c-4b54-954c-3a4442362c0c,42c3fb0e-2896-44f9-bae7-42d3bd6b55ad,c79f4746-6558-43c6-b2e4-57109ce2abff,1632205008780,13.3901596,52.475721,6.7719207,-0.12645246,-1.7065119,2.6313133,on bike mount,cyclo cross,True,concrete plates,good
cc44daa8-360c-4b54-954c-3a4442362c0c,42c3fb0e-2896-44f9-bae7-42d3bd6b55ad,10ce0247-c3d5-4681-907a-9217949c0ee8,1632205008830,13.3901216,52.4756571,7.0673647,0.34669927,-3.2567306,2.2912827,on bike mount,cyclo cross,True,concrete plates,good
cc44daa8-360c-4b54-954c-3a4442362c0c,42c3fb0e-2896-44f9-bae7-42d3bd6b55ad,f6bf8b11-7004-4ee5-ab3c-ac748c742589,1632205008880,13.3901216,52.4756571,7.0673647,0.20248322,1.5835919,-0.6064844,on bike mount,cyclo cross,True,concrete plates,good
cc44daa8-360c-4b54-954c-3a4442362c0c,42c3fb0e-2896-44f9-bae7-42d3bd6b55ad,77c50e3e-3a19-42eb-bdb1-6aca60686d3f,1632205008930,13.3901216,52.4756571,7.0673647,0.8074386,-4.4203753,5.7299585,on bike mount,cyclo cross,True,concrete plates,good
cc44daa8-360c-4b54-954c-3a4442362c0c,42c3fb0e-2896-44f9-bae7-42d3bd6b55ad,1349df1f-b1bf-4aa6-b37f-c0074d088d09,1632205008980,13.3901216,52.4756571,7.0673647,-0.18407589,4.365178,-0.81941605,on bike mount,cyclo cross,True,concrete plates,good
cc44daa8-360c-4b54-954c-3a4442362c0c,42c3fb0e-2896-44f9-bae7-42d3bd6b55ad,77468abd-7289-4d35-805f-9a085268c515,1632205009030,13.3901216,52.4756571,7.0673647,0.20016038,1.8397837,-2.6816664,on bike mount,cyclo cross,True,concrete plates,good
cc44daa8-360c-4b54-954c-3a4442362c0c,42c3fb0e-2896-44f9-bae7-42d3bd6b55ad,8b1188d5-f534-4a86-8a85-348b9e6609e5,1632205009080,13.3901216,52.4756571,7.0673647,0.6701968,-0.7791569,-3.9822574,on bike mount,cyclo cross,True,concrete plates,good
cc44daa8-360c-4b54-954c-3a4442362c0c,42c3fb0e-2896-44f9-bae7-42d3bd6b55ad,962d7e36-f797-46a8-977b-fe908ee90510,1632205009129,13.3901216,52.4756571,7.0673647,0.064929366,-0.4523542,-5.408698,on bike mount,cyclo cross,True,concrete plates,good
cc44daa8-360c-4b54-954c-3a4442362c0c,42c3fb0e-2896-44f9-bae7-42d3bd6b55ad,42ee52c3-483e-49d6-8154-e96ecb3008f4,1632205009179,13.3901216,52.4756571,7.0673647,-0.40698767,-3.398584,4.2421017,on bike mount,cyclo cross,True,concrete plates,good
cc44daa8-360c-4b54-954c-3a4442362c0c,42c3fb0e-2896-44f9-bae7-42d3bd6b55ad,3513e8f0-1c81-4890-80da-7052b7ffbbe1,1632205009228,13.3901216,52.4756571,7.0673647,-1.0885252,2.8203173,0.9516649,on bike mount,cyclo cross,True,concrete plates,good
cc44daa8-360c-4b54-954c-3a4442362c0c,42c3fb0e-2896-44f9-bae7-42d3bd6b55ad,c249f8f5-17e0-47f3-bc91-d899db375d0b,1632205009277,13.3901216,52.4756571,7.0673647,0.33503097,-4.370095,10.913702,on bike mount,cyclo cross,True,concrete plates,good
cc44daa8-360c-4b54-954c-3a4442362c0c,42c3fb0e-2896-44f9-bae7-42d3bd6b55ad,e9c88f7f-1e10-48f8-8175-aef6c223dc85,1632205009327,13.3901216,52.4756571,7.0673647,2.9910436,6.3851633,-3.6298623,on bike mount,cyclo cross,True,concrete plates,good
cc44daa8-360c-4b54-954c-3a4442362c0c,42c3fb0e-2896-44f9-bae7-42d3bd6b55ad,b128bbde-664c-4342-aab0-be22867cd94a,1632205009377,13.3901216,52.4756571,7.0673647,-0.38385248,-4.6263227,0.1592598,on bike mount,cyclo cross,True,concrete plates,good
cc44daa8-360c-4b54-954c-3a4442362c0c,42c3fb0e-2896-44f9-bae7-42d3bd6b55ad,b1ca144d-fdc3-4568-9c6f-154d905a09bf,1632205009428,13.3901216,52.4756571,7.0673647,-0.63967663,4.9069314,3.8594322,on bike mount,cyclo cross,True,concrete plates,good
cc44daa8-360c-4b54-954c-3a4442362c0c,42c3fb0e-2896-44f9-bae7-42d3bd6b55ad,8634aefd-4dd1-4cc6-a737-e838726be9df,1632205009479,13.3901216,52.4756571,7.0673647,0.28718728,-6.1373744,0.21569347,on bike mount,cyclo cross,True,concrete plates,good
cc44daa8-360c-4b54-954c-3a4442362c0c,42c3fb0e-2896-44f9-bae7-42d3bd6b55ad,9de9731b-0c1e-4737-b4d7-06a0fd7c9a9b,1632205009530,13.3901216,52.4756571,7.0673647,1.448081,-1.3907722,2.0715742,on bike mount,cyclo cross,True,concrete plates,good
cc44daa8-360c-4b54-954c-3a4442362c0c,42c3fb0e-2896-44f9-bae7-42d3bd6b55ad,61c18237-4d06-4aa5-af70-c270e1614b8c,1632205009580,13.3901216,52.4756571,7.0673647,-1.2010512,-0.16900992,-0.31803513,on bike mount,cyclo cross,True,concrete plates,good
cc44daa8-360c-4b54-954c-3a4442362c0c,42c3fb0e-2896-44f9-bae7-42d3bd6b55ad,0b3719e6-a3e0-4677-b726-c452a8e0df24,1632205009631,13.3901216,52.4756571,7.0673647,-0.77002966,1.5755701,1.344121,on bike mount,cyclo cross,True,concrete plates,good
cc44daa8-360c-4b54-954c-3a4442362c0c,42c3fb0e-2896-44f9-bae7-42d3bd6b55ad,6e61d042-99e7-470b-8c59-a1e74cb264e9,1632205009680,13.3901216,52.4756571,7.0673647,-1.4582567,5.9128685,7.892992,on bike mount,cyclo cross,True,concrete plates,good
cc44daa8-360c-4b54-954c-3a4442362c0c,42c3fb0e-2896-44f9-bae7-42d3bd6b55ad,e5f5665d-32e9-4e5b-85b1-40584b3410c0,1632205009730,13.3901216,52.4756571,7.0673647,0.3592385,-8.086913,-0.68210506,on bike mount,cyclo cross,True,concrete plates,good
cc44daa8-360c-4b54-954c-3a4442362c0c,42c3fb0e-2896-44f9-bae7-42d3bd6b55ad,24e78535-9f22-487c-853f-e25562aacff2,1632205009805,13.3901216,52.4756571,7.0673647,1.4164479,-3.2094336,-0.98492146,on bike mount,cyclo cross,True,concrete plates,good
cc44daa8-360c-4b54-954c-3a4442362c0c,42c3fb0e-2896-44f9-bae7-42d3bd6b55ad,9e3029c1-7c36-4cc5-af8b-f9ebd1ee27f8,1632205009855,13.39009,52.4755942,7.024797,0.26354602,-3.6810079,-1.8156543,on bike mount,cyclo cross,True,concrete plates,good
cc44daa8-360c-4b54-954c-3a4442362c0c,42c3fb0e-2896-44f9-bae7-42d3bd6b55ad,fe74a7a4-49d5-4a2e-a37d-336c0d9bd137,1632205009905,13.39009,52.4755942,7.024797,0.91291153,4.404556,0.8118067,on bike mount,cyclo cross,True,concrete plates,good
cc44daa8-360c-4b54-954c-3a4442362c0c,42c3fb0e-2896-44f9-bae7-42d3bd6b55ad,6b9280c5-4c53-492f-a514-894faaa70775,1632205009954,13.39009,52.4755942,7.024797,0.93469316,0.89768505,2.4427938,on bike mount,cyclo cross,True,concrete plates,good
cc44daa8-360c-4b54-954c-3a4442362c0c,42c3fb0e-2896-44f9-bae7-42d3bd6b55ad,422a7f23-e640-410d-83b2-8ac07b343c1d,1632205010004,13.39009,52.4755942,7.024797,-1.2142532,-0.07712102,1.2678585,on bike mount,cyclo cross,True,concrete plates,good
cc44daa8-360c-4b54-954c-3a4442362c0c,42c3fb0e-2896-44f9-bae7-42d3bd6b55ad,e06f9ee0-656f-4902-8bdf-f96d5a808a2d,1632205010054,13.39009,52.4755942,7.024797,-0.49109674,3.2658315,-4.016244,on bike mount,cyclo cross,True,concrete plates,good
cc44daa8-360c-4b54-954c-3a4442362c0c,42c3fb0e-2896-44f9-bae7-42d3bd6b55ad,64c9be3a-32dd-4e02-8caf-3eb8e9eb11c5,1632205010104,13.39009,52.4755942,7.024797,0.99196506,-2.5672421,0.2344656,on bike mount,cyclo cross,True,concrete plates,good
cc44daa8-360c-4b54-954c-3a4442362c0c,42c3fb0e-2896-44f9-bae7-42d3bd6b55ad,1aaaa594-4142-47b0-aabe-3675ec4a27d6,1632205010154,13.39009,52.4755942,7.024797,0.22003222,-6.999086,0.43066978,on bike mount,cyclo cross,True,concrete plates,good
cc44daa8-360c-4b54-954c-3a4442362c0c,42c3fb0e-2896-44f9-bae7-42d3bd6b55ad,c6dc8680-e4fb-40e5-9a0b-9279848ccb7c,1632205010204,13.39009,52.4755942,7.024797,-0.09161788,0.30580592,3.3958216,on bike mount,cyclo cross,True,concrete plates,good
cc44daa8-360c-4b54-954c-3a4442362c0c,42c3fb0e-2896-44f9-bae7-42d3bd6b55ad,c0ab259a-4245-42a3-86d0-b33fe560023a,1632205010255,13.39009,52.4755942,7.024797,-1.3466592,-0.5546055,1.9454355,on bike mount,cyclo cross,True,concrete plates,good
cc44daa8-360c-4b54-954c-3a4442362c0c,42c3fb0e-2896-44f9-bae7-42d3bd6b55ad,230cc1cd-f3da-48d1-8c34-1612e5e78c38,1632205010328,13.39009,52.4755942,7.024797,-0.67212147,-0.1895783,1.6826401,on bike mount,cyclo cross,True,concrete plates,good
cc44daa8-360c-4b54-954c-3a4442362c0c,42c3fb0e-2896-44f9-bae7-42d3bd6b55ad,8baf105f-bbe6-4b7a-873d-cccc5ee93ea1,1632205010379,13.39009,52.4755942,7.024797,0.02281008,-4.930481,-0.6794615,on bike mount,cyclo cross,True,concrete plates,good
cc44daa8-360c-4b54-954c-3a4442362c0c,42c3fb0e-2896-44f9-bae7-42d3bd6b55ad,61e5f5b3-0653-4839-9034-72fcb60bcf32,1632205010448,13.39009,52.4755942,7.024797,0.22478953,-3.1386633,-0.33218765,on bike mount,cyclo cross,True,concrete plates,good
cc44daa8-360c-4b54-954c-3a4442362c0c,42c3fb0e-2896-44f9-bae7-42d3bd6b55ad,cf9ee43c-878a-47d0-abfb-8420bd7e299b,1632205010499,13.39009,52.4755942,7.024797,-2.0354764,-0.19501948,-2.2036295,on bike mount,cyclo cross,True,concrete plates,good
cc44daa8-360c-4b54-954c-3a4442362c0c,42c3fb0e-2896-44f9-bae7-42d3bd6b55ad,78faf9bb-e1bd-46ea-b061-b49015cb4b6b,1632205010549,13.39009,52.4755942,7.024797,-0.64072055,1.4513006,-1.5173678,on bike mount,cyclo cross,True,concrete plates,good
cc44daa8-360c-4b54-954c-3a4442362c0c,42c3fb0e-2896-44f9-bae7-42d3bd6b55ad,051c0d95-d0fd-4320-91fa-4973bda7fcad,1632205010600,13.39009,52.4755942,7.024797,-4.0836473,3.3508458,-0.62735176,on bike mount,cyclo cross,True,concrete plates,good
cc44daa8-360c-4b54-954c-3a4442362c0c,42c3fb0e-2896-44f9-bae7-42d3bd6b55ad,75871b23-2b29-4afb-a201-586f4f14bdda,1632205010651,13.39009,52.4755942,7.024797,-0.28263015,-2.4422717,3.697631,on bike mount,cyclo cross,True,concrete plates,good
cc44daa8-360c-4b54-954c-3a4442362c0c,42c3fb0e-2896-44f9-bae7-42d3bd6b55ad,2469b22e-409b-4b7e-981c-f8ea1aa12550,1632205010701,13.39009,52.4755942,7.024797,-0.6517577,-1.6023531,-1.7541203,on bike mount,cyclo cross,True,concrete plates,good
cc44daa8-360c-4b54-954c-3a4442362c0c,42c3fb0e-2896-44f9-bae7-42d3bd6b55ad,beb10209-1a15-4e0f-9512-d7ff29a9c4ab,1632205010752,13.39009,52.4755942,7.024797,-0.2697688,-0.9006901,2.6466808,on bike mount,cyclo cross,True,concrete plates,good
cc44daa8-360c-4b54-954c-3a4442362c0c,42c3fb0e-2896-44f9-bae7-42d3bd6b55ad,30f5ebeb-add2-4398-97e4-33dda8ed0b9b,1632205010802,13.39009,52.4755942,7.024797,0.3562507,-0.8726225,-1.0786557,on bike mount,cyclo cross,True,concrete plates,good
cc44daa8-360c-4b54-954c-3a4442362c0c,42c3fb0e-2896-44f9-bae7-42d3bd6b55ad,b3709e1f-dd60-404b-a930-49094b1e1d46,1632205010852,13.390054,52.4755362,7.085686,-1.2715507,4.0008035,4.844557,on bike mount,cyclo cross,True,concrete plates,good
cc44daa8-360c-4b54-954c-3a4442362c0c,42c3fb0e-2896-44f9-bae7-42d3bd6b55ad,47694803-ef6b-47b8-82ac-fdebcddeded1,1632205010921,13.390054,52.4755362,7.085686,0.7830577,-5.2978163,-2.5531645,on bike mount,cyclo cross,True,concrete plates,good
cc44daa8-360c-4b54-954c-3a4442362c0c,42c3fb0e-2896-44f9-bae7-42d3bd6b55ad,0d52a3c3-d3cd-4b96-bdb7-e4eee3270e9e,1632205010972,13.390054,52.4755362,7.085686,3.5876002,-0.37622523,-6.5173855,on bike mount,cyclo cross,True,concrete plates,good
cc44daa8-360c-4b54-954c-3a4442362c0c,42c3fb0e-2896-44f9-bae7-42d3bd6b55ad,1f19840b-b0c5-429f-a612-a2d24435c247,1632205011022,13.390054,52.4755362,7.085686,-3.501186,-2.782822,1.4615793,on bike mount,cyclo cross,True,concrete plates,good
cc44daa8-360c-4b54-954c-3a4442362c0c,42c3fb0e-2896-44f9-bae7-42d3bd6b55ad,a4fa8612-8bbe-4de0-b946-3ab7ad38b8e4,1632205011078,13.390054,52.4755362,7.085686,-1.5172142,-4.928676,5.6201,on bike mount,cyclo cross,True,concrete plates,good
cc44daa8-360c-4b54-954c-3a4442362c0c,42c3fb0e-2896-44f9-bae7-42d3bd6b55ad,4c499c62-82ae-4e03-8b24-3265f5462dd7,1632205011128,13.390054,52.4755362,7.085686,0.514091,-2.5253754,-5.0869846,on bike mount,cyclo cross,True,concrete plates,good
cc44daa8-360c-4b54-954c-3a4442362c0c,42c3fb0e-2896-44f9-bae7-42d3bd6b55ad,dbc5d67c-8545-4084-a244-f7da1f796a77,1632205011178,13.390054,52.4755362,7.085686,-0.8978174,-1.2091984,7.0743847,on bike mount,cyclo cross,True,concrete plates,good
cc44daa8-360c-4b54-954c-3a4442362c0c,42c3fb0e-2896-44f9-bae7-42d3bd6b55ad,706f0135-b0fd-46ea-b679-721ab015f3c6,1632205011228,13.390054,52.4755362,7.085686,-0.9343054,-1.4229498,-6.814627,on bike mount,cyclo cross,True,concrete plates,good
cc44daa8-360c-4b54-954c-3a4442362c0c,42c3fb0e-2896-44f9-bae7-42d3bd6b55ad,afb305d7-6506-4e91-8395-87effd74b1dd,1632205011277,13.390054,52.4755362,7.085686,1.4301999,0.34140825,-3.318348,on bike mount,cyclo cross,True,concrete plates,good
cc44daa8-360c-4b54-954c-3a4442362c0c,42c3fb0e-2896-44f9-bae7-42d3bd6b55ad,0a14ba14-e783-4ad0-afba-1a5e5f793928,1632205011337,13.390054,52.4755362,7.085686,-1.8045716,1.9995723,-2.4710407,on bike mount,cyclo cross,True,concrete plates,good
cc44daa8-360c-4b54-954c-3a4442362c0c,42c3fb0e-2896-44f9-bae7-42d3bd6b55ad,6d69a4de-5c22-45cd-8655-91819d5832ee,1632205011386,13.390054,52.4755362,7.085686,-2.371958,5.7765384,-5.254837,on bike mount,cyclo cross,True,concrete plates,good
cc44daa8-360c-4b54-954c-3a4442362c0c,42c3fb0e-2896-44f9-bae7-42d3bd6b55ad,21fb32e1-9780-42e4-a7a4-57d3a2f62055,1632205011436,13.390054,52.4755362,7.085686,-0.31967384,-0.629375,3.1266851,on bike mount,cyclo cross,True,concrete plates,good
cc44daa8-360c-4b54-954c-3a4442362c0c,42c3fb0e-2896-44f9-bae7-42d3bd6b55ad,b2d67cb1-2c39-45b9-9e18-db04d1a69b2c,1632205011488,13.390054,52.4755362,7.085686,-0.08719289,-0.6562292,-2.6183748,on bike mount,cyclo cross,True,concrete plates,good
cc44daa8-360c-4b54-954c-3a4442362c0c,42c3fb0e-2896-44f9-bae7-42d3bd6b55ad,200c7614-c289-4a28-8efe-7158c2c52b9e,1632205011538,13.390054,52.4755362,7.085686,-0.23283227,-1.1620367,3.9089098,on bike mount,cyclo cross,True,concrete plates,good
cc44daa8-360c-4b54-954c-3a4442362c0c,42c3fb0e-2896-44f9-bae7-42d3bd6b55ad,4003180f-1b59-4855-b0ba-d330a5840538,1632205011589,13.390054,52.4755362,7.085686,0.5691089,-0.4762044,2.5167503,on bike mount,cyclo cross,True,concrete plates,good
cc44daa8-360c-4b54-954c-3a4442362c0c,42c3fb0e-2896-44f9-bae7-42d3bd6b55ad,003f04d6-16c8-48c7-8de6-73f088296f6a,1632205011640,13.390054,52.4755362,7.085686,-0.1076844,0.060871363,2.663722,on bike mount,cyclo cross,True,concrete plates,good
cc44daa8-360c-4b54-954c-3a4442362c0c,42c3fb0e-2896-44f9-bae7-42d3bd6b55ad,7128aae6-6cac-4321-96cb-11a48fe30e1b,1632205011691,13.390054,52.4755362,7.085686,-2.6621299,-0.3480358,-2.5932279,on bike mount,cyclo cross,True,concrete plates,good
cc44daa8-360c-4b54-954c-3a4442362c0c,42c3fb0e-2896-44f9-bae7-42d3bd6b55ad,a28ab99e-f6bb-4b98-95d3-c49fd9b3a266,1632205011765,13.390054,52.4755362,7.085686,-0.15402246,1.236537,-8.215751,on bike mount,cyclo cross,True,concrete plates,good
cc44daa8-360c-4b54-954c-3a4442362c0c,42c3fb0e-2896-44f9-bae7-42d3bd6b55ad,d2889904-a1a5-4775-aae2-aa7e8bd9beff,1632205011814,13.3900203,52.4754784,6.940549,-0.5555515,-0.3125003,7.2789803,on bike mount,cyclo cross,True,concrete plates,good
cc44daa8-360c-4b54-954c-3a4442362c0c,42c3fb0e-2896-44f9-bae7-42d3bd6b55ad,102d4c15-d129-4143-ad26-f1054ad96d37,1632205011863,13.3900203,52.4754784,6.940549,-1.5033557,1.538878,3.188363,on bike mount,cyclo cross,True,concrete plates,good
cc44daa8-360c-4b54-954c-3a4442362c0c,42c3fb0e-2896-44f9-bae7-42d3bd6b55ad,170c32a7-7bcd-4736-9ac7-c8e455826a73,1632205011917,13.3900203,52.4754784,6.940549,-0.8736292,-4.059697,0.632843,on bike mount,cyclo cross,True,concrete plates,good
cc44daa8-360c-4b54-954c-3a4442362c0c,42c3fb0e-2896-44f9-bae7-42d3bd6b55ad,7e62caa8-61d3-4187-b764-620a8918b0a5,1632205011966,13.3900203,52.4754784,6.940549,1.5813287,-2.1403673,0.8728781,on bike mount,cyclo cross,True,concrete plates,good
cc44daa8-360c-4b54-954c-3a4442362c0c,42c3fb0e-2896-44f9-bae7-42d3bd6b55ad,f9119ea3-0510-4c56-8868-19603f20ca9b,1632205012015,13.3900203,52.4754784,6.940549,-0.47152984,2.3437157,-0.06582546,on bike mount,cyclo cross,True,concrete plates,good
cc44daa8-360c-4b54-954c-3a4442362c0c,42c3fb0e-2896-44f9-bae7-42d3bd6b55ad,f975f118-6b17-48a0-8292-cfdb7a85fd59,1632205012065,13.3900203,52.4754784,6.940549,0.5456712,0.7378626,0.09515381,on bike mount,cyclo cross,True,concrete plates,good
cc44daa8-360c-4b54-954c-3a4442362c0c,42c3fb0e-2896-44f9-bae7-42d3bd6b55ad,627b2e7a-effb-413c-962b-36d685a7bea7,1632205012115,13.3900203,52.4754784,6.940549,1.4800301,3.3578596,-6.375391,on bike mount,cyclo cross,True,concrete plates,good
cc44daa8-360c-4b54-954c-3a4442362c0c,42c3fb0e-2896-44f9-bae7-42d3bd6b55ad,95daee2d-12a1-444f-b4ec-4d3bacb700dd,1632205012166,13.3900203,52.4754784,6.940549,-0.13588195,6.789012,2.023961,on bike mount,cyclo cross,True,concrete plates,good
cc44daa8-360c-4b54-954c-3a4442362c0c,42c3fb0e-2896-44f9-bae7-42d3bd6b55ad,5f436dab-1215-429a-be48-5694ce92e81f,1632205012217,13.3900203,52.4754784,6.940549,-1.1890743,3.1601477,1.5206299,on bike mount,cyclo cross,True,concrete plates,good
cc44daa8-360c-4b54-954c-3a4442362c0c,42c3fb0e-2896-44f9-bae7-42d3bd6b55ad,67258d5f-48d6-4ae6-9295-38dd55d9313e,1632205012268,13.3900203,52.4754784,6.940549,0.17985925,-10.823035,-0.19956017,on bike mount,cyclo cross,True,concrete plates,good
cc44daa8-360c-4b54-954c-3a4442362c0c,42c3fb0e-2896-44f9-bae7-42d3bd6b55ad,fd0a37c4-10e0-4425-9021-92ac686a4bf8,1632205012317,13.3900203,52.4754784,6.940549,-0.47732198,-8.228043,0.41613102,on bike mount,cyclo cross,True,concrete plates,good
cc44daa8-360c-4b54-954c-3a4442362c0c,42c3fb0e-2896-44f9-bae7-42d3bd6b55ad,21ae0287-71cf-4ddf-9c57-3c9698831ba2,1632205012367,13.3900203,52.4754784,6.940549,1.6096134,2.5350986,-0.43881607,on bike mount,cyclo cross,True,concrete plates,good
cc44daa8-360c-4b54-954c-3a4442362c0c,42c3fb0e-2896-44f9-bae7-42d3bd6b55ad,9e7b91ea-b131-473e-992f-32c81ebbd356,1632205012472,13.3900203,52.4754784,6.940549,-0.17272618,2.7332692,3.5454855,on bike mount,cyclo cross,True,concrete plates,good
cc44daa8-360c-4b54-954c-3a4442362c0c,42c3fb0e-2896-44f9-bae7-42d3bd6b55ad,e62bc03c-76c3-4bb0-9d3a-13591b972e92,1632205012521,13.3900203,52.4754784,6.940549,-0.6938292,-1.2978575,2.8316078,on bike mount,cyclo cross,True,concrete plates,good
cc44daa8-360c-4b54-954c-3a4442362c0c,42c3fb0e-2896-44f9-bae7-42d3bd6b55ad,432e9e27-f3e8-46f4-9de6-cc7e25f8fe9f,1632205012598,13.3900203,52.4754784,6.940549,-1.9184532,-1.9101549,1.0345402,on bike mount,cyclo cross,True,concrete plates,good
cc44daa8-360c-4b54-954c-3a4442362c0c,42c3fb0e-2896-44f9-bae7-42d3bd6b55ad,5761da21-377e-43eb-96e4-1f8cf45e4629,1632205012648,13.3900203,52.4754784,6.940549,1.2035054,-1.082448,-6.187774,on bike mount,cyclo cross,True,concrete plates,good
cc44daa8-360c-4b54-954c-3a4442362c0c,42c3fb0e-2896-44f9-bae7-42d3bd6b55ad,9bf697fa-ed77-4a2e-9330-3e4deab871d8,1632205012697,13.3900203,52.4754784,6.940549,-0.4047295,-2.62134,1.268775,on bike mount,cyclo cross,True,concrete plates,good
cc44daa8-360c-4b54-954c-3a4442362c0c,42c3fb0e-2896-44f9-bae7-42d3bd6b55ad,bd5eca10-f155-4ea3-ac2d-69d75362ca6c,1632205012751,13.3900203,52.4754784,6.940549,0.5932145,6.3976536,-1.2239809,on bike mount,cyclo cross,True,concrete plates,good
cc44daa8-360c-4b54-954c-3a4442362c0c,42c3fb0e-2896-44f9-bae7-42d3bd6b55ad,db4f9bb9-d501-4f7c-b126-c65ac1a3eaa5,1632205012802,13.3900203,52.4754784,6.940549,-1.3892014,-0.51783276,4.2912493,on bike mount,cyclo cross,True,concrete plates,good
cc44daa8-360c-4b54-954c-3a4442362c0c,42c3fb0e-2896-44f9-bae7-42d3bd6b55ad,c1f3e6ce-09ea-48de-87f2-79cc532e2625,1632205012852,13.3899958,52.4754157,6.800712,-0.5240251,2.173685,-0.15783215,on bike mount,cyclo cross,True,concrete plates,good
cc44daa8-360c-4b54-954c-3a4442362c0c,42c3fb0e-2896-44f9-bae7-42d3bd6b55ad,c1eee71b-29c2-4399-8be8-28059f2ecb28,1632205012902,13.3899958,52.4754157,6.800712,1.8072377,-2.1990557,1.1510248,on bike mount,cyclo cross,True,concrete plates,good
cc44daa8-360c-4b54-954c-3a4442362c0c,42c3fb0e-2896-44f9-bae7-42d3bd6b55ad,00be0a14-b060-4cce-bc07-4e75d9151d27,1632205012952,13.3899958,52.4754157,6.800712,-0.92197335,1.5533423,1.0104551,on bike mount,cyclo cross,True,concrete plates,good
cc44daa8-360c-4b54-954c-3a4442362c0c,42c3fb0e-2896-44f9-bae7-42d3bd6b55ad,2ff3bd8d-36fa-408c-86fd-af47f0fd3740,1632205013008,13.3899958,52.4754157,6.800712,-0.9839067,1.1081476,-0.9602947,on bike mount,cyclo cross,True,concrete plates,good
cc44daa8-360c-4b54-954c-3a4442362c0c,42c3fb0e-2896-44f9-bae7-42d3bd6b55ad,c6ecc1a5-8cb0-4be4-b401-469909f02d21,1632205013059,13.3899958,52.4754157,6.800712,-3.5571167,8.061538,-17.849445,on bike mount,cyclo cross,True,concrete plates,good
cc44daa8-360c-4b54-954c-3a4442362c0c,42c3fb0e-2896-44f9-bae7-42d3bd6b55ad,a673f25d-9615-4a0d-81fe-d98646b3da28,1632205013110,13.3899958,52.4754157,6.800712,1.3164535,-0.34561515,3.22721,on bike mount,cyclo cross,True,concrete plates,good
cc44daa8-360c-4b54-954c-3a4442362c0c,42c3fb0e-2896-44f9-bae7-42d3bd6b55ad,aa35c43f-643b-4c60-8819-4318555dd48b,1632205013192,13.3899958,52.4754157,6.800712,0.9253522,14.590279,2.900896,on bike mount,cyclo cross,True,concrete plates,good
cc44daa8-360c-4b54-954c-3a4442362c0c,42c3fb0e-2896-44f9-bae7-42d3bd6b55ad,ae414448-3868-4c1f-82ae-ad870dd757c6,1632205013243,13.3899958,52.4754157,6.800712,1.6457608,-4.2347584,-2.0935555,on bike mount,cyclo cross,True,concrete plates,good
cc44daa8-360c-4b54-954c-3a4442362c0c,42c3fb0e-2896-44f9-bae7-42d3bd6b55ad,f443e190-4560-462d-8ee6-38590c4df768,1632205013294,13.3899958,52.4754157,6.800712,0.67828983,-0.7667053,-0.8970504,on bike mount,cyclo cross,True,concrete plates,good
cc44daa8-360c-4b54-954c-3a4442362c0c,42c3fb0e-2896-44f9-bae7-42d3bd6b55ad,fd458551-208f-4f85-ae95-73be2c836c9a,1632205013344,13.3899958,52.4754157,6.800712,3.5557957,4.228286,2.1053581,on bike mount,cyclo cross,True,concrete plates,good
cc44daa8-360c-4b54-954c-3a4442362c0c,42c3fb0e-2896-44f9-bae7-42d3bd6b55ad,972a63e3-4010-4629-aed7-ce43b02c7d50,1632205013394,13.3899958,52.4754157,6.800712,-1.7001011,-5.081425,3.9607668,on bike mount,cyclo cross,True,concrete plates,good
cc44daa8-360c-4b54-954c-3a4442362c0c,42c3fb0e-2896-44f9-bae7-42d3bd6b55ad,b0353acb-dc04-44d8-9a1c-69a8e67583e0,1632205013444,13.3899958,52.4754157,6.800712,0.3407179,4.5419345,-0.30513477,on bike mount,cyclo cross,True,concrete plates,good
cc44daa8-360c-4b54-954c-3a4442362c0c,42c3fb0e-2896-44f9-bae7-42d3bd6b55ad,4bb4c1c9-3374-4178-aabf-c232c96d7dc7,1632205013495,13.3899958,52.4754157,6.800712,-0.91415286,-8.120807,1.1279202,on bike mount,cyclo cross,True,concrete plates,good
cc44daa8-360c-4b54-954c-3a4442362c0c,42c3fb0e-2896-44f9-bae7-42d3bd6b55ad,475b7496-3181-450b-933d-b3d1d27ed62c,1632205013545,13.3899958,52.4754157,6.800712,0.74308074,3.6279578,1.3814983,on bike mount,cyclo cross,True,concrete plates,good
cc44daa8-360c-4b54-954c-3a4442362c0c,42c3fb0e-2896-44f9-bae7-42d3bd6b55ad,d2c5b709-6e21-4b31-a641-fbf814ee6db7,1632205013595,13.3899958,52.4754157,6.800712,-2.0259583,-0.54733515,-4.6995535,on bike mount,cyclo cross,True,concrete plates,good
cc44daa8-360c-4b54-954c-3a4442362c0c,42c3fb0e-2896-44f9-bae7-42d3bd6b55ad,be73f51c-ba4d-4732-82dd-0e178ac1c7bf,1632205013651,13.3899958,52.4754157,6.800712,0.3788834,3.5056586,-3.1397452,on bike mount,cyclo cross,True,concrete plates,good
cc44daa8-360c-4b54-954c-3a4442362c0c,42c3fb0e-2896-44f9-bae7-42d3bd6b55ad,8ce2c4eb-bf58-426a-a526-bc5f9ce76f89,1632205013701,13.3899958,52.4754157,6.800712,-0.89007676,1.3207979,-2.4901075,on bike mount,cyclo cross,True,concrete plates,good
cc44daa8-360c-4b54-954c-3a4442362c0c,42c3fb0e-2896-44f9-bae7-42d3bd6b55ad,4e8dc597-2365-40e3-9590-46a530fd2017,1632205013751,13.3899958,52.4754157,6.800712,-0.10137287,-2.945551,-0.5633297,on bike mount,cyclo cross,True,concrete plates,good
cc44daa8-360c-4b54-954c-3a4442362c0c,42c3fb0e-2896-44f9-bae7-42d3bd6b55ad,2759a7f2-283e-48ba-a67e-204d77c0fcea,1632205013801,13.3899958,52.4754157,6.800712,2.7305381,-2.8499353,1.492341,on bike mount,cyclo cross,True,concrete plates,good
cc44daa8-360c-4b54-954c-3a4442362c0c,7d60385e-b3cb-4c1d-baf1-b56bcb05185a,78e7ebd3-8bcc-447d-9be0-464cdde2ff50,1632205012406,13.3900203,52.4754784,6.940549,-0.38529143,1.8654213,-2.0161996,on bike mount,cyclo cross,True,concrete plates,good
cc44daa8-360c-4b54-954c-3a4442362c0c,7d60385e-b3cb-4c1d-baf1-b56bcb05185a,be25ec7c-c207-4dd3-8ea2-5b5eaaf96996,1632205012473,13.3900203,52.4754784,6.940549,-0.5808654,-0.3564248,2.2758465,on bike mount,cyclo cross,True,concrete plates,good
cc44daa8-360c-4b54-954c-3a4442362c0c,7d60385e-b3cb-4c1d-baf1-b56bcb05185a,cf69c426-6998-4c23-b18b-991b92147584,1632205012524,13.3900203,52.4754784,6.940549,-1.6189048,-2.3921998,2.4636602,on bike mount,cyclo cross,True,concrete plates,good
cc44daa8-360c-4b54-954c-3a4442362c0c,7d60385e-b3cb-4c1d-baf1-b56bcb05185a,e4294fb3-5003-4e59-8679-bf6d10b38ee9,1632205012598,13.3900203,52.4754784,6.940549,-1.9184532,-1.9101549,1.0345402,on bike mount,cyclo cross,True,concrete plates,good
cc44daa8-360c-4b54-954c-3a4442362c0c,7d60385e-b3cb-4c1d-baf1-b56bcb05185a,970cc98f-a51d-4308-813b-90ee2edbdcd8,1632205012649,13.3900203,52.4754784,6.940549,1.2035054,-1.082448,-6.187774,on bike mount,cyclo cross,True,concrete plates,good
cc44daa8-360c-4b54-954c-3a4442362c0c,7d60385e-b3cb-4c1d-baf1-b56bcb05185a,6f2663b5-683b-4170-a1b1-2b8421dddcde,1632205012700,13.3900203,52.4754784,6.940549,-0.4047295,-2.62134,1.268775,on bike mount,cyclo cross,True,concrete plates,good
cc44daa8-360c-4b54-954c-3a4442362c0c,7d60385e-b3cb-4c1d-baf1-b56bcb05185a,46979a0e-bc5a-4e54-b8a4-4ac7ddf97206,1632205012751,13.3900203,52.4754784,6.940549,0.5932145,6.3976536,-1.2239809,on bike mount,cyclo cross,True,concrete plates,good
cc44daa8-360c-4b54-954c-3a4442362c0c,7d60385e-b3cb-4c1d-baf1-b56bcb05185a,e931e99b-b929-478f-9e6d-9a5cbc99d241,1632205012802,13.3900203,52.4754784,6.940549,-0.50243056,-1.0548172,4.319806,on bike mount,cyclo cross,True,concrete plates,good
cc44daa8-360c-4b54-954c-3a4442362c0c,7d60385e-b3cb-4c1d-baf1-b56bcb05185a,57220069-f749-4913-a3ed-e6aa64ff0882,1632205012853,13.3899958,52.4754157,6.800712,-0.5240251,2.173685,-0.15783215,on bike mount,cyclo cross,True,concrete plates,good
cc44daa8-360c-4b54-954c-3a4442362c0c,7d60385e-b3cb-4c1d-baf1-b56bcb05185a,ba875f98-17b7-4a55-934f-30e13092266a,1632205012901,13.3899958,52.4754157,6.800712,0.054608002,-2.935667,2.3790064,on bike mount,cyclo cross,True,concrete plates,good
cc44daa8-360c-4b54-954c-3a4442362c0c,7d60385e-b3cb-4c1d-baf1-b56bcb05185a,60654445-9930-436a-93cf-ddb5e24b3223,1632205012951,13.3899958,52.4754157,6.800712,-1.2093592,0.2588539,2.2182665,on bike mount,cyclo cross,True,concrete plates,good
cc44daa8-360c-4b54-954c-3a4442362c0c,7d60385e-b3cb-4c1d-baf1-b56bcb05185a,3c4f2dde-1258-4205-8b07-2cf848a78e36,1632205013007,13.3899958,52.4754157,6.800712,-0.9839067,1.1081476,-0.9602947,on bike mount,cyclo cross,True,concrete plates,good
cc44daa8-360c-4b54-954c-3a4442362c0c,7d60385e-b3cb-4c1d-baf1-b56bcb05185a,6ad0457d-04d1-4c0b-b1fb-c414d491652a,1632205013057,13.3899958,52.4754157,6.800712,-3.5571167,8.061538,-17.849445,on bike mount,cyclo cross,True,concrete plates,good
cc44daa8-360c-4b54-954c-3a4442362c0c,7d60385e-b3cb-4c1d-baf1-b56bcb05185a,eb1f9460-7b38-4810-8e18-b4bb4899d0ab,1632205013107,13.3899958,52.4754157,6.800712,1.2997093,1.236999,-0.6547823,on bike mount,cyclo cross,True,concrete plates,good
cc44daa8-360c-4b54-954c-3a4442362c0c,7d60385e-b3cb-4c1d-baf1-b56bcb05185a,5f0ca035-3efa-4c26-9f21-672ee414feba,1632205013190,13.3899958,52.4754157,6.800712,2.7144594,3.927763,3.1171017,on bike mount,cyclo cross,True,concrete plates,good
cc44daa8-360c-4b54-954c-3a4442362c0c,7d60385e-b3cb-4c1d-baf1-b56bcb05185a,d259193f-de33-41c4-8a37-e4f6076945e5,1632205013239,13.3899958,52.4754157,6.800712,2.7665503,5.29853,0.18466187,on bike mount,cyclo cross,True,concrete plates,good
cc44daa8-360c-4b54-954c-3a4442362c0c,7d60385e-b3cb-4c1d-baf1-b56bcb05185a,9b840145-5e3d-4159-99da-fa84be0b9d84,1632205013289,13.3899958,52.4754157,6.800712,1.349715,-3.0490353,-0.8620014,on bike mount,cyclo cross,True,concrete plates,good
cc44daa8-360c-4b54-954c-3a4442362c0c,7d60385e-b3cb-4c1d-baf1-b56bcb05185a,05341b6f-4fe3-4b59-a243-e14a1783d69b,1632205013340,13.3899958,52.4754157,6.800712,2.492784,8.253326,-1.3795342,on bike mount,cyclo cross,True,concrete plates,good
cc44daa8-360c-4b54-954c-3a4442362c0c,7d60385e-b3cb-4c1d-baf1-b56bcb05185a,75fed8ad-1121-45e5-96c0-5db58d736b9c,1632205013390,13.3899958,52.4754157,6.800712,-1.8464274,-2.722237,6.6962624,on bike mount,cyclo cross,True,concrete plates,good
cc44daa8-360c-4b54-954c-3a4442362c0c,7d60385e-b3cb-4c1d-baf1-b56bcb05185a,e46f73c3-8422-47ee-b2f6-b04b4959c1db,1632205013439,13.3899958,52.4754157,6.800712,1.2358409,7.3567867,-2.0354357,on bike mount,cyclo cross,True,concrete plates,good
cc44daa8-360c-4b54-954c-3a4442362c0c,7d60385e-b3cb-4c1d-baf1-b56bcb05185a,b502cbfd-4d2d-454d-9e0d-433c45e66695,1632205013489,13.3899958,52.4754157,6.800712,-0.33531058,-2.4967833,-0.60697556,on bike mount,cyclo cross,True,concrete plates,good
cc44daa8-360c-4b54-954c-3a4442362c0c,7d60385e-b3cb-4c1d-baf1-b56bcb05185a,e146a822-f2b7-466c-a72c-3c779683967c,1632205013539,13.3899958,52.4754157,6.800712,0.84625256,1.3268151,3.3658085,on bike mount,cyclo cross,True,concrete plates,good
cc44daa8-360c-4b54-954c-3a4442362c0c,7d60385e-b3cb-4c1d-baf1-b56bcb05185a,6eaabc1d-7acf-49d5-bf91-5dc42427e40e,1632205013589,13.3899958,52.4754157,6.800712,-1.5973945,-5.99586,-0.9394541,on bike mount,cyclo cross,True,concrete plates,good
cc44daa8-360c-4b54-954c-3a4442362c0c,7d60385e-b3cb-4c1d-baf1-b56bcb05185a,8519fd68-a89c-4999-89c4-333d1059eaaa,1632205013651,13.3899958,52.4754157,6.800712,0.3788834,3.5056586,-3.1397452,on bike mount,cyclo cross,True,concrete plates,good
cc44daa8-360c-4b54-954c-3a4442362c0c,7d60385e-b3cb-4c1d-baf1-b56bcb05185a,0a6f0618-f4c7-4a02-a229-a28293cdcfd3,1632205013701,13.3899958,52.4754157,6.800712,-0.89007676,1.3207979,-2.4901075,on bike mount,cyclo cross,True,concrete plates,good
cc44daa8-360c-4b54-954c-3a4442362c0c,7d60385e-b3cb-4c1d-baf1-b56bcb05185a,affb546d-9e27-468a-8073-c3a17ebdb1e6,1632205013751,13.3899958,52.4754157,6.800712,-0.10137287,-2.945551,-0.5633297,on bike mount,cyclo cross,True,concrete plates,good
cc44daa8-360c-4b54-954c-3a4442362c0c,7d60385e-b3cb-4c1d-baf1-b56bcb05185a,46e338c9-9946-45e6-b4ab-057e8cb56786,1632205013801,13.3899958,52.4754157,6.800712,2.7305381,-2.8499353,1.492341,on bike mount,cyclo cross,True,concrete plates,good
cc44daa8-360c-4b54-954c-3a4442362c0c,7d60385e-b3cb-4c1d-baf1-b56bcb05185a,8b62c4ea-8fe2-47f1-a957-2d9491276fb7,1632205013851,13.389966,52.4753529,6.8202853,0.49099654,-6.390225,11.360949,on bike mount,cyclo cross,True,concrete plates,good
cc44daa8-360c-4b54-954c-3a4442362c0c,7d60385e-b3cb-4c1d-baf1-b56bcb05185a,1af99521-c69f-43c6-b661-b2270b940b22,1632205013923,13.389966,52.4753529,6.8202853,-0.4088331,-1.367649,0.07932472,on bike mount,cyclo cross,True,concrete plates,good
cc44daa8-360c-4b54-954c-3a4442362c0c,7d60385e-b3cb-4c1d-baf1-b56bcb05185a,1b7b26f4-b196-4e3d-bcb7-816d35c1053b,1632205013973,13.389966,52.4753529,6.8202853,0.5583666,-7.798229,7.570051,on bike mount,cyclo cross,True,concrete plates,good
cc44daa8-360c-4b54-954c-3a4442362c0c,7d60385e-b3cb-4c1d-baf1-b56bcb05185a,cbeec400-774a-4cfe-b2f8-24c3b492b897,1632205014024,13.389966,52.4753529,6.8202853,-1.3305721,-0.9993615,-5.750612,on bike mount,cyclo cross,True,concrete plates,good
cc44daa8-360c-4b54-954c-3a4442362c0c,7d60385e-b3cb-4c1d-baf1-b56bcb05185a,48cf3304-e58b-4e1e-8289-4e2e3806bb49,1632205014079,13.389966,52.4753529,6.8202853,0.6506628,1.9216409,3.4417095,on bike mount,cyclo cross,True,concrete plates,good
cc44daa8-360c-4b54-954c-3a4442362c0c,7d60385e-b3cb-4c1d-baf1-b56bcb05185a,bdd32306-5a6f-4e74-a580-c2f9a44750e5,1632205014130,13.389966,52.4753529,6.8202853,0.66861427,6.092602,0.6285639,on bike mount,cyclo cross,True,concrete plates,good
cc44daa8-360c-4b54-954c-3a4442362c0c,7d60385e-b3cb-4c1d-baf1-b56bcb05185a,4e8024c4-1c53-4bc4-840f-83e2afd4feb2,1632205014185,13.389966,52.4753529,6.8202853,1.664611,0.39066792,1.9020052,on bike mount,cyclo cross,True,concrete plates,good
cc44daa8-360c-4b54-954c-3a4442362c0c,7d60385e-b3cb-4c1d-baf1-b56bcb05185a,81d72eb9-c2a5-4775-b94a-463184410464,1632205014236,13.389966,52.4753529,6.8202853,-3.281553,-5.882676,5.506508,on bike mount,cyclo cross,True,concrete plates,good
cc44daa8-360c-4b54-954c-3a4442362c0c,7d60385e-b3cb-4c1d-baf1-b56bcb05185a,5a9857ae-e3c8-43a1-8ed2-2f0e181dea59,1632205014286,13.389966,52.4753529,6.8202853,0.11804849,-1.6916606,3.046877,on bike mount,cyclo cross,True,concrete plates,good
cc44daa8-360c-4b54-954c-3a4442362c0c,7d60385e-b3cb-4c1d-baf1-b56bcb05185a,37bb357c-aaa7-47a7-8cb8-fac7726f37d8,1632205014352,13.389966,52.4753529,6.8202853,-1.742012,-13.354822,-3.6028395,on bike mount,cyclo cross,True,concrete plates,good
cc44daa8-360c-4b54-954c-3a4442362c0c,7d60385e-b3cb-4c1d-baf1-b56bcb05185a,255e82a6-44e9-41ac-b6ad-732c62d10490,1632205014402,13.389966,52.4753529,6.8202853,-0.08834688,-7.7754707,0.100221634,on bike mount,cyclo cross,True,concrete plates,good
cc44daa8-360c-4b54-954c-3a4442362c0c,7d60385e-b3cb-4c1d-baf1-b56bcb05185a,95bc4d43-01df-4500-8251-d2e05f8656e1,1632205014451,13.389966,52.4753529,6.8202853,-0.4972211,0.99571013,-3.245265,on bike mount,cyclo cross,True,concrete plates,good
cc44daa8-360c-4b54-954c-3a4442362c0c,7d60385e-b3cb-4c1d-baf1-b56bcb05185a,cf9a6d7d-931e-46ff-8f0c-92abf12a30e4,1632205014502,13.389966,52.4753529,6.8202853,1.5553726,-0.2302692,-2.4562554,on bike mount,cyclo cross,True,concrete plates,good
cc44daa8-360c-4b54-954c-3a4442362c0c,7d60385e-b3cb-4c1d-baf1-b56bcb05185a,f14ea6f0-548b-4feb-b59b-375c9949b5a8,1632205014552,13.389966,52.4753529,6.8202853,-0.06285708,0.5980618,-1.3336735,on bike mount,cyclo cross,True,concrete plates,good
cc44daa8-360c-4b54-954c-3a4442362c0c,7d60385e-b3cb-4c1d-baf1-b56bcb05185a,d35f200d-5bb0-4691-93eb-afce1f6a0100,1632205014612,13.389966,52.4753529,6.8202853,-1.5195919,3.4341688,-1.2754531,on bike mount,cyclo cross,True,concrete plates,good
cc44daa8-360c-4b54-954c-3a4442362c0c,7d60385e-b3cb-4c1d-baf1-b56bcb05185a,fe1597a7-54a0-48c3-a5f0-ca8f931fccd0,1632205014662,13.389966,52.4753529,6.8202853,-0.12905091,3.3879962,-2.7755823,on bike mount,cyclo cross,True,concrete plates,good
cc44daa8-360c-4b54-954c-3a4442362c0c,7d60385e-b3cb-4c1d-baf1-b56bcb05185a,6dc4cf8e-459e-46e8-9482-0f543c0d03fa,1632205014711,13.389966,52.4753529,6.8202853,0.55109566,-2.3372023,1.7323933,on bike mount,cyclo cross,True,concrete plates,good
cc44daa8-360c-4b54-954c-3a4442362c0c,7d60385e-b3cb-4c1d-baf1-b56bcb05185a,7566ebd8-f17f-41b9-9dc9-963a15f487cd,1632205014761,13.389966,52.4753529,6.8202853,0.51250017,-2.0654075,2.3162498,on bike mount,cyclo cross,True,concrete plates,good
cc44daa8-360c-4b54-954c-3a4442362c0c,7d60385e-b3cb-4c1d-baf1-b56bcb05185a,34ec7e11-b4e1-42a6-8dce-c12314d52992,1632205014811,13.389966,52.4753529,6.8202853,-0.5428057,2.8024416,-1.614233,on bike mount,cyclo cross,True,concrete plates,good
cc44daa8-360c-4b54-954c-3a4442362c0c,7d60385e-b3cb-4c1d-baf1-b56bcb05185a,b50c6c22-516e-4dd1-a628-7a357a93def4,1632205014861,13.3899337,52.4752939,6.8296957,1.4462447,-1.7732177,4.063754,on bike mount,cyclo cross,True,concrete plates,good
cc44daa8-360c-4b54-954c-3a4442362c0c,7d60385e-b3cb-4c1d-baf1-b56bcb05185a,752273b0-01b5-4364-9ea8-92c7d009e67b,1632205014923,13.3899337,52.4752939,6.8296957,-0.48559013,-2.951961,-1.2715063,on bike mount,cyclo cross,True,concrete plates,good
cc44daa8-360c-4b54-954c-3a4442362c0c,7d60385e-b3cb-4c1d-baf1-b56bcb05185a,fa8174ab-69cf-4857-a5a8-d8f614d37f59,1632205014973,13.3899337,52.4752939,6.8296957,-0.20319709,-2.803179,-1.1177588,on bike mount,cyclo cross,True,concrete plates,good
cc44daa8-360c-4b54-954c-3a4442362c0c,7d60385e-b3cb-4c1d-baf1-b56bcb05185a,e866f81f-b98e-4ade-963d-8bbcfb1eec4b,1632205015023,13.3899337,52.4752939,6.8296957,0.8077357,-2.0926697,5.307293,on bike mount,cyclo cross,True,concrete plates,good
cc44daa8-360c-4b54-954c-3a4442362c0c,7d60385e-b3cb-4c1d-baf1-b56bcb05185a,3e25a4c2-4154-4e45-8375-dfd6e520d8d0,1632205015073,13.3899337,52.4752939,6.8296957,-1.5496769,-2.9453201,6.4261627,on bike mount,cyclo cross,True,concrete plates,good
cc44daa8-360c-4b54-954c-3a4442362c0c,7d60385e-b3cb-4c1d-baf1-b56bcb05185a,d22282f9-8154-4e3b-bf98-f42cd689d0f5,1632205015122,13.3899337,52.4752939,6.8296957,0.22026666,-5.8781486,5.279932,on bike mount,cyclo cross,True,concrete plates,good
cc44daa8-360c-4b54-954c-3a4442362c0c,7d60385e-b3cb-4c1d-baf1-b56bcb05185a,cd979082-0ff4-480f-b239-a1b62bd9de44,1632205015172,13.3899337,52.4752939,6.8296957,1.1831954,5.281713,-5.2490244,on bike mount,cyclo cross,True,concrete plates,good
cc44daa8-360c-4b54-954c-3a4442362c0c,7d60385e-b3cb-4c1d-baf1-b56bcb05185a,33d5892c-5a9e-44b3-94b0-3076d27c9393,1632205015221,13.3899337,52.4752939,6.8296957,2.3877594,4.306804,-1.038815,on bike mount,cyclo cross,True,concrete plates,good
cc44daa8-360c-4b54-954c-3a4442362c0c,7d60385e-b3cb-4c1d-baf1-b56bcb05185a,d44dc98f-2a7e-47c9-a41d-307a68d38721,1632205015271,13.3899337,52.4752939,6.8296957,-0.58640075,3.0648985,3.027935,on bike mount,cyclo cross,True,concrete plates,good
cc44daa8-360c-4b54-954c-3a4442362c0c,7d60385e-b3cb-4c1d-baf1-b56bcb05185a,82158cd3-3c6a-4fa2-a3fe-7415c9247258,1632205015321,13.3899337,52.4752939,6.8296957,1.5527084,8.00413,-7.0866117,on bike mount,cyclo cross,True,concrete plates,good
cc44daa8-360c-4b54-954c-3a4442362c0c,7d60385e-b3cb-4c1d-baf1-b56bcb05185a,e5351669-2646-4c32-88f2-db9812198ded,1632205015371,13.3899337,52.4752939,6.8296957,0.23583966,1.4623623,0.949564,on bike mount,cyclo cross,True,concrete plates,good
cc44daa8-360c-4b54-954c-3a4442362c0c,7d60385e-b3cb-4c1d-baf1-b56bcb05185a,58674f65-ef75-4de5-a60c-67997469dda1,1632205015438,13.3899337,52.4752939,6.8296957,0.10991204,1.2939105,-7.992462,on bike mount,cyclo cross,True,concrete plates,good
cc44daa8-360c-4b54-954c-3a4442362c0c,7d60385e-b3cb-4c1d-baf1-b56bcb05185a,83e13a7c-3984-4418-b755-14abf1a8d4d4,1632205015488,13.3899337,52.4752939,6.8296957,-2.5679576,4.299643,2.8710394,on bike mount,cyclo cross,True,concrete plates,good
cc44daa8-360c-4b54-954c-3a4442362c0c,7d60385e-b3cb-4c1d-baf1-b56bcb05185a,1306e3f9-0790-4d6d-bc3a-e5268fc90a88,1632205015565,13.3899337,52.4752939,6.8296957,-0.3155016,2.2527885,0.054624557,on bike mount,cyclo cross,True,concrete plates,good
cc44daa8-360c-4b54-954c-3a4442362c0c,7d60385e-b3cb-4c1d-baf1-b56bcb05185a,3b4f0689-cd76-4cc3-a602-3ef8a412305d,1632205015615,13.3899337,52.4752939,6.8296957,0.44399196,1.668428,2.1447916,on bike mount,cyclo cross,True,concrete plates,good
cc44daa8-360c-4b54-954c-3a4442362c0c,7d60385e-b3cb-4c1d-baf1-b56bcb05185a,babcc98b-a8ee-4e74-9e22-b6bc7eba7030,1632205015666,13.3899337,52.4752939,6.8296957,-0.7601285,-3.690737,2.6799536,on bike mount,cyclo cross,True,concrete plates,good
cc44daa8-360c-4b54-954c-3a4442362c0c,7d60385e-b3cb-4c1d-baf1-b56bcb05185a,09a299fe-c278-4b57-a4d2-fcc45fb7dede,1632205015716,13.3899337,52.4752939,6.8296957,-0.5086659,-1.790133,-5.2043314,on bike mount,cyclo cross,True,concrete plates,good
cc44daa8-360c-4b54-954c-3a4442362c0c,7d60385e-b3cb-4c1d-baf1-b56bcb05185a,5be09236-ffee-4364-89c6-8fb7041bd0c9,1632205015773,13.3899337,52.4752939,6.8296957,0.066942625,2.1602163,-3.7485116,on bike mount,cyclo cross,True,concrete plates,good
cc44daa8-360c-4b54-954c-3a4442362c0c,7d60385e-b3cb-4c1d-baf1-b56bcb05185a,6d685773-da4d-4564-8073-95dd2761a5f1,1632205015823,13.3899012,52.4752311,6.657308,-0.5208778,0.03868699,-0.69401455,on bike mount,cyclo cross,True,concrete plates,good
cc44daa8-360c-4b54-954c-3a4442362c0c,7d60385e-b3cb-4c1d-baf1-b56bcb05185a,c3876c8b-384e-4e90-84dd-f15eb9d182f9,1632205015878,13.3899012,52.4752311,6.657308,0.1641679,0.29704976,0.57886887,on bike mount,cyclo cross,True,concrete plates,good
cc44daa8-360c-4b54-954c-3a4442362c0c,7d60385e-b3cb-4c1d-baf1-b56bcb05185a,635d0e78-e558-4c46-823c-0da4dce06581,1632205015928,13.3899012,52.4752311,6.657308,-2.102623,-4.2758226,1.6917591,on bike mount,cyclo cross,True,concrete plates,good
cc44daa8-360c-4b54-954c-3a4442362c0c,7d60385e-b3cb-4c1d-baf1-b56bcb05185a,93b7f767-72f3-4f42-bdef-8c7124040c92,1632205015993,13.3899012,52.4752311,6.657308,0.31806833,-4.0765977,1.4014807,on bike mount,cyclo cross,True,concrete plates,good
cc44daa8-360c-4b54-954c-3a4442362c0c,7d60385e-b3cb-4c1d-baf1-b56bcb05185a,e9e01b79-190b-473c-9afa-01e768c3894f,1632205016042,13.3899012,52.4752311,6.657308,-1.0837107,1.3632936,-3.9606586,on bike mount,cyclo cross,True,concrete plates,good
cc44daa8-360c-4b54-954c-3a4442362c0c,7d60385e-b3cb-4c1d-baf1-b56bcb05185a,67008ce8-ae0a-48f2-b981-26464317f0ec,1632205016093,13.3899012,52.4752311,6.657308,1.090708,-0.40340042,4.4557247,on bike mount,cyclo cross,True,concrete plates,good
cc44daa8-360c-4b54-954c-3a4442362c0c,7d60385e-b3cb-4c1d-baf1-b56bcb05185a,f7ef1e53-8821-4a94-b8e9-d92b3c50f5cc,1632205016142,13.3899012,52.4752311,6.657308,1.1490854,1.5700238,-1.5552139,on bike mount,cyclo cross,True,concrete plates,good
cc44daa8-360c-4b54-954c-3a4442362c0c,7d60385e-b3cb-4c1d-baf1-b56bcb05185a,364a21e6-aab4-4ccc-ad5a-6a64fd6823a4,1632205016207,13.3899012,52.4752311,6.657308,-0.01459071,0.009653568,2.096836,on bike mount,cyclo cross,True,concrete plates,good
cc44daa8-360c-4b54-954c-3a4442362c0c,7d60385e-b3cb-4c1d-baf1-b56bcb05185a,d807206a-0d36-4937-a5af-6b7a9760fcde,1632205016257,13.3899012,52.4752311,6.657308,-0.30404583,-0.61550045,-2.115107,on bike mount,cyclo cross,True,concrete plates,good
cc44daa8-360c-4b54-954c-3a4442362c0c,7d60385e-b3cb-4c1d-baf1-b56bcb05185a,0a3fe63f-ad84-42e2-a1b7-fde30153c99d,1632205016308,13.3899012,52.4752311,6.657308,0.6646114,-1.4955094,-1.6557226,on bike mount,cyclo cross,True,concrete plates,good
cc44daa8-360c-4b54-954c-3a4442362c0c,7d60385e-b3cb-4c1d-baf1-b56bcb05185a,0dc1dd4c-9799-4f63-b4ef-26c86fb79ef8,1632205016357,13.3899012,52.4752311,6.657308,0.71015376,-2.8133643,0.8294859,on bike mount,cyclo cross,True,concrete plates,good
cc44daa8-360c-4b54-954c-3a4442362c0c,7d60385e-b3cb-4c1d-baf1-b56bcb05185a,58e797cd-ee96-43de-9be0-8c531d46f587,1632205016417,13.3899012,52.4752311,6.657308,1.9758735,-0.1798892,-0.21089506,on bike mount,cyclo cross,True,concrete plates,good
cc44daa8-360c-4b54-954c-3a4442362c0c,7d60385e-b3cb-4c1d-baf1-b56bcb05185a,148afe8f-ca95-441e-8a41-84cfbe6e37eb,1632205016467,13.3899012,52.4752311,6.657308,-2.249068,4.0007696,1.5322247,on bike mount,cyclo cross,True,concrete plates,good
cc44daa8-360c-4b54-954c-3a4442362c0c,7d60385e-b3cb-4c1d-baf1-b56bcb05185a,7e109546-cd97-4393-8dc6-6d94ca9808d7,1632205016517,13.3899012,52.4752311,6.657308,-1.2288022,3.538312,-4.9724464,on bike mount,cyclo cross,True,concrete plates,good
cc44daa8-360c-4b54-954c-3a4442362c0c,7d60385e-b3cb-4c1d-baf1-b56bcb05185a,02389fbf-4bda-4d0f-a3be-0a8493c60cc4,1632205016568,13.3899012,52.4752311,6.657308,-0.87961876,-6.163317,-5.604469,on bike mount,cyclo cross,True,concrete plates,good
cc44daa8-360c-4b54-954c-3a4442362c0c,7d60385e-b3cb-4c1d-baf1-b56bcb05185a,8e251422-8e3f-4f78-9389-df51dc347798,1632205016647,13.3899012,52.4752311,6.657308,-0.20915988,1.2036042,-3.8190577,on bike mount,cyclo cross,True,concrete plates,good
cc44daa8-360c-4b54-954c-3a4442362c0c,7d60385e-b3cb-4c1d-baf1-b56bcb05185a,9fd2b5b4-e56f-4187-a9e5-044d7c197a07,1632205016697,13.3899012,52.4752311,6.657308,-0.887362,1.3660645,4.490569,on bike mount,cyclo cross,True,concrete plates,good
cc44daa8-360c-4b54-954c-3a4442362c0c,7d60385e-b3cb-4c1d-baf1-b56bcb05185a,f5209a4b-9e9c-496a-be4c-ee7e4f4c445f,1632205016747,13.3899012,52.4752311,6.657308,0.7646697,0.2006998,-0.41374016,on bike mount,cyclo cross,True,concrete plates,good
cc44daa8-360c-4b54-954c-3a4442362c0c,7d60385e-b3cb-4c1d-baf1-b56bcb05185a,948bca93-2404-4411-8deb-4867710c09b3,1632205016797,13.3899012,52.4752311,6.657308,-0.727203,-5.5324507,3.0902882,on bike mount,cyclo cross,True,concrete plates,good
cc44daa8-360c-4b54-954c-3a4442362c0c,7d60385e-b3cb-4c1d-baf1-b56bcb05185a,6dcd9d23-6458-4906-a4cc-dd28d97367ab,1632205016847,13.3898786,52.4751719,6.866215,1.4321065,0.13115859,1.9420977,on bike mount,cyclo cross,True,concrete plates,good
cc44daa8-360c-4b54-954c-3a4442362c0c,7d60385e-b3cb-4c1d-baf1-b56bcb05185a,4b57de80-d6ab-4070-b628-cd8881d0c970,1632205016913,13.3898786,52.4751719,6.866215,0.7750421,-2.5726898,3.044959,on bike mount,cyclo cross,True,concrete plates,good
cc44daa8-360c-4b54-954c-3a4442362c0c,7d60385e-b3cb-4c1d-baf1-b56bcb05185a,171dd3f6-7501-43c0-b7ed-d6aa9054f7e5,1632205016962,13.3898786,52.4751719,6.866215,0.9586698,0.48682594,-1.2322063,on bike mount,cyclo cross,True,concrete plates,good
cc44daa8-360c-4b54-954c-3a4442362c0c,7d60385e-b3cb-4c1d-baf1-b56bcb05185a,93f0c67d-7986-4e0b-8296-5e29e57b446f,1632205017029,13.3898786,52.4751719,6.866215,-1.115296,0.28573704,4.452751,on bike mount,cyclo cross,True,concrete plates,good
cc44daa8-360c-4b54-954c-3a4442362c0c,7d60385e-b3cb-4c1d-baf1-b56bcb05185a,643d80fe-bc0a-4fc1-8f84-71fbf5f575fd,1632205017078,13.3898786,52.4751719,6.866215,0.008268744,1.0812979,-1.3140993,on bike mount,cyclo cross,True,concrete plates,good
cc44daa8-360c-4b54-954c-3a4442362c0c,7d60385e-b3cb-4c1d-baf1-b56bcb05185a,fbd5eefc-341f-4b58-8c83-64e5f0397cca,1632205017128,13.3898786,52.4751719,6.866215,2.2153282,-4.9527426,2.175293,on bike mount,cyclo cross,True,concrete plates,good
cc44daa8-360c-4b54-954c-3a4442362c0c,7d60385e-b3cb-4c1d-baf1-b56bcb05185a,f967a2b4-62b8-49a0-befd-63694e578bfe,1632205017178,13.3898786,52.4751719,6.866215,-0.5490755,4.897581,-0.9807267,on bike mount,cyclo cross,True,concrete plates,good
cc44daa8-360c-4b54-954c-3a4442362c0c,7d60385e-b3cb-4c1d-baf1-b56bcb05185a,c62839d3-1501-4dcb-8e10-45cd4e962dc1,1632205017242,13.3898786,52.4751719,6.866215,-0.077355474,-0.74497557,4.7891273,on bike mount,cyclo cross,True,concrete plates,good
cc44daa8-360c-4b54-954c-3a4442362c0c,7d60385e-b3cb-4c1d-baf1-b56bcb05185a,4cf26b65-f99f-4c74-9d75-f474be339fe4,1632205017293,13.3898786,52.4751719,6.866215,-1.1407145,0.78092456,0.5482197,on bike mount,cyclo cross,True,concrete plates,good
cc44daa8-360c-4b54-954c-3a4442362c0c,7d60385e-b3cb-4c1d-baf1-b56bcb05185a,cd196fab-edff-435c-91bb-c437a779ba43,1632205017343,13.3898786,52.4751719,6.866215,-1.0043945,-6.9088984,1.8215246,on bike mount,cyclo cross,True,concrete plates,good
cc44daa8-360c-4b54-954c-3a4442362c0c,7d60385e-b3cb-4c1d-baf1-b56bcb05185a,3d1c7800-9b96-4270-bf1a-ca7debcd8e09,1632205017393,13.3898786,52.4751719,6.866215,-1.6503663,2.2614405,-4.729024,on bike mount,cyclo cross,True,concrete plates,good
cc44daa8-360c-4b54-954c-3a4442362c0c,7d60385e-b3cb-4c1d-baf1-b56bcb05185a,544b41cd-331d-4461-a739-5ad9bbb1c084,1632205017443,13.3898786,52.4751719,6.866215,0.05077067,-4.0544276,1.5188484,on bike mount,cyclo cross,True,concrete plates,good
cc44daa8-360c-4b54-954c-3a4442362c0c,7d60385e-b3cb-4c1d-baf1-b56bcb05185a,8c5a98d2-ee8e-40d2-90d4-61f8a27c3d35,1632205017494,13.3898786,52.4751719,6.866215,-0.7075137,3.166688,-0.5322485,on bike mount,cyclo cross,True,concrete plates,good
cc44daa8-360c-4b54-954c-3a4442362c0c,7d60385e-b3cb-4c1d-baf1-b56bcb05185a,0fa10014-b9f2-4bf2-a400-6703976217eb,1632205017545,13.3898786,52.4751719,6.866215,1.0223924,-6.7020025,3.203333,on bike mount,cyclo cross,True,concrete plates,good
cc44daa8-360c-4b54-954c-3a4442362c0c,7d60385e-b3cb-4c1d-baf1-b56bcb05185a,2ac95981-f79a-457e-9811-cdec92474a1b,1632205017608,13.3898786,52.4751719,6.866215,-2.5542202,-22.776854,6.241912,on bike mount,cyclo cross,True,concrete plates,good
cc44daa8-360c-4b54-954c-3a4442362c0c,7d60385e-b3cb-4c1d-baf1-b56bcb05185a,4a976c2a-fcf9-4161-8995-0916f1e27b45,1632205017658,13.3898786,52.4751719,6.866215,0.8702725,2.410135,-5.762759,on bike mount,cyclo cross,True,concrete plates,good
cc44daa8-360c-4b54-954c-3a4442362c0c,7d60385e-b3cb-4c1d-baf1-b56bcb05185a,5bb4fe5e-6a8c-4fe2-a1b4-a2ac8aca979a,1632205017708,13.3898786,52.4751719,6.866215,-4.8256035,7.6507063,-5.1353555,on bike mount,cyclo cross,True,concrete plates,good
cc44daa8-360c-4b54-954c-3a4442362c0c,7d60385e-b3cb-4c1d-baf1-b56bcb05185a,31d472b9-6fcc-4643-8475-a63d1ae5bfd9,1632205017757,13.3898786,52.4751719,6.866215,-1.2200339,11.510393,2.6068182,on bike mount,cyclo cross,True,concrete plates,good
cc44daa8-360c-4b54-954c-3a4442362c0c,7d60385e-b3cb-4c1d-baf1-b56bcb05185a,e138789e-364c-4175-9114-0e9285055623,1632205017815,13.3898786,52.4751719,6.866215,-0.22072923,-8.256053,-0.3884592,on bike mount,cyclo cross,True,concrete plates,good
cc44daa8-360c-4b54-954c-3a4442362c0c,7d60385e-b3cb-4c1d-baf1-b56bcb05185a,fedbe697-9edc-45fe-8c7a-882bfe277639,1632205017865,13.3898589,52.4751067,6.8002443,0.2734726,0.12247515,1.9824018,on bike mount,cyclo cross,True,concrete plates,good
cc44daa8-360c-4b54-954c-3a4442362c0c,7d60385e-b3cb-4c1d-baf1-b56bcb05185a,b7211c6b-9c53-4bfb-98b2-a431264b7b26,1632205017915,13.3898589,52.4751067,6.8002443,-1.8777828,0.19165039,-0.5411782,on bike mount,cyclo cross,True,concrete plates,good
cc44daa8-360c-4b54-954c-3a4442362c0c,7d60385e-b3cb-4c1d-baf1-b56bcb05185a,f5d7d2f0-f97a-40d4-96ee-9cad43c25836,1632205017977,13.3898589,52.4751067,6.8002443,-0.10286006,-2.024234,-2.4340243,on bike mount,cyclo cross,True,concrete plates,good
cc44daa8-360c-4b54-954c-3a4442362c0c,7d60385e-b3cb-4c1d-baf1-b56bcb05185a,db635b55-1ea0-4359-b926-8d77253a144f,1632205018028,13.3898589,52.4751067,6.8002443,0.5914708,2.785584,-0.9385114,on bike mount,cyclo cross,True,concrete plates,good
cc44daa8-360c-4b54-954c-3a4442362c0c,7d60385e-b3cb-4c1d-baf1-b56bcb05185a,bd6ed0cc-69e5-4680-9b29-e28fc03de3ea,1632205018078,13.3898589,52.4751067,6.8002443,-0.6615396,1.1048429,-3.294917,on bike mount,cyclo cross,True,concrete plates,good
cc44daa8-360c-4b54-954c-3a4442362c0c,7d60385e-b3cb-4c1d-baf1-b56bcb05185a,17292e12-07a8-4f7c-a1ad-d40e05c6d557,1632205018128,13.3898589,52.4751067,6.8002443,0.59244794,0.5446267,0.7072325,on bike mount,cyclo cross,True,concrete plates,good
cc44daa8-360c-4b54-954c-3a4442362c0c,7d60385e-b3cb-4c1d-baf1-b56bcb05185a,b3a48d6f-0dac-4c14-aa75-7df4e1792567,1632205018177,13.3898589,52.4751067,6.8002443,0.11011769,-4.503252,4.589921,on bike mount,cyclo cross,True,concrete plates,good
cc44daa8-360c-4b54-954c-3a4442362c0c,7d60385e-b3cb-4c1d-baf1-b56bcb05185a,a5b81e5f-8762-4044-8a5a-6713114a2081,1632205018226,13.3898589,52.4751067,6.8002443,0.3543533,-7.2628446,3.1636324,on bike mount,cyclo cross,True,concrete plates,good
cc44daa8-360c-4b54-954c-3a4442362c0c,7d60385e-b3cb-4c1d-baf1-b56bcb05185a,519c535e-ae11-4c9c-bc9d-6ae7dddb54b1,1632205018275,13.3898589,52.4751067,6.8002443,1.8869548,2.205926,-0.81022406,on bike mount,cyclo cross,True,concrete plates,good
cc44daa8-360c-4b54-954c-3a4442362c0c,7d60385e-b3cb-4c1d-baf1-b56bcb05185a,5a256ec8-ba6d-4df3-ab2a-2f09dd31f147,1632205018325,13.3898589,52.4751067,6.8002443,1.1177968,-0.94989204,-5.001101,on bike mount,cyclo cross,True,concrete plates,good
cc44daa8-360c-4b54-954c-3a4442362c0c,7d60385e-b3cb-4c1d-baf1-b56bcb05185a,d9df0a7c-9705-4697-a22f-9dc0f06911b3,1632205018375,13.3898589,52.4751067,6.8002443,0.5662503,1.1606104,-6.507636,on bike mount,cyclo cross,True,concrete plates,good
cc44daa8-360c-4b54-954c-3a4442362c0c,7d60385e-b3cb-4c1d-baf1-b56bcb05185a,6f44362c-5b60-4b05-9ce2-ad0960f30542,1632205018425,13.3898589,52.4751067,6.8002443,0.111483306,-3.9427452,3.1724377,on bike mount,cyclo cross,True,concrete plates,good
cc44daa8-360c-4b54-954c-3a4442362c0c,7d60385e-b3cb-4c1d-baf1-b56bcb05185a,e29a4d4b-ca0e-41b0-bef6-2c7a1f5fadc1,1632205018475,13.3898589,52.4751067,6.8002443,-2.1275854,2.161962,-1.4030771,on bike mount,cyclo cross,True,concrete plates,good
cc44daa8-360c-4b54-954c-3a4442362c0c,7d60385e-b3cb-4c1d-baf1-b56bcb05185a,42306d15-a55e-4613-a08a-d8c3d2774fa3,1632205018534,13.3898589,52.4751067,6.8002443,-2.5534163,-7.029445,1.2478676,on bike mount,cyclo cross,True,concrete plates,good
cc44daa8-360c-4b54-954c-3a4442362c0c,7d60385e-b3cb-4c1d-baf1-b56bcb05185a,067b5291-c318-4919-b410-2a7939ef3a74,1632205018585,13.3898589,52.4751067,6.8002443,1.913066,-3.9134722,1.7757912,on bike mount,cyclo cross,True,concrete plates,good
cc44daa8-360c-4b54-954c-3a4442362c0c,7d60385e-b3cb-4c1d-baf1-b56bcb05185a,34d34bd9-f3c3-4096-b8c2-201541cf650d,1632205018635,13.3898589,52.4751067,6.8002443,-1.3314245,3.6836782,4.01136,on bike mount,cyclo cross,True,concrete plates,good
cc44daa8-360c-4b54-954c-3a4442362c0c,7d60385e-b3cb-4c1d-baf1-b56bcb05185a,2c521adc-dcb1-4d03-8d8f-e7d660028ef1,1632205018685,13.3898589,52.4751067,6.8002443,0.15421903,1.4757562,-1.5757322,on bike mount,cyclo cross,True,concrete plates,good
cc44daa8-360c-4b54-954c-3a4442362c0c,7d60385e-b3cb-4c1d-baf1-b56bcb05185a,de5f48c4-a0c2-4b98-bdb3-acf3c6a69cc6,1632205018735,13.3898589,52.4751067,6.8002443,-0.31241408,9.037782,-4.2415752,on bike mount,cyclo cross,True,concrete plates,good
cc44daa8-360c-4b54-954c-3a4442362c0c,7d60385e-b3cb-4c1d-baf1-b56bcb05185a,2d98e67f-e587-4e11-ace1-7a9d5368d264,1632205018785,13.3898589,52.4751067,6.8002443,1.0741713,-8.379766,1.6524096,on bike mount,cyclo cross,True,concrete plates,good
cc44daa8-360c-4b54-954c-3a4442362c0c,7d60385e-b3cb-4c1d-baf1-b56bcb05185a,ffcc698a-0d6f-43e6-b13b-a12512a18754,1632205018835,13.3898392,52.4750454,6.9987106,-1.372951,-2.2193236,-8.630095,on bike mount,cyclo cross,True,concrete plates,good
cc44daa8-360c-4b54-954c-3a4442362c0c,7d60385e-b3cb-4c1d-baf1-b56bcb05185a,100201cf-cbd5-44d9-8fae-a931a78874b4,1632205018886,13.3898392,52.4750454,6.9987106,0.34371093,-4.872142,5.39036,on bike mount,cyclo cross,True,concrete plates,good
cc44daa8-360c-4b54-954c-3a4442362c0c,7d60385e-b3cb-4c1d-baf1-b56bcb05185a,431d1d6c-f629-41ef-89f8-4c6e9d6cfeaa,1632205018936,13.3898392,52.4750454,6.9987106,-0.6345036,2.8421535,-3.839148,on bike mount,cyclo cross,True,concrete plates,good
cc44daa8-360c-4b54-954c-3a4442362c0c,7d60385e-b3cb-4c1d-baf1-b56bcb05185a,87d84c2c-a5df-40de-8e69-91e3a4244619,1632205018985,13.3898392,52.4750454,6.9987106,0.02171468,0.1299696,-0.62222195,on bike mount,cyclo cross,True,concrete plates,good
cc44daa8-360c-4b54-954c-3a4442362c0c,7d60385e-b3cb-4c1d-baf1-b56bcb05185a,ff6b3b0f-a6cd-4da3-a2e8-5e159d7a2677,1632205019035,13.3898392,52.4750454,6.9987106,-0.7265384,-1.9029934,-4.201344,on bike mount,cyclo cross,True,concrete plates,good
cc44daa8-360c-4b54-954c-3a4442362c0c,7d60385e-b3cb-4c1d-baf1-b56bcb05185a,677b40e4-87f2-4631-b507-36480ae7b4b8,1632205019085,13.3898392,52.4750454,6.9987106,0.49905083,1.0713105,1.3835526,on bike mount,cyclo cross,True,concrete plates,good
cc44daa8-360c-4b54-954c-3a4442362c0c,7d60385e-b3cb-4c1d-baf1-b56bcb05185a,2033b436-606f-4fb8-9d4a-317f547fa5a9,1632205019135,13.3898392,52.4750454,6.9987106,-0.8521879,-1.8354825,4.508856,on bike mount,cyclo cross,True,concrete plates,good
cc44daa8-360c-4b54-954c-3a4442362c0c,7d60385e-b3cb-4c1d-baf1-b56bcb05185a,0c3fc602-55ab-4038-8e23-548983a4c26b,1632205019185,13.3898392,52.4750454,6.9987106,-1.443506,0.87438965,2.459712,on bike mount,cyclo cross,True,concrete plates,good
cc44daa8-360c-4b54-954c-3a4442362c0c,7d60385e-b3cb-4c1d-baf1-b56bcb05185a,f1362c4d-96a7-462b-bc3d-6c0c68eae726,1632205019236,13.3898392,52.4750454,6.9987106,-0.10625392,-2.7189028,-2.250681,on bike mount,cyclo cross,True,concrete plates,good
cc44daa8-360c-4b54-954c-3a4442362c0c,7d60385e-b3cb-4c1d-baf1-b56bcb05185a,18090500-3908-4340-acba-9ee960b94cdb,1632205019285,13.3898392,52.4750454,6.9987106,-0.24377298,1.3305883,-0.563735,on bike mount,cyclo cross,True,concrete plates,good
cc44daa8-360c-4b54-954c-3a4442362c0c,7d60385e-b3cb-4c1d-baf1-b56bcb05185a,eb5e9c7d-08b0-46d3-aaaa-d54762640750,1632205019335,13.3898392,52.4750454,6.9987106,-0.13116887,-0.98377085,-0.8114567,on bike mount,cyclo cross,True,concrete plates,good
cc44daa8-360c-4b54-954c-3a4442362c0c,7d60385e-b3cb-4c1d-baf1-b56bcb05185a,5282d839-30d2-4702-97cb-482ca9d7e668,1632205019385,13.3898392,52.4750454,6.9987106,1.2226971,-0.7908881,-1.6885405,on bike mount,cyclo cross,True,concrete plates,good
cc44daa8-360c-4b54-954c-3a4442362c0c,7d60385e-b3cb-4c1d-baf1-b56bcb05185a,66089872-3762-403b-82f6-07bc5ecd54da,1632205019436,13.3898392,52.4750454,6.9987106,0.6926517,-3.356944,2.2318268,on bike mount,cyclo cross,True,concrete plates,good
cc44daa8-360c-4b54-954c-3a4442362c0c,7d60385e-b3cb-4c1d-baf1-b56bcb05185a,e5f442a7-1ae5-404d-bf43-73f0b0aabdb7,1632205019490,13.3898392,52.4750454,6.9987106,1.8334308,3.879827,-3.2974682,on bike mount,cyclo cross,True,concrete plates,good
cc44daa8-360c-4b54-954c-3a4442362c0c,7d60385e-b3cb-4c1d-baf1-b56bcb05185a,7364bc03-d8a2-4d5c-beee-c0ee23ca3cb0,1632205019540,13.3898392,52.4750454,6.9987106,0.78897697,1.1910071,0.88809395,on bike mount,cyclo cross,True,concrete plates,good
cc44daa8-360c-4b54-954c-3a4442362c0c,7d60385e-b3cb-4c1d-baf1-b56bcb05185a,ae7cdd2b-db8a-4500-ac8a-3195a60970a2,1632205019590,13.3898392,52.4750454,6.9987106,0.04335706,2.5265071,-2.9836025,on bike mount,cyclo cross,True,concrete plates,good
cc44daa8-360c-4b54-954c-3a4442362c0c,7d60385e-b3cb-4c1d-baf1-b56bcb05185a,7ebe9ceb-d5af-44e6-b7da-b504b2787036,1632205019640,13.3898392,52.4750454,6.9987106,-0.19398086,-1.0935762,0.96890926,on bike mount,cyclo cross,True,concrete plates,good
cc44daa8-360c-4b54-954c-3a4442362c0c,7d60385e-b3cb-4c1d-baf1-b56bcb05185a,c4d2fe2a-3a38-45d4-9e96-497a258b37da,1632205019690,13.3898392,52.4750454,6.9987106,0.27534482,0.66136074,3.300005,on bike mount,cyclo cross,True,concrete plates,good
cc44daa8-360c-4b54-954c-3a4442362c0c,7d60385e-b3cb-4c1d-baf1-b56bcb05185a,517bb267-6fc9-484f-ae4f-48603c39ce20,1632205019740,13.3898392,52.4750454,6.9987106,-1.3294427,6.3050246,-2.5598426,on bike mount,cyclo cross,True,concrete plates,good
cc44daa8-360c-4b54-954c-3a4442362c0c,7d60385e-b3cb-4c1d-baf1-b56bcb05185a,d017d77c-3337-44a2-a960-cd856943860b,1632205019797,13.3898392,52.4750454,6.9987106,0.97582704,-1.7839828,1.7295074,on bike mount,cyclo cross,True,concrete plates,good
cc44daa8-360c-4b54-954c-3a4442362c0c,7d60385e-b3cb-4c1d-baf1-b56bcb05185a,c397a9c5-b4ef-4b22-b68c-40f43c6871de,1632205019848,13.3898187,52.4749831,6.801401,1.7537998,-2.4971907,3.9671183,on bike mount,cyclo cross,True,concrete plates,good
cc44daa8-360c-4b54-954c-3a4442362c0c,7d60385e-b3cb-4c1d-baf1-b56bcb05185a,cfc4eec9-3102-44bf-8b35-b6b19d75c68a,1632205019898,13.3898187,52.4749831,6.801401,-0.57768977,-5.4596443,5.472229,on bike mount,cyclo cross,True,concrete plates,good
cc44daa8-360c-4b54-954c-3a4442362c0c,7d60385e-b3cb-4c1d-baf1-b56bcb05185a,2ed90603-bc62-48c6-a5fc-094d9a5309cd,1632205019948,13.3898187,52.4749831,6.801401,0.28790754,1.5381255,1.9072132,on bike mount,cyclo cross,True,concrete plates,good
cc44daa8-360c-4b54-954c-3a4442362c0c,7d60385e-b3cb-4c1d-baf1-b56bcb05185a,83d5df95-71f5-408b-8a2e-465cc44d622c,1632205020014,13.3898187,52.4749831,6.801401,-0.86131436,3.3865514,-0.4656372,on bike mount,cyclo cross,True,concrete plates,good
cc44daa8-360c-4b54-954c-3a4442362c0c,7d60385e-b3cb-4c1d-baf1-b56bcb05185a,2446261d-ae0c-4e6b-a639-938d880b3699,1632205020063,13.3898187,52.4749831,6.801401,-0.27409285,-0.31089306,1.4369707,on bike mount,cyclo cross,True,concrete plates,good
cc44daa8-360c-4b54-954c-3a4442362c0c,7d60385e-b3cb-4c1d-baf1-b56bcb05185a,b6e4cc3f-0f90-4f8c-9f06-05eedc351688,1632205020112,13.3898187,52.4749831,6.801401,0.7179956,1.2369738,1.8463058,on bike mount,cyclo cross,True,concrete plates,good
cc44daa8-360c-4b54-954c-3a4442362c0c,7d60385e-b3cb-4c1d-baf1-b56bcb05185a,e29db5af-1e70-4017-a6da-68ca05fcb226,1632205020170,13.3898187,52.4749831,6.801401,-0.7268496,0.22744131,-1.9524002,on bike mount,cyclo cross,True,concrete plates,good
cc44daa8-360c-4b54-954c-3a4442362c0c,7d60385e-b3cb-4c1d-baf1-b56bcb05185a,bc505cce-c0c3-48a3-ae45-94b1fe5a2abb,1632205020220,13.3898187,52.4749831,6.801401,-1.0143101,-6.4671354,2.068674,on bike mount,cyclo cross,True,concrete plates,good
cc44daa8-360c-4b54-954c-3a4442362c0c,7d60385e-b3cb-4c1d-baf1-b56bcb05185a,32b913d8-59eb-4bfa-ac5f-cfd05b8b62f3,1632205020270,13.3898187,52.4749831,6.801401,1.6220615,1.2090821,-2.630177,on bike mount,cyclo cross,True,concrete plates,good
cc44daa8-360c-4b54-954c-3a4442362c0c,7d60385e-b3cb-4c1d-baf1-b56bcb05185a,fc2754eb-b679-4ba7-8859-8f0e4beb5ce6,1632205020331,13.3898187,52.4749831,6.801401,-0.5888331,-1.4929307,-7.0108547,on bike mount,cyclo cross,True,concrete plates,good
cc44daa8-360c-4b54-954c-3a4442362c0c,7d60385e-b3cb-4c1d-baf1-b56bcb05185a,8843e00b-4e1c-4890-8c24-f7c2b8be491a,1632205020380,13.3898187,52.4749831,6.801401,2.1319542,3.004045,-4.247719,on bike mount,cyclo cross,True,concrete plates,good
cc44daa8-360c-4b54-954c-3a4442362c0c,7d60385e-b3cb-4c1d-baf1-b56bcb05185a,c2181b35-7e87-45ca-99fd-8ff8460bb1c6,1632205020429,13.3898187,52.4749831,6.801401,-1.753663,2.6772861,-0.09752083,on bike mount,cyclo cross,True,concrete plates,good
cc44daa8-360c-4b54-954c-3a4442362c0c,7d60385e-b3cb-4c1d-baf1-b56bcb05185a,451ade6c-3644-4e5e-b9de-f2132433be8a,1632205020478,13.3898187,52.4749831,6.801401,-0.578524,-0.7488301,2.2095394,on bike mount,cyclo cross,True,concrete plates,good
cc44daa8-360c-4b54-954c-3a4442362c0c,7d60385e-b3cb-4c1d-baf1-b56bcb05185a,410c9bbb-8342-49f2-8e17-22f915f3dd6e,1632205020532,13.3898187,52.4749831,6.801401,1.6139421,-2.2117324,-3.3211155,on bike mount,cyclo cross,True,concrete plates,good
cc44daa8-360c-4b54-954c-3a4442362c0c,7d60385e-b3cb-4c1d-baf1-b56bcb05185a,0a5afdba-f8b2-4229-bfcb-e45018cbd9a4,1632205020583,13.3898187,52.4749831,6.801401,0.9757061,-4.417677,4.1511393,on bike mount,cyclo cross,True,concrete plates,good
cc44daa8-360c-4b54-954c-3a4442362c0c,7d60385e-b3cb-4c1d-baf1-b56bcb05185a,a8883386-15de-414b-88d2-d04da3711b2c,1632205020633,13.3898187,52.4749831,6.801401,-2.9825952,5.2898693,1.2570791,on bike mount,cyclo cross,True,concrete plates,good
cc44daa8-360c-4b54-954c-3a4442362c0c,7d60385e-b3cb-4c1d-baf1-b56bcb05185a,2f977e84-bf20-4a66-914c-d0b452c8e5fa,1632205020682,13.3898187,52.4749831,6.801401,4.24094,-7.453395,3.1634264,on bike mount,cyclo cross,True,concrete plates,good
cc44daa8-360c-4b54-954c-3a4442362c0c,7d60385e-b3cb-4c1d-baf1-b56bcb05185a,669b0452-ca36-4342-92d6-95178a931135,1632205020748,13.3898187,52.4749831,6.801401,1.9965935,-2.1600695,5.615016,on bike mount,cyclo cross,True,concrete plates,good
cc44daa8-360c-4b54-954c-3a4442362c0c,7d60385e-b3cb-4c1d-baf1-b56bcb05185a,2bdee9fd-0267-4a45-9899-54b6bda5f837,1632205020799,13.3898187,52.4749831,6.801401,-1.7004744,-2.6306522,-0.11797047,on bike mount,cyclo cross,True,concrete plates,good
