bike_activity_uid,bike_activity_sample_uid,bike_activity_measurement,bike_activity_measurement_timestamp,bike_activity_measurement_lon,bike_activity_measurement_lat,bike_activity_measurement_speed,bike_activity_measurement_accelerometer_x,bike_activity_measurement_accelerometer_y,bike_activity_measurement_accelerometer_z,bike_activity_phone_position,bike_activity_bike_type,bike_activity_flagged_lab_conditions,bike_activity_surface_type,bike_activity_smoothness_type
d4efb84d-c733-4167-91a0-ed76ed83f2c5,f79114ec-eeea-4e65-8d9d-a0b9e31fc35a,d0b012ec-fabd-4c11-a2dc-3dac83fe3cf7,1626116596880,13.3866262,52.4717013,1.1899395,-0.000872612,-0.10310984,0.6415093,in backpack,cyclo cross,False,paving stones,good
d4efb84d-c733-4167-91a0-ed76ed83f2c5,f79114ec-eeea-4e65-8d9d-a0b9e31fc35a,389650a0-bd72-448e-8dd1-45bee1a5a835,1626116596929,13.3866262,52.4717013,1.1899395,-0.98072815,-0.0010495186,0.62697506,in backpack,cyclo cross,False,paving stones,good
d4efb84d-c733-4167-91a0-ed76ed83f2c5,f79114ec-eeea-4e65-8d9d-a0b9e31fc35a,bf73fa1a-061d-48a4-9f69-bae79d4f0fca,1626116596979,13.3866262,52.4717013,1.1899395,-1.0142226,0.2761891,0.37786603,in backpack,cyclo cross,False,paving stones,good
d4efb84d-c733-4167-91a0-ed76ed83f2c5,f79114ec-eeea-4e65-8d9d-a0b9e31fc35a,bb1250b3-b3ac-4a59-96c9-503e5fc33861,1626116597029,13.3866262,52.4717013,1.1899395,1.8038359,1.5106337,-0.28051567,in backpack,cyclo cross,False,paving stones,good
d4efb84d-c733-4167-91a0-ed76ed83f2c5,f79114ec-eeea-4e65-8d9d-a0b9e31fc35a,d00a7734-a66d-4843-9002-418a7c742bf4,1626116597080,13.3866163,52.4717348,4.009577,-0.4128399,2.044804,-0.5133929,in backpack,cyclo cross,False,paving stones,good
d4efb84d-c733-4167-91a0-ed76ed83f2c5,f79114ec-eeea-4e65-8d9d-a0b9e31fc35a,243aa908-f0ad-45e7-b8fe-d2a725602cb2,1626116597130,13.3866163,52.4717348,4.009577,-1.4630408,-0.082591295,1.0794494,in backpack,cyclo cross,False,paving stones,good
d4efb84d-c733-4167-91a0-ed76ed83f2c5,f79114ec-eeea-4e65-8d9d-a0b9e31fc35a,45aecdcb-1bb1-4a36-adac-297098d353f6,1626116597180,13.3866163,52.4717348,4.009577,-1.5300584,2.1033535,-0.89357615,in backpack,cyclo cross,False,paving stones,good
d4efb84d-c733-4167-91a0-ed76ed83f2c5,f79114ec-eeea-4e65-8d9d-a0b9e31fc35a,5bf5d61a-2024-42f5-9a1e-d37f2f37fc12,1626116597230,13.3866163,52.4717348,4.009577,-0.31262493,-1.2953179,1.8307363,in backpack,cyclo cross,False,paving stones,good
d4efb84d-c733-4167-91a0-ed76ed83f2c5,f79114ec-eeea-4e65-8d9d-a0b9e31fc35a,2df15e01-a069-4350-8bdc-6c74b7a2eda9,1626116597280,13.3866163,52.4717348,4.009577,1.9546661,0.7202778,0.8955686,in backpack,cyclo cross,False,paving stones,good
d4efb84d-c733-4167-91a0-ed76ed83f2c5,f79114ec-eeea-4e65-8d9d-a0b9e31fc35a,34047d58-7201-4e99-bf43-865e4d0ce09e,1626116597331,13.3866163,52.4717348,4.009577,-1.1058221,0.99403286,1.0945787,in backpack,cyclo cross,False,paving stones,good
d4efb84d-c733-4167-91a0-ed76ed83f2c5,f79114ec-eeea-4e65-8d9d-a0b9e31fc35a,44c23746-c7a5-4efd-b90b-1bc7e96e267d,1626116597381,13.3866163,52.4717348,4.009577,5.0939884,0.51180553,2.0860662,in backpack,cyclo cross,False,paving stones,good
d4efb84d-c733-4167-91a0-ed76ed83f2c5,f79114ec-eeea-4e65-8d9d-a0b9e31fc35a,07fbcfd0-273f-459d-9c57-f977bf45fe8c,1626116597431,13.3866163,52.4717348,4.009577,-0.18472004,0.7476461,-0.080278635,in backpack,cyclo cross,False,paving stones,good
d4efb84d-c733-4167-91a0-ed76ed83f2c5,f79114ec-eeea-4e65-8d9d-a0b9e31fc35a,cc4b5491-b9c1-4891-a650-f69a32e6c576,1626116597481,13.3866163,52.4717348,4.009577,-1.4286132,-0.4285233,1.3346162,in backpack,cyclo cross,False,paving stones,good
d4efb84d-c733-4167-91a0-ed76ed83f2c5,f79114ec-eeea-4e65-8d9d-a0b9e31fc35a,e6a6a6d3-8009-4458-b6da-50909ea38b6a,1626116597531,13.3866163,52.4717348,4.009577,-0.82727575,0.8368759,-0.21136427,in backpack,cyclo cross,False,paving stones,good
d4efb84d-c733-4167-91a0-ed76ed83f2c5,f79114ec-eeea-4e65-8d9d-a0b9e31fc35a,5801076d-0eaa-4b62-bd2f-de28b5b8e89e,1626116597583,13.3866163,52.4717348,4.009577,-0.9091177,1.2036989,-1.0842762,in backpack,cyclo cross,False,paving stones,good
d4efb84d-c733-4167-91a0-ed76ed83f2c5,f79114ec-eeea-4e65-8d9d-a0b9e31fc35a,dcb21a5a-f1ea-437a-b364-8287bf51318a,1626116597633,13.3866163,52.4717348,4.009577,1.1537657,0.80341053,-0.7406182,in backpack,cyclo cross,False,paving stones,good
d4efb84d-c733-4167-91a0-ed76ed83f2c5,f79114ec-eeea-4e65-8d9d-a0b9e31fc35a,da98bcbc-7299-48d1-8185-b4c7216108bb,1626116597683,13.3866163,52.4717348,4.009577,-0.27134323,0.8384483,0.35101318,in backpack,cyclo cross,False,paving stones,good
d4efb84d-c733-4167-91a0-ed76ed83f2c5,f79114ec-eeea-4e65-8d9d-a0b9e31fc35a,9a5ada61-06a4-4588-b69d-ed6f775a46a4,1626116597733,13.3866163,52.4717348,4.009577,-0.77074957,0.005266905,1.7154714,in backpack,cyclo cross,False,paving stones,good
d4efb84d-c733-4167-91a0-ed76ed83f2c5,f79114ec-eeea-4e65-8d9d-a0b9e31fc35a,97928a2a-8fbf-45e8-ad97-40a101a324fd,1626116597784,13.3866163,52.4717348,4.009577,-0.35561562,0.3709185,1.5719204,in backpack,cyclo cross,False,paving stones,good
d4efb84d-c733-4167-91a0-ed76ed83f2c5,f79114ec-eeea-4e65-8d9d-a0b9e31fc35a,6d14b94a-3e64-41cf-8420-62c9046b5580,1626116597834,13.3866163,52.4717348,4.009577,1.4090023,1.2536392,0.95332766,in backpack,cyclo cross,False,paving stones,good
d4efb84d-c733-4167-91a0-ed76ed83f2c5,f79114ec-eeea-4e65-8d9d-a0b9e31fc35a,a21a39c9-050c-422c-94d6-1c5dccea1cd8,1626116597884,13.3866163,52.4717348,4.009577,2.5759773,1.8142695,0.06536126,in backpack,cyclo cross,False,paving stones,good
d4efb84d-c733-4167-91a0-ed76ed83f2c5,f79114ec-eeea-4e65-8d9d-a0b9e31fc35a,7ce9cf77-bb12-48a7-8dc2-4971a54a42d0,1626116597934,13.3866163,52.4717348,4.009577,0.27206516,0.16620779,0.2579763,in backpack,cyclo cross,False,paving stones,good
d4efb84d-c733-4167-91a0-ed76ed83f2c5,f79114ec-eeea-4e65-8d9d-a0b9e31fc35a,c21dba6b-3a96-489f-a7c7-da64b5b7028b,1626116597984,13.3866163,52.4717348,4.009577,-2.4193478,0.13408852,0.52214885,in backpack,cyclo cross,False,paving stones,good
d4efb84d-c733-4167-91a0-ed76ed83f2c5,f79114ec-eeea-4e65-8d9d-a0b9e31fc35a,723f5cc0-907e-4dbf-816e-c32e0b2e2d77,1626116598035,13.3866163,52.4717348,4.009577,-1.603991,0.8043983,0.73928,in backpack,cyclo cross,False,paving stones,good
d4efb84d-c733-4167-91a0-ed76ed83f2c5,f79114ec-eeea-4e65-8d9d-a0b9e31fc35a,2f2b29f2-dfe6-4ef8-92e7-7aec13608b7e,1626116598084,13.3866277,52.4717756,3.761297,0.10165119,2.3542347,0.29493928,in backpack,cyclo cross,False,paving stones,good
d4efb84d-c733-4167-91a0-ed76ed83f2c5,f79114ec-eeea-4e65-8d9d-a0b9e31fc35a,08380f78-c23c-4f5a-974f-3c93d4c95c3a,1626116598134,13.3866277,52.4717756,3.761297,1.9180384,1.4686291,0.27985525,in backpack,cyclo cross,False,paving stones,good
d4efb84d-c733-4167-91a0-ed76ed83f2c5,f79114ec-eeea-4e65-8d9d-a0b9e31fc35a,3e593dfc-4ead-4896-9334-ab1fa991e9e8,1626116598184,13.3866277,52.4717756,3.761297,1.849164,0.121785164,-0.25176787,in backpack,cyclo cross,False,paving stones,good
d4efb84d-c733-4167-91a0-ed76ed83f2c5,f79114ec-eeea-4e65-8d9d-a0b9e31fc35a,379176b4-ee1d-4c45-88e5-37260feea494,1626116598234,13.3866277,52.4717756,3.761297,-0.8681712,-0.5998615,0.29085732,in backpack,cyclo cross,False,paving stones,good
d4efb84d-c733-4167-91a0-ed76ed83f2c5,f79114ec-eeea-4e65-8d9d-a0b9e31fc35a,91efb180-4fb1-4552-89c0-ef1d2aca4fa1,1626116598284,13.3866277,52.4717756,3.761297,-2.1303678,-0.720736,1.4086821,in backpack,cyclo cross,False,paving stones,good
d4efb84d-c733-4167-91a0-ed76ed83f2c5,f79114ec-eeea-4e65-8d9d-a0b9e31fc35a,9d42ef7e-3323-4c9e-b0bf-a00474fafe19,1626116598335,13.3866277,52.4717756,3.761297,0.5982294,1.3847938,1.5221865,in backpack,cyclo cross,False,paving stones,good
d4efb84d-c733-4167-91a0-ed76ed83f2c5,f79114ec-eeea-4e65-8d9d-a0b9e31fc35a,3687e420-f000-4177-9399-3526e75442b8,1626116598384,13.3866277,52.4717756,3.761297,3.4935865,2.4480767,1.2368639,in backpack,cyclo cross,False,paving stones,good
d4efb84d-c733-4167-91a0-ed76ed83f2c5,f79114ec-eeea-4e65-8d9d-a0b9e31fc35a,3b4b540b-512b-4b56-9367-8739f36d551a,1626116598434,13.3866277,52.4717756,3.761297,-1.09303,1.478848,0.7640512,in backpack,cyclo cross,False,paving stones,good
d4efb84d-c733-4167-91a0-ed76ed83f2c5,f79114ec-eeea-4e65-8d9d-a0b9e31fc35a,17014899-b912-4083-aec9-fbe576c30790,1626116598484,13.3866277,52.4717756,3.761297,-0.7319441,1.3579664,-0.3279736,in backpack,cyclo cross,False,paving stones,good
d4efb84d-c733-4167-91a0-ed76ed83f2c5,f79114ec-eeea-4e65-8d9d-a0b9e31fc35a,d5352e2d-90e7-4f8c-a495-a29db953dfc6,1626116598547,13.3866277,52.4717756,3.761297,0.6511793,0.43167567,-1.2309809,in backpack,cyclo cross,False,paving stones,good
d4efb84d-c733-4167-91a0-ed76ed83f2c5,f79114ec-eeea-4e65-8d9d-a0b9e31fc35a,fe97b772-cdba-4362-a847-8347d41f4678,1626116598597,13.3866277,52.4717756,3.761297,-2.9063578,-0.65207136,0.2159698,in backpack,cyclo cross,False,paving stones,good
d4efb84d-c733-4167-91a0-ed76ed83f2c5,f79114ec-eeea-4e65-8d9d-a0b9e31fc35a,fbcb4c30-85a1-4b25-9b47-5a0f56d44fd4,1626116598648,13.386641,52.4717986,3.892884,-1.9322314,-0.67552316,0.92470074,in backpack,cyclo cross,False,paving stones,good
d4efb84d-c733-4167-91a0-ed76ed83f2c5,f79114ec-eeea-4e65-8d9d-a0b9e31fc35a,979d1d63-78ab-40b0-81bf-c0c3b9cfd8e1,1626116598699,13.386641,52.4717986,3.892884,0.5384245,0.3214457,0.88130367,in backpack,cyclo cross,False,paving stones,good
d4efb84d-c733-4167-91a0-ed76ed83f2c5,f79114ec-eeea-4e65-8d9d-a0b9e31fc35a,66072879-d255-4131-9b06-d5ebbb04cef8,1626116598749,13.386641,52.4717986,3.892884,3.8275404,1.3341293,-0.02346778,in backpack,cyclo cross,False,paving stones,good
d4efb84d-c733-4167-91a0-ed76ed83f2c5,f79114ec-eeea-4e65-8d9d-a0b9e31fc35a,0adaae05-da98-449c-9caf-24a8bc5a8e20,1626116598799,13.386641,52.4717986,3.892884,0.16175175,-0.24755597,0.10751319,in backpack,cyclo cross,False,paving stones,good
d4efb84d-c733-4167-91a0-ed76ed83f2c5,f79114ec-eeea-4e65-8d9d-a0b9e31fc35a,e7166cea-241d-4ead-a4ed-4b9c8bde7976,1626116598849,13.386641,52.4717986,3.892884,-1.2104669,-0.9843348,-0.27531505,in backpack,cyclo cross,False,paving stones,good
d4efb84d-c733-4167-91a0-ed76ed83f2c5,f79114ec-eeea-4e65-8d9d-a0b9e31fc35a,412f26ca-bb3b-48af-b712-6a96b477aadc,1626116598901,13.386641,52.4717986,3.892884,-1.8870711,-1.1456003,-0.74370885,in backpack,cyclo cross,False,paving stones,good
d4efb84d-c733-4167-91a0-ed76ed83f2c5,f79114ec-eeea-4e65-8d9d-a0b9e31fc35a,73028937-471e-4030-8767-0980c40c92b3,1626116598951,13.386641,52.4717986,3.892884,0.9944134,0.0750556,-1.6044426,in backpack,cyclo cross,False,paving stones,good
d4efb84d-c733-4167-91a0-ed76ed83f2c5,f79114ec-eeea-4e65-8d9d-a0b9e31fc35a,16dd20d4-ca5a-468e-b4a4-2873b28f6839,1626116599002,13.386641,52.4717986,3.892884,0.7997694,0.96001387,-0.506093,in backpack,cyclo cross,False,paving stones,good
d4efb84d-c733-4167-91a0-ed76ed83f2c5,f79114ec-eeea-4e65-8d9d-a0b9e31fc35a,b39984c5-1a85-4ebb-870e-9b0df66aaa45,1626116599053,13.386641,52.4717986,3.892884,-0.747849,0.66444206,0.8208518,in backpack,cyclo cross,False,paving stones,good
d4efb84d-c733-4167-91a0-ed76ed83f2c5,f79114ec-eeea-4e65-8d9d-a0b9e31fc35a,ab553ac9-1f31-4937-b902-02f41bbec13e,1626116599103,13.386641,52.4717986,3.892884,0.010081291,0.93797684,0.8042058,in backpack,cyclo cross,False,paving stones,good
d4efb84d-c733-4167-91a0-ed76ed83f2c5,f79114ec-eeea-4e65-8d9d-a0b9e31fc35a,3ae8a558-3285-4a04-84de-97be8720e832,1626116599154,13.3866576,52.4718165,4.14613,0.43728256,1.0268798,1.0204315,in backpack,cyclo cross,False,paving stones,good
d4efb84d-c733-4167-91a0-ed76ed83f2c5,f79114ec-eeea-4e65-8d9d-a0b9e31fc35a,d391489e-efa5-4c69-809f-29388ad6457b,1626116599203,13.3866576,52.4718165,4.14613,-0.23255825,0.6672404,0.7897017,in backpack,cyclo cross,False,paving stones,good
d4efb84d-c733-4167-91a0-ed76ed83f2c5,f79114ec-eeea-4e65-8d9d-a0b9e31fc35a,27959f6d-c832-476d-aef9-dcbc3ffc46b0,1626116599254,13.3866576,52.4718165,4.14613,0.6745863,0.30477262,0.32970548,in backpack,cyclo cross,False,paving stones,good
d4efb84d-c733-4167-91a0-ed76ed83f2c5,f79114ec-eeea-4e65-8d9d-a0b9e31fc35a,65cad75e-92ef-4ac5-94a2-655064458716,1626116599303,13.3866576,52.4718165,4.14613,-0.11324501,-0.05202055,0.20364618,in backpack,cyclo cross,False,paving stones,good
d4efb84d-c733-4167-91a0-ed76ed83f2c5,f79114ec-eeea-4e65-8d9d-a0b9e31fc35a,45e90248-4faa-47e3-8f17-1de763efde1b,1626116599353,13.3866576,52.4718165,4.14613,0.2141571,0.25327682,-0.3858409,in backpack,cyclo cross,False,paving stones,good
d4efb84d-c733-4167-91a0-ed76ed83f2c5,f79114ec-eeea-4e65-8d9d-a0b9e31fc35a,21ed9858-8b33-42ca-8102-fdda40c02d06,1626116599404,13.3866576,52.4718165,4.14613,0.57696915,0.19765449,-1.0477734,in backpack,cyclo cross,False,paving stones,good
d4efb84d-c733-4167-91a0-ed76ed83f2c5,f79114ec-eeea-4e65-8d9d-a0b9e31fc35a,cb1bb110-d24c-4ae4-84f8-f9c96c593434,1626116599455,13.3866576,52.4718165,4.14613,-0.5757246,0.34805775,-0.61987495,in backpack,cyclo cross,False,paving stones,good
d4efb84d-c733-4167-91a0-ed76ed83f2c5,f79114ec-eeea-4e65-8d9d-a0b9e31fc35a,6a86c81c-fb40-464f-9fa8-bf7d1fff6758,1626116599507,13.3866576,52.4718165,4.14613,-2.3021126,-0.039801836,0.81563115,in backpack,cyclo cross,False,paving stones,good
d4efb84d-c733-4167-91a0-ed76ed83f2c5,f79114ec-eeea-4e65-8d9d-a0b9e31fc35a,a1a33224-16b4-47ae-bd88-52eab551f3ec,1626116599557,13.3866576,52.4718165,4.14613,-0.78081894,0.032636404,1.4895464,in backpack,cyclo cross,False,paving stones,good
d4efb84d-c733-4167-91a0-ed76ed83f2c5,f79114ec-eeea-4e65-8d9d-a0b9e31fc35a,d4a5d109-0e0e-4509-b5fd-25c8b843d7a2,1626116599608,13.3866576,52.4718165,4.14613,2.223384,2.5023425,0.44129276,in backpack,cyclo cross,False,paving stones,good
d4efb84d-c733-4167-91a0-ed76ed83f2c5,f79114ec-eeea-4e65-8d9d-a0b9e31fc35a,e247106a-312f-47cc-8ca7-660ee44f2219,1626116599659,13.3866576,52.4718165,4.14613,1.7736673,1.8321128,1.5852726,in backpack,cyclo cross,False,paving stones,good
d4efb84d-c733-4167-91a0-ed76ed83f2c5,f79114ec-eeea-4e65-8d9d-a0b9e31fc35a,f38242ff-97ef-4d00-89fc-29103434af16,1626116599709,13.3866576,52.4718165,4.14613,-0.78537416,0.27946854,0.99355984,in backpack,cyclo cross,False,paving stones,good
d4efb84d-c733-4167-91a0-ed76ed83f2c5,f79114ec-eeea-4e65-8d9d-a0b9e31fc35a,df1c8171-28b5-4127-8f34-4ef5f17bf3cc,1626116599759,13.3866825,52.4718361,4.4009767,-0.82143354,0.88485694,-0.47597384,in backpack,cyclo cross,False,paving stones,good
d4efb84d-c733-4167-91a0-ed76ed83f2c5,f79114ec-eeea-4e65-8d9d-a0b9e31fc35a,a2993326-3638-40fb-a427-19543d827353,1626116599809,13.3866825,52.4718361,4.4009767,-0.019936562,1.2809768,-0.42378688,in backpack,cyclo cross,False,paving stones,good
d4efb84d-c733-4167-91a0-ed76ed83f2c5,f79114ec-eeea-4e65-8d9d-a0b9e31fc35a,6768e19b-2133-41c3-82eb-12d5613009b5,1626116599859,13.3866825,52.4718361,4.4009767,-0.080358505,1.152601,0.046196938,in backpack,cyclo cross,False,paving stones,good
d4efb84d-c733-4167-91a0-ed76ed83f2c5,f79114ec-eeea-4e65-8d9d-a0b9e31fc35a,f8fab61f-81a2-4412-8870-b52a8fd71ac1,1626116599910,13.3866825,52.4718361,4.4009767,-0.46780586,0.49943256,0.65588593,in backpack,cyclo cross,False,paving stones,good
d4efb84d-c733-4167-91a0-ed76ed83f2c5,f79114ec-eeea-4e65-8d9d-a0b9e31fc35a,7abeade6-b922-46af-b8a9-6d3679c8e7d8,1626116599962,13.3866825,52.4718361,4.4009767,-0.24333954,0.28877068,-0.45368862,in backpack,cyclo cross,False,paving stones,good
d4efb84d-c733-4167-91a0-ed76ed83f2c5,f79114ec-eeea-4e65-8d9d-a0b9e31fc35a,91258202-ff37-4f9b-b967-fe645d15e2dc,1626116600012,13.3866825,52.4718361,4.4009767,0.28998852,-0.9394132,-0.05333495,in backpack,cyclo cross,False,paving stones,good
d4efb84d-c733-4167-91a0-ed76ed83f2c5,f79114ec-eeea-4e65-8d9d-a0b9e31fc35a,c90e1c74-74a9-4c86-be88-7035f3738e5a,1626116600062,13.3866825,52.4718361,4.4009767,0.31943226,-0.25195992,-0.22680044,in backpack,cyclo cross,False,paving stones,good
d4efb84d-c733-4167-91a0-ed76ed83f2c5,f79114ec-eeea-4e65-8d9d-a0b9e31fc35a,fbce2f3d-5c06-4c6e-9b56-20c0db895b1a,1626116600113,13.3866825,52.4718361,4.4009767,-0.18622398,-0.08844018,0.45143175,in backpack,cyclo cross,False,paving stones,good
d4efb84d-c733-4167-91a0-ed76ed83f2c5,f79114ec-eeea-4e65-8d9d-a0b9e31fc35a,afa5e95e-4b7c-4eed-84fb-1600888884ed,1626116600163,13.3866825,52.4718361,4.4009767,0.47891903,0.3684597,0.2992761,in backpack,cyclo cross,False,paving stones,good
d4efb84d-c733-4167-91a0-ed76ed83f2c5,f79114ec-eeea-4e65-8d9d-a0b9e31fc35a,4ace7f50-5234-4b7b-bde7-007e60c1d092,1626116600214,13.3866825,52.4718361,4.4009767,0.45906925,1.5318055,-0.4722991,in backpack,cyclo cross,False,paving stones,good
d4efb84d-c733-4167-91a0-ed76ed83f2c5,f79114ec-eeea-4e65-8d9d-a0b9e31fc35a,852626d3-b336-45c4-aa0d-132dd967ecf7,1626116600265,13.3866825,52.4718361,4.4009767,-0.2558508,0.8554015,-0.14364767,in backpack,cyclo cross,False,paving stones,good
d4efb84d-c733-4167-91a0-ed76ed83f2c5,f79114ec-eeea-4e65-8d9d-a0b9e31fc35a,40c247e2-4e3a-42e4-8042-ada8a30480ea,1626116600314,13.3866825,52.4718361,4.4009767,-1.6612072,1.464937,0.5814223,in backpack,cyclo cross,False,paving stones,good
d4efb84d-c733-4167-91a0-ed76ed83f2c5,f79114ec-eeea-4e65-8d9d-a0b9e31fc35a,a97552e3-5494-498b-a475-b6272fde25ce,1626116600365,13.3866825,52.4718361,4.4009767,-0.92236423,1.000423,1.6203551,in backpack,cyclo cross,False,paving stones,good
d4efb84d-c733-4167-91a0-ed76ed83f2c5,f79114ec-eeea-4e65-8d9d-a0b9e31fc35a,b790a013-ef56-4e12-8d88-a122ac4346ce,1626116600414,13.3867203,52.4718519,4.660913,0.60167885,1.4867129,0.99217165,in backpack,cyclo cross,False,paving stones,good
d4efb84d-c733-4167-91a0-ed76ed83f2c5,f79114ec-eeea-4e65-8d9d-a0b9e31fc35a,90717b4f-b9d6-4d39-a7ae-22df80bde69a,1626116600465,13.3867203,52.4718519,4.660913,1.6884785,0.60341907,0.47624874,in backpack,cyclo cross,False,paving stones,good
d4efb84d-c733-4167-91a0-ed76ed83f2c5,f79114ec-eeea-4e65-8d9d-a0b9e31fc35a,a56db6a4-fe6b-4991-8531-b4f2586b802c,1626116600515,13.3867203,52.4718519,4.660913,0.5508089,-1.2408187,-0.5270004,in backpack,cyclo cross,False,paving stones,good
d4efb84d-c733-4167-91a0-ed76ed83f2c5,f79114ec-eeea-4e65-8d9d-a0b9e31fc35a,bd031210-895d-47d1-8756-86df0f18ffd1,1626116600565,13.3867203,52.4718519,4.660913,-0.82937765,-1.2955837,-1.1380486,in backpack,cyclo cross,False,paving stones,good
d4efb84d-c733-4167-91a0-ed76ed83f2c5,f79114ec-eeea-4e65-8d9d-a0b9e31fc35a,f76ccdc6-f12b-426c-a3e4-ca893970c5d1,1626116600616,13.3867203,52.4718519,4.660913,-0.6695595,-0.8234873,-0.92460394,in backpack,cyclo cross,False,paving stones,good
d4efb84d-c733-4167-91a0-ed76ed83f2c5,f79114ec-eeea-4e65-8d9d-a0b9e31fc35a,0dd61218-b931-447f-ad2e-585b75a1bc1b,1626116600666,13.3867203,52.4718519,4.660913,0.6880598,1.7832816,-1.106092,in backpack,cyclo cross,False,paving stones,good
d4efb84d-c733-4167-91a0-ed76ed83f2c5,f79114ec-eeea-4e65-8d9d-a0b9e31fc35a,af228bfb-7993-44e4-bb0a-285270d69a13,1626116600717,13.3867203,52.4718519,4.660913,-0.6458826,0.96053576,0.8806579,in backpack,cyclo cross,False,paving stones,good
d4efb84d-c733-4167-91a0-ed76ed83f2c5,f79114ec-eeea-4e65-8d9d-a0b9e31fc35a,631f183a-9b82-49c7-a3d2-c047f3bad424,1626116600768,13.3867203,52.4718519,4.660913,-1.0297952,1.0840831,0.46817708,in backpack,cyclo cross,False,paving stones,good
d4efb84d-c733-4167-91a0-ed76ed83f2c5,f79114ec-eeea-4e65-8d9d-a0b9e31fc35a,b0854a9b-6e77-4f80-90d3-5664631569b6,1626116600818,13.3867203,52.4718519,4.660913,-0.3773842,-0.16122508,0.64947,in backpack,cyclo cross,False,paving stones,good
d4efb84d-c733-4167-91a0-ed76ed83f2c5,f79114ec-eeea-4e65-8d9d-a0b9e31fc35a,504106ac-1d80-453d-b3d2-4a6fa42e0569,1626116600867,13.3867203,52.4718519,4.660913,-0.50522995,0.2558303,0.05616808,in backpack,cyclo cross,False,paving stones,good
d4efb84d-c733-4167-91a0-ed76ed83f2c5,f79114ec-eeea-4e65-8d9d-a0b9e31fc35a,53adf3f0-30a8-4ccd-8912-986e13e7c879,1626116600918,13.3867203,52.4718519,4.660913,1.5099325,0.22372341,0.14865208,in backpack,cyclo cross,False,paving stones,good
d4efb84d-c733-4167-91a0-ed76ed83f2c5,f79114ec-eeea-4e65-8d9d-a0b9e31fc35a,12ad626b-e5cd-40b4-b161-f3557d3870d6,1626116600969,13.3867203,52.4718519,4.660913,0.7793455,-0.10277176,0.060964346,in backpack,cyclo cross,False,paving stones,good
d4efb84d-c733-4167-91a0-ed76ed83f2c5,f79114ec-eeea-4e65-8d9d-a0b9e31fc35a,43a3465f-a908-468d-8f04-73e281c5d9d8,1626116601018,13.3867203,52.4718519,4.660913,-1.0647225,0.13434005,-0.40857005,in backpack,cyclo cross,False,paving stones,good
d4efb84d-c733-4167-91a0-ed76ed83f2c5,f79114ec-eeea-4e65-8d9d-a0b9e31fc35a,df02dccc-ce5c-4155-a723-7cfc21417a72,1626116601068,13.3868347,52.4718329,5.0400753,-0.4929099,-0.10727835,-0.8354707,in backpack,cyclo cross,False,paving stones,good
d4efb84d-c733-4167-91a0-ed76ed83f2c5,f79114ec-eeea-4e65-8d9d-a0b9e31fc35a,174dd87c-3e47-4ba2-ad40-1f1b1f38ca80,1626116601119,13.3868347,52.4718329,5.0400753,-0.2732334,0.1632309,-1.1470499,in backpack,cyclo cross,False,paving stones,good
d4efb84d-c733-4167-91a0-ed76ed83f2c5,f79114ec-eeea-4e65-8d9d-a0b9e31fc35a,fca576ac-ca76-4e3c-ae36-1f98229af72d,1626116601169,13.3868347,52.4718329,5.0400753,-0.85049105,-0.19953656,-0.13494039,in backpack,cyclo cross,False,paving stones,good
d4efb84d-c733-4167-91a0-ed76ed83f2c5,f79114ec-eeea-4e65-8d9d-a0b9e31fc35a,4ebefd77-5ab4-4032-a146-c59c14500f87,1626116601218,13.3868347,52.4718329,5.0400753,-0.0669775,0.14932537,0.28810024,in backpack,cyclo cross,False,paving stones,good
d4efb84d-c733-4167-91a0-ed76ed83f2c5,f79114ec-eeea-4e65-8d9d-a0b9e31fc35a,b2b06e93-3204-4f60-938a-ec3dc08c8333,1626116601270,13.3868347,52.4718329,5.0400753,1.1132402,0.105374575,-0.13874602,in backpack,cyclo cross,False,paving stones,good
d4efb84d-c733-4167-91a0-ed76ed83f2c5,f79114ec-eeea-4e65-8d9d-a0b9e31fc35a,9afd9ad7-9533-4295-a412-0a69e0e49f9c,1626116601320,13.3868347,52.4718329,5.0400753,0.13829422,-0.5450704,-0.33042502,in backpack,cyclo cross,False,paving stones,good
d4efb84d-c733-4167-91a0-ed76ed83f2c5,f79114ec-eeea-4e65-8d9d-a0b9e31fc35a,c4008d27-d04b-40a8-bfa2-d633be97eec9,1626116601369,13.3868347,52.4718329,5.0400753,-0.3788309,-0.603631,-0.4734509,in backpack,cyclo cross,False,paving stones,good
d4efb84d-c733-4167-91a0-ed76ed83f2c5,f79114ec-eeea-4e65-8d9d-a0b9e31fc35a,0a00e8a0-ee88-4b84-9510-ae996fe81456,1626116601420,13.3868347,52.4718329,5.0400753,0.24841022,-0.39180875,-1.1365073,in backpack,cyclo cross,False,paving stones,good
d4efb84d-c733-4167-91a0-ed76ed83f2c5,f79114ec-eeea-4e65-8d9d-a0b9e31fc35a,90a2b0eb-d2b8-4ab1-8bec-c7bbb5afa1cc,1626116601470,13.3868347,52.4718329,5.0400753,0.019132614,0.20603633,-1.2203662,in backpack,cyclo cross,False,paving stones,good
d4efb84d-c733-4167-91a0-ed76ed83f2c5,f79114ec-eeea-4e65-8d9d-a0b9e31fc35a,b9905f1c-9533-43df-8238-8d51588bd909,1626116601520,13.3868347,52.4718329,5.0400753,-0.72033596,0.2026043,-0.86792684,in backpack,cyclo cross,False,paving stones,good
d4efb84d-c733-4167-91a0-ed76ed83f2c5,f79114ec-eeea-4e65-8d9d-a0b9e31fc35a,d552e21a-d9c5-42aa-91a0-59e0ddb3ab36,1626116601570,13.3868347,52.4718329,5.0400753,-0.9090476,-0.55955744,-0.26200628,in backpack,cyclo cross,False,paving stones,good
d4efb84d-c733-4167-91a0-ed76ed83f2c5,f79114ec-eeea-4e65-8d9d-a0b9e31fc35a,8c13cb46-446e-4094-927a-8fefec342025,1626116601620,13.3868347,52.4718329,5.0400753,0.043584824,-0.6108241,-0.62038016,in backpack,cyclo cross,False,paving stones,good
d4efb84d-c733-4167-91a0-ed76ed83f2c5,f79114ec-eeea-4e65-8d9d-a0b9e31fc35a,cb5aab54-2c16-4c67-99fd-709ba95f0779,1626116601670,13.3868347,52.4718329,5.0400753,0.53587437,-0.46510148,-0.2939651,in backpack,cyclo cross,False,paving stones,good
d4efb84d-c733-4167-91a0-ed76ed83f2c5,f79114ec-eeea-4e65-8d9d-a0b9e31fc35a,ac26f725-1e80-4a1f-bd64-5274d25fea02,1626116601720,13.3868347,52.4718329,5.0400753,-0.49970913,-0.4528191,0.250458,in backpack,cyclo cross,False,paving stones,good
d4efb84d-c733-4167-91a0-ed76ed83f2c5,f79114ec-eeea-4e65-8d9d-a0b9e31fc35a,acef5375-10bf-4b0d-87e8-1fdca604017c,1626116601771,13.3868347,52.4718329,5.0400753,-0.58220243,0.35915184,0.39231753,in backpack,cyclo cross,False,paving stones,good
d4efb84d-c733-4167-91a0-ed76ed83f2c5,f79114ec-eeea-4e65-8d9d-a0b9e31fc35a,3a5dc24e-dd10-4682-bad8-cff11b33e669,1626116601822,13.3868347,52.4718329,5.0400753,0.7142849,0.8594208,0.021063566,in backpack,cyclo cross,False,paving stones,good
d4efb84d-c733-4167-91a0-ed76ed83f2c5,f79114ec-eeea-4e65-8d9d-a0b9e31fc35a,3a0bf36a-097e-4c17-8f41-9f0e1e523121,1626116601872,13.3868347,52.4718329,5.0400753,0.5668602,0.3276453,-0.6627991,in backpack,cyclo cross,False,paving stones,good
d4efb84d-c733-4167-91a0-ed76ed83f2c5,f79114ec-eeea-4e65-8d9d-a0b9e31fc35a,08a13e2f-fef1-49fe-a5a3-a7412845b2a5,1626116601922,13.3868347,52.4718329,5.0400753,-1.0924745,-0.14613843,-0.6478212,in backpack,cyclo cross,False,paving stones,good
d4efb84d-c733-4167-91a0-ed76ed83f2c5,f79114ec-eeea-4e65-8d9d-a0b9e31fc35a,cf3d45f7-64b0-4a48-955b-612ebb82cb9e,1626116601974,13.3868347,52.4718329,5.0400753,-0.5408263,-0.19865632,-0.24442005,in backpack,cyclo cross,False,paving stones,good
d4efb84d-c733-4167-91a0-ed76ed83f2c5,f79114ec-eeea-4e65-8d9d-a0b9e31fc35a,fbf30031-d9e7-4459-a756-74f8075aa6ca,1626116602024,13.3868347,52.4718329,5.0400753,-0.17763138,0.19036603,-0.2427473,in backpack,cyclo cross,False,paving stones,good
d4efb84d-c733-4167-91a0-ed76ed83f2c5,f79114ec-eeea-4e65-8d9d-a0b9e31fc35a,e920e438-5e66-42f8-8e80-94a43b1a8727,1626116602075,13.3869082,52.4718327,4.7695136,0.22060966,-0.253829,0.10375023,in backpack,cyclo cross,False,paving stones,good
d4efb84d-c733-4167-91a0-ed76ed83f2c5,f79114ec-eeea-4e65-8d9d-a0b9e31fc35a,63320b78-ba52-40aa-ae8b-e0cb2f8865e8,1626116602126,13.3869082,52.4718327,4.7695136,0.21515942,-0.46483326,-0.19024158,in backpack,cyclo cross,False,paving stones,good
d4efb84d-c733-4167-91a0-ed76ed83f2c5,f79114ec-eeea-4e65-8d9d-a0b9e31fc35a,41c22c45-0351-41af-be4c-1a91e20286e1,1626116602175,13.3869082,52.4718327,4.7695136,0.32493782,-0.6195612,-0.46778703,in backpack,cyclo cross,False,paving stones,good
d4efb84d-c733-4167-91a0-ed76ed83f2c5,f79114ec-eeea-4e65-8d9d-a0b9e31fc35a,8904a2af-9172-4111-8e7c-52f4554c9f64,1626116602225,13.3869082,52.4718327,4.7695136,0.15984917,-0.4768188,-0.9050281,in backpack,cyclo cross,False,paving stones,good
d4efb84d-c733-4167-91a0-ed76ed83f2c5,f79114ec-eeea-4e65-8d9d-a0b9e31fc35a,92917203-01d9-4005-bdd3-f82761049d7d,1626116602275,13.3869082,52.4718327,4.7695136,-0.8502836,0.5654073,-0.7067871,in backpack,cyclo cross,False,paving stones,good
d4efb84d-c733-4167-91a0-ed76ed83f2c5,f79114ec-eeea-4e65-8d9d-a0b9e31fc35a,4be3637e-3a54-47a0-a868-74513ca126f6,1626116602325,13.3869082,52.4718327,4.7695136,-1.4212656,0.82704544,-0.16878271,in backpack,cyclo cross,False,paving stones,good
d4efb84d-c733-4167-91a0-ed76ed83f2c5,f79114ec-eeea-4e65-8d9d-a0b9e31fc35a,43a22842-2935-408f-969d-99cd36260128,1626116602376,13.3869082,52.4718327,4.7695136,0.0048923492,1.2574165,-0.35265517,in backpack,cyclo cross,False,paving stones,good
d4efb84d-c733-4167-91a0-ed76ed83f2c5,f79114ec-eeea-4e65-8d9d-a0b9e31fc35a,54e1deca-f813-4d00-8c9c-aff7136544f2,1626116602427,13.3869082,52.4718327,4.7695136,0.93665886,0.9538233,-0.057507753,in backpack,cyclo cross,False,paving stones,good
d4efb84d-c733-4167-91a0-ed76ed83f2c5,f79114ec-eeea-4e65-8d9d-a0b9e31fc35a,96f387f8-7575-4987-9256-76088b9c4103,1626116602477,13.3869082,52.4718327,4.7695136,-0.8676448,0.13348508,0.25081658,in backpack,cyclo cross,False,paving stones,good
d4efb84d-c733-4167-91a0-ed76ed83f2c5,f79114ec-eeea-4e65-8d9d-a0b9e31fc35a,708f127c-e91b-4cba-899d-dc6cf9cb9f55,1626116602528,13.3869082,52.4718327,4.7695136,0.75045013,-0.3815322,0.33448052,in backpack,cyclo cross,False,paving stones,good
d4efb84d-c733-4167-91a0-ed76ed83f2c5,f79114ec-eeea-4e65-8d9d-a0b9e31fc35a,9001d0a5-8b7e-4105-be16-fb8e40e91ef5,1626116602577,13.3869082,52.4718327,4.7695136,-0.39409733,-0.41903162,0.17481565,in backpack,cyclo cross,False,paving stones,good
d4efb84d-c733-4167-91a0-ed76ed83f2c5,f79114ec-eeea-4e65-8d9d-a0b9e31fc35a,dad29db2-ed28-408a-ace0-3d3514e3c054,1626116602627,13.3869082,52.4718327,4.7695136,0.44331264,0.21409726,-0.7382879,in backpack,cyclo cross,False,paving stones,good
d4efb84d-c733-4167-91a0-ed76ed83f2c5,f79114ec-eeea-4e65-8d9d-a0b9e31fc35a,93c55df6-f770-4573-8444-ec6973928746,1626116602678,13.3869082,52.4718327,4.7695136,0.113295555,0.089552164,-1.028913,in backpack,cyclo cross,False,paving stones,good
d4efb84d-c733-4167-91a0-ed76ed83f2c5,f79114ec-eeea-4e65-8d9d-a0b9e31fc35a,2866357b-8248-4114-a346-782b4a419fe8,1626116602729,13.3869438,52.4718289,4.613596,-0.42624092,-0.048496485,-0.9583392,in backpack,cyclo cross,False,paving stones,good
d4efb84d-c733-4167-91a0-ed76ed83f2c5,f79114ec-eeea-4e65-8d9d-a0b9e31fc35a,68ce791d-2f95-442a-a67c-2d796cb14650,1626116602780,13.3869438,52.4718289,4.613596,-1.451644,-0.3719449,0.07128239,in backpack,cyclo cross,False,paving stones,good
d4efb84d-c733-4167-91a0-ed76ed83f2c5,f79114ec-eeea-4e65-8d9d-a0b9e31fc35a,d4ed16f4-d94c-43b0-9cab-e6db626f6b19,1626116602831,13.3869438,52.4718289,4.613596,-1.0278912,-0.35281205,0.37044382,in backpack,cyclo cross,False,paving stones,good
d4efb84d-c733-4167-91a0-ed76ed83f2c5,f79114ec-eeea-4e65-8d9d-a0b9e31fc35a,757185af-c699-4bd0-9380-a6d6b64c0d38,1626116602881,13.3869438,52.4718289,4.613596,1.657402,-0.09961152,-0.029138088,in backpack,cyclo cross,False,paving stones,good
d4efb84d-c733-4167-91a0-ed76ed83f2c5,f79114ec-eeea-4e65-8d9d-a0b9e31fc35a,cb72d779-c7ec-4f66-854e-fcd33f64b0e0,1626116602932,13.3869438,52.4718289,4.613596,0.8049784,-0.66394746,0.08728075,in backpack,cyclo cross,False,paving stones,good
d4efb84d-c733-4167-91a0-ed76ed83f2c5,f79114ec-eeea-4e65-8d9d-a0b9e31fc35a,68603e50-8457-451c-8a1d-05994a065857,1626116602982,13.3869438,52.4718289,4.613596,-0.16273403,-0.20278645,-0.031591177,in backpack,cyclo cross,False,paving stones,good
d4efb84d-c733-4167-91a0-ed76ed83f2c5,f79114ec-eeea-4e65-8d9d-a0b9e31fc35a,2e3cdf3e-a66e-41fb-b9db-4a6df6643dd7,1626116603032,13.3869438,52.4718289,4.613596,-0.10077572,0.5788348,-0.15455604,in backpack,cyclo cross,False,paving stones,good
d4efb84d-c733-4167-91a0-ed76ed83f2c5,f79114ec-eeea-4e65-8d9d-a0b9e31fc35a,1c3913bd-39a1-44ef-a1f7-eefd9309e507,1626116603083,13.3869438,52.4718289,4.613596,-0.7049351,0.30391955,-0.2957549,in backpack,cyclo cross,False,paving stones,good
d4efb84d-c733-4167-91a0-ed76ed83f2c5,f79114ec-eeea-4e65-8d9d-a0b9e31fc35a,efceb784-9e11-4741-abb7-52561c574e4e,1626116603134,13.3869438,52.4718289,4.613596,-0.20957088,0.4406445,-0.6366377,in backpack,cyclo cross,False,paving stones,good
d4efb84d-c733-4167-91a0-ed76ed83f2c5,f79114ec-eeea-4e65-8d9d-a0b9e31fc35a,9ebe6d8c-102a-466c-87f8-d1163dbf1931,1626116603185,13.3869438,52.4718289,4.613596,0.4393034,-0.9493855,0.10550761,in backpack,cyclo cross,False,paving stones,good
d4efb84d-c733-4167-91a0-ed76ed83f2c5,f79114ec-eeea-4e65-8d9d-a0b9e31fc35a,e32a0063-abf2-40bd-bc58-1cc373a509a9,1626116603235,13.3869438,52.4718289,4.613596,0.14179611,-0.1269995,0.12843585,in backpack,cyclo cross,False,paving stones,good
d4efb84d-c733-4167-91a0-ed76ed83f2c5,f79114ec-eeea-4e65-8d9d-a0b9e31fc35a,1181b255-51ae-44cd-b2af-90a6bbdcd0fd,1626116603285,13.3869438,52.4718289,4.613596,1.472125,0.42345083,0.8029175,in backpack,cyclo cross,False,paving stones,good
d4efb84d-c733-4167-91a0-ed76ed83f2c5,f79114ec-eeea-4e65-8d9d-a0b9e31fc35a,094a1f70-abd5-4b08-85af-59cdf7d0570a,1626116603335,13.3869438,52.4718289,4.613596,1.9001541,1.244864,1.676204,in backpack,cyclo cross,False,paving stones,good
d4efb84d-c733-4167-91a0-ed76ed83f2c5,f79114ec-eeea-4e65-8d9d-a0b9e31fc35a,b03fc6ef-caed-4ee2-b1cd-7497a289b946,1626116603386,13.3869438,52.4718289,4.613596,0.7351723,1.8882825,1.5179785,in backpack,cyclo cross,False,paving stones,good
d4efb84d-c733-4167-91a0-ed76ed83f2c5,f79114ec-eeea-4e65-8d9d-a0b9e31fc35a,7b2ed57f-be4b-4495-8f70-fe2a12d325f4,1626116603435,13.3869438,52.4718289,4.613596,-0.68791485,1.8835654,0.80386496,in backpack,cyclo cross,False,paving stones,good
d4efb84d-c733-4167-91a0-ed76ed83f2c5,f79114ec-eeea-4e65-8d9d-a0b9e31fc35a,7568c267-950c-4a7d-a0d2-6ab616c1141d,1626116603485,13.3869438,52.4718289,4.613596,-0.7378917,2.0496855,-0.18268943,in backpack,cyclo cross,False,paving stones,good
d4efb84d-c733-4167-91a0-ed76ed83f2c5,f79114ec-eeea-4e65-8d9d-a0b9e31fc35a,b092c3ca-67a9-4e48-9d00-77e98c20a666,1626116603535,13.3869438,52.4718289,4.613596,-1.261684,0.81373525,0.7618394,in backpack,cyclo cross,False,paving stones,good
d4efb84d-c733-4167-91a0-ed76ed83f2c5,f79114ec-eeea-4e65-8d9d-a0b9e31fc35a,393f7ec2-ee47-43dc-bcc9-937bf9d25c1a,1626116603586,13.3869438,52.4718289,4.613596,-0.9562464,0.68058157,0.1667366,in backpack,cyclo cross,False,paving stones,good
d4efb84d-c733-4167-91a0-ed76ed83f2c5,f79114ec-eeea-4e65-8d9d-a0b9e31fc35a,41f5e6bb-8197-472c-a8e6-52ff9fbfb4cd,1626116603636,13.3869438,52.4718289,4.613596,0.82096195,-0.5618701,0.23379302,in backpack,cyclo cross,False,paving stones,good
d4efb84d-c733-4167-91a0-ed76ed83f2c5,f79114ec-eeea-4e65-8d9d-a0b9e31fc35a,1b5d4af1-e16e-441d-8920-f78a8dbbfd2d,1626116603687,13.386996,52.471819,4.872008,1.5215025,-1.207953,0.19305038,in backpack,cyclo cross,False,paving stones,good
d4efb84d-c733-4167-91a0-ed76ed83f2c5,f79114ec-eeea-4e65-8d9d-a0b9e31fc35a,d1bf78ed-f8b0-4ed4-a7aa-a91f3441ebea,1626116603737,13.386996,52.471819,4.872008,-0.7829709,-0.6273525,0.08732653,in backpack,cyclo cross,False,paving stones,good
d4efb84d-c733-4167-91a0-ed76ed83f2c5,f79114ec-eeea-4e65-8d9d-a0b9e31fc35a,b310870c-d48d-4ea6-a19e-61536c016e4f,1626116603787,13.386996,52.471819,4.872008,-1.7055478,1.6157632,-1.314251,in backpack,cyclo cross,False,paving stones,good
d4efb84d-c733-4167-91a0-ed76ed83f2c5,f79114ec-eeea-4e65-8d9d-a0b9e31fc35a,b73e2cd1-dd16-4d6e-89c9-827ec28a15a9,1626116603837,13.386996,52.471819,4.872008,2.1906824,1.3925443,-0.4083655,in backpack,cyclo cross,False,paving stones,good
d4efb84d-c733-4167-91a0-ed76ed83f2c5,f79114ec-eeea-4e65-8d9d-a0b9e31fc35a,8cd62709-8fba-4090-806a-9a14a9046216,1626116603888,13.386996,52.471819,4.872008,-1.4360414,0.71999073,-0.16888905,in backpack,cyclo cross,False,paving stones,good
d4efb84d-c733-4167-91a0-ed76ed83f2c5,f79114ec-eeea-4e65-8d9d-a0b9e31fc35a,2d4a3096-e9d8-49ed-ab3a-7401957d477f,1626116603938,13.386996,52.471819,4.872008,-2.877984,-1.2011569,0.8492782,in backpack,cyclo cross,False,paving stones,good
d4efb84d-c733-4167-91a0-ed76ed83f2c5,f79114ec-eeea-4e65-8d9d-a0b9e31fc35a,663c65e4-19f7-4ea9-a4d4-25c9047075f5,1626116603988,13.386996,52.471819,4.872008,-2.6765127,0.99236155,-0.6337466,in backpack,cyclo cross,False,paving stones,good
d4efb84d-c733-4167-91a0-ed76ed83f2c5,f79114ec-eeea-4e65-8d9d-a0b9e31fc35a,cbf1315a-843f-4efe-b5fb-0023385adf19,1626116604041,13.386996,52.471819,4.872008,2.8948507,0.19145179,0.5343307,in backpack,cyclo cross,False,paving stones,good
d4efb84d-c733-4167-91a0-ed76ed83f2c5,f79114ec-eeea-4e65-8d9d-a0b9e31fc35a,4b28a858-464e-4aad-b2ea-ad713470f904,1626116604090,13.386996,52.471819,4.872008,1.67486,-0.19927311,-0.18159723,in backpack,cyclo cross,False,paving stones,good
d4efb84d-c733-4167-91a0-ed76ed83f2c5,f79114ec-eeea-4e65-8d9d-a0b9e31fc35a,ff9e37bb-2c0f-4112-a472-975aef3e7b7d,1626116604141,13.386996,52.471819,4.872008,-0.541296,-1.0118041,0.39889526,in backpack,cyclo cross,False,paving stones,good
d4efb84d-c733-4167-91a0-ed76ed83f2c5,f79114ec-eeea-4e65-8d9d-a0b9e31fc35a,df4340d0-043b-44ed-b976-bc72416ec1f0,1626116604191,13.386996,52.471819,4.872008,0.4392538,-0.5213406,-0.027785301,in backpack,cyclo cross,False,paving stones,good
d4efb84d-c733-4167-91a0-ed76ed83f2c5,f79114ec-eeea-4e65-8d9d-a0b9e31fc35a,5f9714cc-28b1-4e62-bdba-35e8fe910482,1626116604242,13.386996,52.471819,4.872008,2.2273493,-0.01560235,-2.2383592,in backpack,cyclo cross,False,paving stones,good
d4efb84d-c733-4167-91a0-ed76ed83f2c5,f79114ec-eeea-4e65-8d9d-a0b9e31fc35a,5ebc5f59-e7f8-4520-afdc-453c5c03861a,1626116604292,13.386996,52.471819,4.872008,-1.6991115,-1.1070225,-1.8401484,in backpack,cyclo cross,False,paving stones,good
d4efb84d-c733-4167-91a0-ed76ed83f2c5,f79114ec-eeea-4e65-8d9d-a0b9e31fc35a,7eb34c41-67d9-4113-a21d-be3f190bb4a7,1626116604342,13.386996,52.471819,4.872008,-2.0955815,-1.606959,-0.7009094,in backpack,cyclo cross,False,paving stones,good
d4efb84d-c733-4167-91a0-ed76ed83f2c5,f79114ec-eeea-4e65-8d9d-a0b9e31fc35a,8a51ed5f-20e7-4093-9942-9a6035cf0c3f,1626116604393,13.386996,52.471819,4.872008,0.11742592,-0.67912817,-1.0199871,in backpack,cyclo cross,False,paving stones,good
d4efb84d-c733-4167-91a0-ed76ed83f2c5,f79114ec-eeea-4e65-8d9d-a0b9e31fc35a,7c6f62e1-84ab-4025-9363-133a5f240d9a,1626116604444,13.386996,52.471819,4.872008,0.91553116,-0.60216284,-0.2748437,in backpack,cyclo cross,False,paving stones,good
d4efb84d-c733-4167-91a0-ed76ed83f2c5,f79114ec-eeea-4e65-8d9d-a0b9e31fc35a,f5df7ef9-8a41-4ae1-b1a6-0fad00d07b82,1626116604493,13.386996,52.471819,4.872008,0.6548157,-0.04400897,-0.0064661503,in backpack,cyclo cross,False,paving stones,good
d4efb84d-c733-4167-91a0-ed76ed83f2c5,f79114ec-eeea-4e65-8d9d-a0b9e31fc35a,968668fb-0fd7-4e5e-97f0-f6342c5edf27,1626116604544,13.386996,52.471819,4.872008,0.4602127,-0.040911913,-0.11936283,in backpack,cyclo cross,False,paving stones,good
d4efb84d-c733-4167-91a0-ed76ed83f2c5,f79114ec-eeea-4e65-8d9d-a0b9e31fc35a,b1de335f-3c37-42ae-8ada-814862e61609,1626116604594,13.386996,52.471819,4.872008,-0.3856039,0.12916088,-0.66280985,in backpack,cyclo cross,False,paving stones,good
d4efb84d-c733-4167-91a0-ed76ed83f2c5,f79114ec-eeea-4e65-8d9d-a0b9e31fc35a,3ed0a40f-1555-4dcf-b2c4-5238317d19e7,1626116604644,13.386996,52.471819,4.872008,-0.47207737,-0.27892637,-0.58657885,in backpack,cyclo cross,False,paving stones,good
d4efb84d-c733-4167-91a0-ed76ed83f2c5,f79114ec-eeea-4e65-8d9d-a0b9e31fc35a,deecd0b7-5600-4fe9-b84f-ffe4c4643f40,1626116604694,13.386996,52.471819,4.872008,-1.3461022,-0.7061596,-0.3798957,in backpack,cyclo cross,False,paving stones,good
d4efb84d-c733-4167-91a0-ed76ed83f2c5,f79114ec-eeea-4e65-8d9d-a0b9e31fc35a,de777d45-08bb-45b9-94a1-fe268a047125,1626116604744,13.386996,52.471819,4.872008,-0.24820614,-0.08774853,-0.5084472,in backpack,cyclo cross,False,paving stones,good
d4efb84d-c733-4167-91a0-ed76ed83f2c5,f79114ec-eeea-4e65-8d9d-a0b9e31fc35a,a8b7082e-78d4-43cf-9c3d-dd68fe540a91,1626116604795,13.386996,52.471819,4.872008,1.6160345,0.18580532,-0.16333795,in backpack,cyclo cross,False,paving stones,good
d4efb84d-c733-4167-91a0-ed76ed83f2c5,f79114ec-eeea-4e65-8d9d-a0b9e31fc35a,682cce82-1d12-49cf-a5cc-b3e61e949c61,1626116604845,13.386996,52.471819,4.872008,0.7559738,-0.7068281,0.17313623,in backpack,cyclo cross,False,paving stones,good
d4efb84d-c733-4167-91a0-ed76ed83f2c5,f79114ec-eeea-4e65-8d9d-a0b9e31fc35a,01c9bd5a-3b2f-4682-b257-a80ee140914c,1626116604894,13.386996,52.471819,4.872008,-0.7774234,-0.93557906,0.49194932,in backpack,cyclo cross,False,paving stones,good
d4efb84d-c733-4167-91a0-ed76ed83f2c5,f79114ec-eeea-4e65-8d9d-a0b9e31fc35a,46821bbc-5d1c-40a2-ac58-28af9d4b263d,1626116604945,13.386996,52.471819,4.872008,-0.9966335,-0.28016758,-0.2733388,in backpack,cyclo cross,False,paving stones,good
d4efb84d-c733-4167-91a0-ed76ed83f2c5,f79114ec-eeea-4e65-8d9d-a0b9e31fc35a,5d18a9f2-dced-412c-933b-903cc0767691,1626116604995,13.386996,52.471819,4.872008,1.5691366,-0.008225918,-1.8354602,in backpack,cyclo cross,False,paving stones,good
d4efb84d-c733-4167-91a0-ed76ed83f2c5,f79114ec-eeea-4e65-8d9d-a0b9e31fc35a,54f757cd-24f7-40e8-93c8-c4448d85d3d6,1626116605047,13.386996,52.471819,4.872008,-0.20615196,-0.68181,-0.95396996,in backpack,cyclo cross,False,paving stones,good
d4efb84d-c733-4167-91a0-ed76ed83f2c5,f79114ec-eeea-4e65-8d9d-a0b9e31fc35a,bdafbf1c-fbef-4e05-b261-8de965fd51fb,1626116605098,13.3871362,52.4718282,5.120057,-1.1209664,-0.9961946,-0.09294152,in backpack,cyclo cross,False,paving stones,good
d4efb84d-c733-4167-91a0-ed76ed83f2c5,f79114ec-eeea-4e65-8d9d-a0b9e31fc35a,2a54d639-5921-4497-a53f-f5b032eaa802,1626116605147,13.3871362,52.4718282,5.120057,-1.4258084,0.1595838,-0.10737252,in backpack,cyclo cross,False,paving stones,good
d4efb84d-c733-4167-91a0-ed76ed83f2c5,f79114ec-eeea-4e65-8d9d-a0b9e31fc35a,4db6a983-c46d-4b70-8ae3-df4ecb9e041f,1626116605198,13.3871362,52.4718282,5.120057,0.6630373,1.0709662,0.24028134,in backpack,cyclo cross,False,paving stones,good
d4efb84d-c733-4167-91a0-ed76ed83f2c5,f79114ec-eeea-4e65-8d9d-a0b9e31fc35a,940ed8dc-5a11-4dc4-a175-b4ad6a1e2fcc,1626116605247,13.3871362,52.4718282,5.120057,0.8501072,0.27741075,0.25988865,in backpack,cyclo cross,False,paving stones,good
d4efb84d-c733-4167-91a0-ed76ed83f2c5,f79114ec-eeea-4e65-8d9d-a0b9e31fc35a,f3882fc0-d2b8-413f-a2de-aa869a9ca63a,1626116605297,13.3871362,52.4718282,5.120057,-0.18897247,-0.7007978,-0.29016542,in backpack,cyclo cross,False,paving stones,good
d4efb84d-c733-4167-91a0-ed76ed83f2c5,f79114ec-eeea-4e65-8d9d-a0b9e31fc35a,00cfa9c8-c7b1-4d6b-8189-5f8f0c6cdaa7,1626116605348,13.3871362,52.4718282,5.120057,0.24928093,-0.6272528,-0.88946176,in backpack,cyclo cross,False,paving stones,good
d4efb84d-c733-4167-91a0-ed76ed83f2c5,f79114ec-eeea-4e65-8d9d-a0b9e31fc35a,3eb23b39-6e1f-41ef-9f6b-97baffe3872e,1626116605398,13.3871362,52.4718282,5.120057,-0.20752335,0.14804792,-0.9194968,in backpack,cyclo cross,False,paving stones,good
d4efb84d-c733-4167-91a0-ed76ed83f2c5,f79114ec-eeea-4e65-8d9d-a0b9e31fc35a,7254e0f3-1d0a-458b-b8e7-f0d9437a3eb6,1626116605448,13.3871362,52.4718282,5.120057,-2.03367,-0.36888814,-0.42047858,in backpack,cyclo cross,False,paving stones,good
d4efb84d-c733-4167-91a0-ed76ed83f2c5,f79114ec-eeea-4e65-8d9d-a0b9e31fc35a,9937da98-9773-4621-9075-b3a77eef4296,1626116605498,13.3871362,52.4718282,5.120057,0.25579357,0.18645024,-0.26650047,in backpack,cyclo cross,False,paving stones,good
d4efb84d-c733-4167-91a0-ed76ed83f2c5,f79114ec-eeea-4e65-8d9d-a0b9e31fc35a,21587500-f03d-4dab-8d99-dc2d9b43f377,1626116605549,13.3871362,52.4718282,5.120057,0.44721317,-0.066256285,-0.1616478,in backpack,cyclo cross,False,paving stones,good
d4efb84d-c733-4167-91a0-ed76ed83f2c5,f79114ec-eeea-4e65-8d9d-a0b9e31fc35a,c25399cf-1ab5-4992-899c-db35513b62f4,1626116605599,13.3871362,52.4718282,5.120057,0.26856804,-0.7008374,0.2245152,in backpack,cyclo cross,False,paving stones,good
d4efb84d-c733-4167-91a0-ed76ed83f2c5,f79114ec-eeea-4e65-8d9d-a0b9e31fc35a,c8a819b0-8691-4d38-bb4c-af8246718b8c,1626116605649,13.3871362,52.4718282,5.120057,0.052661896,-0.46324039,0.22154069,in backpack,cyclo cross,False,paving stones,good
d4efb84d-c733-4167-91a0-ed76ed83f2c5,f79114ec-eeea-4e65-8d9d-a0b9e31fc35a,824a0bc8-c13f-4b17-8de4-3255e650c027,1626116605699,13.3871362,52.4718282,5.120057,0.26819324,0.105546474,-0.0409019,in backpack,cyclo cross,False,paving stones,good
d4efb84d-c733-4167-91a0-ed76ed83f2c5,f79114ec-eeea-4e65-8d9d-a0b9e31fc35a,bc6b4734-64c1-405a-b19e-e0962829f466,1626116605749,13.3871362,52.4718282,5.120057,0.554286,-0.20432258,-0.55577374,in backpack,cyclo cross,False,paving stones,good
d4efb84d-c733-4167-91a0-ed76ed83f2c5,f79114ec-eeea-4e65-8d9d-a0b9e31fc35a,b8fbe011-28be-4ca2-97dc-8103176c81ad,1626116605800,13.3871362,52.4718282,5.120057,-0.50392437,-0.13471532,-0.5801554,in backpack,cyclo cross,False,paving stones,good
d4efb84d-c733-4167-91a0-ed76ed83f2c5,f79114ec-eeea-4e65-8d9d-a0b9e31fc35a,c4b09aaf-d39a-4b6b-900a-882710e39b2c,1626116605851,13.3871362,52.4718282,5.120057,-1.1647763,-0.095425606,-0.51254964,in backpack,cyclo cross,False,paving stones,good
d4efb84d-c733-4167-91a0-ed76ed83f2c5,f79114ec-eeea-4e65-8d9d-a0b9e31fc35a,3d714d15-5e2c-4814-af6a-ca4d28ea96ad,1626116605900,13.3871362,52.4718282,5.120057,-0.25466824,-0.123194456,-0.17611194,in backpack,cyclo cross,False,paving stones,good
d4efb84d-c733-4167-91a0-ed76ed83f2c5,f79114ec-eeea-4e65-8d9d-a0b9e31fc35a,b2d21a3a-9b0b-49d0-95f7-41bbfa000e3c,1626116605950,13.3871362,52.4718282,5.120057,0.78995514,0.0030500889,0.048943758,in backpack,cyclo cross,False,paving stones,good
d4efb84d-c733-4167-91a0-ed76ed83f2c5,f79114ec-eeea-4e65-8d9d-a0b9e31fc35a,35dfbf10-8f56-45b0-a4a2-f0c5b9346498,1626116606000,13.3871362,52.4718282,5.120057,-0.44416046,-0.53002596,-0.17432761,in backpack,cyclo cross,False,paving stones,good
d4efb84d-c733-4167-91a0-ed76ed83f2c5,f79114ec-eeea-4e65-8d9d-a0b9e31fc35a,2b6a6397-a957-44ef-9e6b-654649b9cb61,1626116606050,13.3871362,52.4718282,5.120057,0.55389404,-0.54033375,0.3817606,in backpack,cyclo cross,False,paving stones,good
d4efb84d-c733-4167-91a0-ed76ed83f2c5,f79114ec-eeea-4e65-8d9d-a0b9e31fc35a,e39b80d5-c6ed-49a5-a128-f7a23b929fc5,1626116606100,13.3872181,52.4718223,5.279092,1.0320988,-0.020888567,-0.9015713,in backpack,cyclo cross,False,paving stones,good
d4efb84d-c733-4167-91a0-ed76ed83f2c5,f79114ec-eeea-4e65-8d9d-a0b9e31fc35a,ec5e63a5-1997-441e-b816-c78f1c20e079,1626116606151,13.3872181,52.4718223,5.279092,-0.2453947,-0.69250345,-0.9887767,in backpack,cyclo cross,False,paving stones,good
d4efb84d-c733-4167-91a0-ed76ed83f2c5,f79114ec-eeea-4e65-8d9d-a0b9e31fc35a,cfbe7dd2-dfbb-4777-b924-0738349c77fc,1626116606202,13.3872181,52.4718223,5.279092,-0.87521267,0.27008247,-1.0205712,in backpack,cyclo cross,False,paving stones,good
d4efb84d-c733-4167-91a0-ed76ed83f2c5,f79114ec-eeea-4e65-8d9d-a0b9e31fc35a,87692549-1f2e-4161-85c5-da18cb9a4eb0,1626116606252,13.3872181,52.4718223,5.279092,-0.7226844,-0.73973775,0.06633687,in backpack,cyclo cross,False,paving stones,good
d4efb84d-c733-4167-91a0-ed76ed83f2c5,f79114ec-eeea-4e65-8d9d-a0b9e31fc35a,9f020918-698d-4b39-979e-1a518cd9a18e,1626116606303,13.3872181,52.4718223,5.279092,-0.64389515,-0.067065954,-0.034706116,in backpack,cyclo cross,False,paving stones,good
d4efb84d-c733-4167-91a0-ed76ed83f2c5,f79114ec-eeea-4e65-8d9d-a0b9e31fc35a,1b226282-4a4d-4374-b3a3-68d742329463,1626116606353,13.3872181,52.4718223,5.279092,-0.03692913,0.22836637,0.14824724,in backpack,cyclo cross,False,paving stones,good
d4efb84d-c733-4167-91a0-ed76ed83f2c5,f79114ec-eeea-4e65-8d9d-a0b9e31fc35a,f127fc3b-ec2d-4220-ab17-73462daca9e2,1626116606403,13.3872181,52.4718223,5.279092,1.5555763,0.10354328,0.3765602,in backpack,cyclo cross,False,paving stones,good
d4efb84d-c733-4167-91a0-ed76ed83f2c5,f79114ec-eeea-4e65-8d9d-a0b9e31fc35a,8a6eae9b-1025-44a2-9924-86042540757b,1626116606454,13.3872181,52.4718223,5.279092,0.43239498,-0.3614049,0.9907448,in backpack,cyclo cross,False,paving stones,good
d4efb84d-c733-4167-91a0-ed76ed83f2c5,f79114ec-eeea-4e65-8d9d-a0b9e31fc35a,9afd0974-e1a1-44b6-9fdf-cb7b6d4f8d1a,1626116606504,13.3872181,52.4718223,5.279092,-1.308641,-0.5172787,0.20399046,in backpack,cyclo cross,False,paving stones,good
d4efb84d-c733-4167-91a0-ed76ed83f2c5,f79114ec-eeea-4e65-8d9d-a0b9e31fc35a,671a53e6-3970-4715-b06d-46a924d7d7ec,1626116606554,13.3872181,52.4718223,5.279092,0.048337936,-0.42470407,-1.2351317,in backpack,cyclo cross,False,paving stones,good
d4efb84d-c733-4167-91a0-ed76ed83f2c5,f79114ec-eeea-4e65-8d9d-a0b9e31fc35a,d099dc67-5f2f-46fc-80bf-f4b7a57ab8fa,1626116606604,13.3872181,52.4718223,5.279092,2.3788786,-0.54122233,-2.1258855,in backpack,cyclo cross,False,paving stones,good
d4efb84d-c733-4167-91a0-ed76ed83f2c5,f79114ec-eeea-4e65-8d9d-a0b9e31fc35a,1aa59118-7064-4ac3-83f0-34cc559b6b00,1626116606654,13.3872181,52.4718223,5.279092,-0.9314003,-0.8519267,-0.2936399,in backpack,cyclo cross,False,paving stones,good
d4efb84d-c733-4167-91a0-ed76ed83f2c5,f79114ec-eeea-4e65-8d9d-a0b9e31fc35a,e014418d-90c3-4d20-8d72-acd2af7fc20d,1626116606705,13.3872181,52.4718223,5.279092,-3.5281615,-0.34291553,0.6763067,in backpack,cyclo cross,False,paving stones,good
d4efb84d-c733-4167-91a0-ed76ed83f2c5,f79114ec-eeea-4e65-8d9d-a0b9e31fc35a,542b75b8-3705-4625-bfb1-9c966d7eef57,1626116606755,13.3872181,52.4718223,5.279092,-1.865993,0.4089322,1.105188,in backpack,cyclo cross,False,paving stones,good
d4efb84d-c733-4167-91a0-ed76ed83f2c5,f79114ec-eeea-4e65-8d9d-a0b9e31fc35a,ad8ea2c3-8d04-4388-a485-eeb985171b7c,1626116606805,13.3872181,52.4718223,5.279092,1.9823217,1.3536496,0.046635866,in backpack,cyclo cross,False,paving stones,good
d4efb84d-c733-4167-91a0-ed76ed83f2c5,f79114ec-eeea-4e65-8d9d-a0b9e31fc35a,3bb79071-ce86-4f20-a372-fbf6f7c212fb,1626116606855,13.3872181,52.4718223,5.279092,0.5060425,-0.7022593,0.017984629,in backpack,cyclo cross,False,paving stones,good
d4efb84d-c733-4167-91a0-ed76ed83f2c5,f79114ec-eeea-4e65-8d9d-a0b9e31fc35a,79af23bf-bf57-45fa-aedb-878f84a7b940,1626116606905,13.3872181,52.4718223,5.279092,-1.6470199,-1.9343243,-0.40786433,in backpack,cyclo cross,False,paving stones,good
d4efb84d-c733-4167-91a0-ed76ed83f2c5,f79114ec-eeea-4e65-8d9d-a0b9e31fc35a,58d6c8d7-6ed6-4b86-89b4-2ae07afa3a38,1626116606955,13.3872181,52.4718223,5.279092,0.3556471,0.6529124,-1.796691,in backpack,cyclo cross,False,paving stones,good
d4efb84d-c733-4167-91a0-ed76ed83f2c5,f79114ec-eeea-4e65-8d9d-a0b9e31fc35a,ba4c6dc2-cd5a-43bb-a656-35d8e3e61323,1626116607006,13.3872181,52.4718223,5.279092,4.1460667,0.974926,-0.51486826,in backpack,cyclo cross,False,paving stones,good
d4efb84d-c733-4167-91a0-ed76ed83f2c5,f79114ec-eeea-4e65-8d9d-a0b9e31fc35a,8e9c9ce0-76a5-44c6-9192-361fb8a94642,1626116607057,13.3872989,52.4718213,5.140503,-0.7610135,-0.31477928,0.30643916,in backpack,cyclo cross,False,paving stones,good
d4efb84d-c733-4167-91a0-ed76ed83f2c5,f79114ec-eeea-4e65-8d9d-a0b9e31fc35a,d64205ab-162b-4621-bb9d-0812f6a588b9,1626116607108,13.3872989,52.4718213,5.140503,-2.3644495,-0.5015826,-0.087852955,in backpack,cyclo cross,False,paving stones,good
d4efb84d-c733-4167-91a0-ed76ed83f2c5,f79114ec-eeea-4e65-8d9d-a0b9e31fc35a,cd4eb0f4-0b41-4e85-892a-ae5b104a51fa,1626116607158,13.3872989,52.4718213,5.140503,-1.3309932,-0.57480884,0.018146038,in backpack,cyclo cross,False,paving stones,good
d4efb84d-c733-4167-91a0-ed76ed83f2c5,f79114ec-eeea-4e65-8d9d-a0b9e31fc35a,1e29f1f7-1526-4992-9d3f-8754da2719d3,1626116607208,13.3872989,52.4718213,5.140503,1.8955803,0.2963519,0.077988386,in backpack,cyclo cross,False,paving stones,good
d4efb84d-c733-4167-91a0-ed76ed83f2c5,f79114ec-eeea-4e65-8d9d-a0b9e31fc35a,db0f7eea-561f-446c-b735-968b334ecb9a,1626116607259,13.3872989,52.4718213,5.140503,0.676445,0.5522709,0.36424184,in backpack,cyclo cross,False,paving stones,good
d4efb84d-c733-4167-91a0-ed76ed83f2c5,f79114ec-eeea-4e65-8d9d-a0b9e31fc35a,e7c3e1bd-2aa0-41dd-a640-2e2b5597291d,1626116607309,13.3872989,52.4718213,5.140503,0.53588676,-0.16922474,0.5619025,in backpack,cyclo cross,False,paving stones,good
d4efb84d-c733-4167-91a0-ed76ed83f2c5,f79114ec-eeea-4e65-8d9d-a0b9e31fc35a,e5cd5b45-6af2-4c0b-8153-afea2b08089b,1626116607359,13.3872989,52.4718213,5.140503,-0.9159317,-0.3008144,-0.103065014,in backpack,cyclo cross,False,paving stones,good
d4efb84d-c733-4167-91a0-ed76ed83f2c5,f79114ec-eeea-4e65-8d9d-a0b9e31fc35a,07b66a50-36f2-49cc-af63-851da52e933b,1626116607409,13.3872989,52.4718213,5.140503,-1.1523662,-0.21241689,-0.7250948,in backpack,cyclo cross,False,paving stones,good
d4efb84d-c733-4167-91a0-ed76ed83f2c5,f79114ec-eeea-4e65-8d9d-a0b9e31fc35a,d72dc44b-9de2-4188-bbb7-fab38bb732ad,1626116607459,13.3872989,52.4718213,5.140503,0.19626617,0.868561,-0.9249704,in backpack,cyclo cross,False,paving stones,good
d4efb84d-c733-4167-91a0-ed76ed83f2c5,f79114ec-eeea-4e65-8d9d-a0b9e31fc35a,13e265f6-9041-48a7-b3c3-694b4794eaa9,1626116607509,13.3872989,52.4718213,5.140503,0.77526665,0.5490141,0.16991925,in backpack,cyclo cross,False,paving stones,good
d4efb84d-c733-4167-91a0-ed76ed83f2c5,f79114ec-eeea-4e65-8d9d-a0b9e31fc35a,04b565b2-618d-4eb8-8a4c-099b14f50011,1626116607559,13.3872989,52.4718213,5.140503,-1.5099702,-0.010353565,0.7228174,in backpack,cyclo cross,False,paving stones,good
d4efb84d-c733-4167-91a0-ed76ed83f2c5,f79114ec-eeea-4e65-8d9d-a0b9e31fc35a,39802a9b-caf0-456e-9d82-cef29540b825,1626116607609,13.3872989,52.4718213,5.140503,0.016086578,-0.26337457,0.11056352,in backpack,cyclo cross,False,paving stones,good
d4efb84d-c733-4167-91a0-ed76ed83f2c5,f79114ec-eeea-4e65-8d9d-a0b9e31fc35a,5d21b6bc-8355-48ab-afc4-7f47c61e54e6,1626116607659,13.3872989,52.4718213,5.140503,1.4538937,-0.64892817,-0.2294743,in backpack,cyclo cross,False,paving stones,good
d4efb84d-c733-4167-91a0-ed76ed83f2c5,f79114ec-eeea-4e65-8d9d-a0b9e31fc35a,a2218812-29d3-4e9a-b586-89a918d28b47,1626116607709,13.3872989,52.4718213,5.140503,-0.069934845,-0.55491686,-0.1792326,in backpack,cyclo cross,False,paving stones,good
d4efb84d-c733-4167-91a0-ed76ed83f2c5,f79114ec-eeea-4e65-8d9d-a0b9e31fc35a,0e47ee42-6283-4046-b34a-ad61654b8a86,1626116607759,13.3872989,52.4718213,5.140503,-0.029756546,-0.12895131,-0.028823853,in backpack,cyclo cross,False,paving stones,good
d4efb84d-c733-4167-91a0-ed76ed83f2c5,f79114ec-eeea-4e65-8d9d-a0b9e31fc35a,54f6967e-872c-4520-b4e2-0e4dac8a65dc,1626116607810,13.3872989,52.4718213,5.140503,1.1438608,-0.25465846,-0.5747826,in backpack,cyclo cross,False,paving stones,good
d4efb84d-c733-4167-91a0-ed76ed83f2c5,f79114ec-eeea-4e65-8d9d-a0b9e31fc35a,90226b05-f4e1-4338-ae4e-d5cae42b14b7,1626116607860,13.3872989,52.4718213,5.140503,-0.9865856,-0.26001143,-0.936497,in backpack,cyclo cross,False,paving stones,good
d4efb84d-c733-4167-91a0-ed76ed83f2c5,f79114ec-eeea-4e65-8d9d-a0b9e31fc35a,81723ab3-4719-4686-85e8-c1ff9d6eedfc,1626116607910,13.3872989,52.4718213,5.140503,-1.5667219,-0.29184103,-0.75736594,in backpack,cyclo cross,False,paving stones,good
d4efb84d-c733-4167-91a0-ed76ed83f2c5,f79114ec-eeea-4e65-8d9d-a0b9e31fc35a,d747152c-83fe-4016-84da-5baea07fd7a8,1626116607960,13.3872989,52.4718213,5.140503,0.45965862,-0.27927876,-0.048190832,in backpack,cyclo cross,False,paving stones,good
d4efb84d-c733-4167-91a0-ed76ed83f2c5,f79114ec-eeea-4e65-8d9d-a0b9e31fc35a,a430a787-0e3d-40d7-91ca-5b0841e441b7,1626116608010,13.3872989,52.4718213,5.140503,0.45734882,0.026082754,0.15555787,in backpack,cyclo cross,False,paving stones,good
d4efb84d-c733-4167-91a0-ed76ed83f2c5,f79114ec-eeea-4e65-8d9d-a0b9e31fc35a,d1b287cd-c41e-48f1-aa30-8b8e6922c059,1626116608060,13.3873742,52.471823,5.198622,-0.26613998,-0.3015101,0.13867974,in backpack,cyclo cross,False,paving stones,good
d4efb84d-c733-4167-91a0-ed76ed83f2c5,f79114ec-eeea-4e65-8d9d-a0b9e31fc35a,4494ea95-8d77-4e44-a4fa-4867e08d8330,1626116608110,13.3873742,52.471823,5.198622,1.6261501,-0.75422573,0.53334,in backpack,cyclo cross,False,paving stones,good
d4efb84d-c733-4167-91a0-ed76ed83f2c5,f79114ec-eeea-4e65-8d9d-a0b9e31fc35a,8beef416-1aa1-43a6-9761-0fb5c1a77d2e,1626116608161,13.3873742,52.471823,5.198622,0.88166237,0.017375708,0.13625884,in backpack,cyclo cross,False,paving stones,good
d4efb84d-c733-4167-91a0-ed76ed83f2c5,f79114ec-eeea-4e65-8d9d-a0b9e31fc35a,785eaa05-0d4c-4cb1-bb15-17467f75a5e6,1626116608211,13.3873742,52.471823,5.198622,-0.81658125,-0.19197083,0.06393242,in backpack,cyclo cross,False,paving stones,good
d4efb84d-c733-4167-91a0-ed76ed83f2c5,f79114ec-eeea-4e65-8d9d-a0b9e31fc35a,7c592812-73e8-45ca-86ea-f2f16d1ac4e2,1626116608261,13.3873742,52.471823,5.198622,-0.54416656,-0.00790596,-0.92239285,in backpack,cyclo cross,False,paving stones,good
d4efb84d-c733-4167-91a0-ed76ed83f2c5,f79114ec-eeea-4e65-8d9d-a0b9e31fc35a,7fd752e4-379d-461e-8beb-5d21564a16f3,1626116608311,13.3873742,52.471823,5.198622,1.3190956,-0.6656761,-0.9332297,in backpack,cyclo cross,False,paving stones,good
d4efb84d-c733-4167-91a0-ed76ed83f2c5,f79114ec-eeea-4e65-8d9d-a0b9e31fc35a,f762ab7c-3c67-4c5d-aac1-61e1bb9edcf9,1626116608362,13.3873742,52.471823,5.198622,-0.7608919,-1.4511819,-0.26302934,in backpack,cyclo cross,False,paving stones,good
d4efb84d-c733-4167-91a0-ed76ed83f2c5,f79114ec-eeea-4e65-8d9d-a0b9e31fc35a,b588c7f5-65c8-4e43-beba-e281890441b4,1626116608412,13.3873742,52.471823,5.198622,-2.1726785,-0.07455206,-0.41824222,in backpack,cyclo cross,False,paving stones,good
d4efb84d-c733-4167-91a0-ed76ed83f2c5,f79114ec-eeea-4e65-8d9d-a0b9e31fc35a,b8614b5d-acf0-4afa-88e5-103efc55c20a,1626116608462,13.3873742,52.471823,5.198622,-0.27127552,0.26018238,-0.19904923,in backpack,cyclo cross,False,paving stones,good
d4efb84d-c733-4167-91a0-ed76ed83f2c5,f79114ec-eeea-4e65-8d9d-a0b9e31fc35a,5e29e497-5000-4732-b981-070b40113583,1626116608511,13.3873742,52.471823,5.198622,1.7199726,0.37443805,-0.11396217,in backpack,cyclo cross,False,paving stones,good
d4efb84d-c733-4167-91a0-ed76ed83f2c5,f79114ec-eeea-4e65-8d9d-a0b9e31fc35a,301ae71e-ce72-47be-b496-beb156acde88,1626116608561,13.3873742,52.471823,5.198622,1.167675,0.6769893,0.32426238,in backpack,cyclo cross,False,paving stones,good
d4efb84d-c733-4167-91a0-ed76ed83f2c5,f79114ec-eeea-4e65-8d9d-a0b9e31fc35a,9665c5c5-52c6-4356-8618-19dcf41784fb,1626116608611,13.3873742,52.471823,5.198622,-0.82626295,0.29033303,0.22914529,in backpack,cyclo cross,False,paving stones,good
d4efb84d-c733-4167-91a0-ed76ed83f2c5,f79114ec-eeea-4e65-8d9d-a0b9e31fc35a,a5ed2048-640b-4a46-afb0-ec6764180be0,1626116608661,13.3873742,52.471823,5.198622,-1.0178323,-0.5263195,-0.029232979,in backpack,cyclo cross,False,paving stones,good
d4efb84d-c733-4167-91a0-ed76ed83f2c5,f79114ec-eeea-4e65-8d9d-a0b9e31fc35a,ebfeb805-9faa-4606-9f52-eb0c75136a6a,1626116608711,13.3873742,52.471823,5.198622,-1.3419828,-0.47315764,-0.19745111,in backpack,cyclo cross,False,paving stones,good
d4efb84d-c733-4167-91a0-ed76ed83f2c5,f79114ec-eeea-4e65-8d9d-a0b9e31fc35a,82ea9666-61e5-444b-bccf-a22090a4e725,1626116608761,13.3873742,52.471823,5.198622,-0.42868233,1.2360847,-1.524365,in backpack,cyclo cross,False,paving stones,good
d4efb84d-c733-4167-91a0-ed76ed83f2c5,f79114ec-eeea-4e65-8d9d-a0b9e31fc35a,f074b67e-2ff6-48eb-8329-d622ea2ae502,1626116608811,13.3873742,52.471823,5.198622,0.7180624,0.43201184,-1.3947101,in backpack,cyclo cross,False,paving stones,good
d4efb84d-c733-4167-91a0-ed76ed83f2c5,f79114ec-eeea-4e65-8d9d-a0b9e31fc35a,1a3a4d25-8ff7-4462-afdd-b2e0f2ac76a7,1626116608861,13.3873742,52.471823,5.198622,1.4879789,-0.49946344,-0.27220273,in backpack,cyclo cross,False,paving stones,good
d4efb84d-c733-4167-91a0-ed76ed83f2c5,f79114ec-eeea-4e65-8d9d-a0b9e31fc35a,33754c1d-cb5b-47ea-91f8-a396123a2e3a,1626116608912,13.3873742,52.471823,5.198622,-1.3246689,-0.97471726,0.9372103,in backpack,cyclo cross,False,paving stones,good
d4efb84d-c733-4167-91a0-ed76ed83f2c5,f79114ec-eeea-4e65-8d9d-a0b9e31fc35a,909c69f3-6781-440d-826f-d3a424a8df69,1626116608963,13.3873742,52.471823,5.198622,-3.1838648,0.8011832,-0.25461817,in backpack,cyclo cross,False,paving stones,good
d4efb84d-c733-4167-91a0-ed76ed83f2c5,f79114ec-eeea-4e65-8d9d-a0b9e31fc35a,0a7e3060-b3d7-48ee-822a-2f7e57a94d1a,1626116609013,13.3873742,52.471823,5.198622,2.550623,-3.2004569,2.540936,in backpack,cyclo cross,False,paving stones,good
d4efb84d-c733-4167-91a0-ed76ed83f2c5,f79114ec-eeea-4e65-8d9d-a0b9e31fc35a,7a5f7a08-5ea0-4fdc-afbd-fc8cf6aea0e8,1626116609063,13.3874489,52.4718238,5.1361084,3.8735495,-0.70514035,0.023170233,in backpack,cyclo cross,False,paving stones,good
d4efb84d-c733-4167-91a0-ed76ed83f2c5,f79114ec-eeea-4e65-8d9d-a0b9e31fc35a,b8d5de30-d9c5-430d-a958-b2300a0d4083,1626116609114,13.3874489,52.4718238,5.1361084,-2.4369645,-0.7486898,0.40015197,in backpack,cyclo cross,False,paving stones,good
d4efb84d-c733-4167-91a0-ed76ed83f2c5,f79114ec-eeea-4e65-8d9d-a0b9e31fc35a,eb96ca7b-e478-41ae-bdca-b2152d5c37a4,1626116609165,13.3874489,52.4718238,5.1361084,-1.4622416,0.22195101,-0.68468857,in backpack,cyclo cross,False,paving stones,good
d4efb84d-c733-4167-91a0-ed76ed83f2c5,f79114ec-eeea-4e65-8d9d-a0b9e31fc35a,d4a5c34e-cb7c-4e07-bdea-6c8c4ba33ea5,1626116609216,13.3874489,52.4718238,5.1361084,2.6249056,-0.17269683,0.36955714,in backpack,cyclo cross,False,paving stones,good
d4efb84d-c733-4167-91a0-ed76ed83f2c5,f79114ec-eeea-4e65-8d9d-a0b9e31fc35a,3cd82562-428a-401b-b33f-ef458b8111b2,1626116609266,13.3874489,52.4718238,5.1361084,-5.172271,-0.9901328,1.4897883,in backpack,cyclo cross,False,paving stones,good
d4efb84d-c733-4167-91a0-ed76ed83f2c5,f79114ec-eeea-4e65-8d9d-a0b9e31fc35a,f9b711a8-4878-4e73-88c1-7b2351c0973b,1626116609316,13.3874489,52.4718238,5.1361084,-5.7349358,1.8051143,-0.29745054,in backpack,cyclo cross,False,paving stones,good
d4efb84d-c733-4167-91a0-ed76ed83f2c5,f79114ec-eeea-4e65-8d9d-a0b9e31fc35a,4cd784e9-3d37-4c6b-b0f7-4c72709cce53,1626116609366,13.3874489,52.4718238,5.1361084,-0.78519773,1.5837593,-1.0173464,in backpack,cyclo cross,False,paving stones,good
d4efb84d-c733-4167-91a0-ed76ed83f2c5,f79114ec-eeea-4e65-8d9d-a0b9e31fc35a,6f9f7e8c-2b65-4a34-9c0c-530ce1f7b15c,1626116609416,13.3874489,52.4718238,5.1361084,1.7475033,0.17998338,-0.5852246,in backpack,cyclo cross,False,paving stones,good
d4efb84d-c733-4167-91a0-ed76ed83f2c5,f79114ec-eeea-4e65-8d9d-a0b9e31fc35a,86285846-8bf5-4c5c-90bb-0fe0c7842cfc,1626116609466,13.3874489,52.4718238,5.1361084,1.4192638,-0.63368976,1.0615418,in backpack,cyclo cross,False,paving stones,good
d4efb84d-c733-4167-91a0-ed76ed83f2c5,f79114ec-eeea-4e65-8d9d-a0b9e31fc35a,aec64b3e-3f95-4145-89f7-ad179c44ca14,1626116609516,13.3874489,52.4718238,5.1361084,2.686139,-1.0896788,0.48989773,in backpack,cyclo cross,False,paving stones,good
d4efb84d-c733-4167-91a0-ed76ed83f2c5,f79114ec-eeea-4e65-8d9d-a0b9e31fc35a,0b96e9b4-a2b5-4d8e-951c-a274096493cd,1626116609566,13.3874489,52.4718238,5.1361084,0.124607086,-2.011118,0.6546724,in backpack,cyclo cross,False,paving stones,good
d4efb84d-c733-4167-91a0-ed76ed83f2c5,f79114ec-eeea-4e65-8d9d-a0b9e31fc35a,49383594-c104-400a-94ae-f3d082b2f0c8,1626116609618,13.3874489,52.4718238,5.1361084,1.1462021,0.47165418,-1.6015415,in backpack,cyclo cross,False,paving stones,good
d4efb84d-c733-4167-91a0-ed76ed83f2c5,f79114ec-eeea-4e65-8d9d-a0b9e31fc35a,24fe9283-490d-48bd-8196-a801861fd7ff,1626116609668,13.3874489,52.4718238,5.1361084,-1.2474413,-0.9711483,-0.3432727,in backpack,cyclo cross,False,paving stones,good
d4efb84d-c733-4167-91a0-ed76ed83f2c5,f79114ec-eeea-4e65-8d9d-a0b9e31fc35a,3749b563-d795-45a2-8c7f-a79277f26161,1626116609717,13.3874489,52.4718238,5.1361084,-1.1300602,-0.22858942,-0.0920496,in backpack,cyclo cross,False,paving stones,good
d4efb84d-c733-4167-91a0-ed76ed83f2c5,f79114ec-eeea-4e65-8d9d-a0b9e31fc35a,84727cb9-d220-4906-96c5-62f122b638d2,1626116609767,13.3874489,52.4718238,5.1361084,-1.2437854,-0.4710331,1.2845769,in backpack,cyclo cross,False,paving stones,good
d4efb84d-c733-4167-91a0-ed76ed83f2c5,f79114ec-eeea-4e65-8d9d-a0b9e31fc35a,84de6b97-cb4b-4563-a793-6b1bff864a7c,1626116609818,13.3874489,52.4718238,5.1361084,1.0142307,1.3347397,0.5936713,in backpack,cyclo cross,False,paving stones,good
d4efb84d-c733-4167-91a0-ed76ed83f2c5,f79114ec-eeea-4e65-8d9d-a0b9e31fc35a,794675c2-02d3-4e21-8ff6-cdf60867f129,1626116609868,13.3874489,52.4718238,5.1361084,7.446377,2.2451649,-1.4307156,in backpack,cyclo cross,False,paving stones,good
d4efb84d-c733-4167-91a0-ed76ed83f2c5,f79114ec-eeea-4e65-8d9d-a0b9e31fc35a,4b042e55-85e5-452a-a513-edb9273bfa67,1626116609918,13.3874489,52.4718238,5.1361084,-1.1848221,-0.08623648,0.37121725,in backpack,cyclo cross,False,paving stones,good
d4efb84d-c733-4167-91a0-ed76ed83f2c5,f79114ec-eeea-4e65-8d9d-a0b9e31fc35a,5423de5e-2b72-4643-b5a5-95d7ddd841cf,1626116609968,13.3874489,52.4718238,5.1361084,-4.114592,-0.88266635,0.78053737,in backpack,cyclo cross,False,paving stones,good
d4efb84d-c733-4167-91a0-ed76ed83f2c5,f79114ec-eeea-4e65-8d9d-a0b9e31fc35a,8a61753f-dfad-4ee8-91ce-50de7ee211dc,1626116610018,13.3874489,52.4718238,5.1361084,-3.4608955,-0.64224744,-0.020197392,in backpack,cyclo cross,False,paving stones,good
d4efb84d-c733-4167-91a0-ed76ed83f2c5,f79114ec-eeea-4e65-8d9d-a0b9e31fc35a,bb2b70d8-f544-4d38-9aea-cdcdd81ed2e6,1626116610068,13.3875229,52.4718256,4.8549237,1.1744013,-0.6870942,-0.1731019,in backpack,cyclo cross,False,paving stones,good
d4efb84d-c733-4167-91a0-ed76ed83f2c5,f79114ec-eeea-4e65-8d9d-a0b9e31fc35a,edcb2e7a-b4d3-4d5a-b5ac-859b15dc4cbb,1626116610119,13.3875229,52.4718256,4.8549237,6.1224737,-0.71009994,-0.9271643,in backpack,cyclo cross,False,paving stones,good
d4efb84d-c733-4167-91a0-ed76ed83f2c5,f79114ec-eeea-4e65-8d9d-a0b9e31fc35a,2dfaeae3-05da-46c4-a988-bf93b59beb55,1626116610169,13.3875229,52.4718256,4.8549237,-0.9351144,0.34657407,0.16269922,in backpack,cyclo cross,False,paving stones,good
d4efb84d-c733-4167-91a0-ed76ed83f2c5,f79114ec-eeea-4e65-8d9d-a0b9e31fc35a,af1ec626-5f59-4c1f-8485-d14e7511afe4,1626116610219,13.3875229,52.4718256,4.8549237,-3.2816477,1.3416276,0.070834875,in backpack,cyclo cross,False,paving stones,good
d4efb84d-c733-4167-91a0-ed76ed83f2c5,f79114ec-eeea-4e65-8d9d-a0b9e31fc35a,e461d2e5-dadb-438c-9dc5-f022b6c3f8a6,1626116610269,13.3875229,52.4718256,4.8549237,2.7746105,2.6485062,0.7031834,in backpack,cyclo cross,False,paving stones,good
d4efb84d-c733-4167-91a0-ed76ed83f2c5,f79114ec-eeea-4e65-8d9d-a0b9e31fc35a,42b7caa1-49d9-4919-a855-56377273f3c3,1626116610320,13.3875229,52.4718256,4.8549237,0.6378555,0.75396395,0.40028834,in backpack,cyclo cross,False,paving stones,good
d4efb84d-c733-4167-91a0-ed76ed83f2c5,f79114ec-eeea-4e65-8d9d-a0b9e31fc35a,7326411d-f099-4bc5-94ba-ce6ed176189d,1626116610369,13.3875229,52.4718256,4.8549237,-2.5692372,-1.2520642,0.79724693,in backpack,cyclo cross,False,paving stones,good
d4efb84d-c733-4167-91a0-ed76ed83f2c5,f79114ec-eeea-4e65-8d9d-a0b9e31fc35a,3c67674c-6808-4bab-b327-a726318c0d24,1626116610419,13.3875229,52.4718256,4.8549237,-1.4818516,-1.565162,0.77609086,in backpack,cyclo cross,False,paving stones,good
d4efb84d-c733-4167-91a0-ed76ed83f2c5,f79114ec-eeea-4e65-8d9d-a0b9e31fc35a,0f8ae12a-0d60-42a6-a8cc-7a3b2342a58b,1626116610469,13.3875229,52.4718256,4.8549237,2.077712,1.6065946,-0.108602285,in backpack,cyclo cross,False,paving stones,good
d4efb84d-c733-4167-91a0-ed76ed83f2c5,f79114ec-eeea-4e65-8d9d-a0b9e31fc35a,8c74d3b2-7b1a-44de-9351-4e47351827d2,1626116610519,13.3875229,52.4718256,4.8549237,4.6888103,2.0746098,-0.07213664,in backpack,cyclo cross,False,paving stones,good
d4efb84d-c733-4167-91a0-ed76ed83f2c5,f79114ec-eeea-4e65-8d9d-a0b9e31fc35a,536d8040-898b-4053-99bd-df87186467fa,1626116610569,13.3875229,52.4718256,4.8549237,-1.1816988,-0.70753515,1.7536569,in backpack,cyclo cross,False,paving stones,good
d4efb84d-c733-4167-91a0-ed76ed83f2c5,f79114ec-eeea-4e65-8d9d-a0b9e31fc35a,fd035719-2319-4ba5-9194-1402e01db0ae,1626116610620,13.3875542,52.4718245,4.4951086,-2.3524675,-0.4333794,0.5680034,in backpack,cyclo cross,False,paving stones,good
d4efb84d-c733-4167-91a0-ed76ed83f2c5,f79114ec-eeea-4e65-8d9d-a0b9e31fc35a,cacc8e70-a876-4d7b-b19a-a7273cd6acf7,1626116610669,13.3875542,52.4718245,4.4951086,-4.99157,-0.14852619,-0.38108087,in backpack,cyclo cross,False,paving stones,good
d4efb84d-c733-4167-91a0-ed76ed83f2c5,f79114ec-eeea-4e65-8d9d-a0b9e31fc35a,f5069ce0-16a4-4510-bbff-c2a1b7394133,1626116610719,13.3875542,52.4718245,4.4951086,2.334177,-0.85721195,-0.18573642,in backpack,cyclo cross,False,paving stones,good
d4efb84d-c733-4167-91a0-ed76ed83f2c5,f79114ec-eeea-4e65-8d9d-a0b9e31fc35a,0e42def5-468c-40bc-afd3-a8fdcda26db8,1626116610768,13.3875542,52.4718245,4.4951086,8.236564,-0.81236005,-1.296422,in backpack,cyclo cross,False,paving stones,good
d4efb84d-c733-4167-91a0-ed76ed83f2c5,f79114ec-eeea-4e65-8d9d-a0b9e31fc35a,66d252c4-f8a0-41b8-96fb-5a74b5807e48,1626116610819,13.3875542,52.4718245,4.4951086,-2.2305708,0.069102526,-0.41446424,in backpack,cyclo cross,False,paving stones,good
d4efb84d-c733-4167-91a0-ed76ed83f2c5,f79114ec-eeea-4e65-8d9d-a0b9e31fc35a,fcec7ba4-72c8-4392-9c3b-d50015d8afd2,1626116610869,13.3875542,52.4718245,4.4951086,-3.7253542,-1.5949935,1.649949,in backpack,cyclo cross,False,paving stones,good
d4efb84d-c733-4167-91a0-ed76ed83f2c5,f79114ec-eeea-4e65-8d9d-a0b9e31fc35a,bfdc73b5-de5c-4ec2-8d7f-5656a285c78f,1626116610919,13.3875542,52.4718245,4.4951086,-3.5499935,-1.3918664,2.1402874,in backpack,cyclo cross,False,paving stones,good
d4efb84d-c733-4167-91a0-ed76ed83f2c5,f79114ec-eeea-4e65-8d9d-a0b9e31fc35a,22dc9232-b8b2-46db-9b6c-79009b9f9f16,1626116610969,13.3875542,52.4718245,4.4951086,-0.45916653,1.036169,0.6656804,in backpack,cyclo cross,False,paving stones,good
d4efb84d-c733-4167-91a0-ed76ed83f2c5,f79114ec-eeea-4e65-8d9d-a0b9e31fc35a,34273e54-3db4-490c-bc44-ed5c37a21d11,1626116611020,13.3875542,52.4718245,4.4951086,9.258036,2.703146,-0.18751884,in backpack,cyclo cross,False,paving stones,good
d4efb84d-c733-4167-91a0-ed76ed83f2c5,f79114ec-eeea-4e65-8d9d-a0b9e31fc35a,8b9b71f7-4113-47dc-b1d7-0e7ce6b6b1bd,1626116611070,13.3875542,52.4718245,4.4951086,1.2208099,-0.83443534,0.27200317,in backpack,cyclo cross,False,paving stones,good
d4efb84d-c733-4167-91a0-ed76ed83f2c5,f79114ec-eeea-4e65-8d9d-a0b9e31fc35a,7e0e46e0-338b-44d3-8aa5-df3f0aecbb07,1626116611120,13.3875542,52.4718245,4.4951086,-3.9698033,-1.243839,-0.34169912,in backpack,cyclo cross,False,paving stones,good
d4efb84d-c733-4167-91a0-ed76ed83f2c5,f79114ec-eeea-4e65-8d9d-a0b9e31fc35a,759b3f25-8b67-422a-b627-45c7f06a3759,1626116611170,13.3875542,52.4718245,4.4951086,-4.984844,-0.7900518,-0.39254236,in backpack,cyclo cross,False,paving stones,good
d4efb84d-c733-4167-91a0-ed76ed83f2c5,f79114ec-eeea-4e65-8d9d-a0b9e31fc35a,23929780-d717-46d7-a546-7a8429f8fd22,1626116611220,13.3875542,52.4718245,4.4951086,-1.6401076,-0.12233424,0.24061465,in backpack,cyclo cross,False,paving stones,good
d4efb84d-c733-4167-91a0-ed76ed83f2c5,f79114ec-eeea-4e65-8d9d-a0b9e31fc35a,8c638395-8be6-4274-af33-82ff4622944b,1626116611270,13.3875542,52.4718245,4.4951086,3.7121544,1.1427367,0.6446123,in backpack,cyclo cross,False,paving stones,good
d4efb84d-c733-4167-91a0-ed76ed83f2c5,f79114ec-eeea-4e65-8d9d-a0b9e31fc35a,1c0c5625-8034-41cd-a43c-ddebd3518221,1626116611320,13.3875542,52.4718245,4.4951086,1.729022,0.6660454,0.5140321,in backpack,cyclo cross,False,paving stones,good
d4efb84d-c733-4167-91a0-ed76ed83f2c5,f79114ec-eeea-4e65-8d9d-a0b9e31fc35a,4cf7e44e-b3f7-432c-a443-137c3f08bb25,1626116611371,13.3875542,52.4718245,4.4951086,-0.48139524,-0.6043421,0.587528,in backpack,cyclo cross,False,paving stones,good
d4efb84d-c733-4167-91a0-ed76ed83f2c5,f79114ec-eeea-4e65-8d9d-a0b9e31fc35a,fabfe3cb-4a5b-48a9-a66a-f239a03f4995,1626116611421,13.3875542,52.4718245,4.4951086,-0.20815277,-0.1105907,1.0197246,in backpack,cyclo cross,False,paving stones,good
d4efb84d-c733-4167-91a0-ed76ed83f2c5,f79114ec-eeea-4e65-8d9d-a0b9e31fc35a,914df213-8ce1-41bf-92ab-63d08567f547,1626116611471,13.3875542,52.4718245,4.4951086,-0.4352684,1.0117693,0.92426705,in backpack,cyclo cross,False,paving stones,good
d4efb84d-c733-4167-91a0-ed76ed83f2c5,f79114ec-eeea-4e65-8d9d-a0b9e31fc35a,3e33144d-8482-4911-9d3d-097cbfdb1e87,1626116611520,13.3875542,52.4718245,4.4951086,1.097043,1.3905869,0.9879633,in backpack,cyclo cross,False,paving stones,good
d4efb84d-c733-4167-91a0-ed76ed83f2c5,f79114ec-eeea-4e65-8d9d-a0b9e31fc35a,5560261c-b8f2-4ad9-af75-ad9f662c5376,1626116611570,13.387595,52.4718148,4.5888906,0.4503994,0.17120051,0.20033336,in backpack,cyclo cross,False,paving stones,good
d4efb84d-c733-4167-91a0-ed76ed83f2c5,f79114ec-eeea-4e65-8d9d-a0b9e31fc35a,bc9f1b70-ccae-49d9-b817-8da775beab41,1626116611620,13.387595,52.4718148,4.5888906,-1.740787,-0.7113719,-0.24649024,in backpack,cyclo cross,False,paving stones,good
d4efb84d-c733-4167-91a0-ed76ed83f2c5,f79114ec-eeea-4e65-8d9d-a0b9e31fc35a,21116e5f-6e87-4218-8d31-3d1c95394f73,1626116611670,13.387595,52.4718148,4.5888906,-1.3931804,-0.8450321,-0.83832645,in backpack,cyclo cross,False,paving stones,good
d4efb84d-c733-4167-91a0-ed76ed83f2c5,f79114ec-eeea-4e65-8d9d-a0b9e31fc35a,e5b18590-6ce8-4ba8-bb72-13faaae5d620,1626116611720,13.387595,52.4718148,4.5888906,-0.39944983,-1.4154973,-0.024116516,in backpack,cyclo cross,False,paving stones,good
d4efb84d-c733-4167-91a0-ed76ed83f2c5,f79114ec-eeea-4e65-8d9d-a0b9e31fc35a,c3911ec4-1d3e-46e9-bbcf-97a7dff4f2bb,1626116611770,13.387595,52.4718148,4.5888906,-1.2967134,-0.5693555,0.8876047,in backpack,cyclo cross,False,paving stones,good
d4efb84d-c733-4167-91a0-ed76ed83f2c5,f79114ec-eeea-4e65-8d9d-a0b9e31fc35a,ab7f6b89-f17e-492b-b125-f134ad6d784e,1626116611820,13.387595,52.4718148,4.5888906,1.7829647,1.1698322,-0.91906047,in backpack,cyclo cross,False,paving stones,good
d4efb84d-c733-4167-91a0-ed76ed83f2c5,f79114ec-eeea-4e65-8d9d-a0b9e31fc35a,948a91ea-9629-496a-9e9c-867794cd401f,1626116611870,13.387595,52.4718148,4.5888906,2.9303284,-0.84109163,0.18156958,in backpack,cyclo cross,False,paving stones,good
d4efb84d-c733-4167-91a0-ed76ed83f2c5,f79114ec-eeea-4e65-8d9d-a0b9e31fc35a,2529a131-d824-4e83-93a4-487a74495407,1626116611920,13.387595,52.4718148,4.5888906,-0.8929076,-1.2872875,0.057035446,in backpack,cyclo cross,False,paving stones,good
d4efb84d-c733-4167-91a0-ed76ed83f2c5,f79114ec-eeea-4e65-8d9d-a0b9e31fc35a,1980fbf8-1100-43ff-920c-7b9f716a0413,1626116611971,13.387595,52.4718148,4.5888906,-3.170083,-1.9700756,0.9380381,in backpack,cyclo cross,False,paving stones,good
d4efb84d-c733-4167-91a0-ed76ed83f2c5,f79114ec-eeea-4e65-8d9d-a0b9e31fc35a,18bce1d1-7fe1-4a60-83ca-b7a1ca87d51e,1626116612020,13.387595,52.4718148,4.5888906,0.91013527,0.9012432,-1.0077593,in backpack,cyclo cross,False,paving stones,good
d4efb84d-c733-4167-91a0-ed76ed83f2c5,f79114ec-eeea-4e65-8d9d-a0b9e31fc35a,b8a16179-c961-481b-8951-c8a520912545,1626116612070,13.387595,52.4718148,4.5888906,3.5599098,-0.15623498,-0.6013174,in backpack,cyclo cross,False,paving stones,good
d4efb84d-c733-4167-91a0-ed76ed83f2c5,f79114ec-eeea-4e65-8d9d-a0b9e31fc35a,22f1b85e-32bd-424e-acd5-b42ab71958c4,1626116612120,13.387595,52.4718148,4.5888906,0.7099285,-0.48993826,-1.2583663,in backpack,cyclo cross,False,paving stones,good
d4efb84d-c733-4167-91a0-ed76ed83f2c5,f79114ec-eeea-4e65-8d9d-a0b9e31fc35a,20f25fdf-2200-4bc0-9e70-a10d94ecf541,1626116612171,13.387595,52.4718148,4.5888906,-1.5219822,-1.4373708,0.07846618,in backpack,cyclo cross,False,paving stones,good
d4efb84d-c733-4167-91a0-ed76ed83f2c5,f79114ec-eeea-4e65-8d9d-a0b9e31fc35a,4684c4c0-55f5-4833-ac07-9880effd6ee2,1626116612221,13.387595,52.4718148,4.5888906,-2.71705,-1.2462718,-0.15829444,in backpack,cyclo cross,False,paving stones,good
d4efb84d-c733-4167-91a0-ed76ed83f2c5,f79114ec-eeea-4e65-8d9d-a0b9e31fc35a,f044b3ed-0309-416d-a842-2b47f16dc917,1626116612271,13.387595,52.4718148,4.5888906,0.5011473,0.03868556,-0.67637515,in backpack,cyclo cross,False,paving stones,good
d4efb84d-c733-4167-91a0-ed76ed83f2c5,f79114ec-eeea-4e65-8d9d-a0b9e31fc35a,3e032b58-ece2-494f-9dc9-2a58b7ee54ad,1626116612321,13.387595,52.4718148,4.5888906,4.2398443,-0.8005612,-0.003020525,in backpack,cyclo cross,False,paving stones,good
d4efb84d-c733-4167-91a0-ed76ed83f2c5,f79114ec-eeea-4e65-8d9d-a0b9e31fc35a,ca4044da-3a43-410c-895b-5e59a30a84d1,1626116612371,13.387595,52.4718148,4.5888906,-1.1639609,-0.70539093,0.21439838,in backpack,cyclo cross,False,paving stones,good
d4efb84d-c733-4167-91a0-ed76ed83f2c5,f79114ec-eeea-4e65-8d9d-a0b9e31fc35a,a8582080-b2f1-4f47-b84b-23a6496bc1a4,1626116612421,13.387595,52.4718148,4.5888906,-1.7870388,-1.5335011,1.0470985,in backpack,cyclo cross,False,paving stones,good
d4efb84d-c733-4167-91a0-ed76ed83f2c5,f79114ec-eeea-4e65-8d9d-a0b9e31fc35a,e9f93f7a-e1c4-4136-9750-1b9c7f8dda52,1626116612471,13.387595,52.4718148,4.5888906,0.5656252,0.68434715,-0.12603593,in backpack,cyclo cross,False,paving stones,good
d4efb84d-c733-4167-91a0-ed76ed83f2c5,f79114ec-eeea-4e65-8d9d-a0b9e31fc35a,f353d23c-7cdb-49e4-97f7-be4fb7ee23e2,1626116612521,13.387595,52.4718148,4.5888906,3.0685625,-0.6506989,0.10977769,in backpack,cyclo cross,False,paving stones,good
d4efb84d-c733-4167-91a0-ed76ed83f2c5,f79114ec-eeea-4e65-8d9d-a0b9e31fc35a,949f8327-0220-41a3-80a0-fc3306b0cf3b,1626116612571,13.387595,52.4718148,4.5888906,0.68241787,-1.3679469,0.18329763,in backpack,cyclo cross,False,paving stones,good
d4efb84d-c733-4167-91a0-ed76ed83f2c5,f79114ec-eeea-4e65-8d9d-a0b9e31fc35a,802e284a-6afa-4377-8d4a-a0878c258681,1626116612621,13.3876719,52.471825,4.578916,-0.4557538,-0.5293479,-1.3152056,in backpack,cyclo cross,False,paving stones,good
d4efb84d-c733-4167-91a0-ed76ed83f2c5,f79114ec-eeea-4e65-8d9d-a0b9e31fc35a,d22cc7e1-a931-4402-824d-43c3f48a8b0b,1626116612671,13.3876719,52.471825,4.578916,-0.6696501,-2.8282876,-0.52549076,in backpack,cyclo cross,False,paving stones,good
d4efb84d-c733-4167-91a0-ed76ed83f2c5,f79114ec-eeea-4e65-8d9d-a0b9e31fc35a,c62597a8-5154-4714-9f45-4ff204ca161e,1626116612721,13.3876719,52.471825,4.578916,-2.4327474,-1.3299145,-0.3274777,in backpack,cyclo cross,False,paving stones,good
d4efb84d-c733-4167-91a0-ed76ed83f2c5,f79114ec-eeea-4e65-8d9d-a0b9e31fc35a,52af66ae-f26c-4920-9fe0-5f8cf4ee07c7,1626116612772,13.3876719,52.471825,4.578916,0.6571684,-0.3653183,-1.256383,in backpack,cyclo cross,False,paving stones,good
d4efb84d-c733-4167-91a0-ed76ed83f2c5,f79114ec-eeea-4e65-8d9d-a0b9e31fc35a,cc70f5f3-ea55-4594-b9ca-c392db08e786,1626116612823,13.3876719,52.471825,4.578916,3.0480356,0.33755183,-0.6496618,in backpack,cyclo cross,False,paving stones,good
d4efb84d-c733-4167-91a0-ed76ed83f2c5,f79114ec-eeea-4e65-8d9d-a0b9e31fc35a,4338afba-6f73-4067-9804-a63a4d7a988e,1626116612872,13.3876719,52.471825,4.578916,-0.43429756,0.12225342,-0.43800092,in backpack,cyclo cross,False,paving stones,good
d4efb84d-c733-4167-91a0-ed76ed83f2c5,f79114ec-eeea-4e65-8d9d-a0b9e31fc35a,1d71e07a-afc2-4c61-ae09-770672085d54,1626116612922,13.3876719,52.471825,4.578916,-1.6904745,0.13755083,-0.6183162,in backpack,cyclo cross,False,paving stones,good
d4efb84d-c733-4167-91a0-ed76ed83f2c5,f79114ec-eeea-4e65-8d9d-a0b9e31fc35a,c79c32f4-cbc0-4940-9a9c-5df1b5b953b5,1626116612972,13.3876719,52.471825,4.578916,-0.49936008,-1.9933047,0.11100078,in backpack,cyclo cross,False,paving stones,good
d4efb84d-c733-4167-91a0-ed76ed83f2c5,f79114ec-eeea-4e65-8d9d-a0b9e31fc35a,71ef10fd-5948-472f-b44c-e1517e7ba189,1626116613023,13.3876719,52.471825,4.578916,-0.022844315,-0.6657815,-0.48076224,in backpack,cyclo cross,False,paving stones,good
d4efb84d-c733-4167-91a0-ed76ed83f2c5,f79114ec-eeea-4e65-8d9d-a0b9e31fc35a,b5299ceb-7132-4aec-85d3-b6190667a3d5,1626116613073,13.3876719,52.471825,4.578916,1.0999718,-1.0694509,-1.22803,in backpack,cyclo cross,False,paving stones,good
d4efb84d-c733-4167-91a0-ed76ed83f2c5,f79114ec-eeea-4e65-8d9d-a0b9e31fc35a,793e31ef-526e-4184-a991-d7a32d4dfe26,1626116613123,13.3876719,52.471825,4.578916,3.2015963,-0.9702375,-1.6214137,in backpack,cyclo cross,False,paving stones,good
d4efb84d-c733-4167-91a0-ed76ed83f2c5,f79114ec-eeea-4e65-8d9d-a0b9e31fc35a,fa0f5de5-df0e-4a82-89bd-cd0aa0270097,1626116613173,13.3876719,52.471825,4.578916,0.7871809,-1.0472224,-0.24088192,in backpack,cyclo cross,False,paving stones,good
d4efb84d-c733-4167-91a0-ed76ed83f2c5,f79114ec-eeea-4e65-8d9d-a0b9e31fc35a,4440d29c-f059-4e13-a14e-fa4b3d38fbaa,1626116613223,13.3876719,52.471825,4.578916,-2.682282,-1.0139017,0.61150384,in backpack,cyclo cross,False,paving stones,good
d4efb84d-c733-4167-91a0-ed76ed83f2c5,f79114ec-eeea-4e65-8d9d-a0b9e31fc35a,fb81efe4-eac4-4a9d-88ce-87fa62d95a7c,1626116613273,13.3876719,52.471825,4.578916,-1.8841043,0.101223946,0.048091173,in backpack,cyclo cross,False,paving stones,good
d4efb84d-c733-4167-91a0-ed76ed83f2c5,f79114ec-eeea-4e65-8d9d-a0b9e31fc35a,1bc88ebf-6e0e-4cf2-ad9a-836f03e55d80,1626116613323,13.3876719,52.471825,4.578916,-0.30682087,0.025909185,-0.42443895,in backpack,cyclo cross,False,paving stones,good
d4efb84d-c733-4167-91a0-ed76ed83f2c5,f79114ec-eeea-4e65-8d9d-a0b9e31fc35a,38ea6ee6-d26f-47e2-ac3e-609e827d9097,1626116613373,13.3876719,52.471825,4.578916,1.6701031,-0.5171306,-1.4345698,in backpack,cyclo cross,False,paving stones,good
d4efb84d-c733-4167-91a0-ed76ed83f2c5,f79114ec-eeea-4e65-8d9d-a0b9e31fc35a,ad38a0ae-15a7-41ff-bd22-629df710b615,1626116613423,13.3876719,52.471825,4.578916,-0.2629223,-1.3115226,-1.4066758,in backpack,cyclo cross,False,paving stones,good
d4efb84d-c733-4167-91a0-ed76ed83f2c5,f79114ec-eeea-4e65-8d9d-a0b9e31fc35a,e7a7113d-50eb-41bc-8d80-591e4dd038e7,1626116613473,13.3876719,52.471825,4.578916,-0.22206306,-0.7479105,-0.9948492,in backpack,cyclo cross,False,paving stones,good
d4efb84d-c733-4167-91a0-ed76ed83f2c5,f79114ec-eeea-4e65-8d9d-a0b9e31fc35a,8da7c23f-10fd-45af-88a3-f745f6005f4d,1626116613525,13.3876719,52.471825,4.578916,0.8353691,-1.8039904,0.7388048,in backpack,cyclo cross,False,paving stones,good
d4efb84d-c733-4167-91a0-ed76ed83f2c5,f79114ec-eeea-4e65-8d9d-a0b9e31fc35a,efbb77c7-d01a-4588-8096-cf09e87451f7,1626116613576,13.3877443,52.4718392,4.605115,0.1916542,-0.56235194,0.070902824,in backpack,cyclo cross,False,paving stones,good
d4efb84d-c733-4167-91a0-ed76ed83f2c5,f79114ec-eeea-4e65-8d9d-a0b9e31fc35a,15047d63-0331-46d5-be3e-3edc35efc7e0,1626116613626,13.3877443,52.4718392,4.605115,2.3373165,-0.54031634,-1.0194037,in backpack,cyclo cross,False,paving stones,good
d4efb84d-c733-4167-91a0-ed76ed83f2c5,f79114ec-eeea-4e65-8d9d-a0b9e31fc35a,d7861850-c0df-4506-885d-dbf505466201,1626116613676,13.3877443,52.4718392,4.605115,5.7865496,-0.9157357,-1.9653082,in backpack,cyclo cross,False,paving stones,good
d4efb84d-c733-4167-91a0-ed76ed83f2c5,f79114ec-eeea-4e65-8d9d-a0b9e31fc35a,f4d3d318-6c57-4b2f-8288-2a4a527d7b20,1626116613726,13.3877443,52.4718392,4.605115,-3.1859188,-1.1432776,-0.18597412,in backpack,cyclo cross,False,paving stones,good
d4efb84d-c733-4167-91a0-ed76ed83f2c5,f79114ec-eeea-4e65-8d9d-a0b9e31fc35a,ab468e7d-7024-402a-a00e-60eb6bb09c7b,1626116613776,13.3877443,52.4718392,4.605115,-3.6101227,-0.72383285,0.6660502,in backpack,cyclo cross,False,paving stones,good
d4efb84d-c733-4167-91a0-ed76ed83f2c5,f79114ec-eeea-4e65-8d9d-a0b9e31fc35a,8eb05991-9f82-4106-b3a4-06ede6bfab06,1626116613827,13.3877443,52.4718392,4.605115,-2.975551,0.4999118,0.024779081,in backpack,cyclo cross,False,paving stones,good
d4efb84d-c733-4167-91a0-ed76ed83f2c5,f79114ec-eeea-4e65-8d9d-a0b9e31fc35a,23924150-5820-4567-a9ce-f7e042b613ab,1626116613876,13.3877443,52.4718392,4.605115,0.9071512,0.080381155,-0.43151903,in backpack,cyclo cross,False,paving stones,good
d4efb84d-c733-4167-91a0-ed76ed83f2c5,f79114ec-eeea-4e65-8d9d-a0b9e31fc35a,b46ad9bd-5132-4596-a052-fc5ccbb06215,1626116613926,13.3877443,52.4718392,4.605115,4.0759897,-1.5715828,-0.13795805,in backpack,cyclo cross,False,paving stones,good
d4efb84d-c733-4167-91a0-ed76ed83f2c5,f79114ec-eeea-4e65-8d9d-a0b9e31fc35a,70c89486-8cd8-4d62-be92-8187d30bcc4d,1626116613976,13.3877443,52.4718392,4.605115,0.06554794,-0.68254304,-0.44899082,in backpack,cyclo cross,False,paving stones,good
d4efb84d-c733-4167-91a0-ed76ed83f2c5,f79114ec-eeea-4e65-8d9d-a0b9e31fc35a,7038b454-0b63-434d-98ba-d9f856470116,1626116614025,13.3877443,52.4718392,4.605115,-0.380764,-1.3912742,-0.5036292,in backpack,cyclo cross,False,paving stones,good
d4efb84d-c733-4167-91a0-ed76ed83f2c5,f79114ec-eeea-4e65-8d9d-a0b9e31fc35a,8a26b65d-d30d-4d20-8963-e57497148cfa,1626116614075,13.3877443,52.4718392,4.605115,0.4023304,-2.1288273,0.11628747,in backpack,cyclo cross,False,paving stones,good
d4efb84d-c733-4167-91a0-ed76ed83f2c5,f79114ec-eeea-4e65-8d9d-a0b9e31fc35a,a3fca627-8198-42fe-be0c-051494904ba1,1626116614125,13.3877443,52.4718392,4.605115,-0.7036567,-0.35250878,0.49842954,in backpack,cyclo cross,False,paving stones,good
d4efb84d-c733-4167-91a0-ed76ed83f2c5,f79114ec-eeea-4e65-8d9d-a0b9e31fc35a,738aa37c-fbf1-434e-a042-5f3708106565,1626116614175,13.3877443,52.4718392,4.605115,-0.35079002,1.8356442,-0.65321994,in backpack,cyclo cross,False,paving stones,good
d4efb84d-c733-4167-91a0-ed76ed83f2c5,f79114ec-eeea-4e65-8d9d-a0b9e31fc35a,9aaf7fb4-b2b4-4307-b07b-3a8eaeda8aac,1626116614225,13.3877443,52.4718392,4.605115,5.052765,1.5901709,-0.1560626,in backpack,cyclo cross,False,paving stones,good
d4efb84d-c733-4167-91a0-ed76ed83f2c5,f79114ec-eeea-4e65-8d9d-a0b9e31fc35a,d9248450-6012-4e0d-845a-c03f136c0480,1626116614276,13.3877443,52.4718392,4.605115,0.068099976,-0.33590984,0.343148,in backpack,cyclo cross,False,paving stones,good
d4efb84d-c733-4167-91a0-ed76ed83f2c5,f79114ec-eeea-4e65-8d9d-a0b9e31fc35a,43cdbad8-eaee-4495-babd-35bce31e96fa,1626116614325,13.3877443,52.4718392,4.605115,-3.2288547,-0.23216653,-0.33605218,in backpack,cyclo cross,False,paving stones,good
d4efb84d-c733-4167-91a0-ed76ed83f2c5,f79114ec-eeea-4e65-8d9d-a0b9e31fc35a,6fa62c27-763d-483a-9997-da952cbc97a2,1626116614376,13.3877443,52.4718392,4.605115,-3.8891354,-0.6393008,-0.27433014,in backpack,cyclo cross,False,paving stones,good
d4efb84d-c733-4167-91a0-ed76ed83f2c5,f79114ec-eeea-4e65-8d9d-a0b9e31fc35a,d2384776-5e03-4ca0-bb6c-ed17a48a8c4f,1626116614426,13.3877935,52.4718577,4.449154,0.905076,-0.013855457,0.14827514,in backpack,cyclo cross,False,paving stones,good
d4efb84d-c733-4167-91a0-ed76ed83f2c5,f79114ec-eeea-4e65-8d9d-a0b9e31fc35a,c1310745-6028-42be-8872-a5eed5cd3f17,1626116614476,13.3877935,52.4718577,4.449154,5.2868137,-0.11959553,0.064557314,in backpack,cyclo cross,False,paving stones,good
d4efb84d-c733-4167-91a0-ed76ed83f2c5,f79114ec-eeea-4e65-8d9d-a0b9e31fc35a,2f262bff-acaa-4858-ac44-7b352a8668b7,1626116614527,13.3877935,52.4718577,4.449154,-0.14129448,-0.067854404,0.39771175,in backpack,cyclo cross,False,paving stones,good
d4efb84d-c733-4167-91a0-ed76ed83f2c5,f79114ec-eeea-4e65-8d9d-a0b9e31fc35a,49084e11-db93-4b11-b8fa-d16b98dc4493,1626116614577,13.3877935,52.4718577,4.449154,-1.7105527,-0.48271382,0.755872,in backpack,cyclo cross,False,paving stones,good
d4efb84d-c733-4167-91a0-ed76ed83f2c5,f79114ec-eeea-4e65-8d9d-a0b9e31fc35a,24645125-66aa-4e24-8ea3-083efe2fc09b,1626116614627,13.3877935,52.4718577,4.449154,-0.7274437,0.5123184,0.5263145,in backpack,cyclo cross,False,paving stones,good
d4efb84d-c733-4167-91a0-ed76ed83f2c5,f79114ec-eeea-4e65-8d9d-a0b9e31fc35a,bf3963fd-4423-467d-bf7f-9c934666680e,1626116614677,13.3877935,52.4718577,4.449154,1.2471676,1.726613,0.31434608,in backpack,cyclo cross,False,paving stones,good
d4efb84d-c733-4167-91a0-ed76ed83f2c5,f79114ec-eeea-4e65-8d9d-a0b9e31fc35a,70611b8f-6210-42d6-9679-5e9d01675629,1626116614726,13.3877935,52.4718577,4.449154,0.24862194,1.539624,-0.5204544,in backpack,cyclo cross,False,paving stones,good
d4efb84d-c733-4167-91a0-ed76ed83f2c5,f79114ec-eeea-4e65-8d9d-a0b9e31fc35a,063acdde-5810-4fd5-8d40-e85b92ec5704,1626116614776,13.3877935,52.4718577,4.449154,-1.0230193,-0.9260977,0.15278697,in backpack,cyclo cross,False,paving stones,good
d4efb84d-c733-4167-91a0-ed76ed83f2c5,f79114ec-eeea-4e65-8d9d-a0b9e31fc35a,5d1ac1bd-9f9a-4b1e-86eb-0e3c7a2f998a,1626116614827,13.3877935,52.4718577,4.449154,-0.48461437,-0.82146037,-0.3992939,in backpack,cyclo cross,False,paving stones,good
d4efb84d-c733-4167-91a0-ed76ed83f2c5,f79114ec-eeea-4e65-8d9d-a0b9e31fc35a,81ace5d5-f71a-4800-bd80-90a1d915f74d,1626116614876,13.3877935,52.4718577,4.449154,-3.64478,0.48386025,-0.88568974,in backpack,cyclo cross,False,paving stones,good
d4efb84d-c733-4167-91a0-ed76ed83f2c5,f79114ec-eeea-4e65-8d9d-a0b9e31fc35a,3aa3f4f0-43f6-45a4-b5c4-2250139f69cf,1626116614926,13.3877935,52.4718577,4.449154,-0.22912979,-0.3751402,-0.18922186,in backpack,cyclo cross,False,paving stones,good
d4efb84d-c733-4167-91a0-ed76ed83f2c5,f79114ec-eeea-4e65-8d9d-a0b9e31fc35a,bb506748-e15c-46cb-8f27-c5cf6223d79b,1626116614976,13.3877935,52.4718577,4.449154,5.453842,-0.6968827,0.3021896,in backpack,cyclo cross,False,paving stones,good
d4efb84d-c733-4167-91a0-ed76ed83f2c5,f79114ec-eeea-4e65-8d9d-a0b9e31fc35a,24931e89-66b5-4407-bb8d-395a54adde32,1626116615027,13.3877935,52.4718577,4.449154,-0.6809764,-0.022904158,0.3843603,in backpack,cyclo cross,False,paving stones,good
d4efb84d-c733-4167-91a0-ed76ed83f2c5,f79114ec-eeea-4e65-8d9d-a0b9e31fc35a,d7a92c49-bf6f-4d1b-b55a-8e131a29e3e3,1626116615077,13.3878187,52.4718959,5.302676,-3.3425558,0.09202886,0.65528893,in backpack,cyclo cross,False,paving stones,good
d4efb84d-c733-4167-91a0-ed76ed83f2c5,f79114ec-eeea-4e65-8d9d-a0b9e31fc35a,c02164b8-69cd-4332-b95d-9d907641209a,1626116615127,13.3878187,52.4718959,5.302676,1.7244005,0.8330252,1.0926287,in backpack,cyclo cross,False,paving stones,good
d4efb84d-c733-4167-91a0-ed76ed83f2c5,f79114ec-eeea-4e65-8d9d-a0b9e31fc35a,62a9a4e3-dd7b-47c3-8638-434ddbfd0335,1626116615177,13.3878187,52.4718959,5.302676,3.5879793,1.4553471,-1.0166836,in backpack,cyclo cross,False,paving stones,good
d4efb84d-c733-4167-91a0-ed76ed83f2c5,f79114ec-eeea-4e65-8d9d-a0b9e31fc35a,f41965ea-7ef0-4140-98a9-d4de59d0b069,1626116615227,13.3878187,52.4718959,5.302676,-0.03948784,-0.57379353,-0.04676819,in backpack,cyclo cross,False,paving stones,good
d4efb84d-c733-4167-91a0-ed76ed83f2c5,f79114ec-eeea-4e65-8d9d-a0b9e31fc35a,56df4328-850b-44d8-a11a-6f49c2dd1e12,1626116615277,13.3878187,52.4718959,5.302676,-2.0896173,-0.052397013,-0.7847309,in backpack,cyclo cross,False,paving stones,good
d4efb84d-c733-4167-91a0-ed76ed83f2c5,f79114ec-eeea-4e65-8d9d-a0b9e31fc35a,d71e1dd8-2026-47dd-a4c1-425c35445965,1626116615327,13.3878187,52.4718959,5.302676,-1.9240041,-0.46480978,-0.16595173,in backpack,cyclo cross,False,paving stones,good
d4efb84d-c733-4167-91a0-ed76ed83f2c5,f79114ec-eeea-4e65-8d9d-a0b9e31fc35a,44ee7251-883a-4880-9ccd-19bf1047406f,1626116615377,13.3878187,52.4718959,5.302676,-2.195619,-0.18702054,0.44802165,in backpack,cyclo cross,False,paving stones,good
d4efb84d-c733-4167-91a0-ed76ed83f2c5,f79114ec-eeea-4e65-8d9d-a0b9e31fc35a,a09b4c3f-17a9-41db-80aa-63f3b5b15b63,1626116615428,13.3878187,52.4718959,5.302676,2.6222734,0.54416704,0.10353136,in backpack,cyclo cross,False,paving stones,good
d4efb84d-c733-4167-91a0-ed76ed83f2c5,f79114ec-eeea-4e65-8d9d-a0b9e31fc35a,aa6d4ec6-479e-44ff-aa7a-1e5cace9824c,1626116615478,13.3878187,52.4718959,5.302676,1.9912024,0.1499033,0.44760847,in backpack,cyclo cross,False,paving stones,good
d4efb84d-c733-4167-91a0-ed76ed83f2c5,f79114ec-eeea-4e65-8d9d-a0b9e31fc35a,2559f172-5acb-4aa0-88e3-bc609bd9c6f6,1626116615529,13.3878187,52.4718959,5.302676,5.3048286,0.30617332,-0.11965227,in backpack,cyclo cross,False,paving stones,good
d4efb84d-c733-4167-91a0-ed76ed83f2c5,f79114ec-eeea-4e65-8d9d-a0b9e31fc35a,08bbe2c7-fc57-4e12-bbcb-92fd77586025,1626116615578,13.3878187,52.4718959,5.302676,2.1660395,-0.59468424,0.18221354,in backpack,cyclo cross,False,paving stones,good
d4efb84d-c733-4167-91a0-ed76ed83f2c5,f79114ec-eeea-4e65-8d9d-a0b9e31fc35a,4c1a9cf7-fc82-4008-9ebe-0ef8fc42da5c,1626116615628,13.3878187,52.4718959,5.302676,-5.4249287,-1.004678,1.3006902,in backpack,cyclo cross,False,paving stones,good
d4efb84d-c733-4167-91a0-ed76ed83f2c5,f79114ec-eeea-4e65-8d9d-a0b9e31fc35a,54ca688a-321f-496c-b51c-e5c28bd1057e,1626116615678,13.3878187,52.4718959,5.302676,-6.949034,-0.96744895,1.4994903,in backpack,cyclo cross,False,paving stones,good
d4efb84d-c733-4167-91a0-ed76ed83f2c5,f79114ec-eeea-4e65-8d9d-a0b9e31fc35a,c4207f31-ea44-4b4d-a717-69b12381f125,1626116615728,13.3878187,52.4718959,5.302676,-3.7674377,0.025543213,0.6669512,in backpack,cyclo cross,False,paving stones,good
d4efb84d-c733-4167-91a0-ed76ed83f2c5,f79114ec-eeea-4e65-8d9d-a0b9e31fc35a,fe0ef6fc-fddc-4fb8-ba34-71547776efa4,1626116615779,13.3878187,52.4718959,5.302676,5.60102,1.1037455,-1.8389206,in backpack,cyclo cross,False,paving stones,good
d4efb84d-c733-4167-91a0-ed76ed83f2c5,f79114ec-eeea-4e65-8d9d-a0b9e31fc35a,090d0f69-ed96-484a-94e3-138668b21bb9,1626116615828,13.3878187,52.4718959,5.302676,1.1881342,-0.7535467,-0.3532524,in backpack,cyclo cross,False,paving stones,good
d4efb84d-c733-4167-91a0-ed76ed83f2c5,f79114ec-eeea-4e65-8d9d-a0b9e31fc35a,d67c689e-baee-4aaa-8c84-644524734ce8,1626116615878,13.3878187,52.4718959,5.302676,-1.1986785,-1.209387,0.8644841,in backpack,cyclo cross,False,paving stones,good
d4efb84d-c733-4167-91a0-ed76ed83f2c5,f79114ec-eeea-4e65-8d9d-a0b9e31fc35a,7e2ff22f-d9a4-44da-b231-131b37fafa37,1626116615928,13.3878187,52.4718959,5.302676,-2.4349518,-0.7307296,0.46316743,in backpack,cyclo cross,False,paving stones,good
d4efb84d-c733-4167-91a0-ed76ed83f2c5,f79114ec-eeea-4e65-8d9d-a0b9e31fc35a,306c9c6b-29af-417e-b32c-9a3fbdd62569,1626116615978,13.3878187,52.4718959,5.302676,3.325758,-0.12142277,0.19770098,in backpack,cyclo cross,False,paving stones,good
d4efb84d-c733-4167-91a0-ed76ed83f2c5,f79114ec-eeea-4e65-8d9d-a0b9e31fc35a,c83f3f63-21e6-46fc-8ff3-526c3554493e,1626116616030,13.3878187,52.4718959,5.302676,5.59863,-0.7485411,-0.25825334,in backpack,cyclo cross,False,paving stones,good
d4efb84d-c733-4167-91a0-ed76ed83f2c5,f79114ec-eeea-4e65-8d9d-a0b9e31fc35a,3c7ed676-68b4-48b3-857b-4402eff80ab5,1626116616081,13.387855,52.4719379,4.5298877,-3.281145,-0.924222,-0.16295838,in backpack,cyclo cross,False,paving stones,good
d4efb84d-c733-4167-91a0-ed76ed83f2c5,f79114ec-eeea-4e65-8d9d-a0b9e31fc35a,720ccd1d-0d35-4d15-8a5b-d3282a28e338,1626116616131,13.387855,52.4719379,4.5298877,-0.8192315,0.046129942,-0.6485796,in backpack,cyclo cross,False,paving stones,good
d4efb84d-c733-4167-91a0-ed76ed83f2c5,f79114ec-eeea-4e65-8d9d-a0b9e31fc35a,4d6c6b93-c925-4686-9b0d-a249edcddf4e,1626116616182,13.387855,52.4719379,4.5298877,-0.20591068,-0.6376028,-0.09071374,in backpack,cyclo cross,False,paving stones,good
d4efb84d-c733-4167-91a0-ed76ed83f2c5,f79114ec-eeea-4e65-8d9d-a0b9e31fc35a,d0ba6762-5606-40bb-8127-d3141a545b75,1626116616233,13.387855,52.4719379,4.5298877,-3.0727675,0.63331175,-1.4099517,in backpack,cyclo cross,False,paving stones,good
d4efb84d-c733-4167-91a0-ed76ed83f2c5,f79114ec-eeea-4e65-8d9d-a0b9e31fc35a,e7e901ea-5e3c-4d24-85c9-53d3d6cf6757,1626116616284,13.387855,52.4719379,4.5298877,1.5267458,-0.9883703,0.3078196,in backpack,cyclo cross,False,paving stones,good
d4efb84d-c733-4167-91a0-ed76ed83f2c5,f79114ec-eeea-4e65-8d9d-a0b9e31fc35a,0fe3904c-8ec3-4949-ae1f-6265baa4a279,1626116616333,13.387855,52.4719379,4.5298877,4.814596,-0.062632084,-0.566072,in backpack,cyclo cross,False,paving stones,good
d4efb84d-c733-4167-91a0-ed76ed83f2c5,f79114ec-eeea-4e65-8d9d-a0b9e31fc35a,3a9f7ec6-8255-4db7-ac26-1fdc5cc8305b,1626116616383,13.387855,52.4719379,4.5298877,-0.538949,-0.9162917,0.08120084,in backpack,cyclo cross,False,paving stones,good
d4efb84d-c733-4167-91a0-ed76ed83f2c5,f79114ec-eeea-4e65-8d9d-a0b9e31fc35a,cfbf82c2-7f32-462f-80ec-b3f5689db00c,1626116616433,13.387855,52.4719379,4.5298877,0.07568264,-0.39594364,0.5763602,in backpack,cyclo cross,False,paving stones,good
d4efb84d-c733-4167-91a0-ed76ed83f2c5,f79114ec-eeea-4e65-8d9d-a0b9e31fc35a,c104afe4-821c-4dc0-8499-989e6f013c74,1626116616483,13.387855,52.4719379,4.5298877,0.13535786,0.80063534,0.28110313,in backpack,cyclo cross,False,paving stones,good
d4efb84d-c733-4167-91a0-ed76ed83f2c5,f79114ec-eeea-4e65-8d9d-a0b9e31fc35a,2b839918-9351-477b-b5e9-e83d8ac881e6,1626116616534,13.387855,52.4719379,4.5298877,-0.42108345,0.41266704,0.8238822,in backpack,cyclo cross,False,paving stones,good
d4efb84d-c733-4167-91a0-ed76ed83f2c5,f79114ec-eeea-4e65-8d9d-a0b9e31fc35a,8624f243-bd8f-463b-b3e9-896b6ad4adf4,1626116616583,13.387855,52.4719379,4.5298877,2.1652136,-0.18601418,0.090801954,in backpack,cyclo cross,False,paving stones,good
d4efb84d-c733-4167-91a0-ed76ed83f2c5,f79114ec-eeea-4e65-8d9d-a0b9e31fc35a,cf0150cb-a51a-4eb9-bbad-4897ed4b7726,1626116616633,13.387855,52.4719379,4.5298877,-1.1102514,-1.158342,-1.2020185,in backpack,cyclo cross,False,paving stones,good
d4efb84d-c733-4167-91a0-ed76ed83f2c5,f79114ec-eeea-4e65-8d9d-a0b9e31fc35a,e7414a95-0649-4b15-b3cb-87847ad2477f,1626116616683,13.387855,52.4719379,4.5298877,-1.180654,-1.5932236,-0.91204786,in backpack,cyclo cross,False,paving stones,good
d4efb84d-c733-4167-91a0-ed76ed83f2c5,f79114ec-eeea-4e65-8d9d-a0b9e31fc35a,d5c53bb6-26f8-4871-ab64-cb6c0e50447f,1626116616733,13.387855,52.4719379,4.5298877,0.0515728,-1.3582988,-0.4292245,in backpack,cyclo cross,False,paving stones,good
d4efb84d-c733-4167-91a0-ed76ed83f2c5,f79114ec-eeea-4e65-8d9d-a0b9e31fc35a,41c2f1d2-e893-4b60-befc-43cbca30cead,1626116616784,13.3878867,52.4719535,4.4494514,-0.26248837,0.028369904,-0.32450962,in backpack,cyclo cross,False,paving stones,good
d4efb84d-c733-4167-91a0-ed76ed83f2c5,f79114ec-eeea-4e65-8d9d-a0b9e31fc35a,eaeaeaca-0fe4-43e0-9e4a-341bd2ed2faa,1626116616834,13.3878867,52.4719535,4.4494514,0.23677635,-0.21533966,0.8477967,in backpack,cyclo cross,False,paving stones,good
d4efb84d-c733-4167-91a0-ed76ed83f2c5,f79114ec-eeea-4e65-8d9d-a0b9e31fc35a,86adab1e-bce1-4805-b632-2c52dd9bdc6a,1626116616884,13.3878867,52.4719535,4.4494514,-0.9073458,1.3423629,-0.0771513,in backpack,cyclo cross,False,paving stones,good
d4efb84d-c733-4167-91a0-ed76ed83f2c5,f79114ec-eeea-4e65-8d9d-a0b9e31fc35a,a0514947-14df-4085-9c1b-61de76307980,1626116616934,13.3878867,52.4719535,4.4494514,0.73148537,0.29198766,0.8111737,in backpack,cyclo cross,False,paving stones,good
d4efb84d-c733-4167-91a0-ed76ed83f2c5,f79114ec-eeea-4e65-8d9d-a0b9e31fc35a,6e93d54e-2983-4b93-bd95-327f71fe8763,1626116616984,13.3878867,52.4719535,4.4494514,2.0547018,0.22282529,-0.36222124,in backpack,cyclo cross,False,paving stones,good
d4efb84d-c733-4167-91a0-ed76ed83f2c5,f79114ec-eeea-4e65-8d9d-a0b9e31fc35a,ca4bf2fd-98a1-42dd-b6ac-5ea1befd917b,1626116617035,13.3878867,52.4719535,4.4494514,-2.9225178,0.43095183,-0.8715584,in backpack,cyclo cross,False,paving stones,good
d4efb84d-c733-4167-91a0-ed76ed83f2c5,f79114ec-eeea-4e65-8d9d-a0b9e31fc35a,aa7cbd43-8700-46b4-9203-570b2e4a46a2,1626116617085,13.3878867,52.4719535,4.4494514,-1.4060516,-0.37556028,-0.011513233,in backpack,cyclo cross,False,paving stones,good
d4efb84d-c733-4167-91a0-ed76ed83f2c5,f79114ec-eeea-4e65-8d9d-a0b9e31fc35a,2c50a752-47ac-4c3c-8245-10620599177d,1626116617136,13.3878867,52.4719535,4.4494514,2.1220646,0.8432162,-0.8178201,in backpack,cyclo cross,False,paving stones,good
d4efb84d-c733-4167-91a0-ed76ed83f2c5,f79114ec-eeea-4e65-8d9d-a0b9e31fc35a,daa31c85-a2ab-4f44-83fb-0a7787b614a4,1626116617186,13.3878867,52.4719535,4.4494514,0.30938435,0.1596973,0.06930828,in backpack,cyclo cross,False,paving stones,good
d4efb84d-c733-4167-91a0-ed76ed83f2c5,f79114ec-eeea-4e65-8d9d-a0b9e31fc35a,954965e1-5d0c-4349-83ff-1e501079fb7d,1626116617236,13.3878867,52.4719535,4.4494514,1.7084627,0.82579494,-0.46231413,in backpack,cyclo cross,False,paving stones,good
d4efb84d-c733-4167-91a0-ed76ed83f2c5,f79114ec-eeea-4e65-8d9d-a0b9e31fc35a,4174e612-a4ae-44c9-bc16-72e935312067,1626116617286,13.3878867,52.4719535,4.4494514,-0.6492038,-0.25507653,0.3960595,in backpack,cyclo cross,False,paving stones,good
d4efb84d-c733-4167-91a0-ed76ed83f2c5,f79114ec-eeea-4e65-8d9d-a0b9e31fc35a,bed07462-1292-473c-b0b5-7191b14a0279,1626116617336,13.3878867,52.4719535,4.4494514,-3.752133,0.006980896,1.3282186,in backpack,cyclo cross,False,paving stones,good
d4efb84d-c733-4167-91a0-ed76ed83f2c5,f79114ec-eeea-4e65-8d9d-a0b9e31fc35a,9c1dcfdd-64dc-40c5-9fb9-069bb3ca9d3b,1626116617386,13.3878867,52.4719535,4.4494514,-1.5860133,1.6414652,0.8254001,in backpack,cyclo cross,False,paving stones,good
d4efb84d-c733-4167-91a0-ed76ed83f2c5,f79114ec-eeea-4e65-8d9d-a0b9e31fc35a,57752889-50d7-4fdf-8058-5b446e4bc47b,1626116617436,13.3878867,52.4719535,4.4494514,7.886938,1.6423237,0.596498,in backpack,cyclo cross,False,paving stones,good
d4efb84d-c733-4167-91a0-ed76ed83f2c5,f79114ec-eeea-4e65-8d9d-a0b9e31fc35a,7923c6d5-f96a-4c4f-bb99-58774eca64e8,1626116617488,13.3878867,52.4719535,4.4494514,-0.1661501,0.9786353,-0.54491043,in backpack,cyclo cross,False,paving stones,good
d4efb84d-c733-4167-91a0-ed76ed83f2c5,f79114ec-eeea-4e65-8d9d-a0b9e31fc35a,8c0ca31d-8296-40ce-b34d-754b09009738,1626116617539,13.3878867,52.4719535,4.4494514,-0.9218397,-0.5869938,0.011897087,in backpack,cyclo cross,False,paving stones,good
d4efb84d-c733-4167-91a0-ed76ed83f2c5,f79114ec-eeea-4e65-8d9d-a0b9e31fc35a,3dff038c-38b9-4bce-81db-c624cd45843c,1626116617589,13.3878867,52.4719535,4.4494514,-0.3495617,0.08236289,-0.6510668,in backpack,cyclo cross,False,paving stones,good
d4efb84d-c733-4167-91a0-ed76ed83f2c5,f79114ec-eeea-4e65-8d9d-a0b9e31fc35a,8f1458c9-8ed9-4970-bb28-cfd0f0158292,1626116617639,13.3878867,52.4719535,4.4494514,-1.3485923,0.9827943,0.0012822151,in backpack,cyclo cross,False,paving stones,good
d4efb84d-c733-4167-91a0-ed76ed83f2c5,f79114ec-eeea-4e65-8d9d-a0b9e31fc35a,9d9c8cfc-73b8-4f9b-a3e8-912d9ecd1f13,1626116617689,13.3878867,52.4719535,4.4494514,-1.9375033,1.1048963,1.1049197,in backpack,cyclo cross,False,paving stones,good
d4efb84d-c733-4167-91a0-ed76ed83f2c5,f79114ec-eeea-4e65-8d9d-a0b9e31fc35a,2c582510-eae9-4af5-92da-801997e369b8,1626116617739,13.3878867,52.4719535,4.4494514,0.5480757,0.66837597,1.6791204,in backpack,cyclo cross,False,paving stones,good
d4efb84d-c733-4167-91a0-ed76ed83f2c5,f79114ec-eeea-4e65-8d9d-a0b9e31fc35a,29e0251e-d638-45b3-aa26-671eacd821c6,1626116617790,13.3878867,52.4719535,4.4494514,2.4021444,0.99955654,0.039061546,in backpack,cyclo cross,False,paving stones,good
d4efb84d-c733-4167-91a0-ed76ed83f2c5,f79114ec-eeea-4e65-8d9d-a0b9e31fc35a,ea1b00bb-8fae-48df-a716-1da6d2f591bd,1626116618042,13.3878867,52.4719535,4.4494514,2.881013,1.5330169,-0.4614954,in backpack,cyclo cross,False,paving stones,good
d4efb84d-c733-4167-91a0-ed76ed83f2c5,f79114ec-eeea-4e65-8d9d-a0b9e31fc35a,c21b770f-9ee3-47b1-9f2b-c0cf16e836f5,1626116618092,13.3878775,52.472024,5.2280517,-1.3522835,0.06741083,0.8710892,in backpack,cyclo cross,False,paving stones,good
d4efb84d-c733-4167-91a0-ed76ed83f2c5,f79114ec-eeea-4e65-8d9d-a0b9e31fc35a,a18ea3ec-9021-47a7-98e2-f6739129622c,1626116618142,13.3878775,52.472024,5.2280517,-2.9550138,-0.19757533,1.35202,in backpack,cyclo cross,False,paving stones,good
d4efb84d-c733-4167-91a0-ed76ed83f2c5,8d0a1080-c6fa-4553-abab-ccb071608935,d6f16d55-052e-457e-a975-cd188c78a893,1626116618042,13.3878867,52.4719535,4.4494514,2.881013,1.5330169,-0.4614954,in backpack,cyclo cross,False,paving stones,good
d4efb84d-c733-4167-91a0-ed76ed83f2c5,8d0a1080-c6fa-4553-abab-ccb071608935,adc50e1f-3dc1-45a5-a9d7-0f38510b9d1e,1626116618092,13.3878775,52.472024,5.2280517,-1.3522835,0.06741083,0.8710892,in backpack,cyclo cross,False,paving stones,good
d4efb84d-c733-4167-91a0-ed76ed83f2c5,8d0a1080-c6fa-4553-abab-ccb071608935,3b84bb70-8f46-4671-81b6-d063832261e7,1626116618142,13.3878775,52.472024,5.2280517,-2.9550138,-0.19757533,1.35202,in backpack,cyclo cross,False,paving stones,good
d4efb84d-c733-4167-91a0-ed76ed83f2c5,8d0a1080-c6fa-4553-abab-ccb071608935,246098d3-c9c6-413f-a0b5-89bbe0de3b2e,1626116618258,13.3878775,52.472024,5.2280517,-1.4633064,-0.3592912,1.1818416,in backpack,cyclo cross,False,paving stones,good
d4efb84d-c733-4167-91a0-ed76ed83f2c5,8d0a1080-c6fa-4553-abab-ccb071608935,1b5f31f1-3eab-431a-b275-ff7794857c5e,1626116618308,13.3878775,52.472024,5.2280517,-0.42236137,0.73661005,1.1492863,in backpack,cyclo cross,False,paving stones,good
d4efb84d-c733-4167-91a0-ed76ed83f2c5,8d0a1080-c6fa-4553-abab-ccb071608935,97f48738-2a44-4131-ae99-e662014f8ba7,1626116618358,13.3878775,52.472024,5.2280517,0.07033157,1.3296213,0.9067519,in backpack,cyclo cross,False,paving stones,good
d4efb84d-c733-4167-91a0-ed76ed83f2c5,8d0a1080-c6fa-4553-abab-ccb071608935,aa5deb03-53a1-4c12-99fe-f633378f84ff,1626116618408,13.3878775,52.472024,5.2280517,1.4867592,1.0162449,-0.01766634,in backpack,cyclo cross,False,paving stones,good
d4efb84d-c733-4167-91a0-ed76ed83f2c5,8d0a1080-c6fa-4553-abab-ccb071608935,2de76025-b659-4162-b504-0e49fda68c06,1626116618460,13.3878775,52.472024,5.2280517,-0.61168766,0.29418015,0.27480364,in backpack,cyclo cross,False,paving stones,good
d4efb84d-c733-4167-91a0-ed76ed83f2c5,8d0a1080-c6fa-4553-abab-ccb071608935,f3435d89-9a1c-40bd-b79c-c030135a7366,1626116618511,13.3878775,52.472024,5.2280517,-3.2684388,1.2833704,0.7999351,in backpack,cyclo cross,False,paving stones,good
d4efb84d-c733-4167-91a0-ed76ed83f2c5,8d0a1080-c6fa-4553-abab-ccb071608935,e0fda41a-9867-40b0-ba9f-b48fb921fa0c,1626116618560,13.3878775,52.472024,5.2280517,-1.7821088,1.3404894,1.3539174,in backpack,cyclo cross,False,paving stones,good
d4efb84d-c733-4167-91a0-ed76ed83f2c5,8d0a1080-c6fa-4553-abab-ccb071608935,ab69863f-0c6f-4622-979e-15ed204a4efb,1626116618610,13.3878775,52.472024,5.2280517,4.554823,2.1145902,0.57424426,in backpack,cyclo cross,False,paving stones,good
d4efb84d-c733-4167-91a0-ed76ed83f2c5,8d0a1080-c6fa-4553-abab-ccb071608935,376df208-7113-4b57-bce8-d063ffe4128b,1626116618660,13.3878775,52.472024,5.2280517,1.7710094,0.084819436,0.010526657,in backpack,cyclo cross,False,paving stones,good
d4efb84d-c733-4167-91a0-ed76ed83f2c5,8d0a1080-c6fa-4553-abab-ccb071608935,0958619e-0d72-4cec-8e54-40fee2980082,1626116618710,13.3878775,52.472024,5.2280517,-2.5704947,-0.83152324,1.251745,in backpack,cyclo cross,False,paving stones,good
d4efb84d-c733-4167-91a0-ed76ed83f2c5,8d0a1080-c6fa-4553-abab-ccb071608935,4a366366-dcdc-4324-9a46-19e0ea895f5f,1626116618760,13.3878775,52.472024,5.2280517,-2.2918997,0.5469029,0.72907543,in backpack,cyclo cross,False,paving stones,good
d4efb84d-c733-4167-91a0-ed76ed83f2c5,8d0a1080-c6fa-4553-abab-ccb071608935,2e6f3223-b73d-4914-8451-491a9659e70d,1626116618811,13.3878775,52.472024,5.2280517,1.945385,2.2935793,0.46906805,in backpack,cyclo cross,False,paving stones,good
d4efb84d-c733-4167-91a0-ed76ed83f2c5,8d0a1080-c6fa-4553-abab-ccb071608935,6f4c45a6-a93f-4f99-b59e-fb99843ce7f7,1626116618861,13.3878775,52.472024,5.2280517,2.084216,1.8398812,0.55942035,in backpack,cyclo cross,False,paving stones,good
d4efb84d-c733-4167-91a0-ed76ed83f2c5,8d0a1080-c6fa-4553-abab-ccb071608935,9f984ccd-b56b-4a56-b6de-0e21b32b908a,1626116618911,13.3878775,52.472024,5.2280517,-2.4829125,1.5355384,0.3064866,in backpack,cyclo cross,False,paving stones,good
d4efb84d-c733-4167-91a0-ed76ed83f2c5,8d0a1080-c6fa-4553-abab-ccb071608935,9b981417-f467-4696-93bb-cda89e3747be,1626116618962,13.3878775,52.472024,5.2280517,-0.96669626,0.44856465,0.9139488,in backpack,cyclo cross,False,paving stones,good
d4efb84d-c733-4167-91a0-ed76ed83f2c5,8d0a1080-c6fa-4553-abab-ccb071608935,73016e66-22d2-480c-b290-aa8d10a5f221,1626116619013,13.3878775,52.472024,5.2280517,1.5870752,0.085190296,1.2138147,in backpack,cyclo cross,False,paving stones,good
d4efb84d-c733-4167-91a0-ed76ed83f2c5,8d0a1080-c6fa-4553-abab-ccb071608935,ce1af44e-d7b9-4ce8-b893-03826718bed6,1626116619064,13.3878762,52.4720699,5.6257887,1.2023563,0.67946434,1.0560136,in backpack,cyclo cross,False,paving stones,good
d4efb84d-c733-4167-91a0-ed76ed83f2c5,8d0a1080-c6fa-4553-abab-ccb071608935,51c2e2c6-1a35-41d7-9599-97a560d37742,1626116619116,13.3878762,52.4720699,5.6257887,2.0383358,1.3049631,1.219516,in backpack,cyclo cross,False,paving stones,good
d4efb84d-c733-4167-91a0-ed76ed83f2c5,8d0a1080-c6fa-4553-abab-ccb071608935,520c7cbe-e46d-4a12-9d0b-7a3e7a245792,1626116619165,13.3878762,52.4720699,5.6257887,0.31483173,2.3412507,1.2091022,in backpack,cyclo cross,False,paving stones,good
d4efb84d-c733-4167-91a0-ed76ed83f2c5,8d0a1080-c6fa-4553-abab-ccb071608935,faeb7ba9-d23c-41aa-9c18-454b2766b93f,1626116619215,13.3878762,52.4720699,5.6257887,-1.6328149,1.3748803,1.1359475,in backpack,cyclo cross,False,paving stones,good
d4efb84d-c733-4167-91a0-ed76ed83f2c5,8d0a1080-c6fa-4553-abab-ccb071608935,1d72abd9-0a75-47e8-98de-b381d23f7894,1626116619265,13.3878762,52.4720699,5.6257887,-0.15091705,1.6483233,0.0086865425,in backpack,cyclo cross,False,paving stones,good
d4efb84d-c733-4167-91a0-ed76ed83f2c5,8d0a1080-c6fa-4553-abab-ccb071608935,124b1ebf-6881-44ac-b8f2-4fa42f375377,1626116619315,13.3878762,52.4720699,5.6257887,0.80152607,1.5018017,0.24159765,in backpack,cyclo cross,False,paving stones,good
d4efb84d-c733-4167-91a0-ed76ed83f2c5,8d0a1080-c6fa-4553-abab-ccb071608935,757ab548-0ef3-4c8c-b61c-2a7397db070b,1626116619365,13.3878762,52.4720699,5.6257887,-0.13533497,0.70128345,2.3329132,in backpack,cyclo cross,False,paving stones,good
d4efb84d-c733-4167-91a0-ed76ed83f2c5,8d0a1080-c6fa-4553-abab-ccb071608935,635ebe37-496e-4bba-84c5-98ad7d2bcf8c,1626116619416,13.3878762,52.4720699,5.6257887,1.654521,1.4313767,0.3934431,in backpack,cyclo cross,False,paving stones,good
d4efb84d-c733-4167-91a0-ed76ed83f2c5,8d0a1080-c6fa-4553-abab-ccb071608935,016f1701-df22-4c16-808c-9af19673d664,1626116619467,13.3878762,52.4720699,5.6257887,0.7601242,0.43596864,0.40075827,in backpack,cyclo cross,False,paving stones,good
d4efb84d-c733-4167-91a0-ed76ed83f2c5,8d0a1080-c6fa-4553-abab-ccb071608935,8fb6deec-429f-4430-9251-4f6e084bf177,1626116619518,13.3878762,52.4720699,5.6257887,-2.494278,-0.62793726,1.1775231,in backpack,cyclo cross,False,paving stones,good
d4efb84d-c733-4167-91a0-ed76ed83f2c5,8d0a1080-c6fa-4553-abab-ccb071608935,618c84e5-246c-43aa-9ca7-2e80015da6f6,1626116619568,13.3878762,52.4720699,5.6257887,-1.2543497,0.6023344,0.13633537,in backpack,cyclo cross,False,paving stones,good
d4efb84d-c733-4167-91a0-ed76ed83f2c5,8d0a1080-c6fa-4553-abab-ccb071608935,c24bd893-b001-43dc-99d0-883ca67f3b7a,1626116619618,13.3878762,52.4720699,5.6257887,2.6993227,1.1758995,-0.21173382,in backpack,cyclo cross,False,paving stones,good
d4efb84d-c733-4167-91a0-ed76ed83f2c5,8d0a1080-c6fa-4553-abab-ccb071608935,d61eb181-849d-4b5c-a851-873e90d4c75b,1626116619668,13.3878762,52.4720699,5.6257887,2.6849623,2.6934412,0.0061535835,in backpack,cyclo cross,False,paving stones,good
d4efb84d-c733-4167-91a0-ed76ed83f2c5,8d0a1080-c6fa-4553-abab-ccb071608935,57130f4f-831d-4d21-8200-a6f4ec9d7579,1626116619719,13.3878762,52.4720699,5.6257887,-0.92504454,1.0776999,1.9083989,in backpack,cyclo cross,False,paving stones,good
d4efb84d-c733-4167-91a0-ed76ed83f2c5,8d0a1080-c6fa-4553-abab-ccb071608935,0411fbf3-13c4-4882-918e-8692da895672,1626116619769,13.3878762,52.4720699,5.6257887,-3.7812805,0.23825419,1.8750665,in backpack,cyclo cross,False,paving stones,good
d4efb84d-c733-4167-91a0-ed76ed83f2c5,8d0a1080-c6fa-4553-abab-ccb071608935,2456fea7-bf6f-4953-8dd3-66923dd7e5f0,1626116619820,13.3878762,52.4720699,5.6257887,-1.4655523,0.56559014,1.2462113,in backpack,cyclo cross,False,paving stones,good
d4efb84d-c733-4167-91a0-ed76ed83f2c5,8d0a1080-c6fa-4553-abab-ccb071608935,8927ab06-9484-4d2c-9ebc-d8904c54986e,1626116619871,13.3878762,52.4720699,5.6257887,4.067687,2.150781,0.7781632,in backpack,cyclo cross,False,paving stones,good
d4efb84d-c733-4167-91a0-ed76ed83f2c5,8d0a1080-c6fa-4553-abab-ccb071608935,abc58bed-b81f-4b1a-9816-ffd9d24414cd,1626116619921,13.3878762,52.4720699,5.6257887,3.034709,2.4891117,1.1440609,in backpack,cyclo cross,False,paving stones,good
d4efb84d-c733-4167-91a0-ed76ed83f2c5,8d0a1080-c6fa-4553-abab-ccb071608935,3cb45250-208c-40c7-bb09-33234022af44,1626116619971,13.3878762,52.4720699,5.6257887,0.7686291,0.991642,1.1585786,in backpack,cyclo cross,False,paving stones,good
d4efb84d-c733-4167-91a0-ed76ed83f2c5,8d0a1080-c6fa-4553-abab-ccb071608935,4f519034-d99b-42ae-9924-504d604c3384,1626116620021,13.3878762,52.4720699,5.6257887,-0.539691,1.0209391,0.021442413,in backpack,cyclo cross,False,paving stones,good
d4efb84d-c733-4167-91a0-ed76ed83f2c5,8d0a1080-c6fa-4553-abab-ccb071608935,847c502f-d472-4c5b-a5d6-d6ae11bf0b67,1626116620071,13.3878938,52.4721194,5.8251762,0.77742386,-0.17228663,-0.42056036,in backpack,cyclo cross,False,paving stones,good
d4efb84d-c733-4167-91a0-ed76ed83f2c5,8d0a1080-c6fa-4553-abab-ccb071608935,a93fcff1-f9a4-4b27-8e15-1c56995872ee,1626116620121,13.3878938,52.4721194,5.8251762,-0.75951815,1.080652,0.23508883,in backpack,cyclo cross,False,paving stones,good
d4efb84d-c733-4167-91a0-ed76ed83f2c5,8d0a1080-c6fa-4553-abab-ccb071608935,8c1f8500-3773-427b-874b-36ec70873861,1626116620172,13.3878938,52.4721194,5.8251762,-1.3923106,1.551656,1.2980249,in backpack,cyclo cross,False,paving stones,good
d4efb84d-c733-4167-91a0-ed76ed83f2c5,8d0a1080-c6fa-4553-abab-ccb071608935,9333af2e-5af5-409f-b71f-186ff970488c,1626116620223,13.3878938,52.4721194,5.8251762,1.7790556,0.9566357,1.736479,in backpack,cyclo cross,False,paving stones,good
d4efb84d-c733-4167-91a0-ed76ed83f2c5,8d0a1080-c6fa-4553-abab-ccb071608935,3e6fea19-5697-40cb-b490-594f7d5256cc,1626116620273,13.3878938,52.4721194,5.8251762,0.19319916,-0.10678685,0.77265143,in backpack,cyclo cross,False,paving stones,good
d4efb84d-c733-4167-91a0-ed76ed83f2c5,8d0a1080-c6fa-4553-abab-ccb071608935,375fa0f0-2c3c-408d-8dbf-06cb356d7301,1626116620323,13.3878938,52.4721194,5.8251762,-1.1813555,-1.343123,1.0773559,in backpack,cyclo cross,False,paving stones,good
d4efb84d-c733-4167-91a0-ed76ed83f2c5,8d0a1080-c6fa-4553-abab-ccb071608935,33ed6e97-a4e9-4a5c-92b8-d8ecf4426b12,1626116620373,13.3878938,52.4721194,5.8251762,0.42741203,-0.68569076,1.0336714,in backpack,cyclo cross,False,paving stones,good
d4efb84d-c733-4167-91a0-ed76ed83f2c5,8d0a1080-c6fa-4553-abab-ccb071608935,5e272a5b-868e-4dd4-b65c-901fa75e3a16,1626116620423,13.3878938,52.4721194,5.8251762,-0.26178455,1.3767815,-0.3674338,in backpack,cyclo cross,False,paving stones,good
d4efb84d-c733-4167-91a0-ed76ed83f2c5,8d0a1080-c6fa-4553-abab-ccb071608935,dbd88fe6-5404-4467-893c-a5d179e7d349,1626116620473,13.3878938,52.4721194,5.8251762,2.8100681,1.8904862,-0.50431633,in backpack,cyclo cross,False,paving stones,good
d4efb84d-c733-4167-91a0-ed76ed83f2c5,8d0a1080-c6fa-4553-abab-ccb071608935,04a7fd87-72a2-48bd-81ba-6cd9d409022a,1626116620523,13.3878938,52.4721194,5.8251762,-1.5852709,-0.39117718,1.0869458,in backpack,cyclo cross,False,paving stones,good
d4efb84d-c733-4167-91a0-ed76ed83f2c5,8d0a1080-c6fa-4553-abab-ccb071608935,3d91a7b2-5da0-4ad8-a61b-8bb1ac860b67,1626116620573,13.3878938,52.4721194,5.8251762,-5.3775544,-0.8414979,2.016763,in backpack,cyclo cross,False,paving stones,good
d4efb84d-c733-4167-91a0-ed76ed83f2c5,8d0a1080-c6fa-4553-abab-ccb071608935,3bc84183-d2ac-4c49-9638-23e9e1685335,1626116620623,13.3878938,52.4721194,5.8251762,-2.2020535,2.8771644,0.13655043,in backpack,cyclo cross,False,paving stones,good
d4efb84d-c733-4167-91a0-ed76ed83f2c5,8d0a1080-c6fa-4553-abab-ccb071608935,6a72eb00-ef40-454e-95c8-59e727d5a514,1626116620673,13.3878938,52.4721194,5.8251762,3.7506704,2.602715,2.2744834,in backpack,cyclo cross,False,paving stones,good
d4efb84d-c733-4167-91a0-ed76ed83f2c5,8d0a1080-c6fa-4553-abab-ccb071608935,a9206c47-5191-44c4-98c6-b62b7f97f3ea,1626116620723,13.3878938,52.4721194,5.8251762,3.2285986,1.9057374,0.6318414,in backpack,cyclo cross,False,paving stones,good
d4efb84d-c733-4167-91a0-ed76ed83f2c5,8d0a1080-c6fa-4553-abab-ccb071608935,fff9daa7-b7af-4c2f-9a67-09616f8499e4,1626116620773,13.3878938,52.4721194,5.8251762,4.810584,-0.16983199,-1.0436168,in backpack,cyclo cross,False,paving stones,good
d4efb84d-c733-4167-91a0-ed76ed83f2c5,8d0a1080-c6fa-4553-abab-ccb071608935,a8036abe-dc57-430d-91b1-d38cb93556d9,1626116620824,13.3878938,52.4721194,5.8251762,0.4373865,-2.2318242,-1.6480398,in backpack,cyclo cross,False,paving stones,good
d4efb84d-c733-4167-91a0-ed76ed83f2c5,8d0a1080-c6fa-4553-abab-ccb071608935,c2065a18-b6b1-4627-a7a9-2bb1bf16c0d6,1626116620874,13.3878938,52.4721194,5.8251762,-5.3353415,-2.4644737,0.22912407,in backpack,cyclo cross,False,paving stones,good
d4efb84d-c733-4167-91a0-ed76ed83f2c5,8d0a1080-c6fa-4553-abab-ccb071608935,70f16740-7e61-4ef6-b33b-2bdcaca228f3,1626116620925,13.3878938,52.4721194,5.8251762,-4.798683,-3.0089097,1.0635321,in backpack,cyclo cross,False,paving stones,good
d4efb84d-c733-4167-91a0-ed76ed83f2c5,8d0a1080-c6fa-4553-abab-ccb071608935,6d2f3e67-8b03-4f37-8f1c-3998e2a59afe,1626116620976,13.3878938,52.4721194,5.8251762,-1.0174212,-3.7063227,0.84637976,in backpack,cyclo cross,False,paving stones,good
d4efb84d-c733-4167-91a0-ed76ed83f2c5,8d0a1080-c6fa-4553-abab-ccb071608935,fb723dbf-3894-47d8-b896-522816f7ffb7,1626116621026,13.3878938,52.4721194,5.8251762,4.2393713,-2.3499503,-1.7766976,in backpack,cyclo cross,False,paving stones,good
d4efb84d-c733-4167-91a0-ed76ed83f2c5,8d0a1080-c6fa-4553-abab-ccb071608935,58ee7433-48b8-4abf-9dbc-78c134479c56,1626116621076,13.3879433,52.4721618,6.717034,3.2510061,-0.44442332,0.10315418,in backpack,cyclo cross,False,paving stones,good
d4efb84d-c733-4167-91a0-ed76ed83f2c5,8d0a1080-c6fa-4553-abab-ccb071608935,495929c7-4c76-4114-822f-9715c11661da,1626116621125,13.3879433,52.4721618,6.717034,-0.03548813,0.79754186,1.7973672,in backpack,cyclo cross,False,paving stones,good
d4efb84d-c733-4167-91a0-ed76ed83f2c5,8d0a1080-c6fa-4553-abab-ccb071608935,cc78c759-e056-4a7a-8f4f-51b4ff9e85ce,1626116621176,13.3879433,52.4721618,6.717034,-2.0422864,2.581771,-0.0179255,in backpack,cyclo cross,False,paving stones,good
d4efb84d-c733-4167-91a0-ed76ed83f2c5,8d0a1080-c6fa-4553-abab-ccb071608935,4614d434-957f-4dd2-8779-5b90e0d3fbe9,1626116621226,13.3879433,52.4721618,6.717034,1.2357893,1.6384964,0.51068544,in backpack,cyclo cross,False,paving stones,good
d4efb84d-c733-4167-91a0-ed76ed83f2c5,8d0a1080-c6fa-4553-abab-ccb071608935,7ec554bc-76ca-4fa1-9206-7c4c0717c45d,1626116621277,13.3879433,52.4721618,6.717034,-0.41580296,-0.62535095,-0.010665655,in backpack,cyclo cross,False,paving stones,good
d4efb84d-c733-4167-91a0-ed76ed83f2c5,8d0a1080-c6fa-4553-abab-ccb071608935,398a47ea-95f5-4f04-b73c-db94685a3bca,1626116621327,13.3879433,52.4721618,6.717034,-1.067977,-2.144023,0.37153435,in backpack,cyclo cross,False,paving stones,good
d4efb84d-c733-4167-91a0-ed76ed83f2c5,8d0a1080-c6fa-4553-abab-ccb071608935,6ff0447e-2cd9-4265-9bf4-711de4d29f0c,1626116621377,13.3879433,52.4721618,6.717034,-0.5090165,-2.0053592,0.5148928,in backpack,cyclo cross,False,paving stones,good
d4efb84d-c733-4167-91a0-ed76ed83f2c5,8d0a1080-c6fa-4553-abab-ccb071608935,cec98028-e2c6-438a-938d-27cd34c5b048,1626116621427,13.3879433,52.4721618,6.717034,2.2756777,-0.46897757,-1.4111505,in backpack,cyclo cross,False,paving stones,good
d4efb84d-c733-4167-91a0-ed76ed83f2c5,8d0a1080-c6fa-4553-abab-ccb071608935,09668d31-e21d-4b40-aaef-323c0a0ffd04,1626116621477,13.3879433,52.4721618,6.717034,-0.80161,-0.6228727,0.7859764,in backpack,cyclo cross,False,paving stones,good
d4efb84d-c733-4167-91a0-ed76ed83f2c5,8d0a1080-c6fa-4553-abab-ccb071608935,6095c982-e9d3-4219-9e8a-7f0efb6ba476,1626116621527,13.3879433,52.4721618,6.717034,-2.2709627,0.004270315,0.9140198,in backpack,cyclo cross,False,paving stones,good
d4efb84d-c733-4167-91a0-ed76ed83f2c5,8d0a1080-c6fa-4553-abab-ccb071608935,86500721-a95b-4a37-b455-ac5410f8ec8f,1626116621577,13.3879433,52.4721618,6.717034,1.2781019,0.93994737,0.3955989,in backpack,cyclo cross,False,paving stones,good
d4efb84d-c733-4167-91a0-ed76ed83f2c5,8d0a1080-c6fa-4553-abab-ccb071608935,1f776a9e-6aa5-4bd5-8232-20a594ae9c04,1626116621627,13.3879433,52.4721618,6.717034,5.5892286,0.8603685,-1.2893715,in backpack,cyclo cross,False,paving stones,good
d4efb84d-c733-4167-91a0-ed76ed83f2c5,8d0a1080-c6fa-4553-abab-ccb071608935,c866e1a6-6b95-4025-941f-95b155b214e0,1626116621677,13.3879433,52.4721618,6.717034,-1.8763309,-0.45438528,-0.53891253,in backpack,cyclo cross,False,paving stones,good
d4efb84d-c733-4167-91a0-ed76ed83f2c5,8d0a1080-c6fa-4553-abab-ccb071608935,9961cea6-3a7f-4cfe-a6c5-19a15940a6b4,1626116621727,13.3879433,52.4721618,6.717034,-3.6553922,-0.675331,0.26105714,in backpack,cyclo cross,False,paving stones,good
d4efb84d-c733-4167-91a0-ed76ed83f2c5,8d0a1080-c6fa-4553-abab-ccb071608935,2cead9e7-3511-4df6-bb5d-c00d56b58982,1626116621777,13.3879433,52.4721618,6.717034,-1.2375932,-1.4440119,0.54361653,in backpack,cyclo cross,False,paving stones,good
d4efb84d-c733-4167-91a0-ed76ed83f2c5,8d0a1080-c6fa-4553-abab-ccb071608935,3d0c04b0-dadb-4637-b46d-380707aea17e,1626116621827,13.3879433,52.4721618,6.717034,2.9591093,0.74898195,-2.5666828,in backpack,cyclo cross,False,paving stones,good
d4efb84d-c733-4167-91a0-ed76ed83f2c5,8d0a1080-c6fa-4553-abab-ccb071608935,3583e7c8-7015-4c25-92df-0241952fb683,1626116621878,13.3879433,52.4721618,6.717034,4.6382484,-1.9289422,0.3074255,in backpack,cyclo cross,False,paving stones,good
d4efb84d-c733-4167-91a0-ed76ed83f2c5,8d0a1080-c6fa-4553-abab-ccb071608935,8fc39d3b-ebe3-45d4-b79e-9ffe42e163e0,1626116621928,13.3879433,52.4721618,6.717034,5.0453568,-2.3983412,-0.23681998,in backpack,cyclo cross,False,paving stones,good
d4efb84d-c733-4167-91a0-ed76ed83f2c5,8d0a1080-c6fa-4553-abab-ccb071608935,5a6b473c-c997-4d82-81e6-9afe2ec7d08d,1626116621978,13.3879433,52.4721618,6.717034,-6.6358204,0.25926948,-2.1393733,in backpack,cyclo cross,False,paving stones,good
d4efb84d-c733-4167-91a0-ed76ed83f2c5,8d0a1080-c6fa-4553-abab-ccb071608935,cfff5a04-f9e0-4568-a590-f96e4d7f3192,1626116622028,13.3879433,52.4721618,6.717034,-3.7241411,-1.1961375,1.1766486,in backpack,cyclo cross,False,paving stones,good
d4efb84d-c733-4167-91a0-ed76ed83f2c5,8d0a1080-c6fa-4553-abab-ccb071608935,d607a140-ff8b-41a3-b031-ae1d7accaf1c,1626116622078,13.3880139,52.4722035,6.556111,-3.3672547,1.4514251,-0.55780077,in backpack,cyclo cross,False,paving stones,good
