bike_activity_uid,bike_activity_sample_uid,bike_activity_measurement,bike_activity_measurement_timestamp,bike_activity_measurement_lon,bike_activity_measurement_lat,bike_activity_measurement_speed,bike_activity_measurement_accelerometer_x,bike_activity_measurement_accelerometer_y,bike_activity_measurement_accelerometer_z,bike_activity_phone_position,bike_activity_bike_type,bike_activity_flagged_lab_conditions,bike_activity_surface_type,bike_activity_smoothness_type
f4ee5635-8bf4-4b5a-96e4-b3a42f385893,c4715efd-5856-4d05-acc8-dcbc3522d5af,7cfc3d4d-d515-4155-b699-a698f8d9b803,1633170282031,14.4011999,52.2492392,6.4959283,-0.23623355,1.6080334,-1.1157684,on bike mount,cyclo cross,True,asphalt,excellent
f4ee5635-8bf4-4b5a-96e4-b3a42f385893,c4715efd-5856-4d05-acc8-dcbc3522d5af,c2a985d3-e879-4fc0-8821-6e4375c96826,1633170282081,14.4011999,52.2492392,6.4959283,-1.0620455,0.6094341,-1.441514,on bike mount,cyclo cross,True,asphalt,excellent
f4ee5635-8bf4-4b5a-96e4-b3a42f385893,c4715efd-5856-4d05-acc8-dcbc3522d5af,4b269c6a-e3c0-4c9c-844e-8211857f99be,1633170282131,14.4011999,52.2492392,6.4959283,0.64987,0.5242777,0.8818817,on bike mount,cyclo cross,True,asphalt,excellent
f4ee5635-8bf4-4b5a-96e4-b3a42f385893,c4715efd-5856-4d05-acc8-dcbc3522d5af,07a33b87-965a-4b53-b213-ba13b107791e,1633170282181,14.4011999,52.2492392,6.4959283,-1.6047941,0.9276025,-1.8873949,on bike mount,cyclo cross,True,asphalt,excellent
f4ee5635-8bf4-4b5a-96e4-b3a42f385893,c4715efd-5856-4d05-acc8-dcbc3522d5af,e6cd2487-961d-4963-8e6f-706deb672e1f,1633170282231,14.4011999,52.2492392,6.4959283,-0.60233223,-1.1786356,-0.5839977,on bike mount,cyclo cross,True,asphalt,excellent
f4ee5635-8bf4-4b5a-96e4-b3a42f385893,c4715efd-5856-4d05-acc8-dcbc3522d5af,b9dd2fef-5e20-40b9-80e5-1d87fdec302f,1633170282281,14.4011999,52.2492392,6.4959283,-0.058924377,-0.6466949,0.5033674,on bike mount,cyclo cross,True,asphalt,excellent
f4ee5635-8bf4-4b5a-96e4-b3a42f385893,c4715efd-5856-4d05-acc8-dcbc3522d5af,7f2c0969-d89b-478b-a259-a4c7cba63174,1633170282331,14.4011999,52.2492392,6.4959283,0.3979901,-0.4217658,0.3278618,on bike mount,cyclo cross,True,asphalt,excellent
f4ee5635-8bf4-4b5a-96e4-b3a42f385893,c4715efd-5856-4d05-acc8-dcbc3522d5af,1a4e48aa-99ec-4d56-bab9-3fb944c3bbd1,1633170282382,14.4011999,52.2492392,6.4959283,-0.7978927,0.86651874,-0.42339134,on bike mount,cyclo cross,True,asphalt,excellent
f4ee5635-8bf4-4b5a-96e4-b3a42f385893,c4715efd-5856-4d05-acc8-dcbc3522d5af,f2698842-bd80-4d42-ae9d-a7747ee1b0d1,1633170282431,14.4011999,52.2492392,6.4959283,0.66870767,-0.46534944,0.48157597,on bike mount,cyclo cross,True,asphalt,excellent
f4ee5635-8bf4-4b5a-96e4-b3a42f385893,c4715efd-5856-4d05-acc8-dcbc3522d5af,2a9ba14e-bb8d-49ba-8584-365d34a8427e,1633170282482,14.4011999,52.2492392,6.4959283,0.17279002,-0.593683,-1.0053897,on bike mount,cyclo cross,True,asphalt,excellent
f4ee5635-8bf4-4b5a-96e4-b3a42f385893,c4715efd-5856-4d05-acc8-dcbc3522d5af,b5a2807a-fcce-4054-90ac-aa9d4babc88e,1633170282532,14.4011999,52.2492392,6.4959283,0.26959097,0.16462731,-1.2277951,on bike mount,cyclo cross,True,asphalt,excellent
f4ee5635-8bf4-4b5a-96e4-b3a42f385893,c4715efd-5856-4d05-acc8-dcbc3522d5af,f596ef3c-17de-45dc-96c3-12710e8946fb,1633170282597,14.4011999,52.2492392,6.4959283,-0.6218349,-1.4233289,-1.893045,on bike mount,cyclo cross,True,asphalt,excellent
f4ee5635-8bf4-4b5a-96e4-b3a42f385893,c4715efd-5856-4d05-acc8-dcbc3522d5af,75b2ecb6-97ff-4390-8576-d2976e47fd35,1633170282649,14.4011999,52.2492392,6.4959283,-0.4275987,0.24700451,1.0668106,on bike mount,cyclo cross,True,asphalt,excellent
f4ee5635-8bf4-4b5a-96e4-b3a42f385893,c4715efd-5856-4d05-acc8-dcbc3522d5af,220ad81b-8ba4-4bb7-8f56-d98b0a1b4c25,1633170282699,14.4011999,52.2492392,6.4959283,2.0309966,1.2426739,-1.1579008,on bike mount,cyclo cross,True,asphalt,excellent
f4ee5635-8bf4-4b5a-96e4-b3a42f385893,c4715efd-5856-4d05-acc8-dcbc3522d5af,9273986d-f9b4-4915-9167-44b5e949e726,1633170282765,14.4011999,52.2492392,6.4959283,0.39866772,-0.11623955,-1.6550813,on bike mount,cyclo cross,True,asphalt,excellent
f4ee5635-8bf4-4b5a-96e4-b3a42f385893,c4715efd-5856-4d05-acc8-dcbc3522d5af,ddcaac4b-ebc0-4918-a7c0-fef481dd8743,1633170282816,14.4011999,52.2492392,6.4959283,-0.860284,0.42203093,0.93455696,on bike mount,cyclo cross,True,asphalt,excellent
f4ee5635-8bf4-4b5a-96e4-b3a42f385893,c4715efd-5856-4d05-acc8-dcbc3522d5af,2896bb05-bdb9-410d-99e9-e19d2e9096c3,1633170282882,14.4011999,52.2492392,6.4959283,0.33262908,-0.15880656,-0.12577629,on bike mount,cyclo cross,True,asphalt,excellent
f4ee5635-8bf4-4b5a-96e4-b3a42f385893,c4715efd-5856-4d05-acc8-dcbc3522d5af,ae0facc7-89f4-4979-b5b7-3cbe691ebf85,1633170282934,14.4011999,52.2492392,6.4959283,-0.38874143,-0.39551342,-5.118868,on bike mount,cyclo cross,True,asphalt,excellent
f4ee5635-8bf4-4b5a-96e4-b3a42f385893,c4715efd-5856-4d05-acc8-dcbc3522d5af,dc2dd8d8-7131-4b27-9c2e-4df20a686eb3,1633170282999,14.4012806,52.2492024,6.5230927,-0.62779355,0.12129402,1.9899397,on bike mount,cyclo cross,True,asphalt,excellent
f4ee5635-8bf4-4b5a-96e4-b3a42f385893,c4715efd-5856-4d05-acc8-dcbc3522d5af,18a786af-354e-4359-bf09-3df75011c076,1633170283049,14.4012806,52.2492024,6.5230927,1.7965722,2.0760455,-4.0924478,on bike mount,cyclo cross,True,asphalt,excellent
f4ee5635-8bf4-4b5a-96e4-b3a42f385893,c4715efd-5856-4d05-acc8-dcbc3522d5af,4f568a5d-4cb2-4745-b5ff-986f22d955e5,1633170283099,14.4012806,52.2492024,6.5230927,-0.5586693,-1.2368723,1.7387743,on bike mount,cyclo cross,True,asphalt,excellent
f4ee5635-8bf4-4b5a-96e4-b3a42f385893,c4715efd-5856-4d05-acc8-dcbc3522d5af,fe4e8ad7-cbf2-431a-bcbd-dd80e2cbfb5e,1633170283150,14.4012806,52.2492024,6.5230927,-0.34407353,-0.56836057,0.5351057,on bike mount,cyclo cross,True,asphalt,excellent
f4ee5635-8bf4-4b5a-96e4-b3a42f385893,c4715efd-5856-4d05-acc8-dcbc3522d5af,b439ec47-9c0f-436e-aa2b-76df39e59310,1633170283201,14.4012806,52.2492024,6.5230927,0.07646593,-2.8577237,-0.37032604,on bike mount,cyclo cross,True,asphalt,excellent
f4ee5635-8bf4-4b5a-96e4-b3a42f385893,c4715efd-5856-4d05-acc8-dcbc3522d5af,0a9fa5f3-794f-4032-a928-ea09953a00a2,1633170283267,14.4012806,52.2492024,6.5230927,0.10889667,-2.0280845,-0.24492455,on bike mount,cyclo cross,True,asphalt,excellent
f4ee5635-8bf4-4b5a-96e4-b3a42f385893,c4715efd-5856-4d05-acc8-dcbc3522d5af,1c871fc4-0ff3-443e-9426-4fd7b558781e,1633170283316,14.4012806,52.2492024,6.5230927,1.051558,-0.7327912,-1.0066128,on bike mount,cyclo cross,True,asphalt,excellent
f4ee5635-8bf4-4b5a-96e4-b3a42f385893,c4715efd-5856-4d05-acc8-dcbc3522d5af,1a22f521-2dbd-40b9-b960-4fc6b730b461,1633170283366,14.4012806,52.2492024,6.5230927,-1.060419,1.9973531,-0.31034565,on bike mount,cyclo cross,True,asphalt,excellent
f4ee5635-8bf4-4b5a-96e4-b3a42f385893,c4715efd-5856-4d05-acc8-dcbc3522d5af,5c458500-b6f3-4d37-a765-01284e6f4921,1633170283417,14.4012806,52.2492024,6.5230927,0.07651008,-0.12491846,2.7815313,on bike mount,cyclo cross,True,asphalt,excellent
f4ee5635-8bf4-4b5a-96e4-b3a42f385893,c4715efd-5856-4d05-acc8-dcbc3522d5af,ba944552-7db1-48f3-8b13-7f6dae813934,1633170283467,14.4012806,52.2492024,6.5230927,-0.68084455,0.1501286,0.76705265,on bike mount,cyclo cross,True,asphalt,excellent
f4ee5635-8bf4-4b5a-96e4-b3a42f385893,c4715efd-5856-4d05-acc8-dcbc3522d5af,dba4c918-fb16-44c1-b45b-532827fe4304,1633170283517,14.4012806,52.2492024,6.5230927,0.6504292,-1.6567174,0.17691994,on bike mount,cyclo cross,True,asphalt,excellent
f4ee5635-8bf4-4b5a-96e4-b3a42f385893,c4715efd-5856-4d05-acc8-dcbc3522d5af,2dd4095f-a8d4-4b01-95f1-f138984aebda,1633170283567,14.4012806,52.2492024,6.5230927,0.13525863,0.20663977,-1.1220412,on bike mount,cyclo cross,True,asphalt,excellent
f4ee5635-8bf4-4b5a-96e4-b3a42f385893,c4715efd-5856-4d05-acc8-dcbc3522d5af,3fd8056f-21d0-4cd6-8696-6ff6a75bb78a,1633170283618,14.4012806,52.2492024,6.5230927,-1.8876512,0.97711825,-1.6631203,on bike mount,cyclo cross,True,asphalt,excellent
f4ee5635-8bf4-4b5a-96e4-b3a42f385893,c4715efd-5856-4d05-acc8-dcbc3522d5af,ea6b79ad-c155-42fd-ba8c-ac4287f18039,1633170283668,14.4012806,52.2492024,6.5230927,0.8904897,0.017965555,0.9968157,on bike mount,cyclo cross,True,asphalt,excellent
f4ee5635-8bf4-4b5a-96e4-b3a42f385893,c4715efd-5856-4d05-acc8-dcbc3522d5af,0864a88e-e1b3-438a-a661-29105d00ec08,1633170283718,14.4012806,52.2492024,6.5230927,-1.7321875,-0.44832373,0.7995424,on bike mount,cyclo cross,True,asphalt,excellent
f4ee5635-8bf4-4b5a-96e4-b3a42f385893,c4715efd-5856-4d05-acc8-dcbc3522d5af,f6c94bb1-8fa1-4d36-bcee-a8c18f0738de,1633170283768,14.4012806,52.2492024,6.5230927,-1.0416707,-0.3529365,-0.62824345,on bike mount,cyclo cross,True,asphalt,excellent
f4ee5635-8bf4-4b5a-96e4-b3a42f385893,c4715efd-5856-4d05-acc8-dcbc3522d5af,d7f17c4e-38e0-46b0-b374-1e8b6aff7eef,1633170283818,14.4012806,52.2492024,6.5230927,0.39655304,0.77997327,0.07878399,on bike mount,cyclo cross,True,asphalt,excellent
f4ee5635-8bf4-4b5a-96e4-b3a42f385893,c4715efd-5856-4d05-acc8-dcbc3522d5af,400965ef-aaa9-422f-a5e1-170caef245cb,1633170283869,14.4012806,52.2492024,6.5230927,0.58160186,-0.11217356,0.10126495,on bike mount,cyclo cross,True,asphalt,excellent
f4ee5635-8bf4-4b5a-96e4-b3a42f385893,c4715efd-5856-4d05-acc8-dcbc3522d5af,f853b492-c3d9-4f69-bcd7-6357631189b1,1633170283918,14.4012806,52.2492024,6.5230927,-0.013212915,-0.5914531,3.8666296,on bike mount,cyclo cross,True,asphalt,excellent
f4ee5635-8bf4-4b5a-96e4-b3a42f385893,c4715efd-5856-4d05-acc8-dcbc3522d5af,1f9b357c-2dcd-40c6-afc8-1b8422862511,1633170283968,14.4013611,52.2491661,6.5521994,2.1152978,0.65047145,-1.2796893,on bike mount,cyclo cross,True,asphalt,excellent
f4ee5635-8bf4-4b5a-96e4-b3a42f385893,c4715efd-5856-4d05-acc8-dcbc3522d5af,19cd2abf-be3e-4975-b542-3f60f2b20585,1633170284018,14.4013611,52.2491661,6.5521994,0.06398717,1.115047,1.7483969,on bike mount,cyclo cross,True,asphalt,excellent
f4ee5635-8bf4-4b5a-96e4-b3a42f385893,c4715efd-5856-4d05-acc8-dcbc3522d5af,87040587-4bc2-48ee-a112-e568424241a8,1633170284068,14.4013611,52.2491661,6.5521994,0.52328223,-0.42343593,1.0003672,on bike mount,cyclo cross,True,asphalt,excellent
f4ee5635-8bf4-4b5a-96e4-b3a42f385893,c4715efd-5856-4d05-acc8-dcbc3522d5af,b9985804-9797-4b2a-8b5e-11b394ff82d8,1633170284118,14.4013611,52.2491661,6.5521994,-0.13647358,0.5928242,-2.1395216,on bike mount,cyclo cross,True,asphalt,excellent
f4ee5635-8bf4-4b5a-96e4-b3a42f385893,c4715efd-5856-4d05-acc8-dcbc3522d5af,b0e11c07-87f4-4194-b6b3-114ffaaf9afe,1633170284168,14.4013611,52.2491661,6.5521994,-1.7544832,0.43879986,-3.3640895,on bike mount,cyclo cross,True,asphalt,excellent
f4ee5635-8bf4-4b5a-96e4-b3a42f385893,c4715efd-5856-4d05-acc8-dcbc3522d5af,14f8ec88-92ae-4847-bbb9-5394ecf7b994,1633170284218,14.4013611,52.2491661,6.5521994,-0.66177213,-0.60158896,-0.28690147,on bike mount,cyclo cross,True,asphalt,excellent
f4ee5635-8bf4-4b5a-96e4-b3a42f385893,c4715efd-5856-4d05-acc8-dcbc3522d5af,e3979351-10a6-4dac-b43b-99780ac6738d,1633170284268,14.4013611,52.2491661,6.5521994,-0.22828756,0.897161,-1.731626,on bike mount,cyclo cross,True,asphalt,excellent
f4ee5635-8bf4-4b5a-96e4-b3a42f385893,c4715efd-5856-4d05-acc8-dcbc3522d5af,3ae88b20-d6e0-480e-905a-03b35dca3ada,1633170284318,14.4013611,52.2491661,6.5521994,-0.87437886,-2.209042,2.5754108,on bike mount,cyclo cross,True,asphalt,excellent
f4ee5635-8bf4-4b5a-96e4-b3a42f385893,c4715efd-5856-4d05-acc8-dcbc3522d5af,7be8d409-2430-498a-a390-50a2da0d07a9,1633170284368,14.4013611,52.2491661,6.5521994,-1.0423462,0.31110573,0.7700386,on bike mount,cyclo cross,True,asphalt,excellent
f4ee5635-8bf4-4b5a-96e4-b3a42f385893,c4715efd-5856-4d05-acc8-dcbc3522d5af,0f217323-5433-40aa-9c8e-4b7a95f6f879,1633170284418,14.4013611,52.2491661,6.5521994,-1.1940533,2.2956083,-1.0525494,on bike mount,cyclo cross,True,asphalt,excellent
f4ee5635-8bf4-4b5a-96e4-b3a42f385893,c4715efd-5856-4d05-acc8-dcbc3522d5af,71d5a3e2-7c3a-47ce-9fbf-289b5e2a8bbb,1633170284469,14.4013611,52.2491661,6.5521994,1.1989745,0.1856587,2.0080643,on bike mount,cyclo cross,True,asphalt,excellent
f4ee5635-8bf4-4b5a-96e4-b3a42f385893,c4715efd-5856-4d05-acc8-dcbc3522d5af,4dcb0442-e9b3-4359-9f5a-ededa7cf3a46,1633170284519,14.4013611,52.2491661,6.5521994,-2.4689882,-0.13647723,-1.7040205,on bike mount,cyclo cross,True,asphalt,excellent
f4ee5635-8bf4-4b5a-96e4-b3a42f385893,c4715efd-5856-4d05-acc8-dcbc3522d5af,33d776ba-1ef4-4ad8-bf9a-3d2e0ef75e77,1633170284584,14.4013611,52.2491661,6.5521994,0.8701042,-1.2837831,-0.38642216,on bike mount,cyclo cross,True,asphalt,excellent
f4ee5635-8bf4-4b5a-96e4-b3a42f385893,c4715efd-5856-4d05-acc8-dcbc3522d5af,dfcefd75-f2a9-43fb-825f-27e2984899aa,1633170284635,14.4013611,52.2491661,6.5521994,-0.0032315552,-0.4186728,0.080729485,on bike mount,cyclo cross,True,asphalt,excellent
f4ee5635-8bf4-4b5a-96e4-b3a42f385893,c4715efd-5856-4d05-acc8-dcbc3522d5af,8a09c50d-40ba-4094-bca0-2dfa3e959c47,1633170284686,14.4013611,52.2491661,6.5521994,-1.5167367,2.426159,0.008889198,on bike mount,cyclo cross,True,asphalt,excellent
f4ee5635-8bf4-4b5a-96e4-b3a42f385893,c4715efd-5856-4d05-acc8-dcbc3522d5af,b33083f4-93aa-489f-9171-e8d4b0f002d6,1633170284736,14.4013611,52.2491661,6.5521994,1.1336658,0.8284106,-0.8990822,on bike mount,cyclo cross,True,asphalt,excellent
f4ee5635-8bf4-4b5a-96e4-b3a42f385893,c4715efd-5856-4d05-acc8-dcbc3522d5af,8bcaf72a-1a07-45ab-bdde-c552a7278246,1633170284803,14.4013611,52.2491661,6.5521994,0.29649127,-0.30565333,-1.5187964,on bike mount,cyclo cross,True,asphalt,excellent
f4ee5635-8bf4-4b5a-96e4-b3a42f385893,c4715efd-5856-4d05-acc8-dcbc3522d5af,27d2fb8a-6080-4f4f-b338-cdfd5ad245b9,1633170284853,14.4013611,52.2491661,6.5521994,1.4547954,0.65516305,-1.9919839,on bike mount,cyclo cross,True,asphalt,excellent
f4ee5635-8bf4-4b5a-96e4-b3a42f385893,c4715efd-5856-4d05-acc8-dcbc3522d5af,b4f00cbe-9631-4dd7-a66f-5efdffb8ac37,1633170284903,14.4013611,52.2491661,6.5521994,0.47409475,1.3381209,-0.623868,on bike mount,cyclo cross,True,asphalt,excellent
f4ee5635-8bf4-4b5a-96e4-b3a42f385893,c4715efd-5856-4d05-acc8-dcbc3522d5af,a1339a09-d923-418c-8c77-0377558c1063,1633170284958,14.4013611,52.2491661,6.5521994,0.989657,-1.8899055,1.3250647,on bike mount,cyclo cross,True,asphalt,excellent
f4ee5635-8bf4-4b5a-96e4-b3a42f385893,c4715efd-5856-4d05-acc8-dcbc3522d5af,82d099c3-d1d8-4909-85a2-2746cea02ab9,1633170285018,14.4014423,52.2491303,6.5604606,0.70977414,0.3746183,1.9210958,on bike mount,cyclo cross,True,asphalt,excellent
f4ee5635-8bf4-4b5a-96e4-b3a42f385893,c4715efd-5856-4d05-acc8-dcbc3522d5af,4037f317-1751-4bff-ad91-aef51ee86abc,1633170285070,14.4014423,52.2491303,6.5604606,-0.16498408,2.5281644,-0.216815,on bike mount,cyclo cross,True,asphalt,excellent
f4ee5635-8bf4-4b5a-96e4-b3a42f385893,c4715efd-5856-4d05-acc8-dcbc3522d5af,94cf260e-bab7-48a9-b590-6a58a7da479c,1633170285120,14.4014423,52.2491303,6.5604606,0.52430856,-0.2242856,1.3163815,on bike mount,cyclo cross,True,asphalt,excellent
f4ee5635-8bf4-4b5a-96e4-b3a42f385893,c4715efd-5856-4d05-acc8-dcbc3522d5af,b73fc153-4334-473f-8bf3-013149d551a0,1633170285171,14.4014423,52.2491303,6.5604606,-1.9568421,1.0387273,-0.08436108,on bike mount,cyclo cross,True,asphalt,excellent
f4ee5635-8bf4-4b5a-96e4-b3a42f385893,c4715efd-5856-4d05-acc8-dcbc3522d5af,d774cd67-0448-4010-bae1-0e87572d9201,1633170285220,14.4014423,52.2491303,6.5604606,0.5671281,1.7769475,1.1083164,on bike mount,cyclo cross,True,asphalt,excellent
f4ee5635-8bf4-4b5a-96e4-b3a42f385893,c4715efd-5856-4d05-acc8-dcbc3522d5af,b27b334e-b078-4be5-85a9-f4b45789b5ef,1633170285270,14.4014423,52.2491303,6.5604606,0.4990825,-0.62230515,0.45148277,on bike mount,cyclo cross,True,asphalt,excellent
f4ee5635-8bf4-4b5a-96e4-b3a42f385893,c4715efd-5856-4d05-acc8-dcbc3522d5af,5500df9c-dcd7-477f-ae57-013d6458aa74,1633170285320,14.4014423,52.2491303,6.5604606,-1.6847222,-1.4997348,1.3280611,on bike mount,cyclo cross,True,asphalt,excellent
f4ee5635-8bf4-4b5a-96e4-b3a42f385893,c4715efd-5856-4d05-acc8-dcbc3522d5af,9c891dbd-173b-4ce9-bae7-f8cd84d5ada3,1633170285370,14.4014423,52.2491303,6.5604606,0.3125243,0.1327095,-2.326089,on bike mount,cyclo cross,True,asphalt,excellent
f4ee5635-8bf4-4b5a-96e4-b3a42f385893,c4715efd-5856-4d05-acc8-dcbc3522d5af,9b2ad799-5cb1-40d0-8f56-705ea9a89e83,1633170285421,14.4014423,52.2491303,6.5604606,-1.9264123,-2.3769855,2.3347492,on bike mount,cyclo cross,True,asphalt,excellent
f4ee5635-8bf4-4b5a-96e4-b3a42f385893,c4715efd-5856-4d05-acc8-dcbc3522d5af,8d9141e0-931f-4e52-b9f1-1357d1c92300,1633170285486,14.4014423,52.2491303,6.5604606,1.1613417,5.5747776,-5.2693877,on bike mount,cyclo cross,True,asphalt,excellent
f4ee5635-8bf4-4b5a-96e4-b3a42f385893,c4715efd-5856-4d05-acc8-dcbc3522d5af,e502be46-40d9-4270-933f-d935768bb385,1633170285536,14.4014423,52.2491303,6.5604606,0.0051964223,0.6193266,0.4577856,on bike mount,cyclo cross,True,asphalt,excellent
f4ee5635-8bf4-4b5a-96e4-b3a42f385893,c4715efd-5856-4d05-acc8-dcbc3522d5af,b347d33f-605d-4794-92d6-e14455c892f7,1633170285586,14.4014423,52.2491303,6.5604606,0.8621387,-0.656517,1.5406494,on bike mount,cyclo cross,True,asphalt,excellent
f4ee5635-8bf4-4b5a-96e4-b3a42f385893,c4715efd-5856-4d05-acc8-dcbc3522d5af,eb844e48-5b49-4ace-8390-818f959f84a3,1633170285636,14.4014423,52.2491303,6.5604606,-0.70275164,-0.10129726,0.29066563,on bike mount,cyclo cross,True,asphalt,excellent
f4ee5635-8bf4-4b5a-96e4-b3a42f385893,c4715efd-5856-4d05-acc8-dcbc3522d5af,f5f81d19-7d13-4821-b346-82db3dc4a85f,1633170285688,14.4014423,52.2491303,6.5604606,0.824434,-1.7302343,-1.3811727,on bike mount,cyclo cross,True,asphalt,excellent
f4ee5635-8bf4-4b5a-96e4-b3a42f385893,c4715efd-5856-4d05-acc8-dcbc3522d5af,f77216fa-f4c8-4f5a-8c43-b4533029ed29,1633170285738,14.4014423,52.2491303,6.5604606,-1.5598483,0.81897163,-0.49574757,on bike mount,cyclo cross,True,asphalt,excellent
f4ee5635-8bf4-4b5a-96e4-b3a42f385893,c4715efd-5856-4d05-acc8-dcbc3522d5af,4fb70035-df85-4f2d-b3bd-c7ec8e93063a,1633170285788,14.4014423,52.2491303,6.5604606,1.0561893,-1.0076857,0.039373398,on bike mount,cyclo cross,True,asphalt,excellent
f4ee5635-8bf4-4b5a-96e4-b3a42f385893,c4715efd-5856-4d05-acc8-dcbc3522d5af,3e348907-35f1-4478-91d1-37ae4494f83b,1633170285854,14.4014423,52.2491303,6.5604606,-0.6043165,0.98853135,0.8684845,on bike mount,cyclo cross,True,asphalt,excellent
f4ee5635-8bf4-4b5a-96e4-b3a42f385893,c4715efd-5856-4d05-acc8-dcbc3522d5af,9d110bc6-6b74-428c-8cf8-07542667d394,1633170285905,14.4014423,52.2491303,6.5604606,-1.459163,-0.8888552,0.466012,on bike mount,cyclo cross,True,asphalt,excellent
f4ee5635-8bf4-4b5a-96e4-b3a42f385893,c4715efd-5856-4d05-acc8-dcbc3522d5af,321b5d51-770e-4af1-8bde-e86c759f8ef4,1633170285961,14.4014423,52.2491303,6.5604606,1.8957767,0.37154746,1.6999979,on bike mount,cyclo cross,True,asphalt,excellent
f4ee5635-8bf4-4b5a-96e4-b3a42f385893,c4715efd-5856-4d05-acc8-dcbc3522d5af,db0f4ff1-165b-44b0-9578-ff8d9a2a7d99,1633170286021,14.4015233,52.2490938,6.5883064,-1.0311949,1.2172956,-0.38983154,on bike mount,cyclo cross,True,asphalt,excellent
f4ee5635-8bf4-4b5a-96e4-b3a42f385893,c4715efd-5856-4d05-acc8-dcbc3522d5af,5086169a-c379-4da9-b427-6d92b7a0a56f,1633170286072,14.4015233,52.2490938,6.5883064,-1.1618134,-1.8063717,0.060422897,on bike mount,cyclo cross,True,asphalt,excellent
f4ee5635-8bf4-4b5a-96e4-b3a42f385893,c4715efd-5856-4d05-acc8-dcbc3522d5af,bf40ec97-cbc8-4c4b-a75f-34910857553f,1633170286123,14.4015233,52.2490938,6.5883064,0.7434343,-0.3409984,0.7744646,on bike mount,cyclo cross,True,asphalt,excellent
f4ee5635-8bf4-4b5a-96e4-b3a42f385893,c4715efd-5856-4d05-acc8-dcbc3522d5af,93806871-3333-44d3-9737-cf2193aeccbe,1633170286173,14.4015233,52.2490938,6.5883064,-1.4366078,0.948082,0.6230898,on bike mount,cyclo cross,True,asphalt,excellent
f4ee5635-8bf4-4b5a-96e4-b3a42f385893,c4715efd-5856-4d05-acc8-dcbc3522d5af,729830b3-df87-4aee-b925-97375c23d63d,1633170286223,14.4015233,52.2490938,6.5883064,-0.5051768,0.23509717,-0.0023469925,on bike mount,cyclo cross,True,asphalt,excellent
f4ee5635-8bf4-4b5a-96e4-b3a42f385893,c4715efd-5856-4d05-acc8-dcbc3522d5af,4072d1b2-2d49-4388-9b72-f1e49383be82,1633170286289,14.4015233,52.2490938,6.5883064,1.6849997,0.9569545,-0.27878284,on bike mount,cyclo cross,True,asphalt,excellent
f4ee5635-8bf4-4b5a-96e4-b3a42f385893,c4715efd-5856-4d05-acc8-dcbc3522d5af,1475f689-d78d-4392-815e-7cb31cef6a1f,1633170286355,14.4015233,52.2490938,6.5883064,-0.018829852,-0.5199983,-0.08719635,on bike mount,cyclo cross,True,asphalt,excellent
f4ee5635-8bf4-4b5a-96e4-b3a42f385893,c4715efd-5856-4d05-acc8-dcbc3522d5af,b6303062-2ae1-4b53-b98f-38015f7ba4e3,1633170286405,14.4015233,52.2490938,6.5883064,0.41474855,-1.5211413,-1.0555325,on bike mount,cyclo cross,True,asphalt,excellent
f4ee5635-8bf4-4b5a-96e4-b3a42f385893,c4715efd-5856-4d05-acc8-dcbc3522d5af,c9d6d680-aa82-488c-a153-280810c5863b,1633170286456,14.4015233,52.2490938,6.5883064,-0.13521871,0.24189019,-1.3159876,on bike mount,cyclo cross,True,asphalt,excellent
f4ee5635-8bf4-4b5a-96e4-b3a42f385893,c4715efd-5856-4d05-acc8-dcbc3522d5af,06746037-8fd4-4b0d-85e3-2ad10377fd4a,1633170286521,14.4015233,52.2490938,6.5883064,-0.5329448,0.33804488,-0.3823452,on bike mount,cyclo cross,True,asphalt,excellent
f4ee5635-8bf4-4b5a-96e4-b3a42f385893,c4715efd-5856-4d05-acc8-dcbc3522d5af,abefffd4-35e9-4ceb-9877-883deee2618b,1633170286571,14.4015233,52.2490938,6.5883064,-0.57756495,1.5509892,-1.0560718,on bike mount,cyclo cross,True,asphalt,excellent
f4ee5635-8bf4-4b5a-96e4-b3a42f385893,c4715efd-5856-4d05-acc8-dcbc3522d5af,c23a804b-fb03-459d-8f26-84ce371296c5,1633170286623,14.4015233,52.2490938,6.5883064,-0.53952533,-0.49216056,-1.508697,on bike mount,cyclo cross,True,asphalt,excellent
f4ee5635-8bf4-4b5a-96e4-b3a42f385893,c4715efd-5856-4d05-acc8-dcbc3522d5af,4a950a7c-5b17-4bcc-a167-c77ee2e9c845,1633170286688,14.4015233,52.2490938,6.5883064,-0.72380483,-0.108555794,-0.88530684,on bike mount,cyclo cross,True,asphalt,excellent
f4ee5635-8bf4-4b5a-96e4-b3a42f385893,c4715efd-5856-4d05-acc8-dcbc3522d5af,7bfaa885-7d00-4dae-8c21-19db5d3991fc,1633170286738,14.4015233,52.2490938,6.5883064,-0.7577033,-0.08884692,0.9873295,on bike mount,cyclo cross,True,asphalt,excellent
f4ee5635-8bf4-4b5a-96e4-b3a42f385893,c4715efd-5856-4d05-acc8-dcbc3522d5af,1da7bd30-f853-4ab7-bad4-a4606ad6a0e3,1633170286789,14.4015233,52.2490938,6.5883064,0.091849,0.13518429,-0.116993904,on bike mount,cyclo cross,True,asphalt,excellent
f4ee5635-8bf4-4b5a-96e4-b3a42f385893,c4715efd-5856-4d05-acc8-dcbc3522d5af,2fa0f107-7a7a-4769-ab11-a0c99d73c0a3,1633170286839,14.4015233,52.2490938,6.5883064,-0.073830746,-1.595368,8.2120495,on bike mount,cyclo cross,True,asphalt,excellent
f4ee5635-8bf4-4b5a-96e4-b3a42f385893,c4715efd-5856-4d05-acc8-dcbc3522d5af,b13af8fa-5f0b-41b9-8e52-6fb0318dadf4,1633170286890,14.4015233,52.2490938,6.5883064,-0.10637866,2.5395417,0.27671814,on bike mount,cyclo cross,True,asphalt,excellent
f4ee5635-8bf4-4b5a-96e4-b3a42f385893,c4715efd-5856-4d05-acc8-dcbc3522d5af,2e6571c0-021e-4b3b-8e18-a5555a84850b,1633170286944,14.4015233,52.2490938,6.5883064,0.61123955,-0.65157366,-0.97866344,on bike mount,cyclo cross,True,asphalt,excellent
f4ee5635-8bf4-4b5a-96e4-b3a42f385893,c4715efd-5856-4d05-acc8-dcbc3522d5af,d3703236-9c26-42e9-95ef-3038ad6ada73,1633170287005,14.4016045,52.2490578,6.6133094,-0.11117099,-3.277031,2.1357727,on bike mount,cyclo cross,True,asphalt,excellent
f4ee5635-8bf4-4b5a-96e4-b3a42f385893,c4715efd-5856-4d05-acc8-dcbc3522d5af,52e622f7-c0cd-4ba1-94cf-7ed4dbd9a730,1633170287056,14.4016045,52.2490578,6.6133094,0.8687699,2.8202562,-1.8181653,on bike mount,cyclo cross,True,asphalt,excellent
f4ee5635-8bf4-4b5a-96e4-b3a42f385893,c4715efd-5856-4d05-acc8-dcbc3522d5af,ef189f54-50ac-43ad-9454-7a8480c70b56,1633170287106,14.4016045,52.2490578,6.6133094,0.121912256,-0.11572623,-0.25095463,on bike mount,cyclo cross,True,asphalt,excellent
f4ee5635-8bf4-4b5a-96e4-b3a42f385893,c4715efd-5856-4d05-acc8-dcbc3522d5af,6ba98389-b8a9-4bb4-9ee7-f7351bff98f9,1633170287157,14.4016045,52.2490578,6.6133094,1.1831397,-0.4511757,-1.2472734,on bike mount,cyclo cross,True,asphalt,excellent
f4ee5635-8bf4-4b5a-96e4-b3a42f385893,c4715efd-5856-4d05-acc8-dcbc3522d5af,fc9a5a88-162d-4da1-af40-e68545d874a4,1633170287208,14.4016045,52.2490578,6.6133094,-1.4044657,-1.2603754,1.523984,on bike mount,cyclo cross,True,asphalt,excellent
f4ee5635-8bf4-4b5a-96e4-b3a42f385893,c4715efd-5856-4d05-acc8-dcbc3522d5af,83da4c1b-9021-424a-bcaf-6120a8f1b358,1633170287257,14.4016045,52.2490578,6.6133094,0.6703663,0.27412271,-0.19976902,on bike mount,cyclo cross,True,asphalt,excellent
f4ee5635-8bf4-4b5a-96e4-b3a42f385893,c4715efd-5856-4d05-acc8-dcbc3522d5af,5ed7d0f0-068a-401e-8828-c89816fe49f5,1633170287307,14.4016045,52.2490578,6.6133094,1.7760332,-0.5649543,2.1623278,on bike mount,cyclo cross,True,asphalt,excellent
f4ee5635-8bf4-4b5a-96e4-b3a42f385893,c4715efd-5856-4d05-acc8-dcbc3522d5af,775f21a7-f70a-467c-805b-be6934e87c93,1633170287358,14.4016045,52.2490578,6.6133094,1.5686744,1.152987,0.22610188,on bike mount,cyclo cross,True,asphalt,excellent
f4ee5635-8bf4-4b5a-96e4-b3a42f385893,c4715efd-5856-4d05-acc8-dcbc3522d5af,304c1f2c-7026-4964-9cb8-915cfc7300d8,1633170287408,14.4016045,52.2490578,6.6133094,1.6512859,1.0460007,-0.581748,on bike mount,cyclo cross,True,asphalt,excellent
f4ee5635-8bf4-4b5a-96e4-b3a42f385893,c4715efd-5856-4d05-acc8-dcbc3522d5af,1399fa7f-32c9-4e9b-a4cd-51a1ac355d99,1633170287473,14.4016045,52.2490578,6.6133094,0.78631663,-1.1559044,2.20257,on bike mount,cyclo cross,True,asphalt,excellent
f4ee5635-8bf4-4b5a-96e4-b3a42f385893,c4715efd-5856-4d05-acc8-dcbc3522d5af,23c9efee-ebb0-4f8f-be90-434c8cf7cb79,1633170287523,14.4016045,52.2490578,6.6133094,1.4195964,-3.038676,1.5244179,on bike mount,cyclo cross,True,asphalt,excellent
f4ee5635-8bf4-4b5a-96e4-b3a42f385893,c4715efd-5856-4d05-acc8-dcbc3522d5af,04077a3b-5dc7-45cd-b004-edd39cad786f,1633170287573,14.4016045,52.2490578,6.6133094,-1.3311552,0.155895,0.7685213,on bike mount,cyclo cross,True,asphalt,excellent
f4ee5635-8bf4-4b5a-96e4-b3a42f385893,c4715efd-5856-4d05-acc8-dcbc3522d5af,f3b69106-9b23-442f-b5b0-adcef6ec8b47,1633170287624,14.4016045,52.2490578,6.6133094,-0.22888377,-0.66748714,-0.5506239,on bike mount,cyclo cross,True,asphalt,excellent
f4ee5635-8bf4-4b5a-96e4-b3a42f385893,c4715efd-5856-4d05-acc8-dcbc3522d5af,2e23c880-6638-46eb-bac2-fec5a786704b,1633170287674,14.4016045,52.2490578,6.6133094,-2.0679631,1.5853424,-0.17146301,on bike mount,cyclo cross,True,asphalt,excellent
f4ee5635-8bf4-4b5a-96e4-b3a42f385893,c4715efd-5856-4d05-acc8-dcbc3522d5af,54bfa776-3e52-491b-b98d-4e52d72691f7,1633170287724,14.4016045,52.2490578,6.6133094,-0.6431877,-3.0623798,0.35463524,on bike mount,cyclo cross,True,asphalt,excellent
f4ee5635-8bf4-4b5a-96e4-b3a42f385893,c4715efd-5856-4d05-acc8-dcbc3522d5af,c7115fc9-f8a5-4c0e-a223-d3662ebc3587,1633170287773,14.4016045,52.2490578,6.6133094,0.9908288,-1.6392071,1.8637323,on bike mount,cyclo cross,True,asphalt,excellent
f4ee5635-8bf4-4b5a-96e4-b3a42f385893,c4715efd-5856-4d05-acc8-dcbc3522d5af,60609c0b-44f4-481c-a178-09b56f1c0091,1633170287823,14.4016045,52.2490578,6.6133094,-1.6559359,2.186201,-1.9206643,on bike mount,cyclo cross,True,asphalt,excellent
f4ee5635-8bf4-4b5a-96e4-b3a42f385893,c4715efd-5856-4d05-acc8-dcbc3522d5af,d879e7fb-4808-42e3-ac3d-0de55c1c1f11,1633170287875,14.4016045,52.2490578,6.6133094,-0.12666816,-0.3032391,1.6915092,on bike mount,cyclo cross,True,asphalt,excellent
f4ee5635-8bf4-4b5a-96e4-b3a42f385893,c4715efd-5856-4d05-acc8-dcbc3522d5af,008334d1-33e2-4594-8f33-13929547cb30,1633170287926,14.4016045,52.2490578,6.6133094,-0.5890764,0.21666408,-1.5018868,on bike mount,cyclo cross,True,asphalt,excellent
f4ee5635-8bf4-4b5a-96e4-b3a42f385893,c4715efd-5856-4d05-acc8-dcbc3522d5af,699aa5ef-6257-4b12-995e-96676d8f07a1,1633170287975,14.4016858,52.2490218,6.6214786,1.4900107,0.5907295,0.27742195,on bike mount,cyclo cross,True,asphalt,excellent
f4ee5635-8bf4-4b5a-96e4-b3a42f385893,c4715efd-5856-4d05-acc8-dcbc3522d5af,fab0768c-11cf-4a78-9052-48150eaaf0e1,1633170288025,14.4016858,52.2490218,6.6214786,-0.47874022,1.9502809,-0.056157112,on bike mount,cyclo cross,True,asphalt,excellent
f4ee5635-8bf4-4b5a-96e4-b3a42f385893,c4715efd-5856-4d05-acc8-dcbc3522d5af,858f99b5-0af0-4a18-b470-64f443094212,1633170288076,14.4016858,52.2490218,6.6214786,3.5742846,-3.0007687,1.415638,on bike mount,cyclo cross,True,asphalt,excellent
f4ee5635-8bf4-4b5a-96e4-b3a42f385893,c4715efd-5856-4d05-acc8-dcbc3522d5af,41a36285-74b2-463f-837e-efede04e8978,1633170288141,14.4016858,52.2490218,6.6214786,-0.7296848,0.23444605,-1.7972684,on bike mount,cyclo cross,True,asphalt,excellent
f4ee5635-8bf4-4b5a-96e4-b3a42f385893,c4715efd-5856-4d05-acc8-dcbc3522d5af,ec49e364-51e2-4167-97e8-62fd5b55718f,1633170288192,14.4016858,52.2490218,6.6214786,-1.5295885,2.2347434,-3.3674412,on bike mount,cyclo cross,True,asphalt,excellent
f4ee5635-8bf4-4b5a-96e4-b3a42f385893,c4715efd-5856-4d05-acc8-dcbc3522d5af,acdac362-7154-4063-8297-877ff2fd449c,1633170288242,14.4016858,52.2490218,6.6214786,3.8885682,-3.7953358,2.3873205,on bike mount,cyclo cross,True,asphalt,excellent
f4ee5635-8bf4-4b5a-96e4-b3a42f385893,c4715efd-5856-4d05-acc8-dcbc3522d5af,f1fcba23-9e37-4a5d-8b4c-4f31a3e9c4a0,1633170288292,14.4016858,52.2490218,6.6214786,0.83332574,1.0827289,-1.2913699,on bike mount,cyclo cross,True,asphalt,excellent
f4ee5635-8bf4-4b5a-96e4-b3a42f385893,c4715efd-5856-4d05-acc8-dcbc3522d5af,bff663aa-8d1a-4edb-904c-a773e6c6c4f9,1633170288342,14.4016858,52.2490218,6.6214786,-0.19952965,1.4705396,0.029772758,on bike mount,cyclo cross,True,asphalt,excellent
f4ee5635-8bf4-4b5a-96e4-b3a42f385893,c4715efd-5856-4d05-acc8-dcbc3522d5af,dd848139-bd7b-4b5d-b204-56a705c2d477,1633170288392,14.4016858,52.2490218,6.6214786,2.461046,-1.2511946,2.0277615,on bike mount,cyclo cross,True,asphalt,excellent
f4ee5635-8bf4-4b5a-96e4-b3a42f385893,c4715efd-5856-4d05-acc8-dcbc3522d5af,257e7b7f-f021-454c-882e-d203250aad21,1633170288443,14.4016858,52.2490218,6.6214786,0.35944268,-2.0770204,-0.98079777,on bike mount,cyclo cross,True,asphalt,excellent
f4ee5635-8bf4-4b5a-96e4-b3a42f385893,c4715efd-5856-4d05-acc8-dcbc3522d5af,9689622e-c350-4e46-bd79-bdedbf33dba6,1633170288493,14.4016858,52.2490218,6.6214786,1.7328485,-2.402487,2.7568264,on bike mount,cyclo cross,True,asphalt,excellent
f4ee5635-8bf4-4b5a-96e4-b3a42f385893,c4715efd-5856-4d05-acc8-dcbc3522d5af,2178e121-1556-4538-b4e7-5ca925b0ed67,1633170288558,14.4016858,52.2490218,6.6214786,0.4483666,-1.1657368,1.846798,on bike mount,cyclo cross,True,asphalt,excellent
f4ee5635-8bf4-4b5a-96e4-b3a42f385893,c4715efd-5856-4d05-acc8-dcbc3522d5af,6a19031f-3802-4082-99cb-de89f7a577be,1633170288610,14.4016858,52.2490218,6.6214786,1.9726582,0.50010324,-3.0882149,on bike mount,cyclo cross,True,asphalt,excellent
f4ee5635-8bf4-4b5a-96e4-b3a42f385893,c4715efd-5856-4d05-acc8-dcbc3522d5af,35e03ecd-2385-4baa-8168-f0e422794302,1633170288677,14.4016858,52.2490218,6.6214786,0.43731394,-4.1296253,-0.05445862,on bike mount,cyclo cross,True,asphalt,excellent
f4ee5635-8bf4-4b5a-96e4-b3a42f385893,c4715efd-5856-4d05-acc8-dcbc3522d5af,0dca7d44-b502-4b2b-ac61-f01cd2ca190f,1633170288744,14.4016858,52.2490218,6.6214786,-2.631846,3.0429764,-4.376293,on bike mount,cyclo cross,True,asphalt,excellent
f4ee5635-8bf4-4b5a-96e4-b3a42f385893,c4715efd-5856-4d05-acc8-dcbc3522d5af,9e98f4a2-2bee-41e2-8838-a61c9546247f,1633170288810,14.4016858,52.2490218,6.6214786,-0.7500443,-0.5351238,-0.3979969,on bike mount,cyclo cross,True,asphalt,excellent
f4ee5635-8bf4-4b5a-96e4-b3a42f385893,c4715efd-5856-4d05-acc8-dcbc3522d5af,a69fa04b-6c72-49b6-ac85-93a44f6f8608,1633170288877,14.4016858,52.2490218,6.6214786,0.5582628,-0.930271,0.6596012,on bike mount,cyclo cross,True,asphalt,excellent
f4ee5635-8bf4-4b5a-96e4-b3a42f385893,c4715efd-5856-4d05-acc8-dcbc3522d5af,9861b3ab-08cc-43a0-9f4d-e110fcfe260a,1633170288927,14.4016858,52.2490218,6.6214786,0.6083294,-1.6653919,1.0261669,on bike mount,cyclo cross,True,asphalt,excellent
f4ee5635-8bf4-4b5a-96e4-b3a42f385893,c4715efd-5856-4d05-acc8-dcbc3522d5af,da7893fb-07f5-41b3-a621-b50da4383819,1633170288977,14.4017642,52.2489883,6.5917306,0.88625705,0.69551754,1.0859671,on bike mount,cyclo cross,True,asphalt,excellent
f4ee5635-8bf4-4b5a-96e4-b3a42f385893,c4715efd-5856-4d05-acc8-dcbc3522d5af,b56d3fc2-f113-4b42-afa5-2aa4a792d0e8,1633170289027,14.4017642,52.2489883,6.5917306,-0.12756494,2.9097166,-3.7309976,on bike mount,cyclo cross,True,asphalt,excellent
f4ee5635-8bf4-4b5a-96e4-b3a42f385893,c4715efd-5856-4d05-acc8-dcbc3522d5af,f3d7e367-246d-40c0-a3aa-c1504ffede99,1633170289077,14.4017642,52.2489883,6.5917306,1.1983593,-1.1613725,0.40334988,on bike mount,cyclo cross,True,asphalt,excellent
f4ee5635-8bf4-4b5a-96e4-b3a42f385893,c4715efd-5856-4d05-acc8-dcbc3522d5af,52ee8b3f-4b7a-40fb-a050-c94a48978ac7,1633170289128,14.4017642,52.2489883,6.5917306,0.7125182,-2.0280662,2.7053127,on bike mount,cyclo cross,True,asphalt,excellent
f4ee5635-8bf4-4b5a-96e4-b3a42f385893,c4715efd-5856-4d05-acc8-dcbc3522d5af,40986c11-5742-4365-9a9e-bc8bf1b58da9,1633170289194,14.4017642,52.2489883,6.5917306,-0.22355464,0.2634244,0.7131214,on bike mount,cyclo cross,True,asphalt,excellent
f4ee5635-8bf4-4b5a-96e4-b3a42f385893,c4715efd-5856-4d05-acc8-dcbc3522d5af,7df84ea3-07b6-4de7-8735-5be6a2528615,1633170289260,14.4017642,52.2489883,6.5917306,-1.4872785,1.6703038,1.4600945,on bike mount,cyclo cross,True,asphalt,excellent
f4ee5635-8bf4-4b5a-96e4-b3a42f385893,c4715efd-5856-4d05-acc8-dcbc3522d5af,b6c167e7-0325-4aad-af6d-94ad6575a90d,1633170289310,14.4017642,52.2489883,6.5917306,-2.9297538,-1.8532487,2.6216984,on bike mount,cyclo cross,True,asphalt,excellent
f4ee5635-8bf4-4b5a-96e4-b3a42f385893,c4715efd-5856-4d05-acc8-dcbc3522d5af,262bfa53-f774-4ce3-9358-3474519b25f3,1633170289362,14.4017642,52.2489883,6.5917306,1.6107132,-2.7029245,-0.26886082,on bike mount,cyclo cross,True,asphalt,excellent
f4ee5635-8bf4-4b5a-96e4-b3a42f385893,c4715efd-5856-4d05-acc8-dcbc3522d5af,1053f8d5-f9b8-4f1c-b0c1-711d7911436a,1633170289412,14.4017642,52.2489883,6.5917306,-0.09503037,0.08964133,0.1612997,on bike mount,cyclo cross,True,asphalt,excellent
f4ee5635-8bf4-4b5a-96e4-b3a42f385893,c4715efd-5856-4d05-acc8-dcbc3522d5af,b02d779e-24bf-443c-b70d-92aa75eee443,1633170289462,14.4017642,52.2489883,6.5917306,-1.2835615,3.0385509,-3.927294,on bike mount,cyclo cross,True,asphalt,excellent
f4ee5635-8bf4-4b5a-96e4-b3a42f385893,c4715efd-5856-4d05-acc8-dcbc3522d5af,1dc6870e-47dc-44a4-a446-c333ec8dfdfc,1633170289528,14.4017642,52.2489883,6.5917306,3.0035744,-1.6335803,-1.7050395,on bike mount,cyclo cross,True,asphalt,excellent
f4ee5635-8bf4-4b5a-96e4-b3a42f385893,c4715efd-5856-4d05-acc8-dcbc3522d5af,08a86462-183d-4511-9970-e603ee9df320,1633170289578,14.4017642,52.2489883,6.5917306,-1.5898852,-1.8027902,1.4933033,on bike mount,cyclo cross,True,asphalt,excellent
f4ee5635-8bf4-4b5a-96e4-b3a42f385893,c4715efd-5856-4d05-acc8-dcbc3522d5af,902988d9-708a-4372-9b80-4ee16d6692f8,1633170289629,14.4017642,52.2489883,6.5917306,-0.057603434,-0.6129463,-0.03021717,on bike mount,cyclo cross,True,asphalt,excellent
f4ee5635-8bf4-4b5a-96e4-b3a42f385893,c4715efd-5856-4d05-acc8-dcbc3522d5af,3e4087b7-b4d8-4a3f-96b8-fed1843e4523,1633170289680,14.4017642,52.2489883,6.5917306,-0.4663086,0.10217357,1.0647001,on bike mount,cyclo cross,True,asphalt,excellent
f4ee5635-8bf4-4b5a-96e4-b3a42f385893,c4715efd-5856-4d05-acc8-dcbc3522d5af,48279bba-1f13-4524-95e0-c844c3a48f9d,1633170289745,14.4017642,52.2489883,6.5917306,0.0017703772,-0.5633973,1.3258982,on bike mount,cyclo cross,True,asphalt,excellent
f4ee5635-8bf4-4b5a-96e4-b3a42f385893,c4715efd-5856-4d05-acc8-dcbc3522d5af,dec9c17a-4d07-4577-acaf-77a34f142e72,1633170289796,14.4017642,52.2489883,6.5917306,-1.9399915,3.3498573,-3.0187974,on bike mount,cyclo cross,True,asphalt,excellent
f4ee5635-8bf4-4b5a-96e4-b3a42f385893,c4715efd-5856-4d05-acc8-dcbc3522d5af,bd36b4a8-84b2-467d-833a-d33444b54658,1633170289862,14.4017642,52.2489883,6.5917306,0.44380614,0.05716729,-1.4390225,on bike mount,cyclo cross,True,asphalt,excellent
f4ee5635-8bf4-4b5a-96e4-b3a42f385893,c4715efd-5856-4d05-acc8-dcbc3522d5af,36cf3efe-143c-4179-b4ec-6c0269434d93,1633170289928,14.4017642,52.2489883,6.5917306,0.23707226,-1.7581123,1.5312309,on bike mount,cyclo cross,True,asphalt,excellent
f4ee5635-8bf4-4b5a-96e4-b3a42f385893,c4715efd-5856-4d05-acc8-dcbc3522d5af,e1cc3e28-a4fb-4396-a531-ea976b84cfd7,1633170289979,14.4018422,52.2489483,6.6011896,1.4323752,-1.4201316,0.9554014,on bike mount,cyclo cross,True,asphalt,excellent
f4ee5635-8bf4-4b5a-96e4-b3a42f385893,c4715efd-5856-4d05-acc8-dcbc3522d5af,2db8c409-97f5-45cc-912f-3b27ef0d60c9,1633170290045,14.4018422,52.2489483,6.6011896,-1.2495276,1.7088537,-4.457946,on bike mount,cyclo cross,True,asphalt,excellent
f4ee5635-8bf4-4b5a-96e4-b3a42f385893,c4715efd-5856-4d05-acc8-dcbc3522d5af,bb097955-3b0d-4c5a-8be2-ae118da31492,1633170290095,14.4018422,52.2489483,6.6011896,3.118658,-4.2445903,2.072238,on bike mount,cyclo cross,True,asphalt,excellent
f4ee5635-8bf4-4b5a-96e4-b3a42f385893,c4715efd-5856-4d05-acc8-dcbc3522d5af,d5c3c0c4-23b8-4974-b8ba-03d9bcbee939,1633170290145,14.4018422,52.2489483,6.6011896,0.6960891,-1.9162782,0.77218914,on bike mount,cyclo cross,True,asphalt,excellent
f4ee5635-8bf4-4b5a-96e4-b3a42f385893,c4715efd-5856-4d05-acc8-dcbc3522d5af,c7f35c84-a6dc-4b7f-8eeb-b01c10dc0b15,1633170290196,14.4018422,52.2489483,6.6011896,-1.9643402,2.0393052,0.32340622,on bike mount,cyclo cross,True,asphalt,excellent
f4ee5635-8bf4-4b5a-96e4-b3a42f385893,c4715efd-5856-4d05-acc8-dcbc3522d5af,3322b58b-aaa9-4f35-93f8-eab9d0bf7248,1633170290247,14.4018422,52.2489483,6.6011896,0.85742265,0.7228763,3.5882196,on bike mount,cyclo cross,True,asphalt,excellent
f4ee5635-8bf4-4b5a-96e4-b3a42f385893,c4715efd-5856-4d05-acc8-dcbc3522d5af,cbf56d3f-b20e-45dc-91dc-d316caece8c4,1633170290312,14.4018422,52.2489483,6.6011896,0.17216364,0.20130372,-1.6176724,on bike mount,cyclo cross,True,asphalt,excellent
f4ee5635-8bf4-4b5a-96e4-b3a42f385893,c4715efd-5856-4d05-acc8-dcbc3522d5af,ec931fcb-10e9-40a3-a943-f383101efed2,1633170290362,14.4018422,52.2489483,6.6011896,1.1548717,-0.21663594,2.4665632,on bike mount,cyclo cross,True,asphalt,excellent
f4ee5635-8bf4-4b5a-96e4-b3a42f385893,c4715efd-5856-4d05-acc8-dcbc3522d5af,aaaf9d20-095a-43bb-b69e-9e97e8c1dfa2,1633170290413,14.4018422,52.2489483,6.6011896,-0.38931763,1.6480927,0.39686775,on bike mount,cyclo cross,True,asphalt,excellent
f4ee5635-8bf4-4b5a-96e4-b3a42f385893,c4715efd-5856-4d05-acc8-dcbc3522d5af,922f7ce9-ca97-43da-a2d2-b7b1b657a5de,1633170290480,14.4018422,52.2489483,6.6011896,0.67020303,-0.20035362,1.926919,on bike mount,cyclo cross,True,asphalt,excellent
f4ee5635-8bf4-4b5a-96e4-b3a42f385893,c4715efd-5856-4d05-acc8-dcbc3522d5af,872f1c00-7bf5-49f0-80df-fcf2e6fe8a29,1633170290545,14.4018422,52.2489483,6.6011896,-0.27791357,-0.3796339,-0.9900942,on bike mount,cyclo cross,True,asphalt,excellent
f4ee5635-8bf4-4b5a-96e4-b3a42f385893,c4715efd-5856-4d05-acc8-dcbc3522d5af,f8442f15-8d82-4e0c-8bd7-8ba18fafe986,1633170290597,14.4018422,52.2489483,6.6011896,0.27722517,-1.6672614,-2.3899946,on bike mount,cyclo cross,True,asphalt,excellent
f4ee5635-8bf4-4b5a-96e4-b3a42f385893,c4715efd-5856-4d05-acc8-dcbc3522d5af,b65a350e-8507-4177-ae26-fc9192799257,1633170290647,14.4018422,52.2489483,6.6011896,-0.3981949,2.5666518,-2.169476,on bike mount,cyclo cross,True,asphalt,excellent
f4ee5635-8bf4-4b5a-96e4-b3a42f385893,c4715efd-5856-4d05-acc8-dcbc3522d5af,f5af438f-e4fc-4c01-81e8-1ed563fbd738,1633170290697,14.4018422,52.2489483,6.6011896,0.8843839,-1.0266643,1.7058477,on bike mount,cyclo cross,True,asphalt,excellent
f4ee5635-8bf4-4b5a-96e4-b3a42f385893,c4715efd-5856-4d05-acc8-dcbc3522d5af,e39f7c93-261f-4d78-b68c-f705b3d2c96d,1633170290747,14.4018422,52.2489483,6.6011896,0.5996661,0.01422739,-1.2658515,on bike mount,cyclo cross,True,asphalt,excellent
f4ee5635-8bf4-4b5a-96e4-b3a42f385893,c4715efd-5856-4d05-acc8-dcbc3522d5af,71d51e01-4988-4c78-8759-b11b34a25be3,1633170290797,14.4018422,52.2489483,6.6011896,-2.299685,4.282632,-1.0603981,on bike mount,cyclo cross,True,asphalt,excellent
f4ee5635-8bf4-4b5a-96e4-b3a42f385893,c4715efd-5856-4d05-acc8-dcbc3522d5af,8270db4a-e992-4914-bf46-320da748d2bf,1633170290864,14.4018422,52.2489483,6.6011896,-0.18423647,0.7425573,-0.40147448,on bike mount,cyclo cross,True,asphalt,excellent
f4ee5635-8bf4-4b5a-96e4-b3a42f385893,c4715efd-5856-4d05-acc8-dcbc3522d5af,8edd32fc-f058-410a-b941-cedfbfea3ab6,1633170290914,14.4018422,52.2489483,6.6011896,0.7926725,-0.34434605,1.6171036,on bike mount,cyclo cross,True,asphalt,excellent
f4ee5635-8bf4-4b5a-96e4-b3a42f385893,c4715efd-5856-4d05-acc8-dcbc3522d5af,b9c48720-68af-4b9d-b585-b5cef04e1ece,1633170290964,14.4019176,52.2489112,6.5508103,0.03163159,-1.8629022,1.1358023,on bike mount,cyclo cross,True,asphalt,excellent
f4ee5635-8bf4-4b5a-96e4-b3a42f385893,c4715efd-5856-4d05-acc8-dcbc3522d5af,f283a8f5-380c-4bdf-ab79-dbd12fc194d7,1633170291014,14.4019176,52.2489112,6.5508103,0.12635824,1.2248855,-2.015164,on bike mount,cyclo cross,True,asphalt,excellent
f4ee5635-8bf4-4b5a-96e4-b3a42f385893,c4715efd-5856-4d05-acc8-dcbc3522d5af,7b65c317-087d-4ca6-a74c-de9e330cfc98,1633170291064,14.4019176,52.2489112,6.5508103,0.5210676,-2.0779874,0.46139145,on bike mount,cyclo cross,True,asphalt,excellent
f4ee5635-8bf4-4b5a-96e4-b3a42f385893,c4715efd-5856-4d05-acc8-dcbc3522d5af,bbb22dec-5665-401a-9d43-ecfd190de94d,1633170291130,14.4019176,52.2489112,6.5508103,-0.12607248,-1.0403373,1.5095854,on bike mount,cyclo cross,True,asphalt,excellent
f4ee5635-8bf4-4b5a-96e4-b3a42f385893,c4715efd-5856-4d05-acc8-dcbc3522d5af,028e6b72-5033-468d-9e26-4908e6dae724,1633170291180,14.4019176,52.2489112,6.5508103,0.12587722,-1.1958021,1.4867153,on bike mount,cyclo cross,True,asphalt,excellent
f4ee5635-8bf4-4b5a-96e4-b3a42f385893,c4715efd-5856-4d05-acc8-dcbc3522d5af,56653d18-367e-4326-9eed-ae6c08cb449a,1633170291231,14.4019176,52.2489112,6.5508103,-1.1683333,1.8405893,-3.4009514,on bike mount,cyclo cross,True,asphalt,excellent
f4ee5635-8bf4-4b5a-96e4-b3a42f385893,c4715efd-5856-4d05-acc8-dcbc3522d5af,74b2d0bd-96dd-4d8e-b6de-eaf7e2099471,1633170291282,14.4019176,52.2489112,6.5508103,1.2325165,-1.6525723,3.0818148,on bike mount,cyclo cross,True,asphalt,excellent
f4ee5635-8bf4-4b5a-96e4-b3a42f385893,c4715efd-5856-4d05-acc8-dcbc3522d5af,783ae31b-1a35-405d-89ae-8321649493a6,1633170291349,14.4019176,52.2489112,6.5508103,1.204568,-0.18255115,-0.7321377,on bike mount,cyclo cross,True,asphalt,excellent
f4ee5635-8bf4-4b5a-96e4-b3a42f385893,c4715efd-5856-4d05-acc8-dcbc3522d5af,9d9d7cd0-4a18-4b83-a54b-36aa79f50d6f,1633170291399,14.4019176,52.2489112,6.5508103,0.8396823,-0.0017137527,0.30024529,on bike mount,cyclo cross,True,asphalt,excellent
f4ee5635-8bf4-4b5a-96e4-b3a42f385893,c4715efd-5856-4d05-acc8-dcbc3522d5af,4ae0c12d-30a9-4f83-8470-cbc27ec9904d,1633170291449,14.4019176,52.2489112,6.5508103,0.20922945,-1.3368026,0.012154579,on bike mount,cyclo cross,True,asphalt,excellent
f4ee5635-8bf4-4b5a-96e4-b3a42f385893,c4715efd-5856-4d05-acc8-dcbc3522d5af,21fdc5e5-7c1e-42c6-b7a5-e1a6e65ed51d,1633170291499,14.4019176,52.2489112,6.5508103,-2.019932,2.5663843,-2.7903075,on bike mount,cyclo cross,True,asphalt,excellent
f4ee5635-8bf4-4b5a-96e4-b3a42f385893,c4715efd-5856-4d05-acc8-dcbc3522d5af,070ef8e3-c036-4621-93e8-ea4e34b50ca0,1633170291565,14.4019176,52.2489112,6.5508103,0.4353606,-2.9633539,1.4747353,on bike mount,cyclo cross,True,asphalt,excellent
f4ee5635-8bf4-4b5a-96e4-b3a42f385893,c4715efd-5856-4d05-acc8-dcbc3522d5af,f47f022f-c3e6-4c75-9bfd-13cf945b1fdf,1633170291615,14.4019176,52.2489112,6.5508103,0.41278464,-0.9813325,-0.18969822,on bike mount,cyclo cross,True,asphalt,excellent
f4ee5635-8bf4-4b5a-96e4-b3a42f385893,c4715efd-5856-4d05-acc8-dcbc3522d5af,b35c9b5f-8bfa-4728-ad56-245544d1d8a9,1633170291680,14.4019176,52.2489112,6.5508103,-1.0851066,-2.4768739,-0.9659977,on bike mount,cyclo cross,True,asphalt,excellent
f4ee5635-8bf4-4b5a-96e4-b3a42f385893,c4715efd-5856-4d05-acc8-dcbc3522d5af,b12f12f8-be8d-459f-8f7d-acd8dd7071df,1633170291732,14.4019176,52.2489112,6.5508103,0.56874067,-3.6833186,3.0656548,on bike mount,cyclo cross,True,asphalt,excellent
f4ee5635-8bf4-4b5a-96e4-b3a42f385893,c4715efd-5856-4d05-acc8-dcbc3522d5af,c1a8872d-4795-4845-935b-06c4836567fe,1633170291798,14.4019176,52.2489112,6.5508103,-0.44243953,-1.2028463,2.8730946,on bike mount,cyclo cross,True,asphalt,excellent
f4ee5635-8bf4-4b5a-96e4-b3a42f385893,c4715efd-5856-4d05-acc8-dcbc3522d5af,57baa0e6-b260-4c24-87b4-82058cb50145,1633170291848,14.4019176,52.2489112,6.5508103,2.2482367,-1.1776184,-2.5586214,on bike mount,cyclo cross,True,asphalt,excellent
f4ee5635-8bf4-4b5a-96e4-b3a42f385893,c4715efd-5856-4d05-acc8-dcbc3522d5af,d9a8e2bc-b97e-4f0b-a8b7-0281a7ab63b2,1633170291898,14.4019176,52.2489112,6.5508103,1.7053431,1.4569416,-1.5568032,on bike mount,cyclo cross,True,asphalt,excellent
f4ee5635-8bf4-4b5a-96e4-b3a42f385893,c4715efd-5856-4d05-acc8-dcbc3522d5af,da8529c5-5e3a-407d-b862-b72cf880e6de,1633170291959,14.4019176,52.2489112,6.5508103,2.9020805,-1.045042,1.3148527,on bike mount,cyclo cross,True,asphalt,excellent
f4ee5635-8bf4-4b5a-96e4-b3a42f385893,c4715efd-5856-4d05-acc8-dcbc3522d5af,c67c6ca6-f7aa-41aa-8eb7-078e526af505,1633170292015,14.4019916,52.2488763,6.5128427,2.4590466,-2.1403167,3.4427204,on bike mount,cyclo cross,True,asphalt,excellent
f4ee5635-8bf4-4b5a-96e4-b3a42f385893,c4715efd-5856-4d05-acc8-dcbc3522d5af,7fc8c462-451e-45be-86bb-c535c3375fff,1633170292065,14.4019916,52.2488763,6.5128427,-3.6354992,1.0703888,-2.52355,on bike mount,cyclo cross,True,asphalt,excellent
f4ee5635-8bf4-4b5a-96e4-b3a42f385893,c4715efd-5856-4d05-acc8-dcbc3522d5af,eb670400-8e16-4c0e-b472-1f38cbb1dc0f,1633170292116,14.4019916,52.2488763,6.5128427,-0.51450396,1.1317391,-0.2361126,on bike mount,cyclo cross,True,asphalt,excellent
f4ee5635-8bf4-4b5a-96e4-b3a42f385893,c4715efd-5856-4d05-acc8-dcbc3522d5af,1d5150d3-73e2-41e0-b703-4787e760a4e0,1633170292167,14.4019916,52.2488763,6.5128427,3.1736503,-2.836822,0.3690319,on bike mount,cyclo cross,True,asphalt,excellent
f4ee5635-8bf4-4b5a-96e4-b3a42f385893,c4715efd-5856-4d05-acc8-dcbc3522d5af,82d06ea7-eb41-45ad-806f-3c2b5d91897d,1633170292216,14.4019916,52.2488763,6.5128427,2.1279588,2.01647,2.0184155,on bike mount,cyclo cross,True,asphalt,excellent
f4ee5635-8bf4-4b5a-96e4-b3a42f385893,c4715efd-5856-4d05-acc8-dcbc3522d5af,126b171a-0753-4677-a91f-978e6ccf7718,1633170292266,14.4019916,52.2488763,6.5128427,0.0441778,-0.73702526,1.860611,on bike mount,cyclo cross,True,asphalt,excellent
f4ee5635-8bf4-4b5a-96e4-b3a42f385893,c4715efd-5856-4d05-acc8-dcbc3522d5af,4e6aa49e-ece6-43c6-a28b-8678eae4c62d,1633170292316,14.4019916,52.2488763,6.5128427,-0.6113435,1.6522932,-0.6138363,on bike mount,cyclo cross,True,asphalt,excellent
f4ee5635-8bf4-4b5a-96e4-b3a42f385893,c4715efd-5856-4d05-acc8-dcbc3522d5af,36338fee-9209-4a08-83b5-5bf360c85ea7,1633170292366,14.4019916,52.2488763,6.5128427,1.842019,-0.66200495,-2.1138911,on bike mount,cyclo cross,True,asphalt,excellent
f4ee5635-8bf4-4b5a-96e4-b3a42f385893,c4715efd-5856-4d05-acc8-dcbc3522d5af,1ac0e785-197b-4f3b-afbf-c029b756ad1e,1633170292416,14.4019916,52.2488763,6.5128427,-0.32772446,0.8782265,0.3510399,on bike mount,cyclo cross,True,asphalt,excellent
f4ee5635-8bf4-4b5a-96e4-b3a42f385893,c4715efd-5856-4d05-acc8-dcbc3522d5af,da8109bd-e19c-486c-bc32-4db478c2c819,1633170292466,14.4019916,52.2488763,6.5128427,0.8389374,-1.7113012,-1.0056791,on bike mount,cyclo cross,True,asphalt,excellent
f4ee5635-8bf4-4b5a-96e4-b3a42f385893,c4715efd-5856-4d05-acc8-dcbc3522d5af,f4c79e42-7cd9-4f93-822a-aec656ec72be,1633170292517,14.4019916,52.2488763,6.5128427,-2.1144624,0.11289215,2.0633783,on bike mount,cyclo cross,True,asphalt,excellent
f4ee5635-8bf4-4b5a-96e4-b3a42f385893,c4715efd-5856-4d05-acc8-dcbc3522d5af,d1bab123-4e19-40a0-bf6d-b4d556ad3a90,1633170292566,14.4019916,52.2488763,6.5128427,0.15764394,0.13688445,0.55202484,on bike mount,cyclo cross,True,asphalt,excellent
f4ee5635-8bf4-4b5a-96e4-b3a42f385893,c4715efd-5856-4d05-acc8-dcbc3522d5af,b340265f-a6f1-4367-9bb8-22867602cc0a,1633170292617,14.4019916,52.2488763,6.5128427,-0.52456653,0.5124397,-2.7154317,on bike mount,cyclo cross,True,asphalt,excellent
f4ee5635-8bf4-4b5a-96e4-b3a42f385893,c4715efd-5856-4d05-acc8-dcbc3522d5af,0a2591ad-d3b5-45af-8af5-32e4965f43d4,1633170292667,14.4019916,52.2488763,6.5128427,-0.38986468,-0.41793132,1.7507296,on bike mount,cyclo cross,True,asphalt,excellent
f4ee5635-8bf4-4b5a-96e4-b3a42f385893,c4715efd-5856-4d05-acc8-dcbc3522d5af,fab349a4-e588-4178-8a69-c4672c953ef0,1633170292732,14.4019916,52.2488763,6.5128427,1.2821579,0.2696483,-1.552424,on bike mount,cyclo cross,True,asphalt,excellent
f4ee5635-8bf4-4b5a-96e4-b3a42f385893,c4715efd-5856-4d05-acc8-dcbc3522d5af,bfc4a7dd-8a67-4b08-a241-d855794fa441,1633170292782,14.4019916,52.2488763,6.5128427,-0.97321177,0.8055289,-1.114203,on bike mount,cyclo cross,True,asphalt,excellent
f4ee5635-8bf4-4b5a-96e4-b3a42f385893,c4715efd-5856-4d05-acc8-dcbc3522d5af,09660e25-98a7-45c2-aa82-808287054da3,1633170292834,14.4019916,52.2488763,6.5128427,-1.4410962,0.3759675,0.43101025,on bike mount,cyclo cross,True,asphalt,excellent
f4ee5635-8bf4-4b5a-96e4-b3a42f385893,c4715efd-5856-4d05-acc8-dcbc3522d5af,b8087672-4b42-4186-8924-f5f313fbcd03,1633170292885,14.4019916,52.2488763,6.5128427,-0.6316725,2.1878963,-0.10821247,on bike mount,cyclo cross,True,asphalt,excellent
f4ee5635-8bf4-4b5a-96e4-b3a42f385893,c4715efd-5856-4d05-acc8-dcbc3522d5af,48f93f44-7ae9-4a16-804a-496792f03c10,1633170292935,14.4019916,52.2488763,6.5128427,1.8322097,4.6075172,-2.465692,on bike mount,cyclo cross,True,asphalt,excellent
f4ee5635-8bf4-4b5a-96e4-b3a42f385893,c4715efd-5856-4d05-acc8-dcbc3522d5af,81d2b59a-5008-4de6-88fa-532552082651,1633170292999,14.4020626,52.2488434,6.469919,1.1280677,0.882041,0.78435326,on bike mount,cyclo cross,True,asphalt,excellent
f4ee5635-8bf4-4b5a-96e4-b3a42f385893,c4715efd-5856-4d05-acc8-dcbc3522d5af,5839d677-f89d-4963-ac6d-133fb75940f8,1633170293049,14.4020626,52.2488434,6.469919,0.14942722,0.7731087,-0.023507118,on bike mount,cyclo cross,True,asphalt,excellent
f4ee5635-8bf4-4b5a-96e4-b3a42f385893,c4715efd-5856-4d05-acc8-dcbc3522d5af,f69c3272-feeb-4e89-bb4d-b2aeecc93b6f,1633170293100,14.4020626,52.2488434,6.469919,-0.7067271,0.15515304,-4.2994413,on bike mount,cyclo cross,True,asphalt,excellent
f4ee5635-8bf4-4b5a-96e4-b3a42f385893,c4715efd-5856-4d05-acc8-dcbc3522d5af,ca7c0cbe-2695-4866-acd9-33ad26e09462,1633170293151,14.4020626,52.2488434,6.469919,-2.5732145,2.0710728,-0.6545267,on bike mount,cyclo cross,True,asphalt,excellent
f4ee5635-8bf4-4b5a-96e4-b3a42f385893,c4715efd-5856-4d05-acc8-dcbc3522d5af,ba2aabd2-2b7c-436c-bc71-6a4e735f9b27,1633170293201,14.4020626,52.2488434,6.469919,1.3307385,-1.7350584,1.6085339,on bike mount,cyclo cross,True,asphalt,excellent
f4ee5635-8bf4-4b5a-96e4-b3a42f385893,c4715efd-5856-4d05-acc8-dcbc3522d5af,0339925f-9663-48b0-8adc-4952439cad1b,1633170293252,14.4020626,52.2488434,6.469919,-0.027128637,1.9010401,-1.6680145,on bike mount,cyclo cross,True,asphalt,excellent
f4ee5635-8bf4-4b5a-96e4-b3a42f385893,c4715efd-5856-4d05-acc8-dcbc3522d5af,2e0d3af0-fe5c-40cf-8f9a-63d0deae41da,1633170293317,14.4020626,52.2488434,6.469919,-0.33168066,-0.4057212,-0.6802883,on bike mount,cyclo cross,True,asphalt,excellent
f4ee5635-8bf4-4b5a-96e4-b3a42f385893,c4715efd-5856-4d05-acc8-dcbc3522d5af,3cd5d770-6e03-4145-93c4-42d1c2c81d7e,1633170293367,14.4020626,52.2488434,6.469919,0.60636604,-1.5730764,1.1948748,on bike mount,cyclo cross,True,asphalt,excellent
f4ee5635-8bf4-4b5a-96e4-b3a42f385893,c4715efd-5856-4d05-acc8-dcbc3522d5af,a94174a8-e16b-47fc-b6ca-9289e290bd8b,1633170293418,14.4020626,52.2488434,6.469919,0.61906356,-0.47326875,0.86950016,on bike mount,cyclo cross,True,asphalt,excellent
f4ee5635-8bf4-4b5a-96e4-b3a42f385893,c4715efd-5856-4d05-acc8-dcbc3522d5af,c1a14603-8eab-4946-b1cf-a2d3ebec2798,1633170293468,14.4020626,52.2488434,6.469919,-1.1063111,-0.30127525,1.3304968,on bike mount,cyclo cross,True,asphalt,excellent
f4ee5635-8bf4-4b5a-96e4-b3a42f385893,c4715efd-5856-4d05-acc8-dcbc3522d5af,016775c2-2df8-4715-91c5-82f227e6c80a,1633170293519,14.4020626,52.2488434,6.469919,0.047315903,-0.52517223,-1.8541241,on bike mount,cyclo cross,True,asphalt,excellent
f4ee5635-8bf4-4b5a-96e4-b3a42f385893,c4715efd-5856-4d05-acc8-dcbc3522d5af,be43ee63-1848-4dcc-a585-ecfcbf49bfcd,1633170293569,14.4020626,52.2488434,6.469919,0.23660833,1.1609802,-0.19960499,on bike mount,cyclo cross,True,asphalt,excellent
f4ee5635-8bf4-4b5a-96e4-b3a42f385893,c4715efd-5856-4d05-acc8-dcbc3522d5af,cdcad220-1ff0-41b2-b5d0-73b5eb7edbc3,1633170293634,14.4020626,52.2488434,6.469919,-1.3260531,0.5391121,-1.6288986,on bike mount,cyclo cross,True,asphalt,excellent
f4ee5635-8bf4-4b5a-96e4-b3a42f385893,c4715efd-5856-4d05-acc8-dcbc3522d5af,7545de07-e47b-4baa-8e50-2c2e1b9ce77a,1633170293686,14.4020626,52.2488434,6.469919,0.31161755,0.09079504,-0.3155346,on bike mount,cyclo cross,True,asphalt,excellent
f4ee5635-8bf4-4b5a-96e4-b3a42f385893,c4715efd-5856-4d05-acc8-dcbc3522d5af,f00ac26f-b4ef-4757-8331-c72d9f8c19f6,1633170293736,14.4020626,52.2488434,6.469919,0.34099004,-1.5812051,0.87800694,on bike mount,cyclo cross,True,asphalt,excellent
f4ee5635-8bf4-4b5a-96e4-b3a42f385893,c4715efd-5856-4d05-acc8-dcbc3522d5af,2ac83225-9945-4052-9806-0caaf8353286,1633170293802,14.4020626,52.2488434,6.469919,-0.22868031,-1.6262003,-5.0104046,on bike mount,cyclo cross,True,asphalt,excellent
f4ee5635-8bf4-4b5a-96e4-b3a42f385893,c4715efd-5856-4d05-acc8-dcbc3522d5af,732a5547-0cf1-471b-92d8-322aac65e351,1633170293852,14.4020626,52.2488434,6.469919,0.95361865,1.9629798,1.2758265,on bike mount,cyclo cross,True,asphalt,excellent
f4ee5635-8bf4-4b5a-96e4-b3a42f385893,c4715efd-5856-4d05-acc8-dcbc3522d5af,e9edbe73-205e-4af3-b155-82721aefb40f,1633170293902,14.4020626,52.2488434,6.469919,-0.6025599,-0.84042275,-1.8374128,on bike mount,cyclo cross,True,asphalt,excellent
f4ee5635-8bf4-4b5a-96e4-b3a42f385893,c4715efd-5856-4d05-acc8-dcbc3522d5af,bbbe1ceb-acd2-4061-bb23-aed451338492,1633170293954,14.4021326,52.2488106,6.3996725,-1.8790581,-0.3294201,-0.60117626,on bike mount,cyclo cross,True,asphalt,excellent
f4ee5635-8bf4-4b5a-96e4-b3a42f385893,c4715efd-5856-4d05-acc8-dcbc3522d5af,069d42bc-688e-4d08-8dd2-e7351ec2f9c0,1633170294017,14.4021326,52.2488106,6.3996725,-0.26853943,1.312556,0.65197754,on bike mount,cyclo cross,True,asphalt,excellent
f4ee5635-8bf4-4b5a-96e4-b3a42f385893,c4715efd-5856-4d05-acc8-dcbc3522d5af,02586e40-aa82-4b42-a236-6dc67a166424,1633170294068,14.4021326,52.2488106,6.3996725,0.30948496,0.11233616,0.2075901,on bike mount,cyclo cross,True,asphalt,excellent
f4ee5635-8bf4-4b5a-96e4-b3a42f385893,c4715efd-5856-4d05-acc8-dcbc3522d5af,12c277fb-14ae-4935-8388-3e430343d97a,1633170294120,14.4021326,52.2488106,6.3996725,0.07463893,0.33572984,-1.6512246,on bike mount,cyclo cross,True,asphalt,excellent
f4ee5635-8bf4-4b5a-96e4-b3a42f385893,c4715efd-5856-4d05-acc8-dcbc3522d5af,2b24a188-20fe-43a9-9f50-8436cf6640e8,1633170294169,14.4021326,52.2488106,6.3996725,-0.0643346,-0.30297947,0.06262112,on bike mount,cyclo cross,True,asphalt,excellent
f4ee5635-8bf4-4b5a-96e4-b3a42f385893,c4715efd-5856-4d05-acc8-dcbc3522d5af,8b780d42-209e-4c55-b1ca-5c9cf263c64d,1633170294236,14.4021326,52.2488106,6.3996725,1.8413025,-0.6932361,-1.3101101,on bike mount,cyclo cross,True,asphalt,excellent
f4ee5635-8bf4-4b5a-96e4-b3a42f385893,c4715efd-5856-4d05-acc8-dcbc3522d5af,03c94258-2a64-43c2-b3b8-e0e94a58b4d1,1633170294302,14.4021326,52.2488106,6.3996725,-0.5791956,0.48995638,0.69880867,on bike mount,cyclo cross,True,asphalt,excellent
f4ee5635-8bf4-4b5a-96e4-b3a42f385893,c4715efd-5856-4d05-acc8-dcbc3522d5af,5a4ef812-41a4-4f2f-baf2-176b72966d0b,1633170294353,14.4021326,52.2488106,6.3996725,0.30728266,-0.8597982,0.042635918,on bike mount,cyclo cross,True,asphalt,excellent
f4ee5635-8bf4-4b5a-96e4-b3a42f385893,c4715efd-5856-4d05-acc8-dcbc3522d5af,25479b40-a9b0-4c94-8e6e-84ff3e80a34d,1633170294404,14.4021326,52.2488106,6.3996725,1.9941742,1.8352971,1.8750916,on bike mount,cyclo cross,True,asphalt,excellent
f4ee5635-8bf4-4b5a-96e4-b3a42f385893,c4715efd-5856-4d05-acc8-dcbc3522d5af,c25477b7-879f-4a3c-8817-32ba92c37c31,1633170294470,14.4021326,52.2488106,6.3996725,-0.21486706,-1.037304,-0.13789845,on bike mount,cyclo cross,True,asphalt,excellent
f4ee5635-8bf4-4b5a-96e4-b3a42f385893,c4715efd-5856-4d05-acc8-dcbc3522d5af,1b23c4dc-7b9a-4523-b73d-821aa7259cba,1633170294521,14.4021326,52.2488106,6.3996725,0.11840111,0.57826567,0.39482212,on bike mount,cyclo cross,True,asphalt,excellent
f4ee5635-8bf4-4b5a-96e4-b3a42f385893,c4715efd-5856-4d05-acc8-dcbc3522d5af,b3f87113-fbc6-4271-8ffe-2b35a26723e5,1633170294571,14.4021326,52.2488106,6.3996725,0.0075470805,-2.3180845,1.1871681,on bike mount,cyclo cross,True,asphalt,excellent
f4ee5635-8bf4-4b5a-96e4-b3a42f385893,c4715efd-5856-4d05-acc8-dcbc3522d5af,4ae9d2e8-b881-42cd-8806-82a2ac42c045,1633170294621,14.4021326,52.2488106,6.3996725,-0.46441305,1.4488456,-1.9210577,on bike mount,cyclo cross,True,asphalt,excellent
f4ee5635-8bf4-4b5a-96e4-b3a42f385893,c4715efd-5856-4d05-acc8-dcbc3522d5af,92b4b859-1856-4c18-9ae8-4be36a738f35,1633170294686,14.4021326,52.2488106,6.3996725,0.0843007,-1.4826791,-0.63574123,on bike mount,cyclo cross,True,asphalt,excellent
f4ee5635-8bf4-4b5a-96e4-b3a42f385893,c4715efd-5856-4d05-acc8-dcbc3522d5af,019dabf0-e5f0-4d9c-8686-1e4698b18a40,1633170294737,14.4021326,52.2488106,6.3996725,1.7926254,-0.667598,2.9458323,on bike mount,cyclo cross,True,asphalt,excellent
f4ee5635-8bf4-4b5a-96e4-b3a42f385893,c4715efd-5856-4d05-acc8-dcbc3522d5af,2bb52ec1-27b5-4c21-8c03-818e67dad187,1633170294786,14.4021326,52.2488106,6.3996725,-3.399716,2.7997801,-0.8938093,on bike mount,cyclo cross,True,asphalt,excellent
f4ee5635-8bf4-4b5a-96e4-b3a42f385893,c4715efd-5856-4d05-acc8-dcbc3522d5af,84ac66e8-5649-497f-8b93-8fbb443bbb10,1633170294837,14.4021326,52.2488106,6.3996725,1.0869716,0.45102024,-0.16924477,on bike mount,cyclo cross,True,asphalt,excellent
f4ee5635-8bf4-4b5a-96e4-b3a42f385893,c4715efd-5856-4d05-acc8-dcbc3522d5af,0bc17199-34fe-4aea-b616-8151702f226f,1633170294888,14.4021326,52.2488106,6.3996725,1.1024038,-0.43349004,1.3859406,on bike mount,cyclo cross,True,asphalt,excellent
f4ee5635-8bf4-4b5a-96e4-b3a42f385893,c4715efd-5856-4d05-acc8-dcbc3522d5af,784f79d4-c015-4599-9912-8950e7d7ea2c,1633170294942,14.4021326,52.2488106,6.3996725,0.1874539,2.0126514,0.34952164,on bike mount,cyclo cross,True,asphalt,excellent
f4ee5635-8bf4-4b5a-96e4-b3a42f385893,c4715efd-5856-4d05-acc8-dcbc3522d5af,e0a110a2-5781-4c82-80d6-ae4306385163,1633170295004,14.4022036,52.2487727,6.364293,-0.22947109,0.16694498,0.27819443,on bike mount,cyclo cross,True,asphalt,excellent
f4ee5635-8bf4-4b5a-96e4-b3a42f385893,c4715efd-5856-4d05-acc8-dcbc3522d5af,49b6039c-7c4a-4e8c-a102-35f0733a4da1,1633170295054,14.4022036,52.2487727,6.364293,1.4038291,-1.3086686,-1.0550165,on bike mount,cyclo cross,True,asphalt,excellent
f4ee5635-8bf4-4b5a-96e4-b3a42f385893,c4715efd-5856-4d05-acc8-dcbc3522d5af,22faa264-2037-422b-8c6c-4baf1c2e2f77,1633170295104,14.4022036,52.2487727,6.364293,0.473572,0.21968174,0.13410854,on bike mount,cyclo cross,True,asphalt,excellent
f4ee5635-8bf4-4b5a-96e4-b3a42f385893,c4715efd-5856-4d05-acc8-dcbc3522d5af,a49ed307-760e-4cd4-aefc-7c76fa873bde,1633170295155,14.4022036,52.2487727,6.364293,-1.1057264,0.86204934,-0.36949825,on bike mount,cyclo cross,True,asphalt,excellent
f4ee5635-8bf4-4b5a-96e4-b3a42f385893,c4715efd-5856-4d05-acc8-dcbc3522d5af,7515ef5e-8732-4466-a032-afa475e1cf75,1633170295206,14.4022036,52.2487727,6.364293,1.3076379,-0.379807,-0.37687492,on bike mount,cyclo cross,True,asphalt,excellent
f4ee5635-8bf4-4b5a-96e4-b3a42f385893,c4715efd-5856-4d05-acc8-dcbc3522d5af,69f9a294-863f-456f-a04e-1e9754779c88,1633170295271,14.4022036,52.2487727,6.364293,-0.76713747,-0.011289358,-1.2248235,on bike mount,cyclo cross,True,asphalt,excellent
f4ee5635-8bf4-4b5a-96e4-b3a42f385893,c4715efd-5856-4d05-acc8-dcbc3522d5af,9c20fb15-b202-4493-84a9-e4d374eed8c0,1633170295322,14.4022036,52.2487727,6.364293,-1.8943448,-0.27275348,0.15213585,on bike mount,cyclo cross,True,asphalt,excellent
f4ee5635-8bf4-4b5a-96e4-b3a42f385893,c4715efd-5856-4d05-acc8-dcbc3522d5af,64f67491-5ab8-466e-a6c8-9cbc2abdb342,1633170295387,14.4022036,52.2487727,6.364293,-0.26198393,-1.4782685,2.598113,on bike mount,cyclo cross,True,asphalt,excellent
f4ee5635-8bf4-4b5a-96e4-b3a42f385893,c4715efd-5856-4d05-acc8-dcbc3522d5af,44e1fe6a-5a1e-4ac7-8cb5-a3472ff3eca9,1633170295437,14.4022036,52.2487727,6.364293,0.80655444,-0.9946798,-0.51229954,on bike mount,cyclo cross,True,asphalt,excellent
f4ee5635-8bf4-4b5a-96e4-b3a42f385893,c4715efd-5856-4d05-acc8-dcbc3522d5af,3f141c67-1261-44cc-a20b-fd9806fdfe47,1633170295489,14.4022036,52.2487727,6.364293,-0.9663924,-0.41421223,0.5131111,on bike mount,cyclo cross,True,asphalt,excellent
f4ee5635-8bf4-4b5a-96e4-b3a42f385893,c4715efd-5856-4d05-acc8-dcbc3522d5af,abb464cf-f939-46b7-b0a0-9c5d167fe7aa,1633170295556,14.4022036,52.2487727,6.364293,0.3889037,-0.49990404,1.3766298,on bike mount,cyclo cross,True,asphalt,excellent
f4ee5635-8bf4-4b5a-96e4-b3a42f385893,c4715efd-5856-4d05-acc8-dcbc3522d5af,bf7724b8-6eb4-47ff-b374-c57e54b43012,1633170295606,14.4022036,52.2487727,6.364293,-0.22420108,0.26298547,-1.2281361,on bike mount,cyclo cross,True,asphalt,excellent
f4ee5635-8bf4-4b5a-96e4-b3a42f385893,c4715efd-5856-4d05-acc8-dcbc3522d5af,34758a25-c228-43f7-b157-d58f20846ede,1633170295673,14.4022036,52.2487727,6.364293,0.059567034,-1.1666554,-0.4715929,on bike mount,cyclo cross,True,asphalt,excellent
f4ee5635-8bf4-4b5a-96e4-b3a42f385893,c4715efd-5856-4d05-acc8-dcbc3522d5af,8da76b92-53a7-468c-89a7-2519f9abaaaa,1633170295723,14.4022036,52.2487727,6.364293,0.6385952,3.782668,-2.9795356,on bike mount,cyclo cross,True,asphalt,excellent
f4ee5635-8bf4-4b5a-96e4-b3a42f385893,c4715efd-5856-4d05-acc8-dcbc3522d5af,37c2800b-44c1-4b8a-8168-523f099ed781,1633170295773,14.4022036,52.2487727,6.364293,-0.68917036,-2.1549838,2.6756287,on bike mount,cyclo cross,True,asphalt,excellent
f4ee5635-8bf4-4b5a-96e4-b3a42f385893,c4715efd-5856-4d05-acc8-dcbc3522d5af,3f3d12a2-e063-4d22-9241-4f3d4109e27d,1633170295823,14.4022036,52.2487727,6.364293,-1.0122652,-1.3027608,-1.2289462,on bike mount,cyclo cross,True,asphalt,excellent
f4ee5635-8bf4-4b5a-96e4-b3a42f385893,c4715efd-5856-4d05-acc8-dcbc3522d5af,aa3e2582-0d99-4d6b-993c-002cb11bd5f2,1633170295890,14.4022036,52.2487727,6.364293,1.2172029,-4.6967516,-1.048253,on bike mount,cyclo cross,True,asphalt,excellent
f4ee5635-8bf4-4b5a-96e4-b3a42f385893,c4715efd-5856-4d05-acc8-dcbc3522d5af,3ef3c1e8-cf8c-468e-b990-98961788d277,1633170295949,14.4022036,52.2487727,6.364293,0.6126591,-1.2650404,-0.80566025,on bike mount,cyclo cross,True,asphalt,excellent
f4ee5635-8bf4-4b5a-96e4-b3a42f385893,c4715efd-5856-4d05-acc8-dcbc3522d5af,ddacec21-d7c7-4512-9627-1864beca57b2,1633170296006,14.402272,52.24874,6.340436,-0.64215845,0.6232035,-0.94889927,on bike mount,cyclo cross,True,asphalt,excellent
f4ee5635-8bf4-4b5a-96e4-b3a42f385893,c4715efd-5856-4d05-acc8-dcbc3522d5af,1678760f-7e16-4881-ba39-1f30fbbc7f4b,1633170296073,14.402272,52.24874,6.340436,1.3200816,-0.24963307,-0.7293968,on bike mount,cyclo cross,True,asphalt,excellent
f4ee5635-8bf4-4b5a-96e4-b3a42f385893,c4715efd-5856-4d05-acc8-dcbc3522d5af,f5f561de-5d4a-46bb-bbe0-dcd09803be5e,1633170296123,14.402272,52.24874,6.340436,-0.32218805,0.5499232,-0.30299282,on bike mount,cyclo cross,True,asphalt,excellent
f4ee5635-8bf4-4b5a-96e4-b3a42f385893,c4715efd-5856-4d05-acc8-dcbc3522d5af,1b789245-cac2-48ae-85b8-6cec3a7fcf34,1633170296173,14.402272,52.24874,6.340436,1.568834,-1.019918,0.16066647,on bike mount,cyclo cross,True,asphalt,excellent
f4ee5635-8bf4-4b5a-96e4-b3a42f385893,c4715efd-5856-4d05-acc8-dcbc3522d5af,6abcd7ec-3bfb-4816-8f95-4a31438bb5ee,1633170296223,14.402272,52.24874,6.340436,0.2708744,-1.0768511,0.022817612,on bike mount,cyclo cross,True,asphalt,excellent
f4ee5635-8bf4-4b5a-96e4-b3a42f385893,c4715efd-5856-4d05-acc8-dcbc3522d5af,6a5dcb9f-63f7-4e42-b8b0-f8b8447c8baf,1633170296273,14.402272,52.24874,6.340436,0.06722534,0.004740715,1.2188425,on bike mount,cyclo cross,True,asphalt,excellent
f4ee5635-8bf4-4b5a-96e4-b3a42f385893,c4715efd-5856-4d05-acc8-dcbc3522d5af,2985e07c-388e-4660-812d-e88b5ca18ac6,1633170296323,14.402272,52.24874,6.340436,-0.65496445,0.44125843,-0.36330032,on bike mount,cyclo cross,True,asphalt,excellent
f4ee5635-8bf4-4b5a-96e4-b3a42f385893,c4715efd-5856-4d05-acc8-dcbc3522d5af,b85e0bb0-809e-48d0-89e6-835d4dfdda3a,1633170296374,14.402272,52.24874,6.340436,-0.19690299,-0.039157867,-0.49557877,on bike mount,cyclo cross,True,asphalt,excellent
f4ee5635-8bf4-4b5a-96e4-b3a42f385893,c4715efd-5856-4d05-acc8-dcbc3522d5af,245850e7-51a7-4811-984e-3cde6e07900e,1633170296439,14.402272,52.24874,6.340436,-0.9017485,-1.7241592,1.0719929,on bike mount,cyclo cross,True,asphalt,excellent
f4ee5635-8bf4-4b5a-96e4-b3a42f385893,c4715efd-5856-4d05-acc8-dcbc3522d5af,b1484864-3789-4e4b-a928-796587b63a8a,1633170296489,14.402272,52.24874,6.340436,0.13987866,0.8998022,-0.6446924,on bike mount,cyclo cross,True,asphalt,excellent
f4ee5635-8bf4-4b5a-96e4-b3a42f385893,c4715efd-5856-4d05-acc8-dcbc3522d5af,5f0ad2dd-7e53-467a-9953-6e14993ace36,1633170296539,14.402272,52.24874,6.340436,-0.51656145,-0.3776636,0.13637352,on bike mount,cyclo cross,True,asphalt,excellent
f4ee5635-8bf4-4b5a-96e4-b3a42f385893,c4715efd-5856-4d05-acc8-dcbc3522d5af,7c6488e2-e72d-44a6-b384-0018f75e05a6,1633170296590,14.402272,52.24874,6.340436,-0.30077603,0.29144454,-0.28619766,on bike mount,cyclo cross,True,asphalt,excellent
f4ee5635-8bf4-4b5a-96e4-b3a42f385893,c4715efd-5856-4d05-acc8-dcbc3522d5af,55ce9b5f-cf86-43d4-b716-b819a34d8634,1633170296641,14.402272,52.24874,6.340436,-0.4023383,-1.5537028,-0.764143,on bike mount,cyclo cross,True,asphalt,excellent
f4ee5635-8bf4-4b5a-96e4-b3a42f385893,c4715efd-5856-4d05-acc8-dcbc3522d5af,38a4d53f-659a-4bc3-916e-e3472b2a3bb9,1633170296706,14.402272,52.24874,6.340436,-1.0483855,-0.7929472,0.8350935,on bike mount,cyclo cross,True,asphalt,excellent
f4ee5635-8bf4-4b5a-96e4-b3a42f385893,c4715efd-5856-4d05-acc8-dcbc3522d5af,03fffa32-2bcf-4791-927c-f748b78c62aa,1633170296756,14.402272,52.24874,6.340436,0.07901046,-1.7300456,-1.0021977,on bike mount,cyclo cross,True,asphalt,excellent
f4ee5635-8bf4-4b5a-96e4-b3a42f385893,c4715efd-5856-4d05-acc8-dcbc3522d5af,c3d73e9f-8baf-4a06-92b8-9923f5c573e0,1633170296807,14.402272,52.24874,6.340436,0.10088334,1.7816448,1.3805113,on bike mount,cyclo cross,True,asphalt,excellent
f4ee5635-8bf4-4b5a-96e4-b3a42f385893,c4715efd-5856-4d05-acc8-dcbc3522d5af,cb1c1b4a-e900-47b9-8ba0-5d56c23aa5a1,1633170296858,14.402272,52.24874,6.340436,0.21470086,-0.62968206,0.2593994,on bike mount,cyclo cross,True,asphalt,excellent
f4ee5635-8bf4-4b5a-96e4-b3a42f385893,c4715efd-5856-4d05-acc8-dcbc3522d5af,2d684d12-9eed-4197-9879-c074eae5f5fb,1633170296924,14.402272,52.24874,6.340436,1.1265144,0.114215374,0.7754555,on bike mount,cyclo cross,True,asphalt,excellent
f4ee5635-8bf4-4b5a-96e4-b3a42f385893,c4715efd-5856-4d05-acc8-dcbc3522d5af,7a612112-0c0e-4cc4-b275-4c007588be2a,1633170296974,14.402339,52.2487064,6.328745,0.2177902,0.104813576,0.9467764,on bike mount,cyclo cross,True,asphalt,excellent
f4ee5635-8bf4-4b5a-96e4-b3a42f385893,c4715efd-5856-4d05-acc8-dcbc3522d5af,6ef628ec-9b58-455d-bcf6-bb4570e06e27,1633170297025,14.402339,52.2487064,6.328745,0.30190068,-0.50883055,-0.9719906,on bike mount,cyclo cross,True,asphalt,excellent
f4ee5635-8bf4-4b5a-96e4-b3a42f385893,c4715efd-5856-4d05-acc8-dcbc3522d5af,39e833e7-794c-47c4-b2b1-267d8c55ecd1,1633170297091,14.402339,52.2487064,6.328745,1.0104926,-0.6366055,-1.0310946,on bike mount,cyclo cross,True,asphalt,excellent
f4ee5635-8bf4-4b5a-96e4-b3a42f385893,c4715efd-5856-4d05-acc8-dcbc3522d5af,b34ae233-1377-4618-97c0-35a8b7f237bd,1633170297141,14.402339,52.2487064,6.328745,-0.17587653,-1.0769148,1.1365366,on bike mount,cyclo cross,True,asphalt,excellent
f4ee5635-8bf4-4b5a-96e4-b3a42f385893,c4715efd-5856-4d05-acc8-dcbc3522d5af,f8a3f048-3f1d-4480-bfb5-8d6796bf7bc4,1633170297191,14.402339,52.2487064,6.328745,0.4283342,-1.1528448,-1.0635834,on bike mount,cyclo cross,True,asphalt,excellent
f4ee5635-8bf4-4b5a-96e4-b3a42f385893,c4715efd-5856-4d05-acc8-dcbc3522d5af,23fc7b65-a203-4c6e-a868-3b2c151f786f,1633170297242,14.402339,52.2487064,6.328745,-0.56711453,0.2283659,0.89132977,on bike mount,cyclo cross,True,asphalt,excellent
f4ee5635-8bf4-4b5a-96e4-b3a42f385893,c4715efd-5856-4d05-acc8-dcbc3522d5af,37fc5e9f-69e8-4012-b1f0-f394945f3e85,1633170297308,14.402339,52.2487064,6.328745,-0.083429694,-0.10683441,-1.6529212,on bike mount,cyclo cross,True,asphalt,excellent
f4ee5635-8bf4-4b5a-96e4-b3a42f385893,c4715efd-5856-4d05-acc8-dcbc3522d5af,c4b7e040-7a79-495a-b74e-975c9ebed70f,1633170297359,14.402339,52.2487064,6.328745,0.035643823,-0.8561512,-1.451097,on bike mount,cyclo cross,True,asphalt,excellent
f4ee5635-8bf4-4b5a-96e4-b3a42f385893,c4715efd-5856-4d05-acc8-dcbc3522d5af,fd55ce75-8921-4fff-8670-b69da18b67e8,1633170297408,14.402339,52.2487064,6.328745,0.39328456,1.0869446,-0.5848284,on bike mount,cyclo cross,True,asphalt,excellent
f4ee5635-8bf4-4b5a-96e4-b3a42f385893,c4715efd-5856-4d05-acc8-dcbc3522d5af,2def8984-717a-4748-956f-68fee2d9073d,1633170297459,14.402339,52.2487064,6.328745,0.13847175,-0.04815626,0.07551098,on bike mount,cyclo cross,True,asphalt,excellent
f4ee5635-8bf4-4b5a-96e4-b3a42f385893,c4715efd-5856-4d05-acc8-dcbc3522d5af,30b3c716-2d1c-489e-a928-5dcfbd7843ac,1633170297510,14.402339,52.2487064,6.328745,-0.8077004,0.99875045,-0.29782486,on bike mount,cyclo cross,True,asphalt,excellent
f4ee5635-8bf4-4b5a-96e4-b3a42f385893,c4715efd-5856-4d05-acc8-dcbc3522d5af,c69856f6-67e0-415d-9e52-34d22557e674,1633170297576,14.402339,52.2487064,6.328745,0.29316837,0.07607746,0.03565502,on bike mount,cyclo cross,True,asphalt,excellent
f4ee5635-8bf4-4b5a-96e4-b3a42f385893,c4715efd-5856-4d05-acc8-dcbc3522d5af,3bcbf4eb-087c-4f4f-904f-835a76984b04,1633170297643,14.402339,52.2487064,6.328745,0.7255365,0.11955166,-0.13166046,on bike mount,cyclo cross,True,asphalt,excellent
f4ee5635-8bf4-4b5a-96e4-b3a42f385893,c4715efd-5856-4d05-acc8-dcbc3522d5af,6245b015-2ace-4d44-8b03-03fc4b5bc9d7,1633170297693,14.402339,52.2487064,6.328745,-1.4645027,0.34311604,-0.8715277,on bike mount,cyclo cross,True,asphalt,excellent
f4ee5635-8bf4-4b5a-96e4-b3a42f385893,c4715efd-5856-4d05-acc8-dcbc3522d5af,104622c9-9dfd-473c-90e7-11533cbc237c,1633170297743,14.402339,52.2487064,6.328745,0.9034017,0.39623904,1.0534143,on bike mount,cyclo cross,True,asphalt,excellent
f4ee5635-8bf4-4b5a-96e4-b3a42f385893,c4715efd-5856-4d05-acc8-dcbc3522d5af,224a18d9-cf06-45dc-86c3-515ff2ad94f4,1633170297809,14.402339,52.2487064,6.328745,0.47362062,0.04815197,-0.67895126,on bike mount,cyclo cross,True,asphalt,excellent
f4ee5635-8bf4-4b5a-96e4-b3a42f385893,c4715efd-5856-4d05-acc8-dcbc3522d5af,20b848e5-5dad-4aa3-a6cf-3adc8fe1a177,1633170297858,14.402339,52.2487064,6.328745,-0.02376774,0.3694222,0.026721,on bike mount,cyclo cross,True,asphalt,excellent
f4ee5635-8bf4-4b5a-96e4-b3a42f385893,c4715efd-5856-4d05-acc8-dcbc3522d5af,54eccec9-9597-4370-b6f4-0330c484ddb6,1633170297908,14.402339,52.2487064,6.328745,-0.49530852,0.85283613,1.3280544,on bike mount,cyclo cross,True,asphalt,excellent
f4ee5635-8bf4-4b5a-96e4-b3a42f385893,c4715efd-5856-4d05-acc8-dcbc3522d5af,76001b62-7ca1-40b1-9b38-ac325a60dd10,1633170297963,14.4024077,52.2486738,6.2880387,-0.4150648,-0.06783199,0.083696365,on bike mount,cyclo cross,True,asphalt,excellent
f4ee5635-8bf4-4b5a-96e4-b3a42f385893,c4715efd-5856-4d05-acc8-dcbc3522d5af,0711432e-437e-46fe-9d45-2c638ae94861,1633170298025,14.4024077,52.2486738,6.2880387,-0.53391767,-0.6595037,2.1654615,on bike mount,cyclo cross,True,asphalt,excellent
f4ee5635-8bf4-4b5a-96e4-b3a42f385893,c4715efd-5856-4d05-acc8-dcbc3522d5af,648099d3-3d44-4659-a430-20e31e1496cb,1633170298076,14.4024077,52.2486738,6.2880387,-0.468914,0.7789812,-0.6047907,on bike mount,cyclo cross,True,asphalt,excellent
f4ee5635-8bf4-4b5a-96e4-b3a42f385893,c4715efd-5856-4d05-acc8-dcbc3522d5af,10ff60de-4c9e-465e-b08a-f1f9f4d401ee,1633170298126,14.4024077,52.2486738,6.2880387,0.937701,0.13438153,-0.4282179,on bike mount,cyclo cross,True,asphalt,excellent
f4ee5635-8bf4-4b5a-96e4-b3a42f385893,c4715efd-5856-4d05-acc8-dcbc3522d5af,d89985de-8e4b-40e5-b708-ba8d25f3f6cb,1633170298176,14.4024077,52.2486738,6.2880387,-0.0663552,0.17170405,0.47071266,on bike mount,cyclo cross,True,asphalt,excellent
f4ee5635-8bf4-4b5a-96e4-b3a42f385893,c4715efd-5856-4d05-acc8-dcbc3522d5af,23ab0517-5dae-4933-b118-642521e63e0e,1633170298226,14.4024077,52.2486738,6.2880387,0.4517097,0.43866968,-0.08518314,on bike mount,cyclo cross,True,asphalt,excellent
f4ee5635-8bf4-4b5a-96e4-b3a42f385893,c4715efd-5856-4d05-acc8-dcbc3522d5af,da971d3b-dbeb-474f-a8b6-edc0e0aae38c,1633170298276,14.4024077,52.2486738,6.2880387,0.2019771,-0.7957376,0.4545231,on bike mount,cyclo cross,True,asphalt,excellent
f4ee5635-8bf4-4b5a-96e4-b3a42f385893,c4715efd-5856-4d05-acc8-dcbc3522d5af,0a928939-3f00-4128-87ad-daf25a466f10,1633170298326,14.4024077,52.2486738,6.2880387,0.20808996,-0.035759687,-0.096520424,on bike mount,cyclo cross,True,asphalt,excellent
f4ee5635-8bf4-4b5a-96e4-b3a42f385893,c4715efd-5856-4d05-acc8-dcbc3522d5af,1c11b5aa-383e-4765-9cdf-52c6242d0483,1633170298376,14.4024077,52.2486738,6.2880387,-0.35871857,-0.70694065,0.87920094,on bike mount,cyclo cross,True,asphalt,excellent
f4ee5635-8bf4-4b5a-96e4-b3a42f385893,c4715efd-5856-4d05-acc8-dcbc3522d5af,23182ff8-2026-408e-a5c5-b06fe32da685,1633170298427,14.4024077,52.2486738,6.2880387,0.4471463,-2.4416695,-0.11660671,on bike mount,cyclo cross,True,asphalt,excellent
f4ee5635-8bf4-4b5a-96e4-b3a42f385893,c4715efd-5856-4d05-acc8-dcbc3522d5af,09ec8cdb-a118-440a-9194-72b5eed7ff01,1633170298476,14.4024077,52.2486738,6.2880387,0.11175565,1.5429988,-0.09092522,on bike mount,cyclo cross,True,asphalt,excellent
f4ee5635-8bf4-4b5a-96e4-b3a42f385893,c4715efd-5856-4d05-acc8-dcbc3522d5af,8b368c67-f3e2-4018-b652-787804aa93cd,1633170298526,14.4024077,52.2486738,6.2880387,-0.6448241,0.14204073,2.5693607,on bike mount,cyclo cross,True,asphalt,excellent
f4ee5635-8bf4-4b5a-96e4-b3a42f385893,c4715efd-5856-4d05-acc8-dcbc3522d5af,014e2ca8-45ec-4bf8-b96a-c96be999e7ab,1633170298576,14.4024077,52.2486738,6.2880387,0.6768281,0.3293414,-0.58661556,on bike mount,cyclo cross,True,asphalt,excellent
f4ee5635-8bf4-4b5a-96e4-b3a42f385893,c4715efd-5856-4d05-acc8-dcbc3522d5af,762b0d0f-01ad-47bb-b100-9aa336deb9ca,1633170298626,14.4024077,52.2486738,6.2880387,1.0015945,-4.111044,-2.3735251,on bike mount,cyclo cross,True,asphalt,excellent
f4ee5635-8bf4-4b5a-96e4-b3a42f385893,c4715efd-5856-4d05-acc8-dcbc3522d5af,dcd49bbd-21f6-4a39-9755-ca6650a86dc5,1633170298676,14.4024077,52.2486738,6.2880387,0.03441465,-0.89971685,-0.6216488,on bike mount,cyclo cross,True,asphalt,excellent
f4ee5635-8bf4-4b5a-96e4-b3a42f385893,c4715efd-5856-4d05-acc8-dcbc3522d5af,eefd675c-144d-442d-a040-e5900993a81b,1633170298728,14.4024077,52.2486738,6.2880387,-0.87985075,-0.794201,0.49760628,on bike mount,cyclo cross,True,asphalt,excellent
f4ee5635-8bf4-4b5a-96e4-b3a42f385893,c4715efd-5856-4d05-acc8-dcbc3522d5af,7b374feb-31ed-4ca6-8841-183175b1dec9,1633170298783,14.4024077,52.2486738,6.2880387,-0.5440962,-0.34502792,0.1813221,on bike mount,cyclo cross,True,asphalt,excellent
f4ee5635-8bf4-4b5a-96e4-b3a42f385893,c4715efd-5856-4d05-acc8-dcbc3522d5af,316c64ac-88e6-4f0c-b959-bf4e794e5117,1633170298843,14.4024077,52.2486738,6.2880387,-0.59318686,-0.08587742,0.37199974,on bike mount,cyclo cross,True,asphalt,excellent
f4ee5635-8bf4-4b5a-96e4-b3a42f385893,c4715efd-5856-4d05-acc8-dcbc3522d5af,7a05ed4d-67c2-49be-a1cb-2287df4ce0b8,1633170298895,14.4024077,52.2486738,6.2880387,0.23393178,-0.22872686,-0.91608334,on bike mount,cyclo cross,True,asphalt,excellent
f4ee5635-8bf4-4b5a-96e4-b3a42f385893,c4715efd-5856-4d05-acc8-dcbc3522d5af,7a9cdcc3-0649-4a1f-a361-58dcb32b2379,1633170298954,14.4024077,52.2486738,6.2880387,0.45822877,0.35715604,0.5678711,on bike mount,cyclo cross,True,asphalt,excellent
f4ee5635-8bf4-4b5a-96e4-b3a42f385893,c4715efd-5856-4d05-acc8-dcbc3522d5af,9ca9a57d-e234-4598-9344-b88273dfab9e,1633170299010,14.4024761,52.2486416,6.245153,-0.7679007,2.7786007,0.07283878,on bike mount,cyclo cross,True,asphalt,excellent
f4ee5635-8bf4-4b5a-96e4-b3a42f385893,c4715efd-5856-4d05-acc8-dcbc3522d5af,63678e5a-794f-47c8-b26a-bb430c293a8c,1633170299061,14.4024761,52.2486416,6.245153,-0.49788642,0.680563,-1.3387418,on bike mount,cyclo cross,True,asphalt,excellent
f4ee5635-8bf4-4b5a-96e4-b3a42f385893,c4715efd-5856-4d05-acc8-dcbc3522d5af,323d0389-384e-436a-9437-4903a241a0d8,1633170299110,14.4024761,52.2486416,6.245153,0.56362516,-0.70938015,-0.5187454,on bike mount,cyclo cross,True,asphalt,excellent
f4ee5635-8bf4-4b5a-96e4-b3a42f385893,c4715efd-5856-4d05-acc8-dcbc3522d5af,bae81ffe-c0ea-4926-8b32-8aac4df7c9bc,1633170299160,14.4024761,52.2486416,6.245153,0.9571271,-1.3069193,-0.19906425,on bike mount,cyclo cross,True,asphalt,excellent
f4ee5635-8bf4-4b5a-96e4-b3a42f385893,c4715efd-5856-4d05-acc8-dcbc3522d5af,b8f8bc9f-9a9d-4a79-a893-edef92e2d54f,1633170299211,14.4024761,52.2486416,6.245153,-0.3302917,0.36511326,1.598177,on bike mount,cyclo cross,True,asphalt,excellent
f4ee5635-8bf4-4b5a-96e4-b3a42f385893,c4715efd-5856-4d05-acc8-dcbc3522d5af,52fc3242-12fa-43f4-aca6-f40399bcc77f,1633170299261,14.4024761,52.2486416,6.245153,0.21374562,-0.28806186,0.09324074,on bike mount,cyclo cross,True,asphalt,excellent
f4ee5635-8bf4-4b5a-96e4-b3a42f385893,c4715efd-5856-4d05-acc8-dcbc3522d5af,10cdab45-612f-4590-a69a-c4e970c43d10,1633170299311,14.4024761,52.2486416,6.245153,0.36532435,-0.37006593,0.02558136,on bike mount,cyclo cross,True,asphalt,excellent
f4ee5635-8bf4-4b5a-96e4-b3a42f385893,c4715efd-5856-4d05-acc8-dcbc3522d5af,70f5afac-0b36-4f0d-b584-4dd4cc31b5c1,1633170299361,14.4024761,52.2486416,6.245153,0.9249659,-1.0719923,-0.49368477,on bike mount,cyclo cross,True,asphalt,excellent
f4ee5635-8bf4-4b5a-96e4-b3a42f385893,c4715efd-5856-4d05-acc8-dcbc3522d5af,b9737360-82cd-4e18-a8c5-0c29570bb6c2,1633170299412,14.4024761,52.2486416,6.245153,0.40635777,1.0299537,-0.5212736,on bike mount,cyclo cross,True,asphalt,excellent
f4ee5635-8bf4-4b5a-96e4-b3a42f385893,c4715efd-5856-4d05-acc8-dcbc3522d5af,1d17afd4-b9d5-4e01-8796-de6fa704c2b7,1633170299462,14.4024761,52.2486416,6.245153,-0.30475044,0.9602752,-0.90854454,on bike mount,cyclo cross,True,asphalt,excellent
f4ee5635-8bf4-4b5a-96e4-b3a42f385893,c4715efd-5856-4d05-acc8-dcbc3522d5af,a8aeebd4-00ac-4412-bef1-8d26e64d2ed0,1633170299512,14.4024761,52.2486416,6.245153,0.6079885,-0.6829505,-0.7741995,on bike mount,cyclo cross,True,asphalt,excellent
f4ee5635-8bf4-4b5a-96e4-b3a42f385893,c4715efd-5856-4d05-acc8-dcbc3522d5af,391645e3-2404-4e83-aa0c-55eca438905d,1633170299562,14.4024761,52.2486416,6.245153,-0.0692651,-1.2439471,0.22135353,on bike mount,cyclo cross,True,asphalt,excellent
f4ee5635-8bf4-4b5a-96e4-b3a42f385893,c4715efd-5856-4d05-acc8-dcbc3522d5af,856681ad-e92f-42a9-818e-706e3c5ee9ba,1633170299612,14.4024761,52.2486416,6.245153,-0.20612457,0.16229129,-0.47487164,on bike mount,cyclo cross,True,asphalt,excellent
f4ee5635-8bf4-4b5a-96e4-b3a42f385893,c4715efd-5856-4d05-acc8-dcbc3522d5af,adbedce0-062f-42c6-a516-bc81d46b58a2,1633170299663,14.4024761,52.2486416,6.245153,-0.8913096,-0.57108736,-1.6064544,on bike mount,cyclo cross,True,asphalt,excellent
f4ee5635-8bf4-4b5a-96e4-b3a42f385893,c4715efd-5856-4d05-acc8-dcbc3522d5af,d8e0a005-44b7-4b0a-b76c-85957c5f6a24,1633170299713,14.4024761,52.2486416,6.245153,-0.5287924,-0.10693121,-1.3528566,on bike mount,cyclo cross,True,asphalt,excellent
f4ee5635-8bf4-4b5a-96e4-b3a42f385893,c4715efd-5856-4d05-acc8-dcbc3522d5af,3a76a2dd-d64f-42c3-bf4b-f476d1c5432e,1633170299763,14.4024761,52.2486416,6.245153,0.86843485,-1.981982,0.5413275,on bike mount,cyclo cross,True,asphalt,excellent
f4ee5635-8bf4-4b5a-96e4-b3a42f385893,c4715efd-5856-4d05-acc8-dcbc3522d5af,c3641767-43f6-4289-b997-76d9116cd871,1633170299833,14.4024761,52.2486416,6.245153,0.15137911,0.17529583,-0.9405384,on bike mount,cyclo cross,True,asphalt,excellent
f4ee5635-8bf4-4b5a-96e4-b3a42f385893,c4715efd-5856-4d05-acc8-dcbc3522d5af,9edb42fb-2499-4d57-b6b3-458d36fa2bc8,1633170299896,14.4024761,52.2486416,6.245153,-0.58446646,-1.0955395,3.0014868,on bike mount,cyclo cross,True,asphalt,excellent
f4ee5635-8bf4-4b5a-96e4-b3a42f385893,c4715efd-5856-4d05-acc8-dcbc3522d5af,4a7b730f-9375-4230-9374-8548af2d7542,1633170299950,14.4024761,52.2486416,6.245153,-0.7193345,0.27447438,0.5715256,on bike mount,cyclo cross,True,asphalt,excellent
f4ee5635-8bf4-4b5a-96e4-b3a42f385893,c4715efd-5856-4d05-acc8-dcbc3522d5af,eed814af-8388-4cc5-9859-89dee2a43c9a,1633170300013,14.4025477,52.2486122,6.213364,0.16778928,-1.4167919,-0.4132204,on bike mount,cyclo cross,True,asphalt,excellent
f4ee5635-8bf4-4b5a-96e4-b3a42f385893,c4715efd-5856-4d05-acc8-dcbc3522d5af,a7207b28-1454-418d-9c5c-0cc749781711,1633170300063,14.4025477,52.2486122,6.213364,-0.9719969,0.011953831,-0.28583813,on bike mount,cyclo cross,True,asphalt,excellent
f4ee5635-8bf4-4b5a-96e4-b3a42f385893,c4715efd-5856-4d05-acc8-dcbc3522d5af,ec97b7ec-bdbb-4295-aa01-b6653e913e3f,1633170300115,14.4025477,52.2486122,6.213364,-0.06946981,-2.0713434,1.0018482,on bike mount,cyclo cross,True,asphalt,excellent
f4ee5635-8bf4-4b5a-96e4-b3a42f385893,c4715efd-5856-4d05-acc8-dcbc3522d5af,b569fbce-b108-4765-bdbf-a445425bad83,1633170300164,14.4025477,52.2486122,6.213364,1.4475933,-0.41899347,0.5047884,on bike mount,cyclo cross,True,asphalt,excellent
f4ee5635-8bf4-4b5a-96e4-b3a42f385893,c4715efd-5856-4d05-acc8-dcbc3522d5af,e5e51911-5e00-494f-812f-b2194c32c1c8,1633170300215,14.4025477,52.2486122,6.213364,-0.53736573,-0.51445866,-2.8779063,on bike mount,cyclo cross,True,asphalt,excellent
f4ee5635-8bf4-4b5a-96e4-b3a42f385893,c4715efd-5856-4d05-acc8-dcbc3522d5af,5e68c8b8-37d0-49be-bd98-2224f5e193d9,1633170300265,14.4025477,52.2486122,6.213364,0.87240034,1.4381733,-0.37177086,on bike mount,cyclo cross,True,asphalt,excellent
f4ee5635-8bf4-4b5a-96e4-b3a42f385893,c4715efd-5856-4d05-acc8-dcbc3522d5af,89bc64f5-7bb9-427f-8185-2f81138002ea,1633170300330,14.4025477,52.2486122,6.213364,1.8493931,0.71375537,0.21179485,on bike mount,cyclo cross,True,asphalt,excellent
f4ee5635-8bf4-4b5a-96e4-b3a42f385893,c4715efd-5856-4d05-acc8-dcbc3522d5af,e16dc8fc-2f7c-4714-9eb5-da0e8b165166,1633170300380,14.4025477,52.2486122,6.213364,-0.2754019,0.69646597,0.66307926,on bike mount,cyclo cross,True,asphalt,excellent
f4ee5635-8bf4-4b5a-96e4-b3a42f385893,c4715efd-5856-4d05-acc8-dcbc3522d5af,a1f060d3-6b09-44ee-8c0f-9177bdc332af,1633170300430,14.4025477,52.2486122,6.213364,0.31511635,-0.36116862,1.1768961,on bike mount,cyclo cross,True,asphalt,excellent
f4ee5635-8bf4-4b5a-96e4-b3a42f385893,c4715efd-5856-4d05-acc8-dcbc3522d5af,6140a14d-07c8-468d-96f7-f3a609a24120,1633170300480,14.4025477,52.2486122,6.213364,-0.49522948,-1.2208643,-1.3225517,on bike mount,cyclo cross,True,asphalt,excellent
f4ee5635-8bf4-4b5a-96e4-b3a42f385893,c4715efd-5856-4d05-acc8-dcbc3522d5af,50584b0d-126e-4bfb-aeed-d06d0eccf457,1633170300548,14.4025477,52.2486122,6.213364,-0.42717364,-0.6965468,-0.087700844,on bike mount,cyclo cross,True,asphalt,excellent
f4ee5635-8bf4-4b5a-96e4-b3a42f385893,c4715efd-5856-4d05-acc8-dcbc3522d5af,289e1ff3-ec59-41df-9c9f-9ec825b8fedc,1633170300613,14.4025477,52.2486122,6.213364,0.1225028,0.045832872,-0.073373795,on bike mount,cyclo cross,True,asphalt,excellent
f4ee5635-8bf4-4b5a-96e4-b3a42f385893,c4715efd-5856-4d05-acc8-dcbc3522d5af,01e9b890-9776-4df7-8999-45531242b7ad,1633170300663,14.4025477,52.2486122,6.213364,0.5511172,1.8776765,-1.3897839,on bike mount,cyclo cross,True,asphalt,excellent
f4ee5635-8bf4-4b5a-96e4-b3a42f385893,c4715efd-5856-4d05-acc8-dcbc3522d5af,7a9c5950-55a1-44ab-9170-aefaad97f162,1633170300714,14.4025477,52.2486122,6.213364,0.5915512,-0.8993703,1.116703,on bike mount,cyclo cross,True,asphalt,excellent
f4ee5635-8bf4-4b5a-96e4-b3a42f385893,c4715efd-5856-4d05-acc8-dcbc3522d5af,106315e8-8abc-444f-a6a3-249c3bac6964,1633170300765,14.4025477,52.2486122,6.213364,0.6427567,-0.34018636,-0.027525902,on bike mount,cyclo cross,True,asphalt,excellent
f4ee5635-8bf4-4b5a-96e4-b3a42f385893,c4715efd-5856-4d05-acc8-dcbc3522d5af,6d753154-8a21-44dc-bb4f-19260f8b442a,1633170300815,14.4025477,52.2486122,6.213364,0.2256905,0.67182016,0.25301075,on bike mount,cyclo cross,True,asphalt,excellent
f4ee5635-8bf4-4b5a-96e4-b3a42f385893,c4715efd-5856-4d05-acc8-dcbc3522d5af,5df1190a-2ecb-4834-91f7-c1c5cd8e6864,1633170300881,14.4025477,52.2486122,6.213364,-0.32583416,1.631465,-1.0899072,on bike mount,cyclo cross,True,asphalt,excellent
f4ee5635-8bf4-4b5a-96e4-b3a42f385893,c4715efd-5856-4d05-acc8-dcbc3522d5af,40171e5d-07ef-47d6-a8b3-e47b52088668,1633170300931,14.4025477,52.2486122,6.213364,0.22947519,-0.6437261,1.1897802,on bike mount,cyclo cross,True,asphalt,excellent
f4ee5635-8bf4-4b5a-96e4-b3a42f385893,c4715efd-5856-4d05-acc8-dcbc3522d5af,9396034d-9e20-492f-bc8f-06b419426558,1633170300980,14.4026201,52.2485835,6.175731,0.38409573,-0.43673754,0.95420074,on bike mount,cyclo cross,True,asphalt,excellent
f4ee5635-8bf4-4b5a-96e4-b3a42f385893,c4715efd-5856-4d05-acc8-dcbc3522d5af,d89b5d74-9b11-4637-a454-5f8dccfd7c9e,1633170301031,14.4026201,52.2485835,6.175731,0.67519253,-0.3984356,-3.226493,on bike mount,cyclo cross,True,asphalt,excellent
f4ee5635-8bf4-4b5a-96e4-b3a42f385893,c4715efd-5856-4d05-acc8-dcbc3522d5af,9c2ee24d-6a35-4cfe-9af0-1829c3cf00b3,1633170301081,14.4026201,52.2485835,6.175731,-1.4529452,-0.026094437,1.2041388,on bike mount,cyclo cross,True,asphalt,excellent
f4ee5635-8bf4-4b5a-96e4-b3a42f385893,c4715efd-5856-4d05-acc8-dcbc3522d5af,285b8e6a-b44b-4bdb-be20-fca9341dab84,1633170301131,14.4026201,52.2485835,6.175731,-0.4063517,-0.1952548,-0.67619705,on bike mount,cyclo cross,True,asphalt,excellent
f4ee5635-8bf4-4b5a-96e4-b3a42f385893,c4715efd-5856-4d05-acc8-dcbc3522d5af,1a68b3f4-027f-46ac-be08-0ce84e69295b,1633170301182,14.4026201,52.2485835,6.175731,0.79327595,-0.9026017,-0.8529906,on bike mount,cyclo cross,True,asphalt,excellent
f4ee5635-8bf4-4b5a-96e4-b3a42f385893,c4715efd-5856-4d05-acc8-dcbc3522d5af,c4664985-1316-4b42-81a6-0253d19a0859,1633170301248,14.4026201,52.2485835,6.175731,0.31609198,2.2076836,-1.0468092,on bike mount,cyclo cross,True,asphalt,excellent
f4ee5635-8bf4-4b5a-96e4-b3a42f385893,c4715efd-5856-4d05-acc8-dcbc3522d5af,4f2b4b48-7b47-4324-88c4-c760f1c58170,1633170301300,14.4026201,52.2485835,6.175731,0.3008573,0.6239073,1.9856834,on bike mount,cyclo cross,True,asphalt,excellent
f4ee5635-8bf4-4b5a-96e4-b3a42f385893,c4715efd-5856-4d05-acc8-dcbc3522d5af,db27888b-6762-44ea-9759-6d1e0ad0e196,1633170301349,14.4026201,52.2485835,6.175731,-0.44786555,-0.3585539,1.0553198,on bike mount,cyclo cross,True,asphalt,excellent
f4ee5635-8bf4-4b5a-96e4-b3a42f385893,c4715efd-5856-4d05-acc8-dcbc3522d5af,358dbbf8-c009-45e0-8fea-26c85bc59796,1633170301400,14.4026201,52.2485835,6.175731,-1.7568572,0.16890335,-0.08465004,on bike mount,cyclo cross,True,asphalt,excellent
f4ee5635-8bf4-4b5a-96e4-b3a42f385893,c4715efd-5856-4d05-acc8-dcbc3522d5af,1ae482c2-0fbd-4a5b-afb8-4a982a43ec4c,1633170301466,14.4026201,52.2485835,6.175731,0.686797,0.25074434,-0.17125893,on bike mount,cyclo cross,True,asphalt,excellent
f4ee5635-8bf4-4b5a-96e4-b3a42f385893,c4715efd-5856-4d05-acc8-dcbc3522d5af,1eaad4f1-d214-42d6-a793-7deb98836b61,1633170301517,14.4026201,52.2485835,6.175731,-0.26067907,-0.84999025,-0.63766384,on bike mount,cyclo cross,True,asphalt,excellent
f4ee5635-8bf4-4b5a-96e4-b3a42f385893,c4715efd-5856-4d05-acc8-dcbc3522d5af,191a3334-3053-4386-9848-537bd532190a,1633170301567,14.4026201,52.2485835,6.175731,0.51859725,1.2063756,-4.766137,on bike mount,cyclo cross,True,asphalt,excellent
f4ee5635-8bf4-4b5a-96e4-b3a42f385893,c4715efd-5856-4d05-acc8-dcbc3522d5af,366edb23-3b75-4b27-98b1-0089eddaec69,1633170301617,14.4026201,52.2485835,6.175731,-1.1857802,-0.5811796,0.6545801,on bike mount,cyclo cross,True,asphalt,excellent
f4ee5635-8bf4-4b5a-96e4-b3a42f385893,c4715efd-5856-4d05-acc8-dcbc3522d5af,fdb40fa8-7845-407d-8f87-748dc2459a64,1633170301667,14.4026201,52.2485835,6.175731,0.11612839,0.6140418,-2.2190757,on bike mount,cyclo cross,True,asphalt,excellent
f4ee5635-8bf4-4b5a-96e4-b3a42f385893,c4715efd-5856-4d05-acc8-dcbc3522d5af,dab456f7-1355-4431-88fd-b5fcb157fa71,1633170301733,14.4026201,52.2485835,6.175731,0.7134068,0.19789052,0.118433,on bike mount,cyclo cross,True,asphalt,excellent
f4ee5635-8bf4-4b5a-96e4-b3a42f385893,c4715efd-5856-4d05-acc8-dcbc3522d5af,6f432112-651c-4f91-afeb-d49e5e6b6205,1633170301784,14.4026201,52.2485835,6.175731,0.4571591,1.6865771,-1.8587751,on bike mount,cyclo cross,True,asphalt,excellent
f4ee5635-8bf4-4b5a-96e4-b3a42f385893,c4715efd-5856-4d05-acc8-dcbc3522d5af,63b505da-5b91-4ed8-863d-5f3a6edb63b5,1633170301834,14.4026201,52.2485835,6.175731,0.47249204,-1.1205024,1.7881336,on bike mount,cyclo cross,True,asphalt,excellent
f4ee5635-8bf4-4b5a-96e4-b3a42f385893,c4715efd-5856-4d05-acc8-dcbc3522d5af,e373d038-732f-4f46-84b1-a453bc5c4ce0,1633170301885,14.4026201,52.2485835,6.175731,-0.5265155,-0.60221195,0.44207954,on bike mount,cyclo cross,True,asphalt,excellent
f4ee5635-8bf4-4b5a-96e4-b3a42f385893,c4715efd-5856-4d05-acc8-dcbc3522d5af,4cd0aeaf-dd7d-4f4b-948c-f7d6409fc4b0,1633170301938,14.4026201,52.2485835,6.175731,-0.90280855,3.4551268,-1.6761332,on bike mount,cyclo cross,True,asphalt,excellent
f4ee5635-8bf4-4b5a-96e4-b3a42f385893,c4715efd-5856-4d05-acc8-dcbc3522d5af,84b85caa-0ec4-4afd-a58f-91dc05cd72be,1633170301999,14.4026911,52.2485585,6.1149044,1.5672069,1.2738626,-0.9325657,on bike mount,cyclo cross,True,asphalt,excellent
f4ee5635-8bf4-4b5a-96e4-b3a42f385893,c4715efd-5856-4d05-acc8-dcbc3522d5af,a370f1e6-5aae-44b0-aea1-6c3dcf0092d3,1633170302049,14.4026911,52.2485585,6.1149044,1.4341302,-0.83681774,-0.6891537,on bike mount,cyclo cross,True,asphalt,excellent
f4ee5635-8bf4-4b5a-96e4-b3a42f385893,c4715efd-5856-4d05-acc8-dcbc3522d5af,bd81be29-3032-4ae9-832d-ca00a56dfc0a,1633170302100,14.4026911,52.2485585,6.1149044,-1.1856892,-1.0930673,-0.29055214,on bike mount,cyclo cross,True,asphalt,excellent
f4ee5635-8bf4-4b5a-96e4-b3a42f385893,c4715efd-5856-4d05-acc8-dcbc3522d5af,3f497b94-224e-401b-bb4f-3fcae5a59c1d,1633170302151,14.4026911,52.2485585,6.1149044,0.1268188,1.1942806,-0.7584591,on bike mount,cyclo cross,True,asphalt,excellent
f4ee5635-8bf4-4b5a-96e4-b3a42f385893,c4715efd-5856-4d05-acc8-dcbc3522d5af,949713b9-2b16-4ac1-afe3-8ba0bf20ae92,1633170302217,14.4026911,52.2485585,6.1149044,-0.6156163,0.28760433,-0.3795166,on bike mount,cyclo cross,True,asphalt,excellent
f4ee5635-8bf4-4b5a-96e4-b3a42f385893,c4715efd-5856-4d05-acc8-dcbc3522d5af,341e4acf-00b5-4965-aa64-e4be63e365dd,1633170302267,14.4026911,52.2485585,6.1149044,-0.0999188,0.65082884,-0.057121277,on bike mount,cyclo cross,True,asphalt,excellent
f4ee5635-8bf4-4b5a-96e4-b3a42f385893,c4715efd-5856-4d05-acc8-dcbc3522d5af,481ff28c-8daf-4080-af24-ccb29e419410,1633170302317,14.4026911,52.2485585,6.1149044,-0.1192898,-0.36096573,1.4907122,on bike mount,cyclo cross,True,asphalt,excellent
f4ee5635-8bf4-4b5a-96e4-b3a42f385893,c4715efd-5856-4d05-acc8-dcbc3522d5af,5e438377-824e-477f-9ced-02c9c2731ba3,1633170302367,14.4026911,52.2485585,6.1149044,0.16907531,0.47997475,-0.01188755,on bike mount,cyclo cross,True,asphalt,excellent
f4ee5635-8bf4-4b5a-96e4-b3a42f385893,c4715efd-5856-4d05-acc8-dcbc3522d5af,a5a77f6e-cb72-4d25-bd27-f32d793159e7,1633170302418,14.4026911,52.2485585,6.1149044,-1.5961483,-1.1449112,0.030992508,on bike mount,cyclo cross,True,asphalt,excellent
f4ee5635-8bf4-4b5a-96e4-b3a42f385893,c4715efd-5856-4d05-acc8-dcbc3522d5af,a01ccf74-0fbf-4bc6-b2bc-f1244c12e83f,1633170302469,14.4026911,52.2485585,6.1149044,-0.20867448,0.20042014,2.7753735,on bike mount,cyclo cross,True,asphalt,excellent
f4ee5635-8bf4-4b5a-96e4-b3a42f385893,c4715efd-5856-4d05-acc8-dcbc3522d5af,bf497c0c-2dc5-4a8b-a596-8475abefe333,1633170302520,14.4026911,52.2485585,6.1149044,-0.011218116,-2.8233914,-0.535861,on bike mount,cyclo cross,True,asphalt,excellent
f4ee5635-8bf4-4b5a-96e4-b3a42f385893,c4715efd-5856-4d05-acc8-dcbc3522d5af,baedf81c-c776-47ce-983f-29078ad7101a,1633170302585,14.4026911,52.2485585,6.1149044,-0.3351687,-1.499272,-0.10502243,on bike mount,cyclo cross,True,asphalt,excellent
f4ee5635-8bf4-4b5a-96e4-b3a42f385893,c4715efd-5856-4d05-acc8-dcbc3522d5af,d678b6d5-d2f9-4478-80ef-ccbef8132987,1633170302634,14.4026911,52.2485585,6.1149044,0.21539508,-2.0450315,-0.6383085,on bike mount,cyclo cross,True,asphalt,excellent
f4ee5635-8bf4-4b5a-96e4-b3a42f385893,c4715efd-5856-4d05-acc8-dcbc3522d5af,7d3428b7-b15a-42bd-852f-5d2a69728ff2,1633170302688,14.4026911,52.2485585,6.1149044,0.40265185,-0.9837662,0.83755684,on bike mount,cyclo cross,True,asphalt,excellent
f4ee5635-8bf4-4b5a-96e4-b3a42f385893,c4715efd-5856-4d05-acc8-dcbc3522d5af,b48a936c-52d0-4a98-9b63-3063abff940c,1633170302752,14.4026911,52.2485585,6.1149044,-1.083293,-0.5250118,0.8663225,on bike mount,cyclo cross,True,asphalt,excellent
f4ee5635-8bf4-4b5a-96e4-b3a42f385893,c4715efd-5856-4d05-acc8-dcbc3522d5af,99e1fa70-0e99-45fc-a576-180038e5f7cf,1633170302802,14.4026911,52.2485585,6.1149044,0.5045284,1.9385867,-0.7333126,on bike mount,cyclo cross,True,asphalt,excellent
f4ee5635-8bf4-4b5a-96e4-b3a42f385893,c4715efd-5856-4d05-acc8-dcbc3522d5af,ffec3972-9494-40c3-8663-45307e0c947c,1633170302867,14.4026911,52.2485585,6.1149044,-0.06643708,-0.806782,-0.8976021,on bike mount,cyclo cross,True,asphalt,excellent
f4ee5635-8bf4-4b5a-96e4-b3a42f385893,c4715efd-5856-4d05-acc8-dcbc3522d5af,adc3e072-e8d0-41a7-98b8-7fb117aaf72e,1633170302917,14.4026911,52.2485585,6.1149044,-1.0262237,1.5714173,0.46234608,on bike mount,cyclo cross,True,asphalt,excellent
f4ee5635-8bf4-4b5a-96e4-b3a42f385893,c4715efd-5856-4d05-acc8-dcbc3522d5af,fd72ea51-ab74-4b36-be29-604d5c2a5426,1633170302968,14.4027617,52.2485328,6.0728316,0.52144545,0.46036005,-1.0093894,on bike mount,cyclo cross,True,asphalt,excellent
f4ee5635-8bf4-4b5a-96e4-b3a42f385893,c4715efd-5856-4d05-acc8-dcbc3522d5af,6f7f767a-0841-47c4-9ac9-aa4dcc17dee4,1633170303018,14.4027617,52.2485328,6.0728316,-0.20643257,0.31225443,-0.9962573,on bike mount,cyclo cross,True,asphalt,excellent
f4ee5635-8bf4-4b5a-96e4-b3a42f385893,c4715efd-5856-4d05-acc8-dcbc3522d5af,d46dea25-a356-45cd-8c67-61fa4c34e9a4,1633170303069,14.4027617,52.2485328,6.0728316,0.432397,-1.5243134,0.92056084,on bike mount,cyclo cross,True,asphalt,excellent
f4ee5635-8bf4-4b5a-96e4-b3a42f385893,c4715efd-5856-4d05-acc8-dcbc3522d5af,1c81fa66-118c-4e92-ab19-ea4cae2fa2ca,1633170303120,14.4027617,52.2485328,6.0728316,-0.12442975,0.7511306,-0.46239662,on bike mount,cyclo cross,True,asphalt,excellent
f4ee5635-8bf4-4b5a-96e4-b3a42f385893,c4715efd-5856-4d05-acc8-dcbc3522d5af,a26f1352-bb44-44ee-beb2-2c2b2e71ca64,1633170303185,14.4027617,52.2485328,6.0728316,-0.059679076,-0.089092016,1.3437605,on bike mount,cyclo cross,True,asphalt,excellent
f4ee5635-8bf4-4b5a-96e4-b3a42f385893,c4715efd-5856-4d05-acc8-dcbc3522d5af,0aec606e-9708-4927-934a-741e2e0d5acd,1633170303236,14.4027617,52.2485328,6.0728316,-1.2624208,1.3183646,-2.7736778,on bike mount,cyclo cross,True,asphalt,excellent
f4ee5635-8bf4-4b5a-96e4-b3a42f385893,c4715efd-5856-4d05-acc8-dcbc3522d5af,cb8f566d-9a9e-42dd-90b5-33527fd38968,1633170303287,14.4027617,52.2485328,6.0728316,0.028425306,-0.1006794,0.7979698,on bike mount,cyclo cross,True,asphalt,excellent
f4ee5635-8bf4-4b5a-96e4-b3a42f385893,c4715efd-5856-4d05-acc8-dcbc3522d5af,6244781f-9637-4141-b519-17443c011bf8,1633170303337,14.4027617,52.2485328,6.0728316,0.72643316,-0.20394325,-0.2028904,on bike mount,cyclo cross,True,asphalt,excellent
f4ee5635-8bf4-4b5a-96e4-b3a42f385893,c4715efd-5856-4d05-acc8-dcbc3522d5af,8ff886ae-9399-4cce-9e39-01afe9805545,1633170303403,14.4027617,52.2485328,6.0728316,-0.37269783,3.5560274,-5.3594184,on bike mount,cyclo cross,True,asphalt,excellent
f4ee5635-8bf4-4b5a-96e4-b3a42f385893,c4715efd-5856-4d05-acc8-dcbc3522d5af,f74ebe31-1059-412c-b1ab-daf4df187adf,1633170303469,14.4027617,52.2485328,6.0728316,0.20638576,1.690299,-0.011015892,on bike mount,cyclo cross,True,asphalt,excellent
f4ee5635-8bf4-4b5a-96e4-b3a42f385893,c4715efd-5856-4d05-acc8-dcbc3522d5af,1bb7eae1-b8fb-48d4-a6ac-008807f6630f,1633170303519,14.4027617,52.2485328,6.0728316,1.2330371,0.42095947,1.0579271,on bike mount,cyclo cross,True,asphalt,excellent
f4ee5635-8bf4-4b5a-96e4-b3a42f385893,c4715efd-5856-4d05-acc8-dcbc3522d5af,1397c63e-8a1a-4059-b240-8ddd2cc7f388,1633170303569,14.4027617,52.2485328,6.0728316,-0.6763165,-4.6445646,-1.2297316,on bike mount,cyclo cross,True,asphalt,excellent
f4ee5635-8bf4-4b5a-96e4-b3a42f385893,c4715efd-5856-4d05-acc8-dcbc3522d5af,4c580fef-ed5a-40d6-8c87-f31d46e02db5,1633170303636,14.4027617,52.2485328,6.0728316,0.17947224,0.031514645,2.608632,on bike mount,cyclo cross,True,asphalt,excellent
f4ee5635-8bf4-4b5a-96e4-b3a42f385893,c4715efd-5856-4d05-acc8-dcbc3522d5af,6061d6f0-01fb-4916-8c09-5fa06909c9e8,1633170303686,14.4027617,52.2485328,6.0728316,2.4841635,-0.8742826,-0.51367474,on bike mount,cyclo cross,True,asphalt,excellent
f4ee5635-8bf4-4b5a-96e4-b3a42f385893,c4715efd-5856-4d05-acc8-dcbc3522d5af,ffcd2d65-2c4d-4c59-ab4c-7391904562bb,1633170303737,14.4027617,52.2485328,6.0728316,-0.47267067,-0.12282944,-1.8352394,on bike mount,cyclo cross,True,asphalt,excellent
f4ee5635-8bf4-4b5a-96e4-b3a42f385893,c4715efd-5856-4d05-acc8-dcbc3522d5af,d814b82c-12db-4bde-9bd7-2135236cc8a2,1633170303787,14.4027617,52.2485328,6.0728316,0.6361415,-0.23387718,0.22046566,on bike mount,cyclo cross,True,asphalt,excellent
f4ee5635-8bf4-4b5a-96e4-b3a42f385893,c4715efd-5856-4d05-acc8-dcbc3522d5af,1202c494-16c8-41f3-86a5-e918013408ee,1633170303853,14.4027617,52.2485328,6.0728316,-0.023068547,-2.8121555,0.5271807,on bike mount,cyclo cross,True,asphalt,excellent
f4ee5635-8bf4-4b5a-96e4-b3a42f385893,c4715efd-5856-4d05-acc8-dcbc3522d5af,82772356-257f-43ec-b62b-e285776dc55d,1633170303903,14.4027617,52.2485328,6.0728316,0.35978442,0.6768737,-0.3300066,on bike mount,cyclo cross,True,asphalt,excellent
f4ee5635-8bf4-4b5a-96e4-b3a42f385893,c4715efd-5856-4d05-acc8-dcbc3522d5af,6d249c69-3131-4bc4-9cb9-343f047cae10,1633170303960,14.4027617,52.2485328,6.0728316,-0.47817782,-0.98441374,-2.0006714,on bike mount,cyclo cross,True,asphalt,excellent
f4ee5635-8bf4-4b5a-96e4-b3a42f385893,c4715efd-5856-4d05-acc8-dcbc3522d5af,78851484-fdea-4c97-97ea-8196fda86bb6,1633170304019,14.4028338,52.2484997,6.0822043,-0.7525392,1.1284418,-1.2219253,on bike mount,cyclo cross,True,asphalt,excellent
f4ee5635-8bf4-4b5a-96e4-b3a42f385893,c4715efd-5856-4d05-acc8-dcbc3522d5af,4c7de4c6-31f4-4b51-8a5d-b8688168a9b7,1633170304069,14.4028338,52.2484997,6.0822043,-0.4806177,0.15382361,0.80196667,on bike mount,cyclo cross,True,asphalt,excellent
f4ee5635-8bf4-4b5a-96e4-b3a42f385893,c4715efd-5856-4d05-acc8-dcbc3522d5af,6e1dfabd-2ed8-4673-8c39-ce13dd9a72ad,1633170304120,14.4028338,52.2484997,6.0822043,0.8535406,1.4794579,0.7376709,on bike mount,cyclo cross,True,asphalt,excellent
f4ee5635-8bf4-4b5a-96e4-b3a42f385893,c4715efd-5856-4d05-acc8-dcbc3522d5af,e7e0da65-1ea6-4b76-ada0-3f892b7fa15f,1633170304170,14.4028338,52.2484997,6.0822043,-0.195091,-0.33850956,-0.4739828,on bike mount,cyclo cross,True,asphalt,excellent
f4ee5635-8bf4-4b5a-96e4-b3a42f385893,c4715efd-5856-4d05-acc8-dcbc3522d5af,8cbe275c-f6c2-4176-ae25-c1ce540265c7,1633170304220,14.4028338,52.2484997,6.0822043,-0.62780005,-0.02747488,1.2573652,on bike mount,cyclo cross,True,asphalt,excellent
f4ee5635-8bf4-4b5a-96e4-b3a42f385893,c4715efd-5856-4d05-acc8-dcbc3522d5af,7c484cf9-369b-4838-9dec-32be785e83f0,1633170304287,14.4028338,52.2484997,6.0822043,-0.32275516,-0.48444295,-0.0017652512,on bike mount,cyclo cross,True,asphalt,excellent
f4ee5635-8bf4-4b5a-96e4-b3a42f385893,c4715efd-5856-4d05-acc8-dcbc3522d5af,285105fe-8e6e-49bb-bda6-ee67635a9784,1633170304337,14.4028338,52.2484997,6.0822043,-0.02006115,0.2741685,-0.13119125,on bike mount,cyclo cross,True,asphalt,excellent
f4ee5635-8bf4-4b5a-96e4-b3a42f385893,c4715efd-5856-4d05-acc8-dcbc3522d5af,0feab693-1149-4171-aac2-3b9c41286a25,1633170304388,14.4028338,52.2484997,6.0822043,-0.51705545,-0.19413185,0.85393333,on bike mount,cyclo cross,True,asphalt,excellent
f4ee5635-8bf4-4b5a-96e4-b3a42f385893,c4715efd-5856-4d05-acc8-dcbc3522d5af,85fa4134-be89-4c0b-95f0-1438d65d9d2e,1633170304438,14.4028338,52.2484997,6.0822043,-1.0976951,0.587816,-1.6008191,on bike mount,cyclo cross,True,asphalt,excellent
f4ee5635-8bf4-4b5a-96e4-b3a42f385893,c4715efd-5856-4d05-acc8-dcbc3522d5af,3ac4888f-88b6-4339-b796-c17269450243,1633170304504,14.4028338,52.2484997,6.0822043,1.5536819,0.5885682,0.6666956,on bike mount,cyclo cross,True,asphalt,excellent
f4ee5635-8bf4-4b5a-96e4-b3a42f385893,c4715efd-5856-4d05-acc8-dcbc3522d5af,a534fe9a-4efd-4dff-aa76-caa55fa9b399,1633170304554,14.4028338,52.2484997,6.0822043,0.072902694,-0.8162949,1.437501,on bike mount,cyclo cross,True,asphalt,excellent
f4ee5635-8bf4-4b5a-96e4-b3a42f385893,cfa36d4f-6ff4-4fd5-a16e-f3a94ce6f33a,285ecf72-5a2e-4187-bf29-84de4d4f1edd,1633170302686,14.4026911,52.2485585,6.1149044,0.16721654,-1.1920676,0.88014984,on bike mount,cyclo cross,True,asphalt,excellent
f4ee5635-8bf4-4b5a-96e4-b3a42f385893,cfa36d4f-6ff4-4fd5-a16e-f3a94ce6f33a,7eee525b-48ae-44de-8630-893ff94d9eb8,1633170302751,14.4026911,52.2485585,6.1149044,-1.083293,-0.5250118,0.8663225,on bike mount,cyclo cross,True,asphalt,excellent
f4ee5635-8bf4-4b5a-96e4-b3a42f385893,cfa36d4f-6ff4-4fd5-a16e-f3a94ce6f33a,b312e025-7389-403a-916d-f91f0c895398,1633170302801,14.4026911,52.2485585,6.1149044,-0.07200657,-0.36042333,-3.0185065,on bike mount,cyclo cross,True,asphalt,excellent
f4ee5635-8bf4-4b5a-96e4-b3a42f385893,cfa36d4f-6ff4-4fd5-a16e-f3a94ce6f33a,0df74c40-f4ab-401b-8ec3-3da2f73d84da,1633170302850,14.4026911,52.2485585,6.1149044,1.5448232,-0.00700593,-1.630156,on bike mount,cyclo cross,True,asphalt,excellent
f4ee5635-8bf4-4b5a-96e4-b3a42f385893,cfa36d4f-6ff4-4fd5-a16e-f3a94ce6f33a,98f77b9b-4403-454a-a250-ae8c4381e4b9,1633170302900,14.4026911,52.2485585,6.1149044,-0.36255884,-0.3563459,1.7052765,on bike mount,cyclo cross,True,asphalt,excellent
f4ee5635-8bf4-4b5a-96e4-b3a42f385893,cfa36d4f-6ff4-4fd5-a16e-f3a94ce6f33a,003350d7-6476-4464-9e28-3160de12db6f,1633170302958,14.4026911,52.2485585,6.1149044,-0.33249885,0.5275979,0.3473816,on bike mount,cyclo cross,True,asphalt,excellent
f4ee5635-8bf4-4b5a-96e4-b3a42f385893,cfa36d4f-6ff4-4fd5-a16e-f3a94ce6f33a,fd51f0cc-6fa8-4cf2-82e5-53d2979400f2,1633170303017,14.4027617,52.2485328,6.0728316,-0.20643257,0.31225443,-0.9962573,on bike mount,cyclo cross,True,asphalt,excellent
f4ee5635-8bf4-4b5a-96e4-b3a42f385893,cfa36d4f-6ff4-4fd5-a16e-f3a94ce6f33a,0fa256aa-5219-4dd2-af13-e9837a8fb436,1633170303067,14.4027617,52.2485328,6.0728316,-0.06624111,-1.196974,-0.5279856,on bike mount,cyclo cross,True,asphalt,excellent
f4ee5635-8bf4-4b5a-96e4-b3a42f385893,cfa36d4f-6ff4-4fd5-a16e-f3a94ce6f33a,39b00ae5-84c0-49a3-a157-bfe39ff494ec,1633170303117,14.4027617,52.2485328,6.0728316,0.04212993,-0.08806658,0.13277435,on bike mount,cyclo cross,True,asphalt,excellent
f4ee5635-8bf4-4b5a-96e4-b3a42f385893,cfa36d4f-6ff4-4fd5-a16e-f3a94ce6f33a,e718520e-485d-42b8-abfc-a23cb4cca6fd,1633170303167,14.4027617,52.2485328,6.0728316,-0.24901661,1.4241276,-0.55866337,on bike mount,cyclo cross,True,asphalt,excellent
f4ee5635-8bf4-4b5a-96e4-b3a42f385893,cfa36d4f-6ff4-4fd5-a16e-f3a94ce6f33a,aec8ebbf-d085-40b9-a0cc-e71d611f8063,1633170303218,14.4027617,52.2485328,6.0728316,-0.0021647513,0.78615046,0.70831776,on bike mount,cyclo cross,True,asphalt,excellent
f4ee5635-8bf4-4b5a-96e4-b3a42f385893,cfa36d4f-6ff4-4fd5-a16e-f3a94ce6f33a,ec99e434-80b8-413d-80c6-49f50c8cd592,1633170303268,14.4027617,52.2485328,6.0728316,-0.067565024,-0.6921003,0.68271637,on bike mount,cyclo cross,True,asphalt,excellent
f4ee5635-8bf4-4b5a-96e4-b3a42f385893,cfa36d4f-6ff4-4fd5-a16e-f3a94ce6f33a,26fedb8d-c376-4053-a473-22de6c9bbd66,1633170303318,14.4027617,52.2485328,6.0728316,0.8054098,1.6200457,-0.23468018,on bike mount,cyclo cross,True,asphalt,excellent
f4ee5635-8bf4-4b5a-96e4-b3a42f385893,cfa36d4f-6ff4-4fd5-a16e-f3a94ce6f33a,04a49c14-3c8f-4384-8e03-b1013d2d9a0c,1633170303368,14.4027617,52.2485328,6.0728316,0.24161266,-0.40808964,0.9146738,on bike mount,cyclo cross,True,asphalt,excellent
f4ee5635-8bf4-4b5a-96e4-b3a42f385893,cfa36d4f-6ff4-4fd5-a16e-f3a94ce6f33a,0fd01222-4723-4e07-b4f3-5b068181bf90,1633170303419,14.4027617,52.2485328,6.0728316,-0.59370327,-8.538018,-0.5405083,on bike mount,cyclo cross,True,asphalt,excellent
f4ee5635-8bf4-4b5a-96e4-b3a42f385893,cfa36d4f-6ff4-4fd5-a16e-f3a94ce6f33a,e803d5e1-661f-4ed2-936a-11f0f4d46587,1633170303470,14.4027617,52.2485328,6.0728316,0.20638576,1.690299,-0.011015892,on bike mount,cyclo cross,True,asphalt,excellent
f4ee5635-8bf4-4b5a-96e4-b3a42f385893,cfa36d4f-6ff4-4fd5-a16e-f3a94ce6f33a,f035d5fa-a66e-4464-973d-c0ed72c09137,1633170303535,14.4027617,52.2485328,6.0728316,1.5950564,-0.8817215,0.42920876,on bike mount,cyclo cross,True,asphalt,excellent
f4ee5635-8bf4-4b5a-96e4-b3a42f385893,cfa36d4f-6ff4-4fd5-a16e-f3a94ce6f33a,7283d9e8-f46c-4249-8abc-7d527eba6cf2,1633170303585,14.4027617,52.2485328,6.0728316,-2.6062753,3.9769077,-3.359262,on bike mount,cyclo cross,True,asphalt,excellent
f4ee5635-8bf4-4b5a-96e4-b3a42f385893,cfa36d4f-6ff4-4fd5-a16e-f3a94ce6f33a,40e1da3b-5e9b-4b01-a39c-a2cfd8b8cc2d,1633170303637,14.4027617,52.2485328,6.0728316,0.17947224,0.031514645,2.608632,on bike mount,cyclo cross,True,asphalt,excellent
f4ee5635-8bf4-4b5a-96e4-b3a42f385893,cfa36d4f-6ff4-4fd5-a16e-f3a94ce6f33a,45205453-7408-4f6c-9ae3-e12a35e87117,1633170303703,14.4027617,52.2485328,6.0728316,1.0623243,-0.7022183,-0.75579166,on bike mount,cyclo cross,True,asphalt,excellent
f4ee5635-8bf4-4b5a-96e4-b3a42f385893,cfa36d4f-6ff4-4fd5-a16e-f3a94ce6f33a,dea668ac-3b2b-4340-af36-39e30d293e81,1633170303754,14.4027617,52.2485328,6.0728316,-1.3235871,-1.7578126,-0.7049532,on bike mount,cyclo cross,True,asphalt,excellent
f4ee5635-8bf4-4b5a-96e4-b3a42f385893,cfa36d4f-6ff4-4fd5-a16e-f3a94ce6f33a,0fbd084b-1ee5-45d2-84f3-b2a0b01515d6,1633170303804,14.4027617,52.2485328,6.0728316,0.8967173,0.47648716,0.8166046,on bike mount,cyclo cross,True,asphalt,excellent
f4ee5635-8bf4-4b5a-96e4-b3a42f385893,cfa36d4f-6ff4-4fd5-a16e-f3a94ce6f33a,31776f65-46c3-4de0-b434-56def7da9a90,1633170303854,14.4027617,52.2485328,6.0728316,-0.22638237,-0.53120816,1.1240988,on bike mount,cyclo cross,True,asphalt,excellent
f4ee5635-8bf4-4b5a-96e4-b3a42f385893,cfa36d4f-6ff4-4fd5-a16e-f3a94ce6f33a,e6864fd0-27b1-43cd-8be7-0a56674afdee,1633170303904,14.4027617,52.2485328,6.0728316,0.31465688,-0.6322856,0.11975002,on bike mount,cyclo cross,True,asphalt,excellent
f4ee5635-8bf4-4b5a-96e4-b3a42f385893,cfa36d4f-6ff4-4fd5-a16e-f3a94ce6f33a,cc13494f-b5a0-4f82-925b-0368b1f54aff,1633170303960,14.4027617,52.2485328,6.0728316,-0.47817782,-0.98441374,-2.0006714,on bike mount,cyclo cross,True,asphalt,excellent
f4ee5635-8bf4-4b5a-96e4-b3a42f385893,cfa36d4f-6ff4-4fd5-a16e-f3a94ce6f33a,5d59b616-f225-4b23-a543-9c8c27ee0d9f,1633170304020,14.4028338,52.2484997,6.0822043,-0.7525392,1.1284418,-1.2219253,on bike mount,cyclo cross,True,asphalt,excellent
f4ee5635-8bf4-4b5a-96e4-b3a42f385893,cfa36d4f-6ff4-4fd5-a16e-f3a94ce6f33a,268ff576-e452-4c0f-bb99-e493e0d48d22,1633170304071,14.4028338,52.2484997,6.0822043,-0.23847662,1.3032508,0.9748707,on bike mount,cyclo cross,True,asphalt,excellent
f4ee5635-8bf4-4b5a-96e4-b3a42f385893,cfa36d4f-6ff4-4fd5-a16e-f3a94ce6f33a,a3154382-218e-4f7f-826f-855c393d4d80,1633170304122,14.4028338,52.2484997,6.0822043,1.0421543,-0.71892285,1.5765953,on bike mount,cyclo cross,True,asphalt,excellent
f4ee5635-8bf4-4b5a-96e4-b3a42f385893,cfa36d4f-6ff4-4fd5-a16e-f3a94ce6f33a,cdd8c2b0-952d-4137-830c-663506a69201,1633170304187,14.4028338,52.2484997,6.0822043,0.27484334,-1.184832,0.6647043,on bike mount,cyclo cross,True,asphalt,excellent
f4ee5635-8bf4-4b5a-96e4-b3a42f385893,cfa36d4f-6ff4-4fd5-a16e-f3a94ce6f33a,28107eef-839a-4d39-af6c-e767737d15f4,1633170304237,14.4028338,52.2484997,6.0822043,-0.13819316,0.6536374,-1.1253328,on bike mount,cyclo cross,True,asphalt,excellent
f4ee5635-8bf4-4b5a-96e4-b3a42f385893,cfa36d4f-6ff4-4fd5-a16e-f3a94ce6f33a,99e95615-5bf6-4758-9cfc-7fa5b03d9d4b,1633170304288,14.4028338,52.2484997,6.0822043,-0.32275516,-0.48444295,-0.0017652512,on bike mount,cyclo cross,True,asphalt,excellent
f4ee5635-8bf4-4b5a-96e4-b3a42f385893,cfa36d4f-6ff4-4fd5-a16e-f3a94ce6f33a,bcb3f39f-54ea-49b1-aa07-f133b0f5016f,1633170304354,14.4028338,52.2484997,6.0822043,0.27499613,1.21579,-1.6271338,on bike mount,cyclo cross,True,asphalt,excellent
f4ee5635-8bf4-4b5a-96e4-b3a42f385893,cfa36d4f-6ff4-4fd5-a16e-f3a94ce6f33a,087eb7b8-0dff-4510-9a4c-9b7ac23a7af3,1633170304420,14.4028338,52.2484997,6.0822043,-1.5671973,-0.16131568,-1.0453749,on bike mount,cyclo cross,True,asphalt,excellent
f4ee5635-8bf4-4b5a-96e4-b3a42f385893,cfa36d4f-6ff4-4fd5-a16e-f3a94ce6f33a,4d786008-a23f-4212-8228-da3a0da33ce0,1633170304471,14.4028338,52.2484997,6.0822043,0.69338053,-0.12590146,-0.42234612,on bike mount,cyclo cross,True,asphalt,excellent
f4ee5635-8bf4-4b5a-96e4-b3a42f385893,cfa36d4f-6ff4-4fd5-a16e-f3a94ce6f33a,4b015a86-9f78-4044-872a-eaafc8859273,1633170304522,14.4028338,52.2484997,6.0822043,1.2298045,1.0399871,-0.6032648,on bike mount,cyclo cross,True,asphalt,excellent
f4ee5635-8bf4-4b5a-96e4-b3a42f385893,cfa36d4f-6ff4-4fd5-a16e-f3a94ce6f33a,7c098368-543f-4a85-a4c5-e9ea70e5b753,1633170304571,14.4028338,52.2484997,6.0822043,-0.86400455,0.12959456,-0.5256243,on bike mount,cyclo cross,True,asphalt,excellent
f4ee5635-8bf4-4b5a-96e4-b3a42f385893,cfa36d4f-6ff4-4fd5-a16e-f3a94ce6f33a,d9fd3561-ea42-481e-95f1-7b154ae6a13c,1633170304622,14.4028338,52.2484997,6.0822043,-0.35080096,1.0902281,-1.8815713,on bike mount,cyclo cross,True,asphalt,excellent
f4ee5635-8bf4-4b5a-96e4-b3a42f385893,cfa36d4f-6ff4-4fd5-a16e-f3a94ce6f33a,6597b256-95ee-4924-8feb-909abeb1e234,1633170304687,14.4028338,52.2484997,6.0822043,-0.34362477,0.9186146,0.4960451,on bike mount,cyclo cross,True,asphalt,excellent
f4ee5635-8bf4-4b5a-96e4-b3a42f385893,cfa36d4f-6ff4-4fd5-a16e-f3a94ce6f33a,80d9ece6-be4a-4535-a064-046edbda9f24,1633170304737,14.4028338,52.2484997,6.0822043,0.06186768,-0.60987544,-0.9100251,on bike mount,cyclo cross,True,asphalt,excellent
f4ee5635-8bf4-4b5a-96e4-b3a42f385893,cfa36d4f-6ff4-4fd5-a16e-f3a94ce6f33a,d532be7f-9e2d-487c-8956-76af437c716b,1633170304788,14.4028338,52.2484997,6.0822043,-0.6771736,0.7175169,-0.648756,on bike mount,cyclo cross,True,asphalt,excellent
f4ee5635-8bf4-4b5a-96e4-b3a42f385893,cfa36d4f-6ff4-4fd5-a16e-f3a94ce6f33a,cef6dc90-db18-4856-abe7-dafda5c7b60e,1633170304839,14.4028338,52.2484997,6.0822043,0.091807574,0.5474758,1.3352633,on bike mount,cyclo cross,True,asphalt,excellent
f4ee5635-8bf4-4b5a-96e4-b3a42f385893,cfa36d4f-6ff4-4fd5-a16e-f3a94ce6f33a,a99e4269-77cf-4aaf-88ef-b98d925ca7ef,1633170304889,14.4028338,52.2484997,6.0822043,-1.9085449,1.3971639,-0.34380913,on bike mount,cyclo cross,True,asphalt,excellent
f4ee5635-8bf4-4b5a-96e4-b3a42f385893,cfa36d4f-6ff4-4fd5-a16e-f3a94ce6f33a,a67da06a-987a-4f75-9b42-df0ea1f2fdde,1633170304941,14.4028338,52.2484997,6.0822043,-0.24256426,0.8741827,-1.0567493,on bike mount,cyclo cross,True,asphalt,excellent
f4ee5635-8bf4-4b5a-96e4-b3a42f385893,cfa36d4f-6ff4-4fd5-a16e-f3a94ce6f33a,59cc2789-8a33-4f01-9303-98b8d0bce5d6,1633170305009,14.4029087,52.2484649,6.1016827,0.8865409,-1.0158285,0.85350037,on bike mount,cyclo cross,True,asphalt,excellent
f4ee5635-8bf4-4b5a-96e4-b3a42f385893,cfa36d4f-6ff4-4fd5-a16e-f3a94ce6f33a,0219ad18-2b91-41df-83d7-0f874defe3ea,1633170305071,14.4029087,52.2484649,6.1016827,-0.8428741,-0.028077126,-2.2316809,on bike mount,cyclo cross,True,asphalt,excellent
f4ee5635-8bf4-4b5a-96e4-b3a42f385893,cfa36d4f-6ff4-4fd5-a16e-f3a94ce6f33a,a9b6b37a-0894-4bab-a7ef-fb23d6ccc905,1633170305122,14.4029087,52.2484649,6.1016827,-1.5862353,-0.22730684,-0.6072655,on bike mount,cyclo cross,True,asphalt,excellent
f4ee5635-8bf4-4b5a-96e4-b3a42f385893,cfa36d4f-6ff4-4fd5-a16e-f3a94ce6f33a,6a70628f-608d-48d0-903a-2e0a3de903e0,1633170305173,14.4029087,52.2484649,6.1016827,0.18822101,-1.5856924,-0.3728447,on bike mount,cyclo cross,True,asphalt,excellent
f4ee5635-8bf4-4b5a-96e4-b3a42f385893,cfa36d4f-6ff4-4fd5-a16e-f3a94ce6f33a,edf4e983-a7d8-4e4d-8c45-d55e8c50108d,1633170305222,14.4029087,52.2484649,6.1016827,-1.1957653,0.12771082,-0.18542004,on bike mount,cyclo cross,True,asphalt,excellent
f4ee5635-8bf4-4b5a-96e4-b3a42f385893,cfa36d4f-6ff4-4fd5-a16e-f3a94ce6f33a,2dde49f7-e7ee-459a-b2d5-230943bc7dd2,1633170305272,14.4029087,52.2484649,6.1016827,0.40297395,-0.9214146,0.93105984,on bike mount,cyclo cross,True,asphalt,excellent
f4ee5635-8bf4-4b5a-96e4-b3a42f385893,cfa36d4f-6ff4-4fd5-a16e-f3a94ce6f33a,4cc2640d-07e0-43a5-90f9-b50804af870a,1633170305322,14.4029087,52.2484649,6.1016827,0.32640052,0.59597516,0.75621414,on bike mount,cyclo cross,True,asphalt,excellent
f4ee5635-8bf4-4b5a-96e4-b3a42f385893,cfa36d4f-6ff4-4fd5-a16e-f3a94ce6f33a,8528c003-791d-4da0-af10-5ae90479dca2,1633170305372,14.4029087,52.2484649,6.1016827,-0.7720813,1.4524989,-1.163043,on bike mount,cyclo cross,True,asphalt,excellent
f4ee5635-8bf4-4b5a-96e4-b3a42f385893,cfa36d4f-6ff4-4fd5-a16e-f3a94ce6f33a,4129150f-8bce-4f5c-b32f-c75515460f1e,1633170305422,14.4029087,52.2484649,6.1016827,-0.78979164,-0.37678385,0.97856236,on bike mount,cyclo cross,True,asphalt,excellent
f4ee5635-8bf4-4b5a-96e4-b3a42f385893,cfa36d4f-6ff4-4fd5-a16e-f3a94ce6f33a,2b3d87af-0a28-4e38-b697-a1589f46a548,1633170305472,14.4029087,52.2484649,6.1016827,-0.0008722544,-0.5381346,-0.54162025,on bike mount,cyclo cross,True,asphalt,excellent
f4ee5635-8bf4-4b5a-96e4-b3a42f385893,cfa36d4f-6ff4-4fd5-a16e-f3a94ce6f33a,ce1c5a0c-2e31-4a54-a220-7dfd1468526c,1633170305522,14.4029087,52.2484649,6.1016827,0.118414104,-0.023439646,1.6043453,on bike mount,cyclo cross,True,asphalt,excellent
f4ee5635-8bf4-4b5a-96e4-b3a42f385893,cfa36d4f-6ff4-4fd5-a16e-f3a94ce6f33a,1dc0b51b-4b8a-492f-80bf-879731c37051,1633170305574,14.4029087,52.2484649,6.1016827,0.6146406,-1.1930022,-0.22690678,on bike mount,cyclo cross,True,asphalt,excellent
f4ee5635-8bf4-4b5a-96e4-b3a42f385893,cfa36d4f-6ff4-4fd5-a16e-f3a94ce6f33a,9bf2dc0f-2621-4113-8b42-8ba67c1e9d77,1633170305624,14.4029087,52.2484649,6.1016827,0.24913979,-0.33718824,0.70803356,on bike mount,cyclo cross,True,asphalt,excellent
f4ee5635-8bf4-4b5a-96e4-b3a42f385893,cfa36d4f-6ff4-4fd5-a16e-f3a94ce6f33a,0810c23b-51ab-4d1e-8f82-7787e4bde37d,1633170305690,14.4029087,52.2484649,6.1016827,0.3727498,0.8302448,-0.42371655,on bike mount,cyclo cross,True,asphalt,excellent
f4ee5635-8bf4-4b5a-96e4-b3a42f385893,cfa36d4f-6ff4-4fd5-a16e-f3a94ce6f33a,506cb398-161e-47f6-a556-c9347ce823f6,1633170305740,14.4029087,52.2484649,6.1016827,1.6764098,3.9748526,-7.0784287,on bike mount,cyclo cross,True,asphalt,excellent
f4ee5635-8bf4-4b5a-96e4-b3a42f385893,cfa36d4f-6ff4-4fd5-a16e-f3a94ce6f33a,6ddcb502-7b5d-42fe-b9e0-b8e1d1fe18a2,1633170305807,14.4029087,52.2484649,6.1016827,-0.06191379,0.31210804,-0.8081913,on bike mount,cyclo cross,True,asphalt,excellent
f4ee5635-8bf4-4b5a-96e4-b3a42f385893,cfa36d4f-6ff4-4fd5-a16e-f3a94ce6f33a,e82c8ef7-ba79-4aef-81dd-2914fd2edeaf,1633170305873,14.4029087,52.2484649,6.1016827,0.36135465,0.22556138,-0.49437046,on bike mount,cyclo cross,True,asphalt,excellent
f4ee5635-8bf4-4b5a-96e4-b3a42f385893,cfa36d4f-6ff4-4fd5-a16e-f3a94ce6f33a,40b42005-d8aa-4c4c-be44-6edeba2d0665,1633170305924,14.4029087,52.2484649,6.1016827,0.5975596,-0.36171675,-4.7586203,on bike mount,cyclo cross,True,asphalt,excellent
f4ee5635-8bf4-4b5a-96e4-b3a42f385893,cfa36d4f-6ff4-4fd5-a16e-f3a94ce6f33a,34985fb2-c7bc-484e-9f95-6b7c18f6de2c,1633170305989,14.4029808,52.248434,6.095913,0.64035404,-0.38015985,1.0741968,on bike mount,cyclo cross,True,asphalt,excellent
f4ee5635-8bf4-4b5a-96e4-b3a42f385893,cfa36d4f-6ff4-4fd5-a16e-f3a94ce6f33a,5a42f82d-f618-4f62-886f-e44651237cde,1633170306039,14.4029808,52.248434,6.095913,0.23129493,0.25751448,-0.8333931,on bike mount,cyclo cross,True,asphalt,excellent
f4ee5635-8bf4-4b5a-96e4-b3a42f385893,cfa36d4f-6ff4-4fd5-a16e-f3a94ce6f33a,2246cef6-9505-4a96-8471-5b2f6c51f74e,1633170306090,14.4029808,52.248434,6.095913,-1.3177514,-1.2434932,-1.3000174,on bike mount,cyclo cross,True,asphalt,excellent
f4ee5635-8bf4-4b5a-96e4-b3a42f385893,cfa36d4f-6ff4-4fd5-a16e-f3a94ce6f33a,4066c41c-9fc8-4806-a101-e0a78a7f792e,1633170306141,14.4029808,52.248434,6.095913,0.24991646,-0.40319705,1.1859941,on bike mount,cyclo cross,True,asphalt,excellent
f4ee5635-8bf4-4b5a-96e4-b3a42f385893,cfa36d4f-6ff4-4fd5-a16e-f3a94ce6f33a,1b32f6d6-63e9-4e99-9aa0-ca6f05292796,1633170306207,14.4029808,52.248434,6.095913,-0.11165881,-1.9179991,-0.32765484,on bike mount,cyclo cross,True,asphalt,excellent
f4ee5635-8bf4-4b5a-96e4-b3a42f385893,cfa36d4f-6ff4-4fd5-a16e-f3a94ce6f33a,d3db2033-453f-4cb8-8154-9699db8b7ffc,1633170306257,14.4029808,52.248434,6.095913,-1.0280042,1.6517637,0.041327477,on bike mount,cyclo cross,True,asphalt,excellent
f4ee5635-8bf4-4b5a-96e4-b3a42f385893,cfa36d4f-6ff4-4fd5-a16e-f3a94ce6f33a,9eebfd5b-3350-4f9c-8353-bc73227a8f66,1633170306307,14.4029808,52.248434,6.095913,0.36581248,-0.6155863,1.1682014,on bike mount,cyclo cross,True,asphalt,excellent
f4ee5635-8bf4-4b5a-96e4-b3a42f385893,cfa36d4f-6ff4-4fd5-a16e-f3a94ce6f33a,b01a8bcd-8715-448d-a21d-6c39fb52d8e2,1633170306358,14.4029808,52.248434,6.095913,-0.8131518,0.6238198,1.0694075,on bike mount,cyclo cross,True,asphalt,excellent
f4ee5635-8bf4-4b5a-96e4-b3a42f385893,cfa36d4f-6ff4-4fd5-a16e-f3a94ce6f33a,b48a677c-572d-484f-ac75-3641afbb631b,1633170306408,14.4029808,52.248434,6.095913,0.2689023,1.2938032,0.29138565,on bike mount,cyclo cross,True,asphalt,excellent
f4ee5635-8bf4-4b5a-96e4-b3a42f385893,cfa36d4f-6ff4-4fd5-a16e-f3a94ce6f33a,e2cea793-700c-43e6-82e5-671e4d8fc571,1633170306459,14.4029808,52.248434,6.095913,-2.0288887,-0.5541556,-1.4142427,on bike mount,cyclo cross,True,asphalt,excellent
f4ee5635-8bf4-4b5a-96e4-b3a42f385893,cfa36d4f-6ff4-4fd5-a16e-f3a94ce6f33a,b57f36e7-d5b1-4c17-ae24-7dd3df81caca,1633170306508,14.4029808,52.248434,6.095913,0.25292608,0.37576103,3.8804197,on bike mount,cyclo cross,True,asphalt,excellent
f4ee5635-8bf4-4b5a-96e4-b3a42f385893,cfa36d4f-6ff4-4fd5-a16e-f3a94ce6f33a,205244e5-52f4-4a35-8b40-6d5eb1d80b49,1633170306559,14.4029808,52.248434,6.095913,-0.945963,0.74399734,-2.2936115,on bike mount,cyclo cross,True,asphalt,excellent
f4ee5635-8bf4-4b5a-96e4-b3a42f385893,cfa36d4f-6ff4-4fd5-a16e-f3a94ce6f33a,35877727-f830-41e0-9ecc-b042b3703efa,1633170306609,14.4029808,52.248434,6.095913,-0.6649935,1.0330708,0.38121128,on bike mount,cyclo cross,True,asphalt,excellent
f4ee5635-8bf4-4b5a-96e4-b3a42f385893,cfa36d4f-6ff4-4fd5-a16e-f3a94ce6f33a,08c20b5c-2b39-4025-8790-e720fb45ed9e,1633170306674,14.4029808,52.248434,6.095913,-0.06449944,1.5394154,-2.2378588,on bike mount,cyclo cross,True,asphalt,excellent
f4ee5635-8bf4-4b5a-96e4-b3a42f385893,cfa36d4f-6ff4-4fd5-a16e-f3a94ce6f33a,51748a37-e3d1-4234-a9ab-71d897ebbd0d,1633170306724,14.4029808,52.248434,6.095913,-0.09244129,-0.76417994,3.371107,on bike mount,cyclo cross,True,asphalt,excellent
f4ee5635-8bf4-4b5a-96e4-b3a42f385893,cfa36d4f-6ff4-4fd5-a16e-f3a94ce6f33a,8f259c9b-8a12-4eb3-a49b-90a7fd85e051,1633170306775,14.4029808,52.248434,6.095913,-0.4727847,-0.40645218,-0.037999153,on bike mount,cyclo cross,True,asphalt,excellent
f4ee5635-8bf4-4b5a-96e4-b3a42f385893,cfa36d4f-6ff4-4fd5-a16e-f3a94ce6f33a,cae2daa0-a223-4923-a3fb-977739d33f8c,1633170306826,14.4029808,52.248434,6.095913,1.6715062,-0.6019633,-0.649003,on bike mount,cyclo cross,True,asphalt,excellent
f4ee5635-8bf4-4b5a-96e4-b3a42f385893,cfa36d4f-6ff4-4fd5-a16e-f3a94ce6f33a,5f3da33e-f76d-456d-9e19-0508629142e8,1633170306876,14.4029808,52.248434,6.095913,0.16569224,0.65358543,1.7368746,on bike mount,cyclo cross,True,asphalt,excellent
f4ee5635-8bf4-4b5a-96e4-b3a42f385893,cfa36d4f-6ff4-4fd5-a16e-f3a94ce6f33a,dd8fec5c-8acc-49f6-b87a-bd2648ebdb5f,1633170306926,14.4029808,52.248434,6.095913,-0.5986433,-1.2214508,-2.0161963,on bike mount,cyclo cross,True,asphalt,excellent
