bike_activity_uid,bike_activity_sample_uid,bike_activity_measurement,bike_activity_measurement_timestamp,bike_activity_measurement_lon,bike_activity_measurement_lat,bike_activity_measurement_speed,bike_activity_measurement_accelerometer_x,bike_activity_measurement_accelerometer_y,bike_activity_measurement_accelerometer_z,bike_activity_phone_position,bike_activity_bike_type,bike_activity_flagged_lab_conditions,bike_activity_surface_type,bike_activity_smoothness_type
140c11c4-cb2f-4c0d-91c1-3c5735ca16e5,688205ab-dbbc-42e8-99c9-3e828b89bc54,ff457cd1-348e-43e6-8b7b-c954b0d1a994,1633167835177,14.2308413,52.3049159,5.846471,-0.5625448,-1.4383976,-1.3498144,on bike mount,cyclo cross,True,asphalt,excellent
140c11c4-cb2f-4c0d-91c1-3c5735ca16e5,688205ab-dbbc-42e8-99c9-3e828b89bc54,c42566f5-c6ff-414d-a2d4-8a223abfea92,1633167835227,14.2308413,52.3049159,5.846471,0.046640694,0.762594,-0.16161823,on bike mount,cyclo cross,True,asphalt,excellent
140c11c4-cb2f-4c0d-91c1-3c5735ca16e5,688205ab-dbbc-42e8-99c9-3e828b89bc54,e6bfba9e-c063-4c69-9866-892a53407b7b,1633167835279,14.2308413,52.3049159,5.846471,0.2729416,-1.0825644,-1.1618133,on bike mount,cyclo cross,True,asphalt,excellent
140c11c4-cb2f-4c0d-91c1-3c5735ca16e5,688205ab-dbbc-42e8-99c9-3e828b89bc54,ddc6f578-0a03-4c1e-9d74-921632eb82be,1633167835329,14.2308413,52.3049159,5.846471,0.06778547,-3.301846,1.245985,on bike mount,cyclo cross,True,asphalt,excellent
140c11c4-cb2f-4c0d-91c1-3c5735ca16e5,688205ab-dbbc-42e8-99c9-3e828b89bc54,36a2b9c0-acd8-4168-a92a-f41b02552737,1633167835379,14.2308413,52.3049159,5.846471,0.94204384,-0.30886936,-1.6871738,on bike mount,cyclo cross,True,asphalt,excellent
140c11c4-cb2f-4c0d-91c1-3c5735ca16e5,688205ab-dbbc-42e8-99c9-3e828b89bc54,640ae1cb-55ad-41f7-8be4-b2b3ba389914,1633167835429,14.2308413,52.3049159,5.846471,0.07002808,0.67905927,-0.9913225,on bike mount,cyclo cross,True,asphalt,excellent
140c11c4-cb2f-4c0d-91c1-3c5735ca16e5,688205ab-dbbc-42e8-99c9-3e828b89bc54,e5bae0a2-1894-4f36-8b34-6501606fabfe,1633167835479,14.2308413,52.3049159,5.846471,-0.49826625,1.3741996,-0.8394246,on bike mount,cyclo cross,True,asphalt,excellent
140c11c4-cb2f-4c0d-91c1-3c5735ca16e5,688205ab-dbbc-42e8-99c9-3e828b89bc54,0bc8618b-c78b-4489-a357-d03114d62b7b,1633167835529,14.2308413,52.3049159,5.846471,0.28556806,-0.4072249,1.7309055,on bike mount,cyclo cross,True,asphalt,excellent
140c11c4-cb2f-4c0d-91c1-3c5735ca16e5,688205ab-dbbc-42e8-99c9-3e828b89bc54,3034b1ea-6ae6-46b3-8a09-028b3dc06c6d,1633167835579,14.2308413,52.3049159,5.846471,-0.13117611,0.4130845,2.0011883,on bike mount,cyclo cross,True,asphalt,excellent
140c11c4-cb2f-4c0d-91c1-3c5735ca16e5,688205ab-dbbc-42e8-99c9-3e828b89bc54,a839d193-ae4b-4df8-851c-fe83184d2cc5,1633167835648,14.2308413,52.3049159,5.846471,-0.38719904,-2.066163,0.043272972,on bike mount,cyclo cross,True,asphalt,excellent
140c11c4-cb2f-4c0d-91c1-3c5735ca16e5,688205ab-dbbc-42e8-99c9-3e828b89bc54,b305066e-a168-4f6a-8db3-64326337d056,1633167835711,14.2309338,52.3049178,6.1383796,0.2434708,-0.9758513,-2.656561,on bike mount,cyclo cross,True,asphalt,excellent
140c11c4-cb2f-4c0d-91c1-3c5735ca16e5,688205ab-dbbc-42e8-99c9-3e828b89bc54,efa36322-fbf7-44bf-b1f8-5864eac413f3,1633167835762,14.2309338,52.3049178,6.1383796,-0.30012518,0.6449127,-1.0472093,on bike mount,cyclo cross,True,asphalt,excellent
140c11c4-cb2f-4c0d-91c1-3c5735ca16e5,688205ab-dbbc-42e8-99c9-3e828b89bc54,9f1cce31-675f-4ec6-9205-a32f55e7a6c0,1633167835828,14.2309338,52.3049178,6.1383796,-1.9886165,-0.36568332,2.042448,on bike mount,cyclo cross,True,asphalt,excellent
140c11c4-cb2f-4c0d-91c1-3c5735ca16e5,688205ab-dbbc-42e8-99c9-3e828b89bc54,d7f2a6b0-b38a-4b23-9917-4614ecd6e449,1633167835879,14.2309338,52.3049178,6.1383796,0.2929866,-0.71824837,-1.1348753,on bike mount,cyclo cross,True,asphalt,excellent
140c11c4-cb2f-4c0d-91c1-3c5735ca16e5,688205ab-dbbc-42e8-99c9-3e828b89bc54,e78306fd-e899-4507-9817-2aac5cd4a1ef,1633167835946,14.2309338,52.3049178,6.1383796,0.2547369,0.5402925,1.986927,on bike mount,cyclo cross,True,asphalt,excellent
140c11c4-cb2f-4c0d-91c1-3c5735ca16e5,688205ab-dbbc-42e8-99c9-3e828b89bc54,bcbaaedf-d905-4f61-9d81-a324d56c0b2c,1633167835996,14.2309338,52.3049178,6.1383796,-0.13826957,-0.061655045,0.9002123,on bike mount,cyclo cross,True,asphalt,excellent
140c11c4-cb2f-4c0d-91c1-3c5735ca16e5,688205ab-dbbc-42e8-99c9-3e828b89bc54,383e20e2-9f15-45ab-907c-cf94ce5aac87,1633167836046,14.2309338,52.3049178,6.1383796,-1.0989566,0.032229185,-0.1110096,on bike mount,cyclo cross,True,asphalt,excellent
140c11c4-cb2f-4c0d-91c1-3c5735ca16e5,688205ab-dbbc-42e8-99c9-3e828b89bc54,718f9f6b-3feb-4974-b46b-1631dd1ec0d4,1633167836096,14.2309338,52.3049178,6.1383796,0.41975415,2.38516,0.104901314,on bike mount,cyclo cross,True,asphalt,excellent
140c11c4-cb2f-4c0d-91c1-3c5735ca16e5,688205ab-dbbc-42e8-99c9-3e828b89bc54,3b8ddbbe-3719-49c3-b052-47681526fc17,1633167836163,14.2309338,52.3049178,6.1383796,-0.42520896,-0.3375566,-1.0558915,on bike mount,cyclo cross,True,asphalt,excellent
140c11c4-cb2f-4c0d-91c1-3c5735ca16e5,688205ab-dbbc-42e8-99c9-3e828b89bc54,70efd7cb-fe35-437a-9f54-f23e5a443d61,1633167836214,14.2309338,52.3049178,6.1383796,0.52057683,0.799047,0.40281487,on bike mount,cyclo cross,True,asphalt,excellent
140c11c4-cb2f-4c0d-91c1-3c5735ca16e5,688205ab-dbbc-42e8-99c9-3e828b89bc54,82da1533-2bbb-4b2f-950e-002c2cc6c5c2,1633167836264,14.2309338,52.3049178,6.1383796,-0.26058576,1.0922129,-2.4347334,on bike mount,cyclo cross,True,asphalt,excellent
140c11c4-cb2f-4c0d-91c1-3c5735ca16e5,688205ab-dbbc-42e8-99c9-3e828b89bc54,7c652fef-a570-4237-94fa-20fa57865161,1633167836313,14.2309338,52.3049178,6.1383796,0.024743559,-0.36057258,-2.0870924,on bike mount,cyclo cross,True,asphalt,excellent
140c11c4-cb2f-4c0d-91c1-3c5735ca16e5,688205ab-dbbc-42e8-99c9-3e828b89bc54,ac374780-5ac3-46f5-9b2b-f92a7496103d,1633167836364,14.2309338,52.3049178,6.1383796,0.2164925,0.22584534,1.9986153,on bike mount,cyclo cross,True,asphalt,excellent
140c11c4-cb2f-4c0d-91c1-3c5735ca16e5,688205ab-dbbc-42e8-99c9-3e828b89bc54,876841ec-5fd7-4444-9a9e-afe2f9361266,1633167836413,14.2309338,52.3049178,6.1383796,0.699984,-0.087311745,1.5085459,on bike mount,cyclo cross,True,asphalt,excellent
140c11c4-cb2f-4c0d-91c1-3c5735ca16e5,688205ab-dbbc-42e8-99c9-3e828b89bc54,b16d9669-83d4-4843-84e6-be88021aa34f,1633167836462,14.2309338,52.3049178,6.1383796,-1.151045,-0.44308972,-1.7498584,on bike mount,cyclo cross,True,asphalt,excellent
140c11c4-cb2f-4c0d-91c1-3c5735ca16e5,688205ab-dbbc-42e8-99c9-3e828b89bc54,340d2eb9-6ba6-444f-830c-fb9366c0fc6c,1633167836512,14.2309338,52.3049178,6.1383796,1.7688584,1.8826618,-1.7311144,on bike mount,cyclo cross,True,asphalt,excellent
140c11c4-cb2f-4c0d-91c1-3c5735ca16e5,688205ab-dbbc-42e8-99c9-3e828b89bc54,c1927c64-795b-43f8-a4e5-e9ca96fa61f9,1633167836563,14.2309338,52.3049178,6.1383796,0.3508733,-0.9804754,-0.9982805,on bike mount,cyclo cross,True,asphalt,excellent
140c11c4-cb2f-4c0d-91c1-3c5735ca16e5,688205ab-dbbc-42e8-99c9-3e828b89bc54,7dc04867-7191-4c4f-8120-b5bab8d88df7,1633167836613,14.2309338,52.3049178,6.1383796,-0.3134412,0.21752524,-0.5915289,on bike mount,cyclo cross,True,asphalt,excellent
140c11c4-cb2f-4c0d-91c1-3c5735ca16e5,688205ab-dbbc-42e8-99c9-3e828b89bc54,771ec084-54a2-4417-be41-52c27fa81bd3,1633167836665,14.2310301,52.3049235,6.0859313,0.04076176,-0.44867778,-1.8177443,on bike mount,cyclo cross,True,asphalt,excellent
140c11c4-cb2f-4c0d-91c1-3c5735ca16e5,688205ab-dbbc-42e8-99c9-3e828b89bc54,2a58d5cd-0a7a-46f9-8cc3-249c83fd9d82,1633167836730,14.2310301,52.3049235,6.0859313,0.3774409,0.53598094,1.3189449,on bike mount,cyclo cross,True,asphalt,excellent
140c11c4-cb2f-4c0d-91c1-3c5735ca16e5,688205ab-dbbc-42e8-99c9-3e828b89bc54,82a32cc7-1283-4062-b93d-7a2cd4ee3231,1633167836781,14.2310301,52.3049235,6.0859313,1.1097877,-1.907287,4.5717278,on bike mount,cyclo cross,True,asphalt,excellent
140c11c4-cb2f-4c0d-91c1-3c5735ca16e5,688205ab-dbbc-42e8-99c9-3e828b89bc54,106898c0-ed7a-4cae-b53a-11b4d363355a,1633167836829,14.2310301,52.3049235,6.0859313,-0.13360482,-1.5534735,2.064929,on bike mount,cyclo cross,True,asphalt,excellent
140c11c4-cb2f-4c0d-91c1-3c5735ca16e5,688205ab-dbbc-42e8-99c9-3e828b89bc54,c2975f4e-e759-4dcc-bba9-d2e724e68626,1633167836880,14.2310301,52.3049235,6.0859313,0.28471196,1.2519696,0.15864372,on bike mount,cyclo cross,True,asphalt,excellent
140c11c4-cb2f-4c0d-91c1-3c5735ca16e5,688205ab-dbbc-42e8-99c9-3e828b89bc54,86735698-b26d-4f87-848e-c134a8540239,1633167836930,14.2310301,52.3049235,6.0859313,-0.8238585,-0.4928217,-1.7032003,on bike mount,cyclo cross,True,asphalt,excellent
140c11c4-cb2f-4c0d-91c1-3c5735ca16e5,688205ab-dbbc-42e8-99c9-3e828b89bc54,5fdb4f59-1628-49cd-9e25-1c05b19960ba,1633167836981,14.2310301,52.3049235,6.0859313,-0.20400658,-2.1585934,0.4262104,on bike mount,cyclo cross,True,asphalt,excellent
140c11c4-cb2f-4c0d-91c1-3c5735ca16e5,688205ab-dbbc-42e8-99c9-3e828b89bc54,1a6116f0-9e1c-4e12-8198-af72a0b778ea,1633167837031,14.2310301,52.3049235,6.0859313,0.5085013,0.5747335,1.6181421,on bike mount,cyclo cross,True,asphalt,excellent
140c11c4-cb2f-4c0d-91c1-3c5735ca16e5,688205ab-dbbc-42e8-99c9-3e828b89bc54,2a4b7bcd-1c84-430c-a2ff-b616cf8ac577,1633167837081,14.2310301,52.3049235,6.0859313,0.11554915,-0.2855866,-0.39139175,on bike mount,cyclo cross,True,asphalt,excellent
140c11c4-cb2f-4c0d-91c1-3c5735ca16e5,688205ab-dbbc-42e8-99c9-3e828b89bc54,4444576d-b504-473c-be4e-ed42851a4f36,1633167837148,14.2310301,52.3049235,6.0859313,-0.21939206,-1.3022299,0.03173542,on bike mount,cyclo cross,True,asphalt,excellent
140c11c4-cb2f-4c0d-91c1-3c5735ca16e5,688205ab-dbbc-42e8-99c9-3e828b89bc54,ed59f1c6-d8fd-4606-bbbe-1e1df6f279cb,1633167837198,14.2310301,52.3049235,6.0859313,0.533175,-1.6482353,3.4467573,on bike mount,cyclo cross,True,asphalt,excellent
140c11c4-cb2f-4c0d-91c1-3c5735ca16e5,688205ab-dbbc-42e8-99c9-3e828b89bc54,e6744735-f1f9-4a64-aada-c2ef8a39e605,1633167837247,14.2310301,52.3049235,6.0859313,-0.17525163,1.4321613,-0.94304323,on bike mount,cyclo cross,True,asphalt,excellent
140c11c4-cb2f-4c0d-91c1-3c5735ca16e5,688205ab-dbbc-42e8-99c9-3e828b89bc54,c531a1f9-1dba-46f5-89c4-71d2e8ec8a51,1633167837297,14.2310301,52.3049235,6.0859313,-0.60540974,-0.022035599,0.40717888,on bike mount,cyclo cross,True,asphalt,excellent
140c11c4-cb2f-4c0d-91c1-3c5735ca16e5,688205ab-dbbc-42e8-99c9-3e828b89bc54,bd9abd7b-783a-403f-b4c6-ccc8756562f0,1633167837347,14.2310301,52.3049235,6.0859313,0.354285,1.6128182,-0.95933723,on bike mount,cyclo cross,True,asphalt,excellent
140c11c4-cb2f-4c0d-91c1-3c5735ca16e5,688205ab-dbbc-42e8-99c9-3e828b89bc54,c17fa5a5-e90a-4fa1-a2cb-1c55e0dd0582,1633167837399,14.2310301,52.3049235,6.0859313,0.32952535,-0.57995224,2.3242502,on bike mount,cyclo cross,True,asphalt,excellent
140c11c4-cb2f-4c0d-91c1-3c5735ca16e5,688205ab-dbbc-42e8-99c9-3e828b89bc54,a0f1bbae-12db-4648-8563-1ba2f909cd09,1633167837464,14.2310301,52.3049235,6.0859313,-0.2398905,1.1230834,-0.51165676,on bike mount,cyclo cross,True,asphalt,excellent
140c11c4-cb2f-4c0d-91c1-3c5735ca16e5,688205ab-dbbc-42e8-99c9-3e828b89bc54,cdd75afc-aec7-457f-844d-1ea79641f18a,1633167837515,14.2310301,52.3049235,6.0859313,0.04069385,-0.5647068,-1.8379002,on bike mount,cyclo cross,True,asphalt,excellent
140c11c4-cb2f-4c0d-91c1-3c5735ca16e5,688205ab-dbbc-42e8-99c9-3e828b89bc54,77d3447a-e168-4117-a24e-e4c39de6e95f,1633167837564,14.2310301,52.3049235,6.0859313,0.05534418,0.1537838,0.31715775,on bike mount,cyclo cross,True,asphalt,excellent
140c11c4-cb2f-4c0d-91c1-3c5735ca16e5,688205ab-dbbc-42e8-99c9-3e828b89bc54,e9bca76f-2d62-4616-b764-a7a1c5a0758c,1633167837614,14.2310301,52.3049235,6.0859313,1.4795791,-0.60842776,-2.3942761,on bike mount,cyclo cross,True,asphalt,excellent
140c11c4-cb2f-4c0d-91c1-3c5735ca16e5,688205ab-dbbc-42e8-99c9-3e828b89bc54,1eb08f33-946e-4b8b-b9a4-67776a2660a5,1633167837666,14.2311272,52.3049276,6.1926126,0.35115135,-2.27761,0.75619316,on bike mount,cyclo cross,True,asphalt,excellent
140c11c4-cb2f-4c0d-91c1-3c5735ca16e5,688205ab-dbbc-42e8-99c9-3e828b89bc54,7ecf8ba2-7181-4e0a-a24d-7585802e69bd,1633167837715,14.2311272,52.3049276,6.1926126,-0.6564201,1.0438828,-1.5257459,on bike mount,cyclo cross,True,asphalt,excellent
140c11c4-cb2f-4c0d-91c1-3c5735ca16e5,688205ab-dbbc-42e8-99c9-3e828b89bc54,e482d624-1914-44ee-b2ec-29cacddd4ce8,1633167837766,14.2311272,52.3049276,6.1926126,0.35362303,-0.24016595,1.0679255,on bike mount,cyclo cross,True,asphalt,excellent
140c11c4-cb2f-4c0d-91c1-3c5735ca16e5,688205ab-dbbc-42e8-99c9-3e828b89bc54,a7745350-4b72-4565-8228-df90b294bd89,1633167837832,14.2311272,52.3049276,6.1926126,-0.31107745,0.10609436,0.59269047,on bike mount,cyclo cross,True,asphalt,excellent
140c11c4-cb2f-4c0d-91c1-3c5735ca16e5,688205ab-dbbc-42e8-99c9-3e828b89bc54,a9b58640-d341-40ff-ac7e-0be018161d0a,1633167837884,14.2311272,52.3049276,6.1926126,-1.1554148,-0.50134563,-0.89844036,on bike mount,cyclo cross,True,asphalt,excellent
140c11c4-cb2f-4c0d-91c1-3c5735ca16e5,688205ab-dbbc-42e8-99c9-3e828b89bc54,5f848a8b-d3a9-4359-9337-d7906c227f2d,1633167837949,14.2311272,52.3049276,6.1926126,-1.1174855,-0.33266425,1.3183346,on bike mount,cyclo cross,True,asphalt,excellent
140c11c4-cb2f-4c0d-91c1-3c5735ca16e5,688205ab-dbbc-42e8-99c9-3e828b89bc54,8836097e-004a-4966-b3dc-0666f199dea5,1633167837999,14.2311272,52.3049276,6.1926126,-0.32300824,0.44102144,0.4690199,on bike mount,cyclo cross,True,asphalt,excellent
140c11c4-cb2f-4c0d-91c1-3c5735ca16e5,688205ab-dbbc-42e8-99c9-3e828b89bc54,c97f1fa0-01bc-4fa9-a41d-0d5e44e3ae90,1633167838051,14.2311272,52.3049276,6.1926126,0.54590666,-0.48852396,-2.1463976,on bike mount,cyclo cross,True,asphalt,excellent
140c11c4-cb2f-4c0d-91c1-3c5735ca16e5,688205ab-dbbc-42e8-99c9-3e828b89bc54,72899a65-c9d2-4443-a21a-e3d65cc4ac1a,1633167838102,14.2311272,52.3049276,6.1926126,-1.1896188,-1.2335168,0.43218422,on bike mount,cyclo cross,True,asphalt,excellent
140c11c4-cb2f-4c0d-91c1-3c5735ca16e5,688205ab-dbbc-42e8-99c9-3e828b89bc54,05174f9e-f7cd-4366-b29e-abc038e74a04,1633167838167,14.2311272,52.3049276,6.1926126,0.54890907,1.2433681,-0.16922855,on bike mount,cyclo cross,True,asphalt,excellent
140c11c4-cb2f-4c0d-91c1-3c5735ca16e5,688205ab-dbbc-42e8-99c9-3e828b89bc54,326b204f-2131-4704-9b4e-7903a614b10e,1633167838219,14.2311272,52.3049276,6.1926126,0.28961197,0.4599204,-0.45250416,on bike mount,cyclo cross,True,asphalt,excellent
140c11c4-cb2f-4c0d-91c1-3c5735ca16e5,688205ab-dbbc-42e8-99c9-3e828b89bc54,3c7e4ed3-3957-4593-9a63-9e24b6b2e5b9,1633167838282,14.2311272,52.3049276,6.1926126,-1.0978128,1.4754441,-0.102855206,on bike mount,cyclo cross,True,asphalt,excellent
140c11c4-cb2f-4c0d-91c1-3c5735ca16e5,688205ab-dbbc-42e8-99c9-3e828b89bc54,835fe0b0-b0f9-48f6-a0b0-3455304c6b31,1633167838333,14.2311272,52.3049276,6.1926126,0.036228225,-0.21533394,1.7290726,on bike mount,cyclo cross,True,asphalt,excellent
140c11c4-cb2f-4c0d-91c1-3c5735ca16e5,688205ab-dbbc-42e8-99c9-3e828b89bc54,a6f2a813-2431-4a57-ba46-0e962203bcfc,1633167838384,14.2311272,52.3049276,6.1926126,-0.036197774,-0.03727436,-2.806199,on bike mount,cyclo cross,True,asphalt,excellent
140c11c4-cb2f-4c0d-91c1-3c5735ca16e5,688205ab-dbbc-42e8-99c9-3e828b89bc54,dcee8faf-b2c4-40b5-a18a-e4ca5efdd181,1633167838449,14.2311272,52.3049276,6.1926126,-0.2844664,-2.987226,0.22772312,on bike mount,cyclo cross,True,asphalt,excellent
140c11c4-cb2f-4c0d-91c1-3c5735ca16e5,688205ab-dbbc-42e8-99c9-3e828b89bc54,37462ade-2902-4a25-8971-0bce14f389d8,1633167838499,14.2311272,52.3049276,6.1926126,0.6665663,-1.2940294,1.7626095,on bike mount,cyclo cross,True,asphalt,excellent
140c11c4-cb2f-4c0d-91c1-3c5735ca16e5,688205ab-dbbc-42e8-99c9-3e828b89bc54,b5561324-b3b4-4ec9-ab0d-0758423c2d8d,1633167838551,14.2311272,52.3049276,6.1926126,-0.44231215,3.528819,-0.12753487,on bike mount,cyclo cross,True,asphalt,excellent
140c11c4-cb2f-4c0d-91c1-3c5735ca16e5,688205ab-dbbc-42e8-99c9-3e828b89bc54,89971f57-91d9-4e60-8dc2-3e7543c6de1a,1633167838617,14.2311272,52.3049276,6.1926126,1.1412036,-0.053278208,0.34203815,on bike mount,cyclo cross,True,asphalt,excellent
140c11c4-cb2f-4c0d-91c1-3c5735ca16e5,688205ab-dbbc-42e8-99c9-3e828b89bc54,8437853d-28c8-4b2e-be06-77a53ad42242,1633167838668,14.2312246,52.3049284,6.033608,1.4190726,1.0828321,1.7464628,on bike mount,cyclo cross,True,asphalt,excellent
140c11c4-cb2f-4c0d-91c1-3c5735ca16e5,688205ab-dbbc-42e8-99c9-3e828b89bc54,1c35f602-3dd6-41f3-838a-0af2b2648b45,1633167838733,14.2312246,52.3049284,6.033608,0.23133056,0.30934048,-1.4951773,on bike mount,cyclo cross,True,asphalt,excellent
140c11c4-cb2f-4c0d-91c1-3c5735ca16e5,688205ab-dbbc-42e8-99c9-3e828b89bc54,39548bfa-8db3-418d-8678-db3ab745b39f,1633167838785,14.2312246,52.3049284,6.033608,-0.5933859,-0.59226274,-0.093512535,on bike mount,cyclo cross,True,asphalt,excellent
140c11c4-cb2f-4c0d-91c1-3c5735ca16e5,688205ab-dbbc-42e8-99c9-3e828b89bc54,b758a6ca-c9c4-4121-8a17-7da721ac29f2,1633167838835,14.2312246,52.3049284,6.033608,0.31030145,-1.7445385,3.2218256,on bike mount,cyclo cross,True,asphalt,excellent
140c11c4-cb2f-4c0d-91c1-3c5735ca16e5,688205ab-dbbc-42e8-99c9-3e828b89bc54,d593d4bd-e2c1-4541-9334-37e1cd300800,1633167838885,14.2312246,52.3049284,6.033608,-0.08730702,-0.11968422,-0.22411633,on bike mount,cyclo cross,True,asphalt,excellent
140c11c4-cb2f-4c0d-91c1-3c5735ca16e5,688205ab-dbbc-42e8-99c9-3e828b89bc54,28ab109b-2692-4f7c-89f7-f62c46e28584,1633167838935,14.2312246,52.3049284,6.033608,-2.0043643,-0.106648445,2.138732,on bike mount,cyclo cross,True,asphalt,excellent
140c11c4-cb2f-4c0d-91c1-3c5735ca16e5,688205ab-dbbc-42e8-99c9-3e828b89bc54,4b0423a4-5804-44e9-99af-25242576266e,1633167838985,14.2312246,52.3049284,6.033608,0.99941075,-1.4723086,-2.4745092,on bike mount,cyclo cross,True,asphalt,excellent
140c11c4-cb2f-4c0d-91c1-3c5735ca16e5,688205ab-dbbc-42e8-99c9-3e828b89bc54,a6d74099-d65f-4653-a367-65c97135e30b,1633167839036,14.2312246,52.3049284,6.033608,1.644514,0.20071602,1.1513052,on bike mount,cyclo cross,True,asphalt,excellent
140c11c4-cb2f-4c0d-91c1-3c5735ca16e5,688205ab-dbbc-42e8-99c9-3e828b89bc54,a3e9f2c6-046d-4fc0-b787-cea7d260ae60,1633167839086,14.2312246,52.3049284,6.033608,-0.30831012,0.8477557,-0.8986883,on bike mount,cyclo cross,True,asphalt,excellent
140c11c4-cb2f-4c0d-91c1-3c5735ca16e5,688205ab-dbbc-42e8-99c9-3e828b89bc54,1b02b41f-08b0-43c1-b811-70206229a835,1633167839151,14.2312246,52.3049284,6.033608,-0.23431653,0.59048414,0.8161764,on bike mount,cyclo cross,True,asphalt,excellent
140c11c4-cb2f-4c0d-91c1-3c5735ca16e5,688205ab-dbbc-42e8-99c9-3e828b89bc54,9370d764-c2da-4606-8da5-d81db3b33063,1633167839201,14.2312246,52.3049284,6.033608,-1.0969517,1.176094,-0.95650864,on bike mount,cyclo cross,True,asphalt,excellent
140c11c4-cb2f-4c0d-91c1-3c5735ca16e5,688205ab-dbbc-42e8-99c9-3e828b89bc54,cfbab2bf-814f-44b0-b3d3-54b9dc1a4f59,1633167839251,14.2312246,52.3049284,6.033608,0.47301793,-1.1048203,0.25004387,on bike mount,cyclo cross,True,asphalt,excellent
140c11c4-cb2f-4c0d-91c1-3c5735ca16e5,688205ab-dbbc-42e8-99c9-3e828b89bc54,def00098-43a6-4658-9fb2-5fe6b0d3839a,1633167839301,14.2312246,52.3049284,6.033608,0.5990411,-1.8400683,1.865716,on bike mount,cyclo cross,True,asphalt,excellent
140c11c4-cb2f-4c0d-91c1-3c5735ca16e5,688205ab-dbbc-42e8-99c9-3e828b89bc54,d5e661ed-13cb-4551-873e-dc433cea4e9a,1633167839351,14.2312246,52.3049284,6.033608,-0.30496934,-0.55417943,0.4527521,on bike mount,cyclo cross,True,asphalt,excellent
140c11c4-cb2f-4c0d-91c1-3c5735ca16e5,688205ab-dbbc-42e8-99c9-3e828b89bc54,57a07f4f-4cd3-4bda-a922-d85872eb9ca8,1633167839401,14.2312246,52.3049284,6.033608,-0.17263222,0.15391517,-0.55095196,on bike mount,cyclo cross,True,asphalt,excellent
140c11c4-cb2f-4c0d-91c1-3c5735ca16e5,688205ab-dbbc-42e8-99c9-3e828b89bc54,d37c038d-24f6-49b6-b057-e4fae5cb8cd2,1633167839451,14.2312246,52.3049284,6.033608,-0.27542683,-0.86333203,0.79072857,on bike mount,cyclo cross,True,asphalt,excellent
140c11c4-cb2f-4c0d-91c1-3c5735ca16e5,688205ab-dbbc-42e8-99c9-3e828b89bc54,4cbd2f1d-7dc5-437b-8d8f-5d2abbccac8d,1633167839503,14.2312246,52.3049284,6.033608,-0.01256334,0.52881503,-2.5078025,on bike mount,cyclo cross,True,asphalt,excellent
140c11c4-cb2f-4c0d-91c1-3c5735ca16e5,688205ab-dbbc-42e8-99c9-3e828b89bc54,134d4593-9b32-41a8-88bc-6758c2412ec4,1633167839569,14.2312246,52.3049284,6.033608,-0.56026053,1.2873979,2.8652744,on bike mount,cyclo cross,True,asphalt,excellent
140c11c4-cb2f-4c0d-91c1-3c5735ca16e5,688205ab-dbbc-42e8-99c9-3e828b89bc54,8d7167f4-7cd1-4a94-a4f0-fb5d95899de6,1633167839620,14.2312246,52.3049284,6.033608,-0.045042098,-0.0020365715,1.3097887,on bike mount,cyclo cross,True,asphalt,excellent
140c11c4-cb2f-4c0d-91c1-3c5735ca16e5,688205ab-dbbc-42e8-99c9-3e828b89bc54,a397a163-7a12-496e-b8e5-005560e2f511,1633167839671,14.2313167,52.3049325,6.151403,0.29330382,-0.9467869,-1.6658449,on bike mount,cyclo cross,True,asphalt,excellent
140c11c4-cb2f-4c0d-91c1-3c5735ca16e5,688205ab-dbbc-42e8-99c9-3e828b89bc54,9f14abb8-4bb8-4744-8a1e-94191dc03a1f,1633167839736,14.2313167,52.3049325,6.151403,-0.8854052,0.9797442,2.6283169,on bike mount,cyclo cross,True,asphalt,excellent
140c11c4-cb2f-4c0d-91c1-3c5735ca16e5,688205ab-dbbc-42e8-99c9-3e828b89bc54,811afc61-4bcc-4fdd-82d6-d5aab46aca87,1633167839786,14.2313167,52.3049325,6.151403,-1.0843604,1.4409573,-0.9843421,on bike mount,cyclo cross,True,asphalt,excellent
140c11c4-cb2f-4c0d-91c1-3c5735ca16e5,688205ab-dbbc-42e8-99c9-3e828b89bc54,09918f39-8383-4ffa-ab5c-b17ea7ba7fe1,1633167839836,14.2313167,52.3049325,6.151403,0.88841164,0.45084286,-1.5063634,on bike mount,cyclo cross,True,asphalt,excellent
140c11c4-cb2f-4c0d-91c1-3c5735ca16e5,688205ab-dbbc-42e8-99c9-3e828b89bc54,9d351993-35ee-412f-b3ff-27b2e5743877,1633167839886,14.2313167,52.3049325,6.151403,-0.13607466,-0.8012824,-0.5172787,on bike mount,cyclo cross,True,asphalt,excellent
140c11c4-cb2f-4c0d-91c1-3c5735ca16e5,688205ab-dbbc-42e8-99c9-3e828b89bc54,3817a7b6-69ea-44fc-b4a6-f1c50c87c0a8,1633167839936,14.2313167,52.3049325,6.151403,-0.7418597,-0.84640217,2.0550776,on bike mount,cyclo cross,True,asphalt,excellent
140c11c4-cb2f-4c0d-91c1-3c5735ca16e5,688205ab-dbbc-42e8-99c9-3e828b89bc54,ac963cbd-839e-45b1-a71f-4e8dbdbc70b1,1633167839986,14.2313167,52.3049325,6.151403,-0.16436106,0.69642806,-0.21769333,on bike mount,cyclo cross,True,asphalt,excellent
140c11c4-cb2f-4c0d-91c1-3c5735ca16e5,688205ab-dbbc-42e8-99c9-3e828b89bc54,5c1d0530-9710-46e3-86ed-4582368d37f8,1633167840038,14.2313167,52.3049325,6.151403,0.8981792,0.04614687,0.48643875,on bike mount,cyclo cross,True,asphalt,excellent
140c11c4-cb2f-4c0d-91c1-3c5735ca16e5,688205ab-dbbc-42e8-99c9-3e828b89bc54,a6cd25b9-db0f-49ec-99be-d927daa5e4c2,1633167840104,14.2313167,52.3049325,6.151403,-0.32495648,1.3641181,-0.3433857,on bike mount,cyclo cross,True,asphalt,excellent
140c11c4-cb2f-4c0d-91c1-3c5735ca16e5,688205ab-dbbc-42e8-99c9-3e828b89bc54,d26ad9c4-de29-4153-89c8-71cdf9b5a643,1633167840155,14.2313167,52.3049325,6.151403,-0.45127916,-0.71877635,-0.20906544,on bike mount,cyclo cross,True,asphalt,excellent
140c11c4-cb2f-4c0d-91c1-3c5735ca16e5,688205ab-dbbc-42e8-99c9-3e828b89bc54,3431190a-66f8-4e8b-b069-5f7b01b22495,1633167840205,14.2313167,52.3049325,6.151403,0.026340097,-0.82649064,-1.2850485,on bike mount,cyclo cross,True,asphalt,excellent
140c11c4-cb2f-4c0d-91c1-3c5735ca16e5,688205ab-dbbc-42e8-99c9-3e828b89bc54,56f7b3ec-7968-4d5f-8070-ff625fa1d952,1633167840255,14.2313167,52.3049325,6.151403,-1.1578197,1.4834714,-0.4449644,on bike mount,cyclo cross,True,asphalt,excellent
140c11c4-cb2f-4c0d-91c1-3c5735ca16e5,688205ab-dbbc-42e8-99c9-3e828b89bc54,067e0730-3ff7-48da-84a6-66d67c336470,1633167840321,14.2313167,52.3049325,6.151403,-0.062394273,0.8311484,-1.2013502,on bike mount,cyclo cross,True,asphalt,excellent
140c11c4-cb2f-4c0d-91c1-3c5735ca16e5,688205ab-dbbc-42e8-99c9-3e828b89bc54,8f13abf0-9d0e-484d-b5f7-99923fdda65d,1633167840371,14.2313167,52.3049325,6.151403,-0.31760505,0.34427905,0.4501915,on bike mount,cyclo cross,True,asphalt,excellent
140c11c4-cb2f-4c0d-91c1-3c5735ca16e5,688205ab-dbbc-42e8-99c9-3e828b89bc54,7a9a95a7-d7d5-40db-b6d4-990f89c93e54,1633167840438,14.2313167,52.3049325,6.151403,-0.9995214,0.0131213665,-0.67204666,on bike mount,cyclo cross,True,asphalt,excellent
140c11c4-cb2f-4c0d-91c1-3c5735ca16e5,688205ab-dbbc-42e8-99c9-3e828b89bc54,a62d3652-2288-4b5e-bf6f-f81d75cef5ae,1633167840505,14.2313167,52.3049325,6.151403,0.47080094,0.6632004,-0.91119957,on bike mount,cyclo cross,True,asphalt,excellent
