bike_activity_uid,bike_activity_sample_uid,bike_activity_measurement,bike_activity_measurement_timestamp,bike_activity_measurement_lon,bike_activity_measurement_lat,bike_activity_measurement_speed,bike_activity_measurement_accelerometer_x,bike_activity_measurement_accelerometer_y,bike_activity_measurement_accelerometer_z,bike_activity_phone_position,bike_activity_bike_type,bike_activity_flagged_lab_conditions,bike_activity_surface_type,bike_activity_smoothness_type
1b0c7018-d57b-4aa8-96f8-1e5daa18fc97,4dd04092-483f-4ccb-b984-76087fe6a92b,c42f5d7b-5c48-4480-8210-8647316cee6b,1634557431379,13.4540732,52.4944881,5.658857,-0.5020509,1.3437366,2.6954765,on bike mount,cyclo cross,False,mixed,mixed
1b0c7018-d57b-4aa8-96f8-1e5daa18fc97,4dd04092-483f-4ccb-b984-76087fe6a92b,212eb70b-09e4-462a-a3a9-8489f903496d,1634557431429,13.4540732,52.4944881,5.658857,2.1254559,4.2457695,7.6946115,on bike mount,cyclo cross,False,mixed,mixed
1b0c7018-d57b-4aa8-96f8-1e5daa18fc97,4dd04092-483f-4ccb-b984-76087fe6a92b,cdc2e53e-f49c-4d52-bf20-945793948b05,1634557431481,13.4540732,52.4944881,5.658857,2.437715,-8.886341,1.5636139,on bike mount,cyclo cross,False,mixed,mixed
1b0c7018-d57b-4aa8-96f8-1e5daa18fc97,4dd04092-483f-4ccb-b984-76087fe6a92b,df17c0d3-b2ec-4fb6-9310-3bb9fb8e7f79,1634557431547,13.4540732,52.4944881,5.658857,-0.016089916,5.2355385,-1.951879,on bike mount,cyclo cross,False,mixed,mixed
1b0c7018-d57b-4aa8-96f8-1e5daa18fc97,4dd04092-483f-4ccb-b984-76087fe6a92b,4cd4f833-c502-4be9-8438-93be6d377731,1634557431597,13.4540732,52.4944881,5.658857,2.1976712,-3.2616,1.4242964,on bike mount,cyclo cross,False,mixed,mixed
1b0c7018-d57b-4aa8-96f8-1e5daa18fc97,4dd04092-483f-4ccb-b984-76087fe6a92b,75dbc0ec-76ad-43b5-9031-1fb408946298,1634557431647,13.4540732,52.4944881,5.658857,-0.7862557,2.6363134,0.6137543,on bike mount,cyclo cross,False,mixed,mixed
1b0c7018-d57b-4aa8-96f8-1e5daa18fc97,4dd04092-483f-4ccb-b984-76087fe6a92b,0065b35a-6b9f-4b97-9e4c-39305b39b726,1634557431699,13.4540732,52.4944881,5.658857,-1.3144172,4.47653,1.4049721,on bike mount,cyclo cross,False,mixed,mixed
1b0c7018-d57b-4aa8-96f8-1e5daa18fc97,4dd04092-483f-4ccb-b984-76087fe6a92b,b12f86cd-af47-4d82-b02e-2ebc28829b62,1634557431764,13.4540732,52.4944881,5.658857,-0.78258103,-2.510217,2.089387,on bike mount,cyclo cross,False,mixed,mixed
1b0c7018-d57b-4aa8-96f8-1e5daa18fc97,4dd04092-483f-4ccb-b984-76087fe6a92b,7a0c7217-b4ce-4e9c-b69f-3f413c47a7ed,1634557431814,13.4540732,52.4944881,5.658857,1.9302208,-1.2119753,-1.9450469,on bike mount,cyclo cross,False,mixed,mixed
1b0c7018-d57b-4aa8-96f8-1e5daa18fc97,4dd04092-483f-4ccb-b984-76087fe6a92b,d8ac220a-4e55-4bf5-a386-201dd97385cd,1634557431864,13.4540732,52.4944881,5.658857,0.7312173,-2.2165804,-2.4359856,on bike mount,cyclo cross,False,mixed,mixed
1b0c7018-d57b-4aa8-96f8-1e5daa18fc97,4dd04092-483f-4ccb-b984-76087fe6a92b,c0e36860-8ecf-40d0-ad35-013be34cff6d,1634557431916,13.4540732,52.4944881,5.658857,-0.5759744,-2.201376,4.7021294,on bike mount,cyclo cross,False,mixed,mixed
1b0c7018-d57b-4aa8-96f8-1e5daa18fc97,4dd04092-483f-4ccb-b984-76087fe6a92b,fa84d359-645f-4b81-9a11-377cb34d61b2,1634557431982,13.45399,52.4945153,5.72746,0.76970243,4.9824276,0.16991806,on bike mount,cyclo cross,False,mixed,mixed
1b0c7018-d57b-4aa8-96f8-1e5daa18fc97,4dd04092-483f-4ccb-b984-76087fe6a92b,433a90b6-7fab-4fc6-b686-890eba9cddb6,1634557432032,13.45399,52.4945153,5.72746,-0.32847413,2.3641768,3.76898,on bike mount,cyclo cross,False,mixed,mixed
1b0c7018-d57b-4aa8-96f8-1e5daa18fc97,4dd04092-483f-4ccb-b984-76087fe6a92b,fb1aaa9b-d59f-4bb8-8c83-168761c9ad25,1634557432083,13.45399,52.4945153,5.72746,-1.6989889,0.9901271,-0.12404728,on bike mount,cyclo cross,False,mixed,mixed
1b0c7018-d57b-4aa8-96f8-1e5daa18fc97,4dd04092-483f-4ccb-b984-76087fe6a92b,6e85fbdd-b92d-4706-a1b8-2f095887cb22,1634557432134,13.45399,52.4945153,5.72746,-0.1375016,-4.6661043,-7.80559,on bike mount,cyclo cross,False,mixed,mixed
1b0c7018-d57b-4aa8-96f8-1e5daa18fc97,4dd04092-483f-4ccb-b984-76087fe6a92b,115dced3-5f68-414c-823d-73fa7b5e5da7,1634557432184,13.45399,52.4945153,5.72746,-8.381661,18.241743,-6.2358336,on bike mount,cyclo cross,False,mixed,mixed
1b0c7018-d57b-4aa8-96f8-1e5daa18fc97,4dd04092-483f-4ccb-b984-76087fe6a92b,fc65b177-0aed-44a1-ae81-723e39c8fcba,1634557432250,13.45399,52.4945153,5.72746,-0.34283215,5.568885,-5.32054,on bike mount,cyclo cross,False,mixed,mixed
1b0c7018-d57b-4aa8-96f8-1e5daa18fc97,4dd04092-483f-4ccb-b984-76087fe6a92b,7cc54509-dece-4be0-956e-c59cb11cef6e,1634557432300,13.45399,52.4945153,5.72746,-1.4952149,-2.7626526,6.635213,on bike mount,cyclo cross,False,mixed,mixed
1b0c7018-d57b-4aa8-96f8-1e5daa18fc97,4dd04092-483f-4ccb-b984-76087fe6a92b,ead31ac0-901c-419f-8978-595aef08829a,1634557432353,13.45399,52.4945153,5.72746,-0.21762466,-10.553705,3.906579,on bike mount,cyclo cross,False,mixed,mixed
1b0c7018-d57b-4aa8-96f8-1e5daa18fc97,4dd04092-483f-4ccb-b984-76087fe6a92b,6e8e18bd-5fa9-4d5f-b557-027defb1aa4d,1634557432416,13.45399,52.4945153,5.72746,-4.5614758,3.084866,-11.118565,on bike mount,cyclo cross,False,mixed,mixed
1b0c7018-d57b-4aa8-96f8-1e5daa18fc97,4dd04092-483f-4ccb-b984-76087fe6a92b,ea3adb5e-1ca9-4939-bee0-f25b44bef251,1634557432466,13.45399,52.4945153,5.72746,-1.6451387,8.270185,3.9881907,on bike mount,cyclo cross,False,mixed,mixed
1b0c7018-d57b-4aa8-96f8-1e5daa18fc97,4dd04092-483f-4ccb-b984-76087fe6a92b,5466043b-1233-415d-b004-443f79912070,1634557432516,13.45399,52.4945153,5.72746,0.6321076,-4.8477163,8.601318,on bike mount,cyclo cross,False,mixed,mixed
1b0c7018-d57b-4aa8-96f8-1e5daa18fc97,4dd04092-483f-4ccb-b984-76087fe6a92b,1f9e215d-5b10-4e7e-a196-28ffed8437b5,1634557432567,13.45399,52.4945153,5.72746,-0.9494473,-2.3078218,2.3788757,on bike mount,cyclo cross,False,mixed,mixed
1b0c7018-d57b-4aa8-96f8-1e5daa18fc97,4dd04092-483f-4ccb-b984-76087fe6a92b,a194bbaf-26e3-4ada-9928-a65b851680a2,1634557432617,13.45399,52.4945153,5.72746,-3.4595838,10.267876,-13.403521,on bike mount,cyclo cross,False,mixed,mixed
1b0c7018-d57b-4aa8-96f8-1e5daa18fc97,4dd04092-483f-4ccb-b984-76087fe6a92b,d837df2d-11d8-411a-87bf-76646c990f6a,1634557432668,13.45399,52.4945153,5.72746,-0.27609146,-1.2339973,1.8419228,on bike mount,cyclo cross,False,mixed,mixed
1b0c7018-d57b-4aa8-96f8-1e5daa18fc97,4dd04092-483f-4ccb-b984-76087fe6a92b,432960b1-0d75-4954-8c02-646bb7a43ea1,1634557432733,13.45399,52.4945153,5.72746,-2.0041823,9.184182,1.7259245,on bike mount,cyclo cross,False,mixed,mixed
1b0c7018-d57b-4aa8-96f8-1e5daa18fc97,4dd04092-483f-4ccb-b984-76087fe6a92b,8eff1f75-ea92-4911-89f1-4b8ac92af4f9,1634557432784,13.45399,52.4945153,5.72746,-3.2608657,-3.3409874,1.8366184,on bike mount,cyclo cross,False,mixed,mixed
1b0c7018-d57b-4aa8-96f8-1e5daa18fc97,4dd04092-483f-4ccb-b984-76087fe6a92b,61bcf147-27ad-4720-b603-f9c779e3ae9f,1634557432849,13.45399,52.4945153,5.72746,-0.8956907,3.410512,3.2961788,on bike mount,cyclo cross,False,mixed,mixed
1b0c7018-d57b-4aa8-96f8-1e5daa18fc97,4dd04092-483f-4ccb-b984-76087fe6a92b,7e0e924d-6102-4bb5-8680-394f2cd80414,1634557432900,13.45399,52.4945153,5.72746,-1.2732294,-4.375456,2.7475157,on bike mount,cyclo cross,False,mixed,mixed
1b0c7018-d57b-4aa8-96f8-1e5daa18fc97,4dd04092-483f-4ccb-b984-76087fe6a92b,1b17f322-f790-438f-8979-c7cdca089799,1634557432954,13.45399,52.4945153,5.72746,-0.18862283,12.557443,-8.513698,on bike mount,cyclo cross,False,mixed,mixed
1b0c7018-d57b-4aa8-96f8-1e5daa18fc97,4dd04092-483f-4ccb-b984-76087fe6a92b,44ecd658-600c-4d79-826a-3027a3d2649f,1634557433016,13.4538971,52.4945447,5.7895403,-0.056887746,3.2957797,-11.993698,on bike mount,cyclo cross,False,mixed,mixed
1b0c7018-d57b-4aa8-96f8-1e5daa18fc97,4dd04092-483f-4ccb-b984-76087fe6a92b,6ee2e87f-17d0-44ab-be62-9e4da198e2d3,1634557433066,13.4538971,52.4945447,5.7895403,4.082691,10.546866,-3.3059704,on bike mount,cyclo cross,False,mixed,mixed
1b0c7018-d57b-4aa8-96f8-1e5daa18fc97,4dd04092-483f-4ccb-b984-76087fe6a92b,78369a41-1d3f-4ca2-9318-19158b2048db,1634557433118,13.4538971,52.4945447,5.7895403,-2.3190255,-9.044027,1.8028269,on bike mount,cyclo cross,False,mixed,mixed
1b0c7018-d57b-4aa8-96f8-1e5daa18fc97,4dd04092-483f-4ccb-b984-76087fe6a92b,7edcb6b6-1ff6-4fff-819f-7d6f99a75fbe,1634557433185,13.4538971,52.4945447,5.7895403,0.005684614,-2.430538,14.751227,on bike mount,cyclo cross,False,mixed,mixed
1b0c7018-d57b-4aa8-96f8-1e5daa18fc97,4dd04092-483f-4ccb-b984-76087fe6a92b,b9835c42-776a-4e6d-bd71-f394a19d2fd8,1634557433235,13.4538971,52.4945447,5.7895403,1.7614717,-3.7417917,-0.9103489,on bike mount,cyclo cross,False,mixed,mixed
1b0c7018-d57b-4aa8-96f8-1e5daa18fc97,4dd04092-483f-4ccb-b984-76087fe6a92b,f244e006-c5f5-4374-91ed-f65e112a8923,1634557433286,13.4538971,52.4945447,5.7895403,-2.4927871,10.515205,-4.8363004,on bike mount,cyclo cross,False,mixed,mixed
1b0c7018-d57b-4aa8-96f8-1e5daa18fc97,4dd04092-483f-4ccb-b984-76087fe6a92b,fbd568ae-3b75-4143-9cae-b3a26ac39774,1634557433351,13.4538971,52.4945447,5.7895403,1.2097216,-3.170011,0.79936504,on bike mount,cyclo cross,False,mixed,mixed
1b0c7018-d57b-4aa8-96f8-1e5daa18fc97,4dd04092-483f-4ccb-b984-76087fe6a92b,b66d186f-2d0f-454e-911f-348950b46a2c,1634557433402,13.4538971,52.4945447,5.7895403,0.8909775,10.489232,-15.280276,on bike mount,cyclo cross,False,mixed,mixed
1b0c7018-d57b-4aa8-96f8-1e5daa18fc97,4dd04092-483f-4ccb-b984-76087fe6a92b,e59adc43-265b-4953-8a30-73fe2269b2ff,1634557433469,13.4538971,52.4945447,5.7895403,-1.6030412,-25.909077,1.5258207,on bike mount,cyclo cross,False,mixed,mixed
1b0c7018-d57b-4aa8-96f8-1e5daa18fc97,4dd04092-483f-4ccb-b984-76087fe6a92b,c7c99a4a-ac72-4a08-b55f-c02ee214cdd0,1634557433519,13.4538971,52.4945447,5.7895403,-2.3894048,6.123566,-6.4769115,on bike mount,cyclo cross,False,mixed,mixed
1b0c7018-d57b-4aa8-96f8-1e5daa18fc97,4dd04092-483f-4ccb-b984-76087fe6a92b,791c37c9-8eda-4805-87d7-a147552aa6ec,1634557433571,13.4538971,52.4945447,5.7895403,1.1712031,14.737753,-17.409857,on bike mount,cyclo cross,False,mixed,mixed
1b0c7018-d57b-4aa8-96f8-1e5daa18fc97,4dd04092-483f-4ccb-b984-76087fe6a92b,f022b24d-3fe9-40a6-9e56-2fef27805c47,1634557433636,13.4538971,52.4945447,5.7895403,-3.3819118,-26.58477,1.6383057,on bike mount,cyclo cross,False,mixed,mixed
1b0c7018-d57b-4aa8-96f8-1e5daa18fc97,4dd04092-483f-4ccb-b984-76087fe6a92b,f7780910-31ad-4ad7-b3d5-8ae2db435630,1634557433686,13.4538971,52.4945447,5.7895403,1.0879068,7.1372604,0.519649,on bike mount,cyclo cross,False,mixed,mixed
1b0c7018-d57b-4aa8-96f8-1e5daa18fc97,4dd04092-483f-4ccb-b984-76087fe6a92b,40e84523-ed80-46b5-acee-a98f89fdffe1,1634557433751,13.4538971,52.4945447,5.7895403,-1.0195203,0.16800404,2.780775,on bike mount,cyclo cross,False,mixed,mixed
1b0c7018-d57b-4aa8-96f8-1e5daa18fc97,4dd04092-483f-4ccb-b984-76087fe6a92b,500efcf6-75f3-4cda-8c82-4c2a634bf731,1634557433802,13.4538971,52.4945447,5.7895403,1.3137498,1.7726636,3.003089,on bike mount,cyclo cross,False,mixed,mixed
1b0c7018-d57b-4aa8-96f8-1e5daa18fc97,4dd04092-483f-4ccb-b984-76087fe6a92b,98b12732-6272-44e7-aa25-ed1ad65fce50,1634557433853,13.4538971,52.4945447,5.7895403,-1.2617865,-1.7348368,-0.978003,on bike mount,cyclo cross,False,mixed,mixed
1b0c7018-d57b-4aa8-96f8-1e5daa18fc97,4dd04092-483f-4ccb-b984-76087fe6a92b,a25b357e-bcf8-4f8e-94e7-4f2eaafb0d71,1634557433919,13.4538971,52.4945447,5.7895403,-0.33185008,-5.178315,2.3301039,on bike mount,cyclo cross,False,mixed,mixed
1b0c7018-d57b-4aa8-96f8-1e5daa18fc97,4dd04092-483f-4ccb-b984-76087fe6a92b,be54fd6c-d4a4-4977-8995-5a8a7a111460,1634557433970,13.4538094,52.4945724,5.8098903,1.7632434,7.121662,-13.048531,on bike mount,cyclo cross,False,mixed,mixed
1b0c7018-d57b-4aa8-96f8-1e5daa18fc97,4dd04092-483f-4ccb-b984-76087fe6a92b,f1e0af97-d31b-4e8c-a2d6-66d2b2d9d664,1634557434018,13.4538094,52.4945724,5.8098903,-0.1726864,-19.971579,35.3382,on bike mount,cyclo cross,False,mixed,mixed
1b0c7018-d57b-4aa8-96f8-1e5daa18fc97,4dd04092-483f-4ccb-b984-76087fe6a92b,7b93a48d-2045-4b2b-a528-a045148bf5c0,1634557434069,13.4538094,52.4945724,5.8098903,1.392987,-0.36360574,2.8652153,on bike mount,cyclo cross,False,mixed,mixed
1b0c7018-d57b-4aa8-96f8-1e5daa18fc97,4dd04092-483f-4ccb-b984-76087fe6a92b,9267fa9c-d691-4377-8a6b-f60beb3d117b,1634557434120,13.4538094,52.4945724,5.8098903,-0.1322301,4.511697,-2.671431,on bike mount,cyclo cross,False,mixed,mixed
1b0c7018-d57b-4aa8-96f8-1e5daa18fc97,4dd04092-483f-4ccb-b984-76087fe6a92b,e3edd594-c825-4e07-9fed-cdba1881532e,1634557434186,13.4538094,52.4945724,5.8098903,0.74189377,11.985222,10.920074,on bike mount,cyclo cross,False,mixed,mixed
1b0c7018-d57b-4aa8-96f8-1e5daa18fc97,4dd04092-483f-4ccb-b984-76087fe6a92b,8ae5c971-71d6-4f94-b638-2d80fd33ca94,1634557434238,13.4538094,52.4945724,5.8098903,-0.8926827,-3.2032714,9.0688925,on bike mount,cyclo cross,False,mixed,mixed
1b0c7018-d57b-4aa8-96f8-1e5daa18fc97,4dd04092-483f-4ccb-b984-76087fe6a92b,e3dcbc3e-a1da-4f9a-89a4-6dd5df84f89e,1634557434305,13.4538094,52.4945724,5.8098903,2.6648912,-0.25666475,-3.1496344,on bike mount,cyclo cross,False,mixed,mixed
1b0c7018-d57b-4aa8-96f8-1e5daa18fc97,4dd04092-483f-4ccb-b984-76087fe6a92b,df42c747-e941-4fd4-bbe1-84bde49bba92,1634557434371,13.4538094,52.4945724,5.8098903,-5.9147816,11.091931,-11.128491,on bike mount,cyclo cross,False,mixed,mixed
1b0c7018-d57b-4aa8-96f8-1e5daa18fc97,4dd04092-483f-4ccb-b984-76087fe6a92b,114c394d-7c09-4d94-b1db-b6b7c9d40365,1634557434438,13.4538094,52.4945724,5.8098903,1.3852558,0.1483078,-7.6200924,on bike mount,cyclo cross,False,mixed,mixed
1b0c7018-d57b-4aa8-96f8-1e5daa18fc97,4dd04092-483f-4ccb-b984-76087fe6a92b,169cbe8a-2375-48a4-9194-40b2ab3d0032,1634557434505,13.4538094,52.4945724,5.8098903,1.291753,-3.5053377,-4.3654404,on bike mount,cyclo cross,False,mixed,mixed
1b0c7018-d57b-4aa8-96f8-1e5daa18fc97,4dd04092-483f-4ccb-b984-76087fe6a92b,348a6148-294a-4e15-bac7-8fc2418c6d95,1634557434571,13.4538094,52.4945724,5.8098903,0.9833358,2.158544,-8.13745,on bike mount,cyclo cross,False,mixed,mixed
1b0c7018-d57b-4aa8-96f8-1e5daa18fc97,4dd04092-483f-4ccb-b984-76087fe6a92b,34afa3e6-76b3-44b3-8261-7df1b04da414,1634557434623,13.4538094,52.4945724,5.8098903,0.61030257,1.3764186,1.626893,on bike mount,cyclo cross,False,mixed,mixed
1b0c7018-d57b-4aa8-96f8-1e5daa18fc97,4dd04092-483f-4ccb-b984-76087fe6a92b,1d8db931-8bec-4ff4-9141-928885814e8a,1634557434688,13.4538094,52.4945724,5.8098903,0.81468064,-3.7410975,-1.3570571,on bike mount,cyclo cross,False,mixed,mixed
1b0c7018-d57b-4aa8-96f8-1e5daa18fc97,4dd04092-483f-4ccb-b984-76087fe6a92b,8ccd5d2c-5284-487f-8038-6385c42ef268,1634557434754,13.4538094,52.4945724,5.8098903,0.19278175,3.6532598,-1.7836924,on bike mount,cyclo cross,False,mixed,mixed
1b0c7018-d57b-4aa8-96f8-1e5daa18fc97,4dd04092-483f-4ccb-b984-76087fe6a92b,91f78811-8dff-4d47-a5f8-09ab194d0ebe,1634557434805,13.4538094,52.4945724,5.8098903,-4.3516064,2.971016,4.492361,on bike mount,cyclo cross,False,mixed,mixed
1b0c7018-d57b-4aa8-96f8-1e5daa18fc97,4dd04092-483f-4ccb-b984-76087fe6a92b,63c85037-b4a1-4ac9-bb65-32c85639bb66,1634557434855,13.4538094,52.4945724,5.8098903,-1.1834774,7.375633,-6.442746,on bike mount,cyclo cross,False,mixed,mixed
1b0c7018-d57b-4aa8-96f8-1e5daa18fc97,4dd04092-483f-4ccb-b984-76087fe6a92b,2ad52f80-97a5-4f08-961a-0449acbb032f,1634557434905,13.4538094,52.4945724,5.8098903,1.0949596,6.282941,-4.2231274,on bike mount,cyclo cross,False,mixed,mixed
1b0c7018-d57b-4aa8-96f8-1e5daa18fc97,4dd04092-483f-4ccb-b984-76087fe6a92b,708f30ff-510d-4857-8a8d-034cb6a41cc8,1634557434961,13.4538094,52.4945724,5.8098903,0.37723714,5.722911,-1.4543266,on bike mount,cyclo cross,False,mixed,mixed
1b0c7018-d57b-4aa8-96f8-1e5daa18fc97,4dd04092-483f-4ccb-b984-76087fe6a92b,2a279f27-f349-442e-b590-42eb51d734bf,1634557435021,13.453721,52.4945985,5.8413396,0.37832755,0.028382063,1.3363628,on bike mount,cyclo cross,False,mixed,mixed
1b0c7018-d57b-4aa8-96f8-1e5daa18fc97,4dd04092-483f-4ccb-b984-76087fe6a92b,faa3b4ad-9504-4796-afd8-87b76f3c502c,1634557435072,13.453721,52.4945985,5.8413396,-1.2584816,8.00721,2.5442314,on bike mount,cyclo cross,False,mixed,mixed
1b0c7018-d57b-4aa8-96f8-1e5daa18fc97,4dd04092-483f-4ccb-b984-76087fe6a92b,f3dfed10-e11c-47ad-bca6-7e7aef3c211d,1634557435123,13.453721,52.4945985,5.8413396,0.4338142,-7.0759296,1.1608105,on bike mount,cyclo cross,False,mixed,mixed
1b0c7018-d57b-4aa8-96f8-1e5daa18fc97,4dd04092-483f-4ccb-b984-76087fe6a92b,d7806777-5a3e-4d72-ad65-bfec197c61e4,1634557435188,13.453721,52.4945985,5.8413396,-4.631181,8.9997,-0.32564068,on bike mount,cyclo cross,False,mixed,mixed
1b0c7018-d57b-4aa8-96f8-1e5daa18fc97,4dd04092-483f-4ccb-b984-76087fe6a92b,86676b0e-da4c-478c-b3c5-140d7cdd3e46,1634557435238,13.453721,52.4945985,5.8413396,3.9327207,2.9875956,1.3549623,on bike mount,cyclo cross,False,mixed,mixed
1b0c7018-d57b-4aa8-96f8-1e5daa18fc97,4dd04092-483f-4ccb-b984-76087fe6a92b,2eebb768-1f96-4e38-8006-78be2fdb9c4d,1634557435290,13.453721,52.4945985,5.8413396,3.6876073,-0.7813562,5.270399,on bike mount,cyclo cross,False,mixed,mixed
1b0c7018-d57b-4aa8-96f8-1e5daa18fc97,4dd04092-483f-4ccb-b984-76087fe6a92b,8373586c-2774-4ff6-9853-b41182ad4a64,1634557435356,13.453721,52.4945985,5.8413396,-1.5205652,4.3306913,-1.6742401,on bike mount,cyclo cross,False,mixed,mixed
1b0c7018-d57b-4aa8-96f8-1e5daa18fc97,4dd04092-483f-4ccb-b984-76087fe6a92b,c8bae189-8c59-4be2-b8be-895897dea935,1634557435407,13.453721,52.4945985,5.8413396,0.32012892,-2.3558774,0.5399351,on bike mount,cyclo cross,False,mixed,mixed
1b0c7018-d57b-4aa8-96f8-1e5daa18fc97,4dd04092-483f-4ccb-b984-76087fe6a92b,e223c5d5-4641-4d97-b674-f701625eea32,1634557435458,13.453721,52.4945985,5.8413396,-2.3917708,-4.243592,1.3323431,on bike mount,cyclo cross,False,mixed,mixed
1b0c7018-d57b-4aa8-96f8-1e5daa18fc97,4dd04092-483f-4ccb-b984-76087fe6a92b,5ff430f6-c6df-454c-ad1d-37db2ef62ed0,1634557435523,13.453721,52.4945985,5.8413396,-2.544179,-1.0653162,2.4454594,on bike mount,cyclo cross,False,mixed,mixed
1b0c7018-d57b-4aa8-96f8-1e5daa18fc97,4dd04092-483f-4ccb-b984-76087fe6a92b,706040b5-5a15-4066-a279-2a97b8dbb704,1634557435573,13.453721,52.4945985,5.8413396,0.60557777,-2.5563202,-8.886442,on bike mount,cyclo cross,False,mixed,mixed
1b0c7018-d57b-4aa8-96f8-1e5daa18fc97,4dd04092-483f-4ccb-b984-76087fe6a92b,9c7206b8-bf04-4027-9243-bd7872c49d37,1634557435624,13.453721,52.4945985,5.8413396,1.7225183,3.4538984,4.5994625,on bike mount,cyclo cross,False,mixed,mixed
1b0c7018-d57b-4aa8-96f8-1e5daa18fc97,4dd04092-483f-4ccb-b984-76087fe6a92b,910d1acf-75a5-4d41-95c0-cb3e0e956ebc,1634557435675,13.453721,52.4945985,5.8413396,-0.6509945,-1.7152338,2.4723644,on bike mount,cyclo cross,False,mixed,mixed
1b0c7018-d57b-4aa8-96f8-1e5daa18fc97,4dd04092-483f-4ccb-b984-76087fe6a92b,52e3dd42-0c35-47de-82ad-3db6eb957fcf,1634557435725,13.453721,52.4945985,5.8413396,-2.5497954,0.71499276,-0.020864487,on bike mount,cyclo cross,False,mixed,mixed
1b0c7018-d57b-4aa8-96f8-1e5daa18fc97,4dd04092-483f-4ccb-b984-76087fe6a92b,679a0a24-4793-4451-baf8-949065c61a85,1634557435790,13.453721,52.4945985,5.8413396,0.075042486,-4.544076,3.6717863,on bike mount,cyclo cross,False,mixed,mixed
1b0c7018-d57b-4aa8-96f8-1e5daa18fc97,4dd04092-483f-4ccb-b984-76087fe6a92b,3d8c3974-8a07-40cf-861c-0bd467234668,1634557435840,13.453721,52.4945985,5.8413396,0.9606509,-9.286285,5.6336384,on bike mount,cyclo cross,False,mixed,mixed
1b0c7018-d57b-4aa8-96f8-1e5daa18fc97,4dd04092-483f-4ccb-b984-76087fe6a92b,357a54f6-7b91-4475-bc68-a4a241b9b44b,1634557435892,13.453721,52.4945985,5.8413396,-1.0308644,0.21544433,-6.7394457,on bike mount,cyclo cross,False,mixed,mixed
1b0c7018-d57b-4aa8-96f8-1e5daa18fc97,4dd04092-483f-4ccb-b984-76087fe6a92b,ac038adb-3dba-434a-ab9b-3c5d4cacde02,1634557435942,13.453721,52.4945985,5.8413396,1.264443,4.2955995,3.0634756,on bike mount,cyclo cross,False,mixed,mixed
1b0c7018-d57b-4aa8-96f8-1e5daa18fc97,4dd04092-483f-4ccb-b984-76087fe6a92b,d4d6f55b-715b-42d3-9c07-e4b0e7ea7645,1634557435991,13.4536443,52.494621,5.847652,-0.6648842,-3.5694678,5.053933,on bike mount,cyclo cross,False,mixed,mixed
1b0c7018-d57b-4aa8-96f8-1e5daa18fc97,4dd04092-483f-4ccb-b984-76087fe6a92b,7a1ef797-fe88-4261-b5ca-22f112962274,1634557436041,13.4536443,52.494621,5.847652,-0.22293526,-5.7509184,0.27187824,on bike mount,cyclo cross,False,mixed,mixed
1b0c7018-d57b-4aa8-96f8-1e5daa18fc97,4dd04092-483f-4ccb-b984-76087fe6a92b,936c844e-efad-40bd-8555-02ac0b7e7a2c,1634557436090,13.4536443,52.494621,5.847652,0.11054358,-4.4199433,-3.8955207,on bike mount,cyclo cross,False,mixed,mixed
1b0c7018-d57b-4aa8-96f8-1e5daa18fc97,4dd04092-483f-4ccb-b984-76087fe6a92b,784db449-6522-48dc-a549-f6008daaac6a,1634557436140,13.4536443,52.494621,5.847652,-1.216416,0.42497873,5.926936,on bike mount,cyclo cross,False,mixed,mixed
1b0c7018-d57b-4aa8-96f8-1e5daa18fc97,4dd04092-483f-4ccb-b984-76087fe6a92b,47136b3e-16e2-4603-aa8e-4af5e479dfaa,1634557436190,13.4536443,52.494621,5.847652,1.663703,-4.1272974,-12.949471,on bike mount,cyclo cross,False,mixed,mixed
1b0c7018-d57b-4aa8-96f8-1e5daa18fc97,4dd04092-483f-4ccb-b984-76087fe6a92b,a0cfd8bc-84a2-4bbc-9516-d805ac293ac3,1634557436240,13.4536443,52.494621,5.847652,-0.7074698,1.2393885,2.7014933,on bike mount,cyclo cross,False,mixed,mixed
1b0c7018-d57b-4aa8-96f8-1e5daa18fc97,4dd04092-483f-4ccb-b984-76087fe6a92b,d1e896aa-f767-4209-b8c9-5cc010df1daf,1634557436292,13.4536443,52.494621,5.847652,-1.0658576,-5.096348,6.326192,on bike mount,cyclo cross,False,mixed,mixed
1b0c7018-d57b-4aa8-96f8-1e5daa18fc97,4dd04092-483f-4ccb-b984-76087fe6a92b,14a51c7c-eacf-4fd4-af65-00834da42df8,1634557436341,13.4536443,52.494621,5.847652,4.2374973,-9.613089,-0.053465843,on bike mount,cyclo cross,False,mixed,mixed
1b0c7018-d57b-4aa8-96f8-1e5daa18fc97,4dd04092-483f-4ccb-b984-76087fe6a92b,c661cbea-dca4-4fd5-a111-e020c5e2452d,1634557436392,13.4536443,52.494621,5.847652,-4.6239653,15.872517,-1.2090054,on bike mount,cyclo cross,False,mixed,mixed
1b0c7018-d57b-4aa8-96f8-1e5daa18fc97,4dd04092-483f-4ccb-b984-76087fe6a92b,54f939b5-94b2-47a2-b884-56709e3b846d,1634557436442,13.4536443,52.494621,5.847652,-2.180862,-16.620287,5.4793377,on bike mount,cyclo cross,False,mixed,mixed
1b0c7018-d57b-4aa8-96f8-1e5daa18fc97,4dd04092-483f-4ccb-b984-76087fe6a92b,d831a40a-c96e-4867-89ca-633bc239ad91,1634557436491,13.4536443,52.494621,5.847652,-1.6822282,2.75036,7.136649,on bike mount,cyclo cross,False,mixed,mixed
1b0c7018-d57b-4aa8-96f8-1e5daa18fc97,4dd04092-483f-4ccb-b984-76087fe6a92b,e0b9a70c-bf1d-4bad-98ce-2973cb67e4ad,1634557436542,13.4536443,52.494621,5.847652,0.77324414,0.4190998,-7.7427917,on bike mount,cyclo cross,False,mixed,mixed
1b0c7018-d57b-4aa8-96f8-1e5daa18fc97,4dd04092-483f-4ccb-b984-76087fe6a92b,0e642982-6f5a-4dd2-a62e-2d0e1400b6e4,1634557436608,13.4536443,52.494621,5.847652,-1.0022472,-6.0044103,-2.8258905,on bike mount,cyclo cross,False,mixed,mixed
1b0c7018-d57b-4aa8-96f8-1e5daa18fc97,4dd04092-483f-4ccb-b984-76087fe6a92b,7f0396c8-53c2-43eb-b0ac-4d599e7ad20a,1634557436660,13.4536443,52.494621,5.847652,-2.6480846,1.3024526,-9.617001,on bike mount,cyclo cross,False,mixed,mixed
1b0c7018-d57b-4aa8-96f8-1e5daa18fc97,4dd04092-483f-4ccb-b984-76087fe6a92b,3377b0b0-5580-445f-93b0-6961faeb66d5,1634557436725,13.4536443,52.494621,5.847652,1.5774983,-11.089258,-0.47528172,on bike mount,cyclo cross,False,mixed,mixed
1b0c7018-d57b-4aa8-96f8-1e5daa18fc97,4dd04092-483f-4ccb-b984-76087fe6a92b,6eae0668-e028-440f-a68b-0b63b4645b09,1634557436775,13.4536443,52.494621,5.847652,3.030918,-11.942913,-0.9323454,on bike mount,cyclo cross,False,mixed,mixed
1b0c7018-d57b-4aa8-96f8-1e5daa18fc97,4dd04092-483f-4ccb-b984-76087fe6a92b,84de1244-1306-4233-9297-016cadcc978c,1634557436825,13.4536443,52.494621,5.847652,-3.2925043,-0.6000371,4.0181675,on bike mount,cyclo cross,False,mixed,mixed
