bike_activity_uid,bike_activity_sample_uid,bike_activity_measurement,bike_activity_measurement_timestamp,bike_activity_measurement_lon,bike_activity_measurement_lat,bike_activity_measurement_speed,bike_activity_measurement_accelerometer_x,bike_activity_measurement_accelerometer_y,bike_activity_measurement_accelerometer_z,bike_activity_phone_position,bike_activity_bike_type,bike_activity_flagged_lab_conditions,bike_activity_surface_type,bike_activity_smoothness_type
435ed585-a5af-4478-b250-df7187c001e1,4a5a7793-68db-4bbd-a651-ec513fb90b60,36702e45-8379-4144-bbae-ae3b4b96e9b2,1633254354641,14.4908521,52.1713259,8.39966,1.406945,-1.7143433,1.8534727,on bike mount,cyclo cross,True,asphalt,excellent
435ed585-a5af-4478-b250-df7187c001e1,4a5a7793-68db-4bbd-a651-ec513fb90b60,fadc6a81-7286-4192-a26d-4a8fae6111f5,1633254354707,14.4908521,52.1713259,8.39966,-0.5544064,-1.1843542,1.3216982,on bike mount,cyclo cross,True,asphalt,excellent
435ed585-a5af-4478-b250-df7187c001e1,4a5a7793-68db-4bbd-a651-ec513fb90b60,5adfe2bf-3ed2-4d35-91b3-0cdca39567cf,1633254354758,14.4908521,52.1713259,8.39966,0.10145831,1.8860335,4.180114,on bike mount,cyclo cross,True,asphalt,excellent
435ed585-a5af-4478-b250-df7187c001e1,4a5a7793-68db-4bbd-a651-ec513fb90b60,1b13229f-c41c-4140-936e-791aa3231b37,1633254354808,14.4908521,52.1713259,8.39966,0.5257116,-2.9440436,-2.6755729,on bike mount,cyclo cross,True,asphalt,excellent
435ed585-a5af-4478-b250-df7187c001e1,4a5a7793-68db-4bbd-a651-ec513fb90b60,92cb8fd7-01c0-4640-ab5e-15a9ab2519a3,1633254354878,14.4908521,52.1713259,8.39966,-0.3441305,-1.9649546,4.5312138,on bike mount,cyclo cross,True,asphalt,excellent
435ed585-a5af-4478-b250-df7187c001e1,4a5a7793-68db-4bbd-a651-ec513fb90b60,3005ee88-2286-43df-ab0f-616c01ec40a1,1633254354942,14.4908521,52.1713259,8.39966,-0.80235773,-0.63085485,-0.13864994,on bike mount,cyclo cross,True,asphalt,excellent
435ed585-a5af-4478-b250-df7187c001e1,4a5a7793-68db-4bbd-a651-ec513fb90b60,45a26f2c-66ae-4b88-b042-2de45aaf2c93,1633254354996,14.4908521,52.1713259,8.39966,1.3638747,-2.4233084,-3.6300669,on bike mount,cyclo cross,True,asphalt,excellent
435ed585-a5af-4478-b250-df7187c001e1,4a5a7793-68db-4bbd-a651-ec513fb90b60,6ac0c240-0bc0-42cb-ab11-93b79a98f491,1633254355058,14.4908521,52.1713259,8.39966,0.34480673,0.8933997,-2.8800144,on bike mount,cyclo cross,True,asphalt,excellent
435ed585-a5af-4478-b250-df7187c001e1,4a5a7793-68db-4bbd-a651-ec513fb90b60,9cdc68e1-ffa0-4871-92d1-9ebb12d598ed,1633254355108,14.4907763,52.1713886,8.304428,1.0094141,-4.444131,-2.9961276,on bike mount,cyclo cross,True,asphalt,excellent
435ed585-a5af-4478-b250-df7187c001e1,4a5a7793-68db-4bbd-a651-ec513fb90b60,d260576c-8bd3-4b4b-a8ed-226008dcd78a,1633254355158,14.4907763,52.1713886,8.304428,0.2981962,-0.51528335,-4.0821133,on bike mount,cyclo cross,True,asphalt,excellent
435ed585-a5af-4478-b250-df7187c001e1,4a5a7793-68db-4bbd-a651-ec513fb90b60,5e1b1e46-14a8-429b-9bde-863adc64d31d,1633254355208,14.4907763,52.1713886,8.304428,-1.331745,-5.8658524,2.1973677,on bike mount,cyclo cross,True,asphalt,excellent
435ed585-a5af-4478-b250-df7187c001e1,4a5a7793-68db-4bbd-a651-ec513fb90b60,f1faa7b9-da86-421d-a370-bad1280bb000,1633254355258,14.4907763,52.1713886,8.304428,-0.022721648,-1.5904233,1.9158087,on bike mount,cyclo cross,True,asphalt,excellent
435ed585-a5af-4478-b250-df7187c001e1,4a5a7793-68db-4bbd-a651-ec513fb90b60,8f84f24b-3c8a-4275-b3f5-0f419590a549,1633254355308,14.4907763,52.1713886,8.304428,0.5484247,0.3477695,8.150083,on bike mount,cyclo cross,True,asphalt,excellent
435ed585-a5af-4478-b250-df7187c001e1,4a5a7793-68db-4bbd-a651-ec513fb90b60,3c8e2a74-6dd8-4d70-a4c9-dfc500b9228c,1633254355358,14.4907763,52.1713886,8.304428,0.3320451,-2.2378228,1.5039959,on bike mount,cyclo cross,True,asphalt,excellent
435ed585-a5af-4478-b250-df7187c001e1,4a5a7793-68db-4bbd-a651-ec513fb90b60,919cfc31-cc07-4d79-bac6-fff0b923b71c,1633254355408,14.4907763,52.1713886,8.304428,1.1566472,0.6924646,-0.38025665,on bike mount,cyclo cross,True,asphalt,excellent
435ed585-a5af-4478-b250-df7187c001e1,4a5a7793-68db-4bbd-a651-ec513fb90b60,3e9b7b24-aa96-4d77-8ce9-525a88fcb57b,1633254355458,14.4907763,52.1713886,8.304428,-2.7086904,-2.4438035,-3.2280207,on bike mount,cyclo cross,True,asphalt,excellent
435ed585-a5af-4478-b250-df7187c001e1,4a5a7793-68db-4bbd-a651-ec513fb90b60,f912c69f-40b8-4b0c-bd40-3346ef87899e,1633254355510,14.4907763,52.1713886,8.304428,0.7047988,-0.3968141,-0.056904793,on bike mount,cyclo cross,True,asphalt,excellent
435ed585-a5af-4478-b250-df7187c001e1,4a5a7793-68db-4bbd-a651-ec513fb90b60,67303558-7ed2-43c3-8140-1374e44974b9,1633254355560,14.4907763,52.1713886,8.304428,0.7237338,-0.1466763,2.971179,on bike mount,cyclo cross,True,asphalt,excellent
435ed585-a5af-4478-b250-df7187c001e1,4a5a7793-68db-4bbd-a651-ec513fb90b60,05adbb71-c639-48a7-a2db-c96e86802b86,1633254355609,14.4907763,52.1713886,8.304428,-0.045464262,-0.40492082,-2.9535246,on bike mount,cyclo cross,True,asphalt,excellent
435ed585-a5af-4478-b250-df7187c001e1,4a5a7793-68db-4bbd-a651-ec513fb90b60,9d1f3082-d2a5-4df5-9547-676e3af1358f,1633254355659,14.4907763,52.1713886,8.304428,-1.410817,-1.4876933,-2.352706,on bike mount,cyclo cross,True,asphalt,excellent
435ed585-a5af-4478-b250-df7187c001e1,4a5a7793-68db-4bbd-a651-ec513fb90b60,d53c8e59-4511-48af-8b8a-0e62a7e6bfd3,1633254355710,14.4907763,52.1713886,8.304428,-1.057521,-3.3415217,3.3229208,on bike mount,cyclo cross,True,asphalt,excellent
435ed585-a5af-4478-b250-df7187c001e1,4a5a7793-68db-4bbd-a651-ec513fb90b60,68ff62a9-0dd7-4f05-850a-f3e44fb942fb,1633254355760,14.4907763,52.1713886,8.304428,2.3557725,-4.752238,4.543006,on bike mount,cyclo cross,True,asphalt,excellent
435ed585-a5af-4478-b250-df7187c001e1,4a5a7793-68db-4bbd-a651-ec513fb90b60,20df6dde-2eca-473f-b3d0-dd569ad5b6ed,1633254355810,14.4907763,52.1713886,8.304428,-1.0502505,0.6614771,0.91865826,on bike mount,cyclo cross,True,asphalt,excellent
435ed585-a5af-4478-b250-df7187c001e1,4a5a7793-68db-4bbd-a651-ec513fb90b60,c5728f08-734a-4d8b-845e-b054ccd4e2d3,1633254355878,14.4907763,52.1713886,8.304428,-0.12912592,-2.8980756,-1.3249903,on bike mount,cyclo cross,True,asphalt,excellent
435ed585-a5af-4478-b250-df7187c001e1,4a5a7793-68db-4bbd-a651-ec513fb90b60,fa9f6232-de87-47b6-bcc5-5b7acf5ea8c4,1633254355943,14.4907763,52.1713886,8.304428,-0.021524169,-1.2869551,1.3416147,on bike mount,cyclo cross,True,asphalt,excellent
435ed585-a5af-4478-b250-df7187c001e1,4a5a7793-68db-4bbd-a651-ec513fb90b60,c19e40c8-4b6f-4ec7-8b0d-329ac83667ac,1633254355994,14.4907763,52.1713886,8.304428,0.16365367,-0.6200843,0.36684704,on bike mount,cyclo cross,True,asphalt,excellent
435ed585-a5af-4478-b250-df7187c001e1,4a5a7793-68db-4bbd-a651-ec513fb90b60,45a24377-e91c-400d-99e9-4e0d5587484b,1633254356062,14.4907763,52.1713886,8.304428,-1.0494176,-0.9854586,-1.1394005,on bike mount,cyclo cross,True,asphalt,excellent
435ed585-a5af-4478-b250-df7187c001e1,4a5a7793-68db-4bbd-a651-ec513fb90b60,c54e24b6-a2d6-474b-8845-65950e30f0d0,1633254356126,14.4907093,52.1714547,8.166883,-0.11006877,-1.225474,-0.7169905,on bike mount,cyclo cross,True,asphalt,excellent
435ed585-a5af-4478-b250-df7187c001e1,4a5a7793-68db-4bbd-a651-ec513fb90b60,a1b5fe7f-4e57-48e7-827b-9961b5ac93bb,1633254356178,14.4907093,52.1714547,8.166883,-0.33834124,1.9773235,0.33289814,on bike mount,cyclo cross,True,asphalt,excellent
435ed585-a5af-4478-b250-df7187c001e1,4a5a7793-68db-4bbd-a651-ec513fb90b60,c138831d-9fc7-420b-b271-9a5e7d25534a,1633254356228,14.4907093,52.1714547,8.166883,-0.45325595,2.0135925,-7.474584,on bike mount,cyclo cross,True,asphalt,excellent
435ed585-a5af-4478-b250-df7187c001e1,4a5a7793-68db-4bbd-a651-ec513fb90b60,91743918-3d7d-44c0-ad38-fb400ea7166f,1633254356278,14.4907093,52.1714547,8.166883,-5.2960153,9.207146,-14.712059,on bike mount,cyclo cross,True,asphalt,excellent
435ed585-a5af-4478-b250-df7187c001e1,4a5a7793-68db-4bbd-a651-ec513fb90b60,5d8028ed-7deb-416f-8d91-57ea4af36427,1633254356343,14.4907093,52.1714547,8.166883,0.50613356,-1.6628807,-4.509927,on bike mount,cyclo cross,True,asphalt,excellent
435ed585-a5af-4478-b250-df7187c001e1,4a5a7793-68db-4bbd-a651-ec513fb90b60,527eb12d-07e6-4bbc-a056-584542ebd3e9,1633254356394,14.4907093,52.1714547,8.166883,0.0027458966,-2.4947743,0.23833942,on bike mount,cyclo cross,True,asphalt,excellent
435ed585-a5af-4478-b250-df7187c001e1,4a5a7793-68db-4bbd-a651-ec513fb90b60,2e0f92af-e1b1-46d6-a3c5-a34ab3a621bf,1633254356444,14.4907093,52.1714547,8.166883,0.6761496,1.9493306,1.4270697,on bike mount,cyclo cross,True,asphalt,excellent
435ed585-a5af-4478-b250-df7187c001e1,4a5a7793-68db-4bbd-a651-ec513fb90b60,79c9d87f-6353-4e17-8013-1b6c1bb01b4c,1633254356494,14.4907093,52.1714547,8.166883,-1.6407937,-1.1337295,-0.018354416,on bike mount,cyclo cross,True,asphalt,excellent
435ed585-a5af-4478-b250-df7187c001e1,4a5a7793-68db-4bbd-a651-ec513fb90b60,5b3b8cfb-2d11-486c-ab4d-657b349fc176,1633254356545,14.4907093,52.1714547,8.166883,0.27232313,-3.1438143,3.4623995,on bike mount,cyclo cross,True,asphalt,excellent
435ed585-a5af-4478-b250-df7187c001e1,4a5a7793-68db-4bbd-a651-ec513fb90b60,d0aa9668-9dc6-417c-9568-59cfa0d78dda,1633254356610,14.4907093,52.1714547,8.166883,-1.1743894,-2.0481389,-5.0518823,on bike mount,cyclo cross,True,asphalt,excellent
435ed585-a5af-4478-b250-df7187c001e1,4a5a7793-68db-4bbd-a651-ec513fb90b60,6e1873f7-a02c-48b4-8784-0218b7f96417,1633254356661,14.4907093,52.1714547,8.166883,-0.7453291,-3.16896,9.720106,on bike mount,cyclo cross,True,asphalt,excellent
435ed585-a5af-4478-b250-df7187c001e1,4a5a7793-68db-4bbd-a651-ec513fb90b60,272104c8-3a2e-4bfa-ad7a-a528583ba323,1633254356713,14.4907093,52.1714547,8.166883,2.4169407,-0.31306815,2.4080582,on bike mount,cyclo cross,True,asphalt,excellent
435ed585-a5af-4478-b250-df7187c001e1,4a5a7793-68db-4bbd-a651-ec513fb90b60,e7e1a5c7-b27b-467a-ad3c-cee58818cb75,1633254356777,14.4907093,52.1714547,8.166883,1.9713054,-1.236416,5.0786886,on bike mount,cyclo cross,True,asphalt,excellent
435ed585-a5af-4478-b250-df7187c001e1,4a5a7793-68db-4bbd-a651-ec513fb90b60,574e0f89-6d24-4efd-97bc-2fafc90d177b,1633254356827,14.4907093,52.1714547,8.166883,-3.8230846,2.6829886,-1.3291912,on bike mount,cyclo cross,True,asphalt,excellent
435ed585-a5af-4478-b250-df7187c001e1,4a5a7793-68db-4bbd-a651-ec513fb90b60,2a9d30d2-883f-43b0-87a1-5f6ddca524f3,1633254356877,14.4907093,52.1714547,8.166883,-2.0204992,0.26440525,1.7678909,on bike mount,cyclo cross,True,asphalt,excellent
435ed585-a5af-4478-b250-df7187c001e1,4a5a7793-68db-4bbd-a651-ec513fb90b60,822549a3-fc24-471c-a0d2-ad45f2a4da13,1633254356928,14.4907093,52.1714547,8.166883,-0.1428984,2.2201374,-7.598271,on bike mount,cyclo cross,True,asphalt,excellent
435ed585-a5af-4478-b250-df7187c001e1,4a5a7793-68db-4bbd-a651-ec513fb90b60,55c37fc9-0a6e-46b4-b016-fa1c814b658b,1633254356977,14.4907093,52.1714547,8.166883,-1.5563917,-2.0183947,4.6905775,on bike mount,cyclo cross,True,asphalt,excellent
435ed585-a5af-4478-b250-df7187c001e1,4a5a7793-68db-4bbd-a651-ec513fb90b60,36751960-0bd9-44df-b3ac-7cc888147044,1633254357027,14.4907093,52.1714547,8.166883,0.5327155,-0.3760357,0.79053974,on bike mount,cyclo cross,True,asphalt,excellent
435ed585-a5af-4478-b250-df7187c001e1,4a5a7793-68db-4bbd-a651-ec513fb90b60,0791cd0b-0ba5-4ad5-a383-bb5fccab5f95,1633254357079,14.4907093,52.1714547,8.166883,-0.77534986,-2.1115706,9.413741,on bike mount,cyclo cross,True,asphalt,excellent
435ed585-a5af-4478-b250-df7187c001e1,4a5a7793-68db-4bbd-a651-ec513fb90b60,0be162ac-2dd0-40c6-abda-9ddbe9fd8b27,1633254357129,14.4906496,52.1715217,8.015418,0.7297565,-2.3636296,2.7370138,on bike mount,cyclo cross,True,asphalt,excellent
435ed585-a5af-4478-b250-df7187c001e1,4a5a7793-68db-4bbd-a651-ec513fb90b60,cb353f02-4e09-43c6-8d39-92221f1226de,1633254357181,14.4906496,52.1715217,8.015418,-1.5474803,0.65639377,-5.189432,on bike mount,cyclo cross,True,asphalt,excellent
435ed585-a5af-4478-b250-df7187c001e1,4a5a7793-68db-4bbd-a651-ec513fb90b60,7d1679fb-d0b7-45d7-87d5-509b5d14ffd6,1633254357230,14.4906496,52.1715217,8.015418,-1.5541248,1.4170427,-0.844717,on bike mount,cyclo cross,True,asphalt,excellent
435ed585-a5af-4478-b250-df7187c001e1,4a5a7793-68db-4bbd-a651-ec513fb90b60,3ed843d6-f653-4411-9236-28ec6c8702c2,1633254357295,14.4906496,52.1715217,8.015418,0.3856404,0.15822172,0.9320431,on bike mount,cyclo cross,True,asphalt,excellent
435ed585-a5af-4478-b250-df7187c001e1,4a5a7793-68db-4bbd-a651-ec513fb90b60,016ce00f-4093-4861-be17-d81813de3cf6,1633254357348,14.4906496,52.1715217,8.015418,1.2246728,1.370604,17.786066,on bike mount,cyclo cross,True,asphalt,excellent
435ed585-a5af-4478-b250-df7187c001e1,4a5a7793-68db-4bbd-a651-ec513fb90b60,54f5e9db-a698-49e2-b62f-97a112924872,1633254357412,14.4906496,52.1715217,8.015418,-2.1575627,-4.5890617,-1.3755579,on bike mount,cyclo cross,True,asphalt,excellent
435ed585-a5af-4478-b250-df7187c001e1,4a5a7793-68db-4bbd-a651-ec513fb90b60,44a93ef2-1e11-434f-a4ae-bda16f3a0542,1633254357463,14.4906496,52.1715217,8.015418,-1.0368838,-1.9182683,-0.5378361,on bike mount,cyclo cross,True,asphalt,excellent
435ed585-a5af-4478-b250-df7187c001e1,4a5a7793-68db-4bbd-a651-ec513fb90b60,55427aa2-ea5e-4327-bebb-f142ad66f31e,1633254357529,14.4906496,52.1715217,8.015418,-0.11402665,4.5912666,2.789878,on bike mount,cyclo cross,True,asphalt,excellent
435ed585-a5af-4478-b250-df7187c001e1,4a5a7793-68db-4bbd-a651-ec513fb90b60,87d769f1-1a72-4f13-9676-e9e1df523af4,1633254357579,14.4906496,52.1715217,8.015418,-3.4642713,1.3873036,-8.675774,on bike mount,cyclo cross,True,asphalt,excellent
435ed585-a5af-4478-b250-df7187c001e1,4a5a7793-68db-4bbd-a651-ec513fb90b60,c6018569-df8c-45b1-8f5f-74268cec39e8,1633254357630,14.4906496,52.1715217,8.015418,3.0977097,3.9105096,-12.730169,on bike mount,cyclo cross,True,asphalt,excellent
435ed585-a5af-4478-b250-df7187c001e1,4a5a7793-68db-4bbd-a651-ec513fb90b60,98ca8817-875d-4de6-8e85-050efb7906e8,1633254357680,14.4906496,52.1715217,8.015418,1.7377231,-0.21904945,2.9987288,on bike mount,cyclo cross,True,asphalt,excellent
435ed585-a5af-4478-b250-df7187c001e1,4a5a7793-68db-4bbd-a651-ec513fb90b60,f11b7888-747d-483d-a375-6d2ad8f60fee,1633254357747,14.4906496,52.1715217,8.015418,-0.3537735,-7.496032,2.595501,on bike mount,cyclo cross,True,asphalt,excellent
435ed585-a5af-4478-b250-df7187c001e1,4a5a7793-68db-4bbd-a651-ec513fb90b60,fc9d0d6f-0cfb-41a9-b22d-94bf0af45178,1633254357797,14.4906496,52.1715217,8.015418,-1.1155283,-1.3045838,0.53268814,on bike mount,cyclo cross,True,asphalt,excellent
435ed585-a5af-4478-b250-df7187c001e1,4a5a7793-68db-4bbd-a651-ec513fb90b60,ded7440b-7433-4683-aa58-ecc68b522f78,1633254357864,14.4906496,52.1715217,8.015418,-0.13954067,-1.0218424,-2.2423134,on bike mount,cyclo cross,True,asphalt,excellent
435ed585-a5af-4478-b250-df7187c001e1,4a5a7793-68db-4bbd-a651-ec513fb90b60,042a5ffd-2e6b-4d35-af50-a21760d0d152,1633254357917,14.4906496,52.1715217,8.015418,0.728725,-1.7084553,-1.5256667,on bike mount,cyclo cross,True,asphalt,excellent
435ed585-a5af-4478-b250-df7187c001e1,4a5a7793-68db-4bbd-a651-ec513fb90b60,6132714a-aee7-49d7-8bc0-a07f54c35edd,1633254357980,14.4906496,52.1715217,8.015418,2.0967283,2.2305498,-5.3859777,on bike mount,cyclo cross,True,asphalt,excellent
435ed585-a5af-4478-b250-df7187c001e1,4a5a7793-68db-4bbd-a651-ec513fb90b60,d2159271-34e5-4088-8246-5f3a73f6eff5,1633254358030,14.4906496,52.1715217,8.015418,14.17454,-4.925518,-1.1662703,on bike mount,cyclo cross,True,asphalt,excellent
435ed585-a5af-4478-b250-df7187c001e1,4a5a7793-68db-4bbd-a651-ec513fb90b60,9933a597-fedc-4c34-b5be-9afe2ef8fcb5,1633254358082,14.4906496,52.1715217,8.015418,1.2982073,3.2410107,-2.63167,on bike mount,cyclo cross,True,asphalt,excellent
435ed585-a5af-4478-b250-df7187c001e1,4a5a7793-68db-4bbd-a651-ec513fb90b60,9ce97a00-077a-45f7-8d27-efb2d9cd2b50,1633254358131,14.4905937,52.1715909,7.923308,1.8484198,1.0022945,0.7794485,on bike mount,cyclo cross,True,asphalt,excellent
435ed585-a5af-4478-b250-df7187c001e1,4a5a7793-68db-4bbd-a651-ec513fb90b60,a0a63b75-2392-4e79-a82e-3e45716e42bc,1633254358181,14.4905937,52.1715909,7.923308,-2.0413752,2.8328733,-2.2941728,on bike mount,cyclo cross,True,asphalt,excellent
435ed585-a5af-4478-b250-df7187c001e1,4a5a7793-68db-4bbd-a651-ec513fb90b60,8642cc5a-192e-4a68-9c24-9a14ca00c0c0,1633254358231,14.4905937,52.1715909,7.923308,1.2427099,0.112847805,-0.26427937,on bike mount,cyclo cross,True,asphalt,excellent
435ed585-a5af-4478-b250-df7187c001e1,4a5a7793-68db-4bbd-a651-ec513fb90b60,ae0a2be2-21c7-43c2-b704-ffdddbbbccef,1633254358282,14.4905937,52.1715909,7.923308,-0.6994419,1.7608924,3.4907284,on bike mount,cyclo cross,True,asphalt,excellent
435ed585-a5af-4478-b250-df7187c001e1,4a5a7793-68db-4bbd-a651-ec513fb90b60,262dbf59-e227-4ecf-a3fa-5dc6f31391b7,1633254358349,14.4905937,52.1715909,7.923308,1.1364725,-2.1359963,-0.40354824,on bike mount,cyclo cross,True,asphalt,excellent
435ed585-a5af-4478-b250-df7187c001e1,4a5a7793-68db-4bbd-a651-ec513fb90b60,75d6a698-ca42-4ca0-872e-8865b1e9a367,1633254358399,14.4905937,52.1715909,7.923308,0.027808093,-1.6538384,1.5134821,on bike mount,cyclo cross,True,asphalt,excellent
435ed585-a5af-4478-b250-df7187c001e1,4a5a7793-68db-4bbd-a651-ec513fb90b60,670f6caa-12eb-47b1-b349-57b7a6bf3ef4,1633254358450,14.4905937,52.1715909,7.923308,0.94458425,3.1341772,0.6297231,on bike mount,cyclo cross,True,asphalt,excellent
435ed585-a5af-4478-b250-df7187c001e1,4a5a7793-68db-4bbd-a651-ec513fb90b60,2a9d3f2e-26ef-4d41-b1bb-27c756e9710c,1633254358514,14.4905937,52.1715909,7.923308,0.30255806,-3.3437395,-4.951456,on bike mount,cyclo cross,True,asphalt,excellent
435ed585-a5af-4478-b250-df7187c001e1,4a5a7793-68db-4bbd-a651-ec513fb90b60,5ccaa693-ea4f-4643-b006-dbeaebde4518,1633254358565,14.4905937,52.1715909,7.923308,0.93157744,-0.14302015,0.68250084,on bike mount,cyclo cross,True,asphalt,excellent
435ed585-a5af-4478-b250-df7187c001e1,4a5a7793-68db-4bbd-a651-ec513fb90b60,c3c4a6c9-e096-4b8c-84ed-792b1d54a8c2,1633254358634,14.4905937,52.1715909,7.923308,5.681315,0.0454731,2.8597126,on bike mount,cyclo cross,True,asphalt,excellent
435ed585-a5af-4478-b250-df7187c001e1,4a5a7793-68db-4bbd-a651-ec513fb90b60,23e37b3c-4aac-4b1a-b22b-c610fd573092,1633254358697,14.4905937,52.1715909,7.923308,-0.29332286,0.19910717,-0.8440037,on bike mount,cyclo cross,True,asphalt,excellent
435ed585-a5af-4478-b250-df7187c001e1,4a5a7793-68db-4bbd-a651-ec513fb90b60,cd2a0b10-4054-4343-8702-2ef5b3be97b1,1633254358747,14.4905937,52.1715909,7.923308,-1.1203305,0.7959707,-3.7214785,on bike mount,cyclo cross,True,asphalt,excellent
435ed585-a5af-4478-b250-df7187c001e1,4a5a7793-68db-4bbd-a651-ec513fb90b60,d4ed005b-9615-44ee-937a-bebc85d165ea,1633254358799,14.4905937,52.1715909,7.923308,-1.5910802,-6.320515,-1.9198289,on bike mount,cyclo cross,True,asphalt,excellent
435ed585-a5af-4478-b250-df7187c001e1,4a5a7793-68db-4bbd-a651-ec513fb90b60,45a3e214-3cce-4fcc-9c1a-b51ec8891085,1633254358848,14.4905937,52.1715909,7.923308,0.99903685,-3.0521445,-3.1183348,on bike mount,cyclo cross,True,asphalt,excellent
435ed585-a5af-4478-b250-df7187c001e1,4a5a7793-68db-4bbd-a651-ec513fb90b60,88b92aee-a16a-4153-86da-7909f5c969cc,1633254358898,14.4905937,52.1715909,7.923308,0.4895355,0.9495752,0.35554695,on bike mount,cyclo cross,True,asphalt,excellent
435ed585-a5af-4478-b250-df7187c001e1,4a5a7793-68db-4bbd-a651-ec513fb90b60,9931cb07-a03a-44ee-b3d5-38be35eff912,1633254358949,14.4905937,52.1715909,7.923308,-0.41431865,-0.22445536,2.6808329,on bike mount,cyclo cross,True,asphalt,excellent
435ed585-a5af-4478-b250-df7187c001e1,4a5a7793-68db-4bbd-a651-ec513fb90b60,459eabb4-144b-4893-adf0-a76f09d0ce71,1633254358998,14.4905937,52.1715909,7.923308,-0.3185135,-1.1124614,0.69364166,on bike mount,cyclo cross,True,asphalt,excellent
435ed585-a5af-4478-b250-df7187c001e1,4a5a7793-68db-4bbd-a651-ec513fb90b60,c0250330-8764-4c8c-b4dd-ceb2306d4e04,1633254359049,14.4905937,52.1715909,7.923308,0.07481026,0.4527197,-2.4329638,on bike mount,cyclo cross,True,asphalt,excellent
435ed585-a5af-4478-b250-df7187c001e1,4a5a7793-68db-4bbd-a651-ec513fb90b60,fd3afc2c-7889-4195-ba24-1a1d8ab662e2,1633254359100,14.4905937,52.1715909,7.923308,-0.23151827,-0.63493276,-0.3873291,on bike mount,cyclo cross,True,asphalt,excellent
435ed585-a5af-4478-b250-df7187c001e1,4a5a7793-68db-4bbd-a651-ec513fb90b60,c150da99-768d-4794-9ba1-f20cd9d68e75,1633254359164,14.4905514,52.1716558,7.6256523,-0.6257472,-0.78622293,-2.0102448,on bike mount,cyclo cross,True,asphalt,excellent
435ed585-a5af-4478-b250-df7187c001e1,4a5a7793-68db-4bbd-a651-ec513fb90b60,31db7a07-612a-4847-8295-d35214c77594,1633254359215,14.4905514,52.1716558,7.6256523,0.14413798,-0.27421165,-0.10137749,on bike mount,cyclo cross,True,asphalt,excellent
435ed585-a5af-4478-b250-df7187c001e1,4a5a7793-68db-4bbd-a651-ec513fb90b60,a61ddf4a-5257-470f-b858-cc2e608bb861,1633254359267,14.4905514,52.1716558,7.6256523,-0.6400332,-1.6664871,0.8194361,on bike mount,cyclo cross,True,asphalt,excellent
435ed585-a5af-4478-b250-df7187c001e1,4a5a7793-68db-4bbd-a651-ec513fb90b60,ab3fab96-28b5-4baf-9bac-c3e0d7c7159d,1633254359334,14.4905514,52.1716558,7.6256523,-0.58383113,-0.1629808,1.2460833,on bike mount,cyclo cross,True,asphalt,excellent
435ed585-a5af-4478-b250-df7187c001e1,4a5a7793-68db-4bbd-a651-ec513fb90b60,eab90361-28e6-40d1-8170-94016b2b9896,1633254359385,14.4905514,52.1716558,7.6256523,-0.6812012,0.3697312,0.8239193,on bike mount,cyclo cross,True,asphalt,excellent
435ed585-a5af-4478-b250-df7187c001e1,4a5a7793-68db-4bbd-a651-ec513fb90b60,b89f4ad3-4627-47e6-abf0-7d643760a579,1633254359435,14.4905514,52.1716558,7.6256523,-0.7322724,-0.6290983,-0.010587692,on bike mount,cyclo cross,True,asphalt,excellent
435ed585-a5af-4478-b250-df7187c001e1,4a5a7793-68db-4bbd-a651-ec513fb90b60,b142bb77-e83e-4e09-893f-afde632a49c6,1633254359498,14.4905514,52.1716558,7.6256523,0.83693445,-1.2961696,0.49578476,on bike mount,cyclo cross,True,asphalt,excellent
435ed585-a5af-4478-b250-df7187c001e1,4a5a7793-68db-4bbd-a651-ec513fb90b60,c4f0d6d1-4937-468c-ae5e-24767f340287,1633254359549,14.4905514,52.1716558,7.6256523,0.19135171,0.7785108,-0.49048328,on bike mount,cyclo cross,True,asphalt,excellent
435ed585-a5af-4478-b250-df7187c001e1,4a5a7793-68db-4bbd-a651-ec513fb90b60,7929b197-f735-4035-88d8-f5532b9c1e29,1633254359599,14.4905514,52.1716558,7.6256523,0.48579377,2.1371286,0.32417393,on bike mount,cyclo cross,True,asphalt,excellent
435ed585-a5af-4478-b250-df7187c001e1,4a5a7793-68db-4bbd-a651-ec513fb90b60,a7fd0170-fc2f-4dd6-886f-f3aa41f13936,1633254359650,14.4905514,52.1716558,7.6256523,0.8076467,-0.25254035,-1.8615446,on bike mount,cyclo cross,True,asphalt,excellent
435ed585-a5af-4478-b250-df7187c001e1,4a5a7793-68db-4bbd-a651-ec513fb90b60,64a724dc-61b1-4035-b730-ebff6b1c52cf,1633254359700,14.4905514,52.1716558,7.6256523,0.3167087,1.2446678,-2.218544,on bike mount,cyclo cross,True,asphalt,excellent
435ed585-a5af-4478-b250-df7187c001e1,4a5a7793-68db-4bbd-a651-ec513fb90b60,30fcf90f-401e-460e-b7e4-a4075ae15701,1633254359750,14.4905514,52.1716558,7.6256523,0.8101287,-0.745618,1.4740658,on bike mount,cyclo cross,True,asphalt,excellent
435ed585-a5af-4478-b250-df7187c001e1,4a5a7793-68db-4bbd-a651-ec513fb90b60,efe7538b-2df3-43d1-93ce-9d2f0d648c31,1633254359800,14.4905514,52.1716558,7.6256523,0.5607875,-1.4819088,-0.8814125,on bike mount,cyclo cross,True,asphalt,excellent
435ed585-a5af-4478-b250-df7187c001e1,4a5a7793-68db-4bbd-a651-ec513fb90b60,ee00752c-87bf-429d-809d-6ec9d9b417c8,1633254359850,14.4905514,52.1716558,7.6256523,-0.839538,-0.020123243,0.56512356,on bike mount,cyclo cross,True,asphalt,excellent
435ed585-a5af-4478-b250-df7187c001e1,4a5a7793-68db-4bbd-a651-ec513fb90b60,7d97dde8-fe5a-4ddb-9032-a9fbcdda1aed,1633254359902,14.4905514,52.1716558,7.6256523,-0.8463002,0.18752861,0.7408676,on bike mount,cyclo cross,True,asphalt,excellent
435ed585-a5af-4478-b250-df7187c001e1,4a5a7793-68db-4bbd-a651-ec513fb90b60,c951779d-9774-4b5c-8c02-09ced2620e83,1633254359951,14.4905514,52.1716558,7.6256523,-0.62424576,0.624249,-0.9689951,on bike mount,cyclo cross,True,asphalt,excellent
435ed585-a5af-4478-b250-df7187c001e1,4a5a7793-68db-4bbd-a651-ec513fb90b60,c270ca54-ea34-4001-ba4a-beaacdeff280,1633254360019,14.4905514,52.1716558,7.6256523,-0.9319322,0.42312312,-0.20963383,on bike mount,cyclo cross,True,asphalt,excellent
