bike_activity_uid,bike_activity_sample_uid,bike_activity_measurement,bike_activity_measurement_timestamp,bike_activity_measurement_lon,bike_activity_measurement_lat,bike_activity_measurement_speed,bike_activity_measurement_accelerometer_x,bike_activity_measurement_accelerometer_y,bike_activity_measurement_accelerometer_z,bike_activity_phone_position,bike_activity_bike_type,bike_activity_flagged_lab_conditions,bike_activity_surface_type,bike_activity_smoothness_type
435ed585-a5af-4478-b250-df7187c001e1,02e34d59-6082-445f-8b20-43ca282fbeeb,903a063d-f268-47d4-8c6d-7e69dff5bb85,1633254245596,14.5000708,52.1660408,7.41384,-1.5961952,0.60852265,-1.335814,on bike mount,cyclo cross,True,asphalt,excellent
435ed585-a5af-4478-b250-df7187c001e1,02e34d59-6082-445f-8b20-43ca282fbeeb,c783b485-eb47-47ff-a69d-b26ea57515f4,1633254245646,14.5000708,52.1660408,7.41384,-0.6898345,1.5330687,-0.41549587,on bike mount,cyclo cross,True,asphalt,excellent
435ed585-a5af-4478-b250-df7187c001e1,02e34d59-6082-445f-8b20-43ca282fbeeb,f1fe5a9b-ba7a-4033-9948-513f2700258d,1633254245696,14.5000708,52.1660408,7.41384,-0.13519648,1.8127766,0.08495903,on bike mount,cyclo cross,True,asphalt,excellent
435ed585-a5af-4478-b250-df7187c001e1,02e34d59-6082-445f-8b20-43ca282fbeeb,d214a176-482d-40a1-8190-c1010c7128b0,1633254245746,14.5000708,52.1660408,7.41384,-0.75474846,-0.66040945,-0.24783134,on bike mount,cyclo cross,True,asphalt,excellent
435ed585-a5af-4478-b250-df7187c001e1,02e34d59-6082-445f-8b20-43ca282fbeeb,12c36415-17a5-46be-9d95-d84b892b1a89,1633254245797,14.5000708,52.1660408,7.41384,0.8286511,0.6560495,0.50277805,on bike mount,cyclo cross,True,asphalt,excellent
435ed585-a5af-4478-b250-df7187c001e1,02e34d59-6082-445f-8b20-43ca282fbeeb,90442d6f-3cbc-4ea9-ad65-e2d29681a0e3,1633254245848,14.5000708,52.1660408,7.41384,-5.9614367,-18.732916,37.656464,on bike mount,cyclo cross,True,asphalt,excellent
435ed585-a5af-4478-b250-df7187c001e1,02e34d59-6082-445f-8b20-43ca282fbeeb,2dc33cb1-a843-4540-a080-7153f0e1951a,1633254245898,14.5000708,52.1660408,7.41384,0.61642706,5.177585,-8.763132,on bike mount,cyclo cross,True,asphalt,excellent
435ed585-a5af-4478-b250-df7187c001e1,02e34d59-6082-445f-8b20-43ca282fbeeb,5ef5cb09-e763-4cb0-8882-f9a8874b99a8,1633254245949,14.5000708,52.1660408,7.41384,1.3294684,-1.9776936,1.907239,on bike mount,cyclo cross,True,asphalt,excellent
435ed585-a5af-4478-b250-df7187c001e1,02e34d59-6082-445f-8b20-43ca282fbeeb,c401c36e-ddd7-4bfc-8e40-b05a5b3bac9c,1633254246012,14.5000708,52.1660408,7.41384,2.9632144,-5.71292,-3.9581509,on bike mount,cyclo cross,True,asphalt,excellent
435ed585-a5af-4478-b250-df7187c001e1,02e34d59-6082-445f-8b20-43ca282fbeeb,a2e1967b-a005-4709-ab31-aca772abb24d,1633254246066,14.5000708,52.1660408,7.41384,1.3102785,-0.40595126,-1.6246142,on bike mount,cyclo cross,True,asphalt,excellent
435ed585-a5af-4478-b250-df7187c001e1,02e34d59-6082-445f-8b20-43ca282fbeeb,6bb36b0e-ef15-4301-9dc2-0b8e5fd00533,1633254246130,14.5000084,52.166092,7.3475604,1.4341273,-2.4755313,-2.1029277,on bike mount,cyclo cross,True,asphalt,excellent
435ed585-a5af-4478-b250-df7187c001e1,02e34d59-6082-445f-8b20-43ca282fbeeb,9a0d2078-5b03-4a2e-8860-a113b3f25ed4,1633254246179,14.5000084,52.166092,7.3475604,-0.2437535,-0.9609556,1.8805981,on bike mount,cyclo cross,True,asphalt,excellent
435ed585-a5af-4478-b250-df7187c001e1,02e34d59-6082-445f-8b20-43ca282fbeeb,a6ffdba5-f03a-4a99-bc5e-ba0c8fe92385,1633254246229,14.5000084,52.166092,7.3475604,0.25812766,-4.6590314,-0.40966702,on bike mount,cyclo cross,True,asphalt,excellent
435ed585-a5af-4478-b250-df7187c001e1,02e34d59-6082-445f-8b20-43ca282fbeeb,25fdffc4-3eba-444d-b703-eb89c8133374,1633254246280,14.5000084,52.166092,7.3475604,-1.7689435,10.676688,-15.876963,on bike mount,cyclo cross,True,asphalt,excellent
435ed585-a5af-4478-b250-df7187c001e1,02e34d59-6082-445f-8b20-43ca282fbeeb,ab391648-af18-478b-a8e0-3509f69adb87,1633254246332,14.5000084,52.166092,7.3475604,0.722392,-2.9784963,8.7170925,on bike mount,cyclo cross,True,asphalt,excellent
435ed585-a5af-4478-b250-df7187c001e1,02e34d59-6082-445f-8b20-43ca282fbeeb,e522013a-db4f-4aa9-adc5-eb748fbb2324,1633254246384,14.5000084,52.166092,7.3475604,1.6164374,3.101303,-2.7781444,on bike mount,cyclo cross,True,asphalt,excellent
435ed585-a5af-4478-b250-df7187c001e1,02e34d59-6082-445f-8b20-43ca282fbeeb,b5f18033-5083-420a-a311-e4b94200a949,1633254246447,14.5000084,52.166092,7.3475604,-2.4856436,9.991528,-9.889919,on bike mount,cyclo cross,True,asphalt,excellent
435ed585-a5af-4478-b250-df7187c001e1,02e34d59-6082-445f-8b20-43ca282fbeeb,8d9fb5df-bd04-4736-8ca9-9e394d1c58ec,1633254246513,14.5000084,52.166092,7.3475604,0.68190163,3.7647295,-2.947339,on bike mount,cyclo cross,True,asphalt,excellent
435ed585-a5af-4478-b250-df7187c001e1,02e34d59-6082-445f-8b20-43ca282fbeeb,65f7d484-8708-4cfc-9cad-b61aaae23523,1633254246564,14.5000084,52.166092,7.3475604,-0.31805342,-1.3765908,-0.22701263,on bike mount,cyclo cross,True,asphalt,excellent
435ed585-a5af-4478-b250-df7187c001e1,02e34d59-6082-445f-8b20-43ca282fbeeb,d71997d4-882c-4ffb-b1e3-56833eb0a3b7,1633254246616,14.5000084,52.166092,7.3475604,-0.27002436,-0.0636673,1.4804564,on bike mount,cyclo cross,True,asphalt,excellent
435ed585-a5af-4478-b250-df7187c001e1,02e34d59-6082-445f-8b20-43ca282fbeeb,80f3f9ea-4954-414f-a6ab-1401789fcedb,1633254246680,14.5000084,52.166092,7.3475604,-1.2323103,-3.2942882,0.43025875,on bike mount,cyclo cross,True,asphalt,excellent
435ed585-a5af-4478-b250-df7187c001e1,02e34d59-6082-445f-8b20-43ca282fbeeb,6d58b282-434a-45c7-b49c-79140abd94c1,1633254246731,14.5000084,52.166092,7.3475604,-2.1695805,0.869699,-0.124518394,on bike mount,cyclo cross,True,asphalt,excellent
435ed585-a5af-4478-b250-df7187c001e1,02e34d59-6082-445f-8b20-43ca282fbeeb,2a59e279-22c3-4763-9ef9-2d05c4bbdd93,1633254246781,14.5000084,52.166092,7.3475604,-0.5721436,1.2314141,-0.7442312,on bike mount,cyclo cross,True,asphalt,excellent
435ed585-a5af-4478-b250-df7187c001e1,02e34d59-6082-445f-8b20-43ca282fbeeb,358e6815-2fcb-4b95-a744-7612af7a316a,1633254246830,14.5000084,52.166092,7.3475604,0.12595049,0.00094509125,0.48141003,on bike mount,cyclo cross,True,asphalt,excellent
435ed585-a5af-4478-b250-df7187c001e1,02e34d59-6082-445f-8b20-43ca282fbeeb,4ed66121-b227-4077-b5ef-7dc2f9802506,1633254246881,14.5000084,52.166092,7.3475604,-0.28784454,-0.0017716885,-0.46184254,on bike mount,cyclo cross,True,asphalt,excellent
435ed585-a5af-4478-b250-df7187c001e1,02e34d59-6082-445f-8b20-43ca282fbeeb,5c4c3abe-d290-443a-89f8-68f2049a7e0d,1633254246931,14.5000084,52.166092,7.3475604,0.76115596,2.1766295,-1.2767482,on bike mount,cyclo cross,True,asphalt,excellent
435ed585-a5af-4478-b250-df7187c001e1,02e34d59-6082-445f-8b20-43ca282fbeeb,f2134c2f-1cd7-4bf9-a16a-492983fdb2c6,1633254246981,14.5000084,52.166092,7.3475604,0.0020249784,-1.5658978,0.6829643,on bike mount,cyclo cross,True,asphalt,excellent
435ed585-a5af-4478-b250-df7187c001e1,02e34d59-6082-445f-8b20-43ca282fbeeb,8ca43363-e586-4bb5-9375-79a4e93143ee,1633254247031,14.5000084,52.166092,7.3475604,-0.12108195,-0.51463556,0.30410862,on bike mount,cyclo cross,True,asphalt,excellent
435ed585-a5af-4478-b250-df7187c001e1,02e34d59-6082-445f-8b20-43ca282fbeeb,55eae1d5-bfe1-4d0f-b31f-d64f0d219f6e,1633254247081,14.5000084,52.166092,7.3475604,-0.059342243,0.34508157,-1.0438886,on bike mount,cyclo cross,True,asphalt,excellent
435ed585-a5af-4478-b250-df7187c001e1,02e34d59-6082-445f-8b20-43ca282fbeeb,b46717d9-483e-4292-a073-0e8c1cf2cdf4,1633254247132,14.4999448,52.1661404,7.2818484,0.5533251,0.38625264,0.73737335,on bike mount,cyclo cross,True,asphalt,excellent
435ed585-a5af-4478-b250-df7187c001e1,02e34d59-6082-445f-8b20-43ca282fbeeb,7911d536-838c-455f-bba2-84b9944066e5,1633254247199,14.4999448,52.1661404,7.2818484,-1.1260375,2.0462565,-0.62423897,on bike mount,cyclo cross,True,asphalt,excellent
435ed585-a5af-4478-b250-df7187c001e1,02e34d59-6082-445f-8b20-43ca282fbeeb,fe5576e8-2bd8-4dbc-922f-8c7a62781eb5,1633254247252,14.4999448,52.1661404,7.2818484,-0.56723803,0.6655896,-0.89433,on bike mount,cyclo cross,True,asphalt,excellent
435ed585-a5af-4478-b250-df7187c001e1,02e34d59-6082-445f-8b20-43ca282fbeeb,85c0cb09-1be5-4508-9c96-72df62a9c379,1633254247314,14.4999448,52.1661404,7.2818484,0.96236825,-0.43450332,-0.7501364,on bike mount,cyclo cross,True,asphalt,excellent
435ed585-a5af-4478-b250-df7187c001e1,02e34d59-6082-445f-8b20-43ca282fbeeb,b51e7dce-1a4e-42e5-bba0-c42aa20550a6,1633254247364,14.4999448,52.1661404,7.2818484,0.21248639,-0.8897548,-0.45877552,on bike mount,cyclo cross,True,asphalt,excellent
435ed585-a5af-4478-b250-df7187c001e1,02e34d59-6082-445f-8b20-43ca282fbeeb,f5a63eb0-2479-4e80-b262-401dfdc33d8f,1633254247415,14.4999448,52.1661404,7.2818484,1.3103609,0.50411224,-0.97633266,on bike mount,cyclo cross,True,asphalt,excellent
435ed585-a5af-4478-b250-df7187c001e1,02e34d59-6082-445f-8b20-43ca282fbeeb,337ced25-851d-443e-a9d7-351d0687e8af,1633254247465,14.4999448,52.1661404,7.2818484,0.3701508,-0.3631401,-1.6301751,on bike mount,cyclo cross,True,asphalt,excellent
435ed585-a5af-4478-b250-df7187c001e1,02e34d59-6082-445f-8b20-43ca282fbeeb,81466ce1-eaff-445c-adf6-326d086dfb7a,1633254247517,14.4999448,52.1661404,7.2818484,-0.559994,-0.49842572,-1.4359598,on bike mount,cyclo cross,True,asphalt,excellent
435ed585-a5af-4478-b250-df7187c001e1,02e34d59-6082-445f-8b20-43ca282fbeeb,9861468c-5b3c-4cf8-873d-92ff085dc8bf,1633254247582,14.4999448,52.1661404,7.2818484,-0.19452661,0.104040384,-0.8396921,on bike mount,cyclo cross,True,asphalt,excellent
435ed585-a5af-4478-b250-df7187c001e1,02e34d59-6082-445f-8b20-43ca282fbeeb,3e812cee-87a0-4be8-b399-a91dcb2f3bfe,1633254247633,14.4999448,52.1661404,7.2818484,-0.80466187,1.4961209,0.96595097,on bike mount,cyclo cross,True,asphalt,excellent
435ed585-a5af-4478-b250-df7187c001e1,02e34d59-6082-445f-8b20-43ca282fbeeb,a673ecad-a3f8-4842-b388-b9524588ec7e,1633254247683,14.4999448,52.1661404,7.2818484,-1.1128763,0.97749543,0.7454691,on bike mount,cyclo cross,True,asphalt,excellent
435ed585-a5af-4478-b250-df7187c001e1,02e34d59-6082-445f-8b20-43ca282fbeeb,9e8cbefb-279d-47c2-8930-e2d9ef68d6a3,1633254247733,14.4999448,52.1661404,7.2818484,0.4526118,-0.10410714,-0.23043728,on bike mount,cyclo cross,True,asphalt,excellent
435ed585-a5af-4478-b250-df7187c001e1,02e34d59-6082-445f-8b20-43ca282fbeeb,cbe70d2f-cd41-41d5-a091-4534e4702027,1633254247783,14.4999448,52.1661404,7.2818484,0.5432314,0.47739077,0.20515537,on bike mount,cyclo cross,True,asphalt,excellent
435ed585-a5af-4478-b250-df7187c001e1,02e34d59-6082-445f-8b20-43ca282fbeeb,e47bc986-6f4a-4d5e-8258-c5efe332dd56,1633254247848,14.4999448,52.1661404,7.2818484,0.06911269,0.97806525,-0.24496078,on bike mount,cyclo cross,True,asphalt,excellent
435ed585-a5af-4478-b250-df7187c001e1,02e34d59-6082-445f-8b20-43ca282fbeeb,c189b1ae-7564-4885-a1aa-a06eb46d022a,1633254247899,14.4999448,52.1661404,7.2818484,-1.8104271,0.70672035,-0.5780573,on bike mount,cyclo cross,True,asphalt,excellent
435ed585-a5af-4478-b250-df7187c001e1,02e34d59-6082-445f-8b20-43ca282fbeeb,23f4033c-aff8-4302-a7be-9cd9328eb636,1633254247948,14.4999448,52.1661404,7.2818484,-0.13999753,3.0062308,0.25551605,on bike mount,cyclo cross,True,asphalt,excellent
435ed585-a5af-4478-b250-df7187c001e1,02e34d59-6082-445f-8b20-43ca282fbeeb,41758c96-a489-4541-baa3-0d1628a78da3,1633254247999,14.4999448,52.1661404,7.2818484,-0.1627799,0.3211124,1.5394802,on bike mount,cyclo cross,True,asphalt,excellent
435ed585-a5af-4478-b250-df7187c001e1,02e34d59-6082-445f-8b20-43ca282fbeeb,23c46ca8-04ee-4720-b255-74f3c78fe0e4,1633254248050,14.4999448,52.1661404,7.2818484,-0.32451653,0.13044786,-0.729352,on bike mount,cyclo cross,True,asphalt,excellent
435ed585-a5af-4478-b250-df7187c001e1,02e34d59-6082-445f-8b20-43ca282fbeeb,2d9e6d2b-b6c1-470d-a8c6-367c61787a6d,1633254248101,14.4999448,52.1661404,7.2818484,0.120658875,1.4827332,0.25235844,on bike mount,cyclo cross,True,asphalt,excellent
435ed585-a5af-4478-b250-df7187c001e1,02e34d59-6082-445f-8b20-43ca282fbeeb,37c4c772-0a6a-4e66-a48b-e6b35e951464,1633254248167,14.4998833,52.1661888,7.2294135,0.56191266,3.2268076,-0.56261444,on bike mount,cyclo cross,True,asphalt,excellent
435ed585-a5af-4478-b250-df7187c001e1,02e34d59-6082-445f-8b20-43ca282fbeeb,eb3e6a12-f9ec-4a5a-96b8-9c1528c5ab24,1633254248234,14.4998833,52.1661888,7.2294135,-0.30348396,-1.4150759,0.31669617,on bike mount,cyclo cross,True,asphalt,excellent
435ed585-a5af-4478-b250-df7187c001e1,02e34d59-6082-445f-8b20-43ca282fbeeb,111fed07-8f0b-4ebc-a9ba-446477a814ce,1633254248284,14.4998833,52.1661888,7.2294135,-0.18052483,0.16745877,0.14866734,on bike mount,cyclo cross,True,asphalt,excellent
435ed585-a5af-4478-b250-df7187c001e1,02e34d59-6082-445f-8b20-43ca282fbeeb,fdbde5d2-7a45-46ac-8858-d38382e31737,1633254248336,14.4998833,52.1661888,7.2294135,1.0991507,-0.0059764385,-3.028378,on bike mount,cyclo cross,True,asphalt,excellent
435ed585-a5af-4478-b250-df7187c001e1,02e34d59-6082-445f-8b20-43ca282fbeeb,d92424e2-3a59-45a7-90d4-671a7806ba00,1633254248399,14.4998833,52.1661888,7.2294135,-1.0852511,-0.52071667,0.5487814,on bike mount,cyclo cross,True,asphalt,excellent
435ed585-a5af-4478-b250-df7187c001e1,02e34d59-6082-445f-8b20-43ca282fbeeb,6f5b8617-52f8-4302-914d-f106cc07c3f1,1633254248449,14.4998833,52.1661888,7.2294135,-0.8319663,0.08720851,-0.30353546,on bike mount,cyclo cross,True,asphalt,excellent
435ed585-a5af-4478-b250-df7187c001e1,02e34d59-6082-445f-8b20-43ca282fbeeb,079de18b-259f-43e2-8b22-85f566fb511d,1633254248500,14.4998833,52.1661888,7.2294135,-0.31353736,-1.3878099,0.10921097,on bike mount,cyclo cross,True,asphalt,excellent
435ed585-a5af-4478-b250-df7187c001e1,02e34d59-6082-445f-8b20-43ca282fbeeb,9585ceac-b4b0-4963-b723-0f7f4871184e,1633254248550,14.4998833,52.1661888,7.2294135,-0.8237972,1.4508989,-0.5509224,on bike mount,cyclo cross,True,asphalt,excellent
435ed585-a5af-4478-b250-df7187c001e1,02e34d59-6082-445f-8b20-43ca282fbeeb,30707472-d9c7-4c1d-93a7-bfe39de09f52,1633254248601,14.4998833,52.1661888,7.2294135,-0.11078776,0.70632625,0.42691135,on bike mount,cyclo cross,True,asphalt,excellent
435ed585-a5af-4478-b250-df7187c001e1,02e34d59-6082-445f-8b20-43ca282fbeeb,de068add-f768-4fa4-a008-18da8fd3b8d5,1633254248651,14.4998833,52.1661888,7.2294135,0.88288105,-0.1781075,-0.8016958,on bike mount,cyclo cross,True,asphalt,excellent
435ed585-a5af-4478-b250-df7187c001e1,02e34d59-6082-445f-8b20-43ca282fbeeb,c1065ad3-f06a-4a4d-b3c3-a31ee0cfe22e,1633254248702,14.4998833,52.1661888,7.2294135,-0.821248,-0.516577,0.6272917,on bike mount,cyclo cross,True,asphalt,excellent
435ed585-a5af-4478-b250-df7187c001e1,02e34d59-6082-445f-8b20-43ca282fbeeb,cdda1814-12fa-47b6-82d5-e5e028dcd48d,1633254248752,14.4998833,52.1661888,7.2294135,-0.8075467,0.17710543,-0.5952215,on bike mount,cyclo cross,True,asphalt,excellent
435ed585-a5af-4478-b250-df7187c001e1,02e34d59-6082-445f-8b20-43ca282fbeeb,69055234-753f-47d3-a6cf-f5e3ea02350d,1633254248820,14.4998833,52.1661888,7.2294135,0.67726815,0.6567588,-0.90281105,on bike mount,cyclo cross,True,asphalt,excellent
435ed585-a5af-4478-b250-df7187c001e1,02e34d59-6082-445f-8b20-43ca282fbeeb,78f18a3f-466d-488d-af9f-dc04d8b3fdd2,1633254248884,14.4998833,52.1661888,7.2294135,-0.49484968,-1.1550858,1.7032299,on bike mount,cyclo cross,True,asphalt,excellent
435ed585-a5af-4478-b250-df7187c001e1,02e34d59-6082-445f-8b20-43ca282fbeeb,2e6ddecf-9914-4e4b-beb8-a90d26b71a91,1633254248934,14.4998833,52.1661888,7.2294135,-0.3260411,0.76321554,-1.2741976,on bike mount,cyclo cross,True,asphalt,excellent
435ed585-a5af-4478-b250-df7187c001e1,02e34d59-6082-445f-8b20-43ca282fbeeb,add121b3-37fe-45ec-b501-b12c08870503,1633254248983,14.4998833,52.1661888,7.2294135,0.56354094,-0.23923612,1.1994381,on bike mount,cyclo cross,True,asphalt,excellent
435ed585-a5af-4478-b250-df7187c001e1,02e34d59-6082-445f-8b20-43ca282fbeeb,4165747a-dbbe-4f5b-aa51-10775ee00a6d,1633254249034,14.4998833,52.1661888,7.2294135,0.29885197,0.9417701,-0.22950172,on bike mount,cyclo cross,True,asphalt,excellent
435ed585-a5af-4478-b250-df7187c001e1,02e34d59-6082-445f-8b20-43ca282fbeeb,229d625b-26dd-41b3-9501-d47b6dc64cd1,1633254249085,14.4998833,52.1661888,7.2294135,-1.780462,0.20367527,0.5999584,on bike mount,cyclo cross,True,asphalt,excellent
435ed585-a5af-4478-b250-df7187c001e1,02e34d59-6082-445f-8b20-43ca282fbeeb,ebe70231-8b98-4399-9f79-99e037e5addd,1633254249137,14.4998166,52.1662357,7.1727643,-0.8351364,0.03235531,-0.9618683,on bike mount,cyclo cross,True,asphalt,excellent
435ed585-a5af-4478-b250-df7187c001e1,02e34d59-6082-445f-8b20-43ca282fbeeb,9f8bf8ea-34f1-4091-9ded-664bbc86907c,1633254249201,14.4998166,52.1662357,7.1727643,0.41010764,-2.2017274,-0.2481165,on bike mount,cyclo cross,True,asphalt,excellent
435ed585-a5af-4478-b250-df7187c001e1,02e34d59-6082-445f-8b20-43ca282fbeeb,75c7663d-33ca-4c70-a7a0-afb2c7eb107d,1633254249251,14.4998166,52.1662357,7.1727643,-1.5944488,0.42114043,-0.8997793,on bike mount,cyclo cross,True,asphalt,excellent
435ed585-a5af-4478-b250-df7187c001e1,02e34d59-6082-445f-8b20-43ca282fbeeb,5fe132a6-f02c-4061-86e4-0914b0cc6c7c,1633254249301,14.4998166,52.1662357,7.1727643,0.10895447,1.0019808,0.17537403,on bike mount,cyclo cross,True,asphalt,excellent
435ed585-a5af-4478-b250-df7187c001e1,02e34d59-6082-445f-8b20-43ca282fbeeb,56c658b5-b1f3-4d49-821c-7b07b6a43ead,1633254249351,14.4998166,52.1662357,7.1727643,0.1444034,-1.71657,-0.327384,on bike mount,cyclo cross,True,asphalt,excellent
435ed585-a5af-4478-b250-df7187c001e1,02e34d59-6082-445f-8b20-43ca282fbeeb,41bfcf5c-6590-402a-820b-5dad095773c6,1633254249401,14.4998166,52.1662357,7.1727643,0.45758164,-0.46524835,-0.22874165,on bike mount,cyclo cross,True,asphalt,excellent
435ed585-a5af-4478-b250-df7187c001e1,02e34d59-6082-445f-8b20-43ca282fbeeb,a49ae8c1-ddbb-4e67-a5e8-4b4dfee1dbf3,1633254249451,14.4998166,52.1662357,7.1727643,-0.024220206,-0.46145225,1.4017649,on bike mount,cyclo cross,True,asphalt,excellent
435ed585-a5af-4478-b250-df7187c001e1,02e34d59-6082-445f-8b20-43ca282fbeeb,60a4b898-0b1a-40e4-8241-cfdc9a89c2ea,1633254249502,14.4998166,52.1662357,7.1727643,1.3353081,0.18217325,-0.1121645,on bike mount,cyclo cross,True,asphalt,excellent
435ed585-a5af-4478-b250-df7187c001e1,02e34d59-6082-445f-8b20-43ca282fbeeb,11f03552-ebf9-44a7-b7af-17f4a6686991,1633254249553,14.4998166,52.1662357,7.1727643,0.2407795,-2.0646584,0.99504757,on bike mount,cyclo cross,True,asphalt,excellent
435ed585-a5af-4478-b250-df7187c001e1,02e34d59-6082-445f-8b20-43ca282fbeeb,e1ef0625-da46-4352-b4aa-65eeeb989d7c,1633254249618,14.4998166,52.1662357,7.1727643,-0.51570666,-0.3703289,-0.6076927,on bike mount,cyclo cross,True,asphalt,excellent
435ed585-a5af-4478-b250-df7187c001e1,02e34d59-6082-445f-8b20-43ca282fbeeb,776c02cb-2509-45ed-8c21-ce0f5d7295be,1633254249668,14.4998166,52.1662357,7.1727643,0.26362392,-0.23601389,-2.1749763,on bike mount,cyclo cross,True,asphalt,excellent
435ed585-a5af-4478-b250-df7187c001e1,02e34d59-6082-445f-8b20-43ca282fbeeb,f85b2080-5024-4411-9c5d-cb7a43fa4438,1633254249719,14.4998166,52.1662357,7.1727643,-0.20602697,-0.7992017,1.6729937,on bike mount,cyclo cross,True,asphalt,excellent
435ed585-a5af-4478-b250-df7187c001e1,02e34d59-6082-445f-8b20-43ca282fbeeb,2ccb12b4-c344-4319-94d9-c9a59c71f1f0,1633254249769,14.4998166,52.1662357,7.1727643,0.2031679,-0.378222,0.6928053,on bike mount,cyclo cross,True,asphalt,excellent
435ed585-a5af-4478-b250-df7187c001e1,02e34d59-6082-445f-8b20-43ca282fbeeb,6b80ec62-ff6a-44e4-a61e-95443c9e925b,1633254249819,14.4998166,52.1662357,7.1727643,-0.1512011,0.69111013,-1.2289906,on bike mount,cyclo cross,True,asphalt,excellent
435ed585-a5af-4478-b250-df7187c001e1,02e34d59-6082-445f-8b20-43ca282fbeeb,80fb84ea-3b6b-4cf0-959d-5399e43d277b,1633254249868,14.4998166,52.1662357,7.1727643,-0.7586181,0.59273195,0.2320795,on bike mount,cyclo cross,True,asphalt,excellent
435ed585-a5af-4478-b250-df7187c001e1,02e34d59-6082-445f-8b20-43ca282fbeeb,d8380b87-3b4f-4fdd-a854-30f5c64b6cf0,1633254249919,14.4998166,52.1662357,7.1727643,-0.76543134,0.38263893,-0.9009476,on bike mount,cyclo cross,True,asphalt,excellent
435ed585-a5af-4478-b250-df7187c001e1,02e34d59-6082-445f-8b20-43ca282fbeeb,8f127e49-cc01-46dc-85f3-f1fb52a09cf7,1633254249969,14.4998166,52.1662357,7.1727643,0.14040849,-0.8107097,0.29852104,on bike mount,cyclo cross,True,asphalt,excellent
435ed585-a5af-4478-b250-df7187c001e1,02e34d59-6082-445f-8b20-43ca282fbeeb,8a084e9c-e001-4a7e-953f-4fc39193acae,1633254250018,14.4998166,52.1662357,7.1727643,1.2232258,-0.81134415,-0.71313286,on bike mount,cyclo cross,True,asphalt,excellent
435ed585-a5af-4478-b250-df7187c001e1,02e34d59-6082-445f-8b20-43ca282fbeeb,6f5e98a8-0d9d-45be-985e-5e27f4df1fdf,1633254250069,14.4998166,52.1662357,7.1727643,0.7993934,0.1750598,-1.0695486,on bike mount,cyclo cross,True,asphalt,excellent
435ed585-a5af-4478-b250-df7187c001e1,02e34d59-6082-445f-8b20-43ca282fbeeb,068b1036-31e3-4cfa-a890-68344a88adc1,1633254250120,14.4997467,52.166281,7.112233,-1.0887274,-0.62332034,1.4523602,on bike mount,cyclo cross,True,asphalt,excellent
435ed585-a5af-4478-b250-df7187c001e1,02e34d59-6082-445f-8b20-43ca282fbeeb,56a21c82-4310-4ff0-ac35-fae4bc9239e6,1633254250171,14.4997467,52.166281,7.112233,0.1504377,-0.41323733,-0.48148632,on bike mount,cyclo cross,True,asphalt,excellent
435ed585-a5af-4478-b250-df7187c001e1,02e34d59-6082-445f-8b20-43ca282fbeeb,1073150a-a732-432f-87ff-f481be7dfe86,1633254250222,14.4997467,52.166281,7.112233,0.4399457,-0.44634867,-0.56939507,on bike mount,cyclo cross,True,asphalt,excellent
435ed585-a5af-4478-b250-df7187c001e1,02e34d59-6082-445f-8b20-43ca282fbeeb,25fbbca8-50f9-48d7-a9ec-6c66e8ccf22e,1633254250276,14.4997467,52.166281,7.112233,0.27359217,3.451797,-1.0751286,on bike mount,cyclo cross,True,asphalt,excellent
435ed585-a5af-4478-b250-df7187c001e1,02e34d59-6082-445f-8b20-43ca282fbeeb,91e9b94e-9626-4ee3-a175-c7660407d8ea,1633254250337,14.4997467,52.166281,7.112233,0.4760684,-1.7496805,-0.09753418,on bike mount,cyclo cross,True,asphalt,excellent
435ed585-a5af-4478-b250-df7187c001e1,02e34d59-6082-445f-8b20-43ca282fbeeb,e2c9e6ff-f32e-4e56-ac80-53b21da2cdf3,1633254250388,14.4997467,52.166281,7.112233,1.7732321,1.458684,-2.1277447,on bike mount,cyclo cross,True,asphalt,excellent
435ed585-a5af-4478-b250-df7187c001e1,02e34d59-6082-445f-8b20-43ca282fbeeb,da188fcc-8398-4561-8b6b-b8322af0ed97,1633254250438,14.4997467,52.166281,7.112233,-1.1893175,0.1195426,0.27779865,on bike mount,cyclo cross,True,asphalt,excellent
435ed585-a5af-4478-b250-df7187c001e1,02e34d59-6082-445f-8b20-43ca282fbeeb,b06f5477-5e7f-419d-a825-8130bb3b396b,1633254250506,14.4997467,52.166281,7.112233,0.6415703,0.2240274,-0.20992374,on bike mount,cyclo cross,True,asphalt,excellent
435ed585-a5af-4478-b250-df7187c001e1,02e34d59-6082-445f-8b20-43ca282fbeeb,300230ad-114c-4833-b5a7-ff5476e27901,1633254250570,14.4997467,52.166281,7.112233,0.5999001,0.58307433,-0.14351463,on bike mount,cyclo cross,True,asphalt,excellent
435ed585-a5af-4478-b250-df7187c001e1,02e34d59-6082-445f-8b20-43ca282fbeeb,dcaafd36-453d-4df1-9edf-6a53ac2ab3ac,1633254250621,14.4997467,52.166281,7.112233,-1.182936,-1.2817597,2.7766533,on bike mount,cyclo cross,True,asphalt,excellent
435ed585-a5af-4478-b250-df7187c001e1,02e34d59-6082-445f-8b20-43ca282fbeeb,87f60f10-7367-451a-b1d4-a60af39f6b77,1633254250671,14.4997467,52.166281,7.112233,0.7993281,-1.2928772,0.61667633,on bike mount,cyclo cross,True,asphalt,excellent
435ed585-a5af-4478-b250-df7187c001e1,02e34d59-6082-445f-8b20-43ca282fbeeb,42ddb6fa-06bf-4a6a-a4bd-62b01cc2b302,1633254250722,14.4997467,52.166281,7.112233,-0.29449534,3.2536664,-1.0463395,on bike mount,cyclo cross,True,asphalt,excellent
435ed585-a5af-4478-b250-df7187c001e1,02e34d59-6082-445f-8b20-43ca282fbeeb,0048d797-b186-4a0f-ac8b-a250facd9ff9,1633254250771,14.4997467,52.166281,7.112233,-1.8170942,2.4961705,-0.4609337,on bike mount,cyclo cross,True,asphalt,excellent
435ed585-a5af-4478-b250-df7187c001e1,02e34d59-6082-445f-8b20-43ca282fbeeb,bfb6f685-a5e4-46ed-99fe-4a4dfa6aa264,1633254250821,14.4997467,52.166281,7.112233,-0.30064982,-0.7397356,0.1919775,on bike mount,cyclo cross,True,asphalt,excellent
435ed585-a5af-4478-b250-df7187c001e1,02e34d59-6082-445f-8b20-43ca282fbeeb,8aa2a9c0-7a9b-48c0-ae91-97dfbebdf3cc,1633254250872,14.4997467,52.166281,7.112233,-0.34845546,-2.502759,-1.9567356,on bike mount,cyclo cross,True,asphalt,excellent
