bike_activity_uid,bike_activity_sample_uid,bike_activity_measurement,bike_activity_measurement_timestamp,bike_activity_measurement_lon,bike_activity_measurement_lat,bike_activity_measurement_speed,bike_activity_measurement_accelerometer_x,bike_activity_measurement_accelerometer_y,bike_activity_measurement_accelerometer_z,bike_activity_phone_position,bike_activity_bike_type,bike_activity_flagged_lab_conditions,bike_activity_surface_type,bike_activity_smoothness_type
45932fbb-b1e0-4c03-a5b6-7ddc2ef6dd91,b5815453-a0c1-4430-9552-b830f8f6541b,8591314e-fcd9-4abb-a999-2b826185471e,1632058011019,13.5976254,52.449257,6.332533,-0.2116608,-3.6223307,-1.2719426,on bike mount,cyclo cross,True,fine gravel,good
45932fbb-b1e0-4c03-a5b6-7ddc2ef6dd91,b5815453-a0c1-4430-9552-b830f8f6541b,f08a607f-d20c-4029-a675-116d17a3c43f,1632058011085,13.5976254,52.449257,6.332533,0.61041814,-2.7047398,8.406252,on bike mount,cyclo cross,True,fine gravel,good
45932fbb-b1e0-4c03-a5b6-7ddc2ef6dd91,b5815453-a0c1-4430-9552-b830f8f6541b,cf291d1d-bd19-45be-820f-1c79b90b0969,1632058011152,13.5976254,52.449257,6.332533,0.3324436,-4.8099585,-3.2016287,on bike mount,cyclo cross,True,fine gravel,good
45932fbb-b1e0-4c03-a5b6-7ddc2ef6dd91,b5815453-a0c1-4430-9552-b830f8f6541b,a98e99fe-a700-4841-83bf-fcc152643820,1632058011219,13.5976254,52.449257,6.332533,-1.7636538,3.9817097,-6.6557026,on bike mount,cyclo cross,True,fine gravel,good
45932fbb-b1e0-4c03-a5b6-7ddc2ef6dd91,b5815453-a0c1-4430-9552-b830f8f6541b,263601b9-24da-40c3-86fc-d61124ad490c,1632058011286,13.5976254,52.449257,6.332533,-1.2800283,-5.3925614,-0.2650051,on bike mount,cyclo cross,True,fine gravel,good
45932fbb-b1e0-4c03-a5b6-7ddc2ef6dd91,b5815453-a0c1-4430-9552-b830f8f6541b,33fe7986-019d-41b5-906b-73ba7495e54d,1632058011352,13.5976254,52.449257,6.332533,0.33223784,0.7279699,2.2455053,on bike mount,cyclo cross,True,fine gravel,good
45932fbb-b1e0-4c03-a5b6-7ddc2ef6dd91,b5815453-a0c1-4430-9552-b830f8f6541b,56bc7d89-6606-4242-8e36-e2e906a192c8,1632058011402,13.5976254,52.449257,6.332533,-0.63851774,2.8248482,3.4097967,on bike mount,cyclo cross,True,fine gravel,good
45932fbb-b1e0-4c03-a5b6-7ddc2ef6dd91,b5815453-a0c1-4430-9552-b830f8f6541b,d74e5b34-d5f0-4442-ac79-565eb8cc027b,1632058011453,13.5976254,52.449257,6.332533,-0.81540644,3.9255676,-3.795783,on bike mount,cyclo cross,True,fine gravel,good
45932fbb-b1e0-4c03-a5b6-7ddc2ef6dd91,b5815453-a0c1-4430-9552-b830f8f6541b,d052501f-ff02-46a6-8358-e4569b296c59,1632058011519,13.5976254,52.449257,6.332533,1.5015869,-0.17327666,1.4318523,on bike mount,cyclo cross,True,fine gravel,good
45932fbb-b1e0-4c03-a5b6-7ddc2ef6dd91,b5815453-a0c1-4430-9552-b830f8f6541b,cf9ab78b-9e59-488f-966d-259b65633a3c,1632058011569,13.5977127,52.4492372,6.1947627,0.03256464,-7.954194,4.3690825,on bike mount,cyclo cross,True,fine gravel,good
45932fbb-b1e0-4c03-a5b6-7ddc2ef6dd91,b5815453-a0c1-4430-9552-b830f8f6541b,bd64eccc-7e39-4041-81c5-567ffe6d1a7a,1632058011636,13.5977127,52.4492372,6.1947627,-4.3542647,-7.9959054,5.384776,on bike mount,cyclo cross,True,fine gravel,good
45932fbb-b1e0-4c03-a5b6-7ddc2ef6dd91,b5815453-a0c1-4430-9552-b830f8f6541b,31187a9c-823d-47b0-a280-4914a7340d37,1632058011703,13.5977127,52.4492372,6.1947627,3.0930111,6.911215,-2.0066462,on bike mount,cyclo cross,True,fine gravel,good
45932fbb-b1e0-4c03-a5b6-7ddc2ef6dd91,b5815453-a0c1-4430-9552-b830f8f6541b,cb6950e1-31ae-41e5-b89e-d6393f60b818,1632058011769,13.5977127,52.4492372,6.1947627,-0.29093564,1.2339115,3.685771,on bike mount,cyclo cross,True,fine gravel,good
45932fbb-b1e0-4c03-a5b6-7ddc2ef6dd91,b5815453-a0c1-4430-9552-b830f8f6541b,f7a09360-4f24-436f-9002-b5483b7fba2e,1632058011836,13.5977127,52.4492372,6.1947627,1.5702231,-5.039792,0.8747082,on bike mount,cyclo cross,True,fine gravel,good
45932fbb-b1e0-4c03-a5b6-7ddc2ef6dd91,b5815453-a0c1-4430-9552-b830f8f6541b,f7ebed74-4110-451a-879f-3affd98b50df,1632058011903,13.5977127,52.4492372,6.1947627,-0.35994297,-8.378485,-2.3763394,on bike mount,cyclo cross,True,fine gravel,good
45932fbb-b1e0-4c03-a5b6-7ddc2ef6dd91,b5815453-a0c1-4430-9552-b830f8f6541b,6944b508-3cd9-41ca-a92f-c064a84718f3,1632058011970,13.5977127,52.4492372,6.1947627,0.9888971,-2.4323654,2.5895815,on bike mount,cyclo cross,True,fine gravel,good
45932fbb-b1e0-4c03-a5b6-7ddc2ef6dd91,b5815453-a0c1-4430-9552-b830f8f6541b,817107ee-2826-4b0b-bdef-a1aa8e8d81db,1632058012036,13.5977127,52.4492372,6.1947627,0.24901842,5.669175,-2.8421369,on bike mount,cyclo cross,True,fine gravel,good
45932fbb-b1e0-4c03-a5b6-7ddc2ef6dd91,b5815453-a0c1-4430-9552-b830f8f6541b,7b6d6002-fed6-4044-8d22-7865c4b04159,1632058012086,13.5977127,52.4492372,6.1947627,2.3445973,-5.897209,0.968606,on bike mount,cyclo cross,True,fine gravel,good
45932fbb-b1e0-4c03-a5b6-7ddc2ef6dd91,b5815453-a0c1-4430-9552-b830f8f6541b,bee22fde-413a-4e27-9967-b7debf341e3c,1632058012137,13.5977127,52.4492372,6.1947627,-1.7181447,2.4223928,0.6586695,on bike mount,cyclo cross,True,fine gravel,good
45932fbb-b1e0-4c03-a5b6-7ddc2ef6dd91,b5815453-a0c1-4430-9552-b830f8f6541b,dd107a6d-e287-4032-9904-a5fe8071abce,1632058012187,13.5977127,52.4492372,6.1947627,-0.565675,-6.742036,-0.44864178,on bike mount,cyclo cross,True,fine gravel,good
45932fbb-b1e0-4c03-a5b6-7ddc2ef6dd91,b5815453-a0c1-4430-9552-b830f8f6541b,e63a9c3d-6890-46cf-a04a-6845d27dce24,1632058012254,13.5977127,52.4492372,6.1947627,-0.6027551,-2.042954,-2.8743248,on bike mount,cyclo cross,True,fine gravel,good
45932fbb-b1e0-4c03-a5b6-7ddc2ef6dd91,b5815453-a0c1-4430-9552-b830f8f6541b,2ef64acd-0e07-4889-8548-2dd0efa78697,1632058012304,13.5977127,52.4492372,6.1947627,-1.4592621,-3.8046904,-4.431554,on bike mount,cyclo cross,True,fine gravel,good
45932fbb-b1e0-4c03-a5b6-7ddc2ef6dd91,b5815453-a0c1-4430-9552-b830f8f6541b,d6ea5ba9-99bc-43a1-8f98-a1f2ebb1a108,1632058012371,13.5977127,52.4492372,6.1947627,2.8918312,-1.0139577,-4.9795275,on bike mount,cyclo cross,True,fine gravel,good
45932fbb-b1e0-4c03-a5b6-7ddc2ef6dd91,b5815453-a0c1-4430-9552-b830f8f6541b,78342925-8742-480a-9b37-40544dded0c2,1632058012438,13.5977127,52.4492372,6.1947627,0.69240934,0.4079132,3.2926836,on bike mount,cyclo cross,True,fine gravel,good
45932fbb-b1e0-4c03-a5b6-7ddc2ef6dd91,b5815453-a0c1-4430-9552-b830f8f6541b,dd4022a2-e4e1-49c1-82f6-c094e0d81e60,1632058012488,13.5977127,52.4492372,6.1947627,0.33368677,-1.883917,2.2372093,on bike mount,cyclo cross,True,fine gravel,good
45932fbb-b1e0-4c03-a5b6-7ddc2ef6dd91,b5815453-a0c1-4430-9552-b830f8f6541b,3391e62b-53ea-486f-a221-bc77e391ecb8,1632058012555,13.5978019,52.4492199,6.9075637,0.8228994,-1.7121468,1.7987366,on bike mount,cyclo cross,True,fine gravel,good
45932fbb-b1e0-4c03-a5b6-7ddc2ef6dd91,b5815453-a0c1-4430-9552-b830f8f6541b,1336cbbc-8844-4d2c-9aba-9dc76b0ed697,1632058012622,13.5978019,52.4492199,6.9075637,0.14303645,5.7909703,0.65361404,on bike mount,cyclo cross,True,fine gravel,good
45932fbb-b1e0-4c03-a5b6-7ddc2ef6dd91,b5815453-a0c1-4430-9552-b830f8f6541b,f1312365-459f-4fff-b92d-d453da3e3f18,1632058012688,13.5978019,52.4492199,6.9075637,0.65497756,-2.125459,4.0711975,on bike mount,cyclo cross,True,fine gravel,good
45932fbb-b1e0-4c03-a5b6-7ddc2ef6dd91,b5815453-a0c1-4430-9552-b830f8f6541b,b17af883-de8f-4593-85cc-27aa468dca01,1632058012738,13.5978019,52.4492199,6.9075637,-0.8843001,4.999659,0.32639885,on bike mount,cyclo cross,True,fine gravel,good
45932fbb-b1e0-4c03-a5b6-7ddc2ef6dd91,b5815453-a0c1-4430-9552-b830f8f6541b,376a6bc7-e797-4ceb-9118-b345eee87981,1632058012805,13.5978019,52.4492199,6.9075637,1.2577808,0.15074205,-3.7808857,on bike mount,cyclo cross,True,fine gravel,good
45932fbb-b1e0-4c03-a5b6-7ddc2ef6dd91,b5815453-a0c1-4430-9552-b830f8f6541b,e435593a-b63a-4897-9286-0531ff24a570,1632058012872,13.5978019,52.4492199,6.9075637,-1.4628677,-0.25327396,-0.19257927,on bike mount,cyclo cross,True,fine gravel,good
45932fbb-b1e0-4c03-a5b6-7ddc2ef6dd91,b5815453-a0c1-4430-9552-b830f8f6541b,6292e462-db2b-4ca7-8e66-f595bd96df1c,1632058012939,13.5978019,52.4492199,6.9075637,2.0348935,-3.5570412,-0.8057537,on bike mount,cyclo cross,True,fine gravel,good
45932fbb-b1e0-4c03-a5b6-7ddc2ef6dd91,b5815453-a0c1-4430-9552-b830f8f6541b,fd0657dd-8f2c-4942-bc6f-93e15401ce1b,1632058013005,13.5978019,52.4492199,6.9075637,-0.18028778,-2.2363038,0.30595684,on bike mount,cyclo cross,True,fine gravel,good
45932fbb-b1e0-4c03-a5b6-7ddc2ef6dd91,b5815453-a0c1-4430-9552-b830f8f6541b,6c605a53-953c-42d3-b2c4-c1a286c0db68,1632058013055,13.5978019,52.4492199,6.9075637,1.1510828,-4.3226547,1.4331083,on bike mount,cyclo cross,True,fine gravel,good
45932fbb-b1e0-4c03-a5b6-7ddc2ef6dd91,b5815453-a0c1-4430-9552-b830f8f6541b,5bb519b5-be3a-42b7-b80c-003875ae9d8a,1632058013122,13.5978019,52.4492199,6.9075637,-0.6626508,0.092166185,-0.015305519,on bike mount,cyclo cross,True,fine gravel,good
45932fbb-b1e0-4c03-a5b6-7ddc2ef6dd91,b5815453-a0c1-4430-9552-b830f8f6541b,bfb55b51-dc52-4fb0-a746-95aa7361d7b8,1632058013189,13.5978019,52.4492199,6.9075637,-0.5806581,-2.3335605,0.119226456,on bike mount,cyclo cross,True,fine gravel,good
45932fbb-b1e0-4c03-a5b6-7ddc2ef6dd91,b5815453-a0c1-4430-9552-b830f8f6541b,db152f57-1ce5-4d6d-8d8a-626e66d1f320,1632058013256,13.5978019,52.4492199,6.9075637,0.09473942,-1.3571558,2.677187,on bike mount,cyclo cross,True,fine gravel,good
45932fbb-b1e0-4c03-a5b6-7ddc2ef6dd91,b5815453-a0c1-4430-9552-b830f8f6541b,2938a245-2c37-422c-8e19-9298fdc4026a,1632058013322,13.5978019,52.4492199,6.9075637,-1.1874185,-3.9569952,2.7421608,on bike mount,cyclo cross,True,fine gravel,good
45932fbb-b1e0-4c03-a5b6-7ddc2ef6dd91,b5815453-a0c1-4430-9552-b830f8f6541b,cc0a6d0b-9cb0-488c-91d5-45e21dde4f2e,1632058013373,13.5978019,52.4492199,6.9075637,-0.14214791,-4.750153,-0.7299557,on bike mount,cyclo cross,True,fine gravel,good
45932fbb-b1e0-4c03-a5b6-7ddc2ef6dd91,b5815453-a0c1-4430-9552-b830f8f6541b,a493d095-728a-4dc7-850f-51558926d760,1632058013423,13.5978019,52.4492199,6.9075637,1.6637669,3.80231,-0.27894688,on bike mount,cyclo cross,True,fine gravel,good
45932fbb-b1e0-4c03-a5b6-7ddc2ef6dd91,b5815453-a0c1-4430-9552-b830f8f6541b,df22a04f-b30d-412f-b2e3-abdd00126885,1632058013489,13.5978019,52.4492199,6.9075637,-0.6606401,-3.0939875,-1.8077807,on bike mount,cyclo cross,True,fine gravel,good
45932fbb-b1e0-4c03-a5b6-7ddc2ef6dd91,b5815453-a0c1-4430-9552-b830f8f6541b,e879d737-ef1e-4f60-9905-eab594c8a148,1632058013540,13.5979018,52.4492072,6.524144,-0.19886094,0.7655556,7.709399,on bike mount,cyclo cross,True,fine gravel,good
45932fbb-b1e0-4c03-a5b6-7ddc2ef6dd91,b5815453-a0c1-4430-9552-b830f8f6541b,8a5239e8-5e2d-4082-8b61-cadc476b9560,1632058013590,13.5979018,52.4492072,6.524144,-1.4308505,2.9644175,4.4451876,on bike mount,cyclo cross,True,fine gravel,good
45932fbb-b1e0-4c03-a5b6-7ddc2ef6dd91,b5815453-a0c1-4430-9552-b830f8f6541b,96d47520-6768-40c6-a5c1-c417a6f76af8,1632058013640,13.5979018,52.4492072,6.524144,-0.60860896,5.557401,2.497653,on bike mount,cyclo cross,True,fine gravel,good
45932fbb-b1e0-4c03-a5b6-7ddc2ef6dd91,b5815453-a0c1-4430-9552-b830f8f6541b,07d58a29-fdab-4652-845c-859ece9d0468,1632058013707,13.5979018,52.4492072,6.524144,0.49441057,-3.9015753,-5.7715616,on bike mount,cyclo cross,True,fine gravel,good
45932fbb-b1e0-4c03-a5b6-7ddc2ef6dd91,b5815453-a0c1-4430-9552-b830f8f6541b,040f6281-6c7e-49a7-9b6b-a9ff16e05a0b,1632058013773,13.5979018,52.4492072,6.524144,1.9084607,5.1193376,2.4979706,on bike mount,cyclo cross,True,fine gravel,good
45932fbb-b1e0-4c03-a5b6-7ddc2ef6dd91,b5815453-a0c1-4430-9552-b830f8f6541b,314c647b-9070-4171-81ae-3ec51fdd1542,1632058013824,13.5979018,52.4492072,6.524144,0.49318016,-5.397326,-5.973742,on bike mount,cyclo cross,True,fine gravel,good
45932fbb-b1e0-4c03-a5b6-7ddc2ef6dd91,b5815453-a0c1-4430-9552-b830f8f6541b,b4ed3ed4-cadd-4da4-89f3-25d824738b0a,1632058013890,13.5979018,52.4492072,6.524144,-0.09049061,0.6897392,-1.716228,on bike mount,cyclo cross,True,fine gravel,good
45932fbb-b1e0-4c03-a5b6-7ddc2ef6dd91,b5815453-a0c1-4430-9552-b830f8f6541b,614538ab-03f2-454f-93c0-d6ddea3263a6,1632058013941,13.5979018,52.4492072,6.524144,0.85835636,-3.5769966,-3.3987694,on bike mount,cyclo cross,True,fine gravel,good
45932fbb-b1e0-4c03-a5b6-7ddc2ef6dd91,b5815453-a0c1-4430-9552-b830f8f6541b,ca20a120-6121-44ce-9aaa-963a64570eab,1632058014008,13.5979018,52.4492072,6.524144,1.3384998,-6.3091846,0.5309639,on bike mount,cyclo cross,True,fine gravel,good
45932fbb-b1e0-4c03-a5b6-7ddc2ef6dd91,b5815453-a0c1-4430-9552-b830f8f6541b,f5810782-3384-421d-b317-72b9dc78a477,1632058014074,13.5979018,52.4492072,6.524144,0.7686137,4.725065,4.980983,on bike mount,cyclo cross,True,fine gravel,good
45932fbb-b1e0-4c03-a5b6-7ddc2ef6dd91,b5815453-a0c1-4430-9552-b830f8f6541b,149ec8b5-3133-4184-9e19-3e8ec0a87ee8,1632058014141,13.5979018,52.4492072,6.524144,-1.218994,1.6117959,-0.45811749,on bike mount,cyclo cross,True,fine gravel,good
45932fbb-b1e0-4c03-a5b6-7ddc2ef6dd91,b5815453-a0c1-4430-9552-b830f8f6541b,b10e8a8b-d52d-4f97-b3ab-f870de794dd0,1632058014191,13.5979018,52.4492072,6.524144,0.93935615,7.209411,-2.8715649,on bike mount,cyclo cross,True,fine gravel,good
45932fbb-b1e0-4c03-a5b6-7ddc2ef6dd91,b5815453-a0c1-4430-9552-b830f8f6541b,b9f06555-bdf2-4877-b819-011a545c5b97,1632058014242,13.5979018,52.4492072,6.524144,1.6904329,5.996093,-0.84081984,on bike mount,cyclo cross,True,fine gravel,good
45932fbb-b1e0-4c03-a5b6-7ddc2ef6dd91,b5815453-a0c1-4430-9552-b830f8f6541b,ccf9d393-9a37-4e05-a996-01990c6a6068,1632058014308,13.5979018,52.4492072,6.524144,-0.6621717,-6.316128,-1.1820383,on bike mount,cyclo cross,True,fine gravel,good
45932fbb-b1e0-4c03-a5b6-7ddc2ef6dd91,b5815453-a0c1-4430-9552-b830f8f6541b,57bec48d-c690-436d-8e4c-ac48e63602d4,1632058014375,13.5979018,52.4492072,6.524144,-0.7501783,-0.3951435,3.2803917,on bike mount,cyclo cross,True,fine gravel,good
45932fbb-b1e0-4c03-a5b6-7ddc2ef6dd91,b5815453-a0c1-4430-9552-b830f8f6541b,99317d4f-16ee-4e6b-bbf8-17bce303ae82,1632058014442,13.5979018,52.4492072,6.524144,-0.7977342,3.6836944,1.3580856,on bike mount,cyclo cross,True,fine gravel,good
45932fbb-b1e0-4c03-a5b6-7ddc2ef6dd91,b5815453-a0c1-4430-9552-b830f8f6541b,bb0da338-a9c6-4a2c-b828-2e09f29160ad,1632058014509,13.5979018,52.4492072,6.524144,-1.2780342,3.8714328,-7.128475,on bike mount,cyclo cross,True,fine gravel,good
45932fbb-b1e0-4c03-a5b6-7ddc2ef6dd91,b5815453-a0c1-4430-9552-b830f8f6541b,156b05e4-8261-4808-b974-b1921206240a,1632058014575,13.5979879,52.4491952,6.1842184,1.9676378,5.6863947,2.6097393,on bike mount,cyclo cross,True,fine gravel,good
45932fbb-b1e0-4c03-a5b6-7ddc2ef6dd91,b5815453-a0c1-4430-9552-b830f8f6541b,b6873cad-fede-41b3-9769-42af4ff74b3a,1632058014664,13.5979879,52.4491952,6.1842184,-1.7203835,-1.3971741,-2.9803028,on bike mount,cyclo cross,True,fine gravel,good
45932fbb-b1e0-4c03-a5b6-7ddc2ef6dd91,b5815453-a0c1-4430-9552-b830f8f6541b,47db1202-abc8-4c47-8411-53b7ed9808dc,1632058014725,13.5979879,52.4491952,6.1842184,-0.84783757,-2.1000175,7.4378986,on bike mount,cyclo cross,True,fine gravel,good
45932fbb-b1e0-4c03-a5b6-7ddc2ef6dd91,b5815453-a0c1-4430-9552-b830f8f6541b,64ef7836-b001-4581-9dfb-5ec07501217f,1632058014776,13.5979879,52.4491952,6.1842184,0.76874703,-4.000292,2.3317614,on bike mount,cyclo cross,True,fine gravel,good
45932fbb-b1e0-4c03-a5b6-7ddc2ef6dd91,b5815453-a0c1-4430-9552-b830f8f6541b,d17c5dcf-d5f7-4645-b3c8-5b2be8b78373,1632058014843,13.5979879,52.4491952,6.1842184,-1.7661247,-2.9528706,-1.5075326,on bike mount,cyclo cross,True,fine gravel,good
45932fbb-b1e0-4c03-a5b6-7ddc2ef6dd91,b5815453-a0c1-4430-9552-b830f8f6541b,f1d440c7-7e7a-4bfc-b06d-8389039144f1,1632058014910,13.5979879,52.4491952,6.1842184,1.8830175,2.3088017,-5.549844,on bike mount,cyclo cross,True,fine gravel,good
45932fbb-b1e0-4c03-a5b6-7ddc2ef6dd91,b5815453-a0c1-4430-9552-b830f8f6541b,e26c65e4-9e82-4e64-9f8a-19e6a344350d,1632058014977,13.5979879,52.4491952,6.1842184,-1.2118777,-1.1734433,-0.31986237,on bike mount,cyclo cross,True,fine gravel,good
45932fbb-b1e0-4c03-a5b6-7ddc2ef6dd91,b5815453-a0c1-4430-9552-b830f8f6541b,b0bb8844-7589-4d86-8551-ae24f0cf87c9,1632058015043,13.5979879,52.4491952,6.1842184,0.26103103,-0.5855353,8.891018,on bike mount,cyclo cross,True,fine gravel,good
45932fbb-b1e0-4c03-a5b6-7ddc2ef6dd91,b5815453-a0c1-4430-9552-b830f8f6541b,aee5592e-63ea-44c9-827c-de6a1985ee87,1632058015094,13.5979879,52.4491952,6.1842184,3.1129808,-9.433701,-1.8575239,on bike mount,cyclo cross,True,fine gravel,good
45932fbb-b1e0-4c03-a5b6-7ddc2ef6dd91,b5815453-a0c1-4430-9552-b830f8f6541b,89cf34fb-196c-4f94-8a8b-32693f2a2e12,1632058015160,13.5979879,52.4491952,6.1842184,0.35228768,-2.827883,-3.7845502,on bike mount,cyclo cross,True,fine gravel,good
45932fbb-b1e0-4c03-a5b6-7ddc2ef6dd91,b5815453-a0c1-4430-9552-b830f8f6541b,2e7c7d33-d38b-4072-8077-a1c04c927ad9,1632058015227,13.5979879,52.4491952,6.1842184,-0.7326646,1.4489298,0.20215511,on bike mount,cyclo cross,True,fine gravel,good
45932fbb-b1e0-4c03-a5b6-7ddc2ef6dd91,b5815453-a0c1-4430-9552-b830f8f6541b,329bea20-2f46-400e-a9ff-878fad610af1,1632058015294,13.5979879,52.4491952,6.1842184,-0.16262996,-1.4754996,1.7241573,on bike mount,cyclo cross,True,fine gravel,good
45932fbb-b1e0-4c03-a5b6-7ddc2ef6dd91,b5815453-a0c1-4430-9552-b830f8f6541b,af154735-a7a1-4e11-8d40-e9dd72ed9667,1632058015360,13.5979879,52.4491952,6.1842184,-0.33941954,-1.5288581,1.0238628,on bike mount,cyclo cross,True,fine gravel,good
45932fbb-b1e0-4c03-a5b6-7ddc2ef6dd91,b5815453-a0c1-4430-9552-b830f8f6541b,9f239574-aaa8-4d6a-8ce9-2beb034d7762,1632058015411,13.5979879,52.4491952,6.1842184,-1.507763,2.8523364,-3.3686132,on bike mount,cyclo cross,True,fine gravel,good
45932fbb-b1e0-4c03-a5b6-7ddc2ef6dd91,b5815453-a0c1-4430-9552-b830f8f6541b,0d8bed80-2f86-4b23-b6f7-43745ca7c92b,1632058015478,13.5979879,52.4491952,6.1842184,0.109499015,0.6714959,6.856517,on bike mount,cyclo cross,True,fine gravel,good
45932fbb-b1e0-4c03-a5b6-7ddc2ef6dd91,b5815453-a0c1-4430-9552-b830f8f6541b,c806cace-3500-44b5-8120-ce2ca9757c09,1632058015545,13.5979879,52.4491952,6.1842184,-1.7793095,-2.2036223,-5.191471,on bike mount,cyclo cross,True,fine gravel,good
45932fbb-b1e0-4c03-a5b6-7ddc2ef6dd91,b5815453-a0c1-4430-9552-b830f8f6541b,3b3bf917-39e2-4188-9b6a-6c68c8794383,1632058015611,13.5980977,52.4491793,7.5626597,2.1204934,4.919625,0.54408646,on bike mount,cyclo cross,True,fine gravel,good
45932fbb-b1e0-4c03-a5b6-7ddc2ef6dd91,b5815453-a0c1-4430-9552-b830f8f6541b,8ec51ee2-3ce8-4b8d-b1d5-a34d99db4839,1632058015661,13.5980977,52.4491793,7.5626597,-1.8832928,4.5153403,4.0754204,on bike mount,cyclo cross,True,fine gravel,good
45932fbb-b1e0-4c03-a5b6-7ddc2ef6dd91,b5815453-a0c1-4430-9552-b830f8f6541b,d74fa3c0-8f1a-4dcf-ad1b-d8531207607e,1632058015728,13.5980977,52.4491793,7.5626597,2.4016497,0.76150274,6.429595,on bike mount,cyclo cross,True,fine gravel,good
45932fbb-b1e0-4c03-a5b6-7ddc2ef6dd91,b5815453-a0c1-4430-9552-b830f8f6541b,ca476739-0528-40bb-b71d-9f153649728d,1632058015795,13.5980977,52.4491793,7.5626597,-1.54662,5.8661995,-0.57581234,on bike mount,cyclo cross,True,fine gravel,good
45932fbb-b1e0-4c03-a5b6-7ddc2ef6dd91,b5815453-a0c1-4430-9552-b830f8f6541b,4c2f2fbb-3adc-421a-97bf-9fb903cd8778,1632058015862,13.5980977,52.4491793,7.5626597,-0.6054094,3.4270906,-1.1393809,on bike mount,cyclo cross,True,fine gravel,good
45932fbb-b1e0-4c03-a5b6-7ddc2ef6dd91,b5815453-a0c1-4430-9552-b830f8f6541b,83240dbc-311d-4269-9ede-9513e32dddbc,1632058015928,13.5980977,52.4491793,7.5626597,-1.6083032,1.433785,6.9702663,on bike mount,cyclo cross,True,fine gravel,good
45932fbb-b1e0-4c03-a5b6-7ddc2ef6dd91,b5815453-a0c1-4430-9552-b830f8f6541b,59552406-fbcd-4b23-939a-85020b2602a1,1632058015979,13.5980977,52.4491793,7.5626597,-0.19725764,2.302484,5.3064995,on bike mount,cyclo cross,True,fine gravel,good
45932fbb-b1e0-4c03-a5b6-7ddc2ef6dd91,b5815453-a0c1-4430-9552-b830f8f6541b,7e913cbe-bb93-4a58-98b5-6ceea4993e67,1632058016046,13.5980977,52.4491793,7.5626597,0.43425685,1.5878048,3.3296003,on bike mount,cyclo cross,True,fine gravel,good
45932fbb-b1e0-4c03-a5b6-7ddc2ef6dd91,b5815453-a0c1-4430-9552-b830f8f6541b,a2828ef7-65d5-4794-bc81-a9803f2bc265,1632058016112,13.5980977,52.4491793,7.5626597,-0.29045996,-2.8686926,3.1479692,on bike mount,cyclo cross,True,fine gravel,good
45932fbb-b1e0-4c03-a5b6-7ddc2ef6dd91,b5815453-a0c1-4430-9552-b830f8f6541b,4c7b8ed5-3230-466b-bb89-8e550850a9f8,1632058016179,13.5980977,52.4491793,7.5626597,0.97464573,-0.81748486,-1.9489398,on bike mount,cyclo cross,True,fine gravel,good
45932fbb-b1e0-4c03-a5b6-7ddc2ef6dd91,b5815453-a0c1-4430-9552-b830f8f6541b,73bb604e-2f49-4c20-8886-2c4cc8546e39,1632058016246,13.5980977,52.4491793,7.5626597,-1.7241597,4.387384,-1.4111319,on bike mount,cyclo cross,True,fine gravel,good
45932fbb-b1e0-4c03-a5b6-7ddc2ef6dd91,b5815453-a0c1-4430-9552-b830f8f6541b,460c3243-d941-4856-817e-781b53eb92ae,1632058016313,13.5980977,52.4491793,7.5626597,-0.5092938,2.4387393,2.3562078,on bike mount,cyclo cross,True,fine gravel,good
45932fbb-b1e0-4c03-a5b6-7ddc2ef6dd91,b5815453-a0c1-4430-9552-b830f8f6541b,9479eb3d-fd8a-4c84-b8ba-f67b975681dc,1632058016379,13.5980977,52.4491793,7.5626597,0.21313253,-3.303262,-3.6412005,on bike mount,cyclo cross,True,fine gravel,good
45932fbb-b1e0-4c03-a5b6-7ddc2ef6dd91,b5815453-a0c1-4430-9552-b830f8f6541b,09357a5a-1c9b-4263-b70d-eb1adb40b3d1,1632058016430,13.5980977,52.4491793,7.5626597,3.2798243,-0.98048425,0.048231125,on bike mount,cyclo cross,True,fine gravel,good
45932fbb-b1e0-4c03-a5b6-7ddc2ef6dd91,b5815453-a0c1-4430-9552-b830f8f6541b,a91f2ef6-7eae-4459-b95f-448a66d47b92,1632058016496,13.5980977,52.4491793,7.5626597,-1.3966755,-1.1188428,0.21696377,on bike mount,cyclo cross,True,fine gravel,good
45932fbb-b1e0-4c03-a5b6-7ddc2ef6dd91,b5815453-a0c1-4430-9552-b830f8f6541b,04936422-26ed-46cf-bef1-2449f721cdfc,1632058016546,13.5981762,52.4491557,6.599202,-0.810992,-2.3654509,-0.73763657,on bike mount,cyclo cross,True,fine gravel,good
45932fbb-b1e0-4c03-a5b6-7ddc2ef6dd91,b5815453-a0c1-4430-9552-b830f8f6541b,c2900e6c-640a-40f4-a5c9-0fc23af57781,1632058016613,13.5981762,52.4491557,6.599202,0.49751526,-0.7742994,-2.1013598,on bike mount,cyclo cross,True,fine gravel,good
45932fbb-b1e0-4c03-a5b6-7ddc2ef6dd91,b5815453-a0c1-4430-9552-b830f8f6541b,382f4b15-2f91-4974-859b-072924413f9d,1632058016680,13.5981762,52.4491557,6.599202,-1.6144551,6.977104,-0.62136364,on bike mount,cyclo cross,True,fine gravel,good
45932fbb-b1e0-4c03-a5b6-7ddc2ef6dd91,b5815453-a0c1-4430-9552-b830f8f6541b,1cc13df1-028d-41d8-99a9-19d7ad1a3ec0,1632058016747,13.5981762,52.4491557,6.599202,1.0030453,7.102567,-1.0141683,on bike mount,cyclo cross,True,fine gravel,good
45932fbb-b1e0-4c03-a5b6-7ddc2ef6dd91,b5815453-a0c1-4430-9552-b830f8f6541b,cd9e02a0-fe7d-486e-9937-4d31c49d2097,1632058016813,13.5981762,52.4491557,6.599202,-0.06110871,0.38991117,0.571846,on bike mount,cyclo cross,True,fine gravel,good
45932fbb-b1e0-4c03-a5b6-7ddc2ef6dd91,b5815453-a0c1-4430-9552-b830f8f6541b,ea9f57a3-7a3a-48aa-884e-b1ff888d0ff0,1632058016864,13.5981762,52.4491557,6.599202,0.07345419,-2.1418653,4.749503,on bike mount,cyclo cross,True,fine gravel,good
45932fbb-b1e0-4c03-a5b6-7ddc2ef6dd91,b5815453-a0c1-4430-9552-b830f8f6541b,ef5a1a03-06f9-474b-975c-d1bc283b6089,1632058016930,13.5981762,52.4491557,6.599202,0.102590725,-1.6149448,2.4722042,on bike mount,cyclo cross,True,fine gravel,good
45932fbb-b1e0-4c03-a5b6-7ddc2ef6dd91,b5815453-a0c1-4430-9552-b830f8f6541b,cb8ea1ef-e2e6-49e9-831c-2db3e3ad91ef,1632058016981,13.5981762,52.4491557,6.599202,0.18998611,-0.5916661,1.3778763,on bike mount,cyclo cross,True,fine gravel,good
45932fbb-b1e0-4c03-a5b6-7ddc2ef6dd91,b5815453-a0c1-4430-9552-b830f8f6541b,30f00331-30cd-404c-9059-e5461cf5628d,1632058017048,13.5981762,52.4491557,6.599202,-0.51183677,-1.1942499,8.310812,on bike mount,cyclo cross,True,fine gravel,good
45932fbb-b1e0-4c03-a5b6-7ddc2ef6dd91,b5815453-a0c1-4430-9552-b830f8f6541b,463c93ce-a025-4983-a8f0-0103889f96d1,1632058017098,13.5981762,52.4491557,6.599202,0.8097403,-9.513342,-3.3574224,on bike mount,cyclo cross,True,fine gravel,good
45932fbb-b1e0-4c03-a5b6-7ddc2ef6dd91,b5815453-a0c1-4430-9552-b830f8f6541b,78846845-9434-455a-954e-183f16ad7cc8,1632058017165,13.5981762,52.4491557,6.599202,-0.829671,3.5405388,-5.862789,on bike mount,cyclo cross,True,fine gravel,good
