bike_activity_uid,bike_activity_sample_uid,bike_activity_measurement,bike_activity_measurement_timestamp,bike_activity_measurement_lon,bike_activity_measurement_lat,bike_activity_measurement_speed,bike_activity_measurement_accelerometer_x,bike_activity_measurement_accelerometer_y,bike_activity_measurement_accelerometer_z,bike_activity_phone_position,bike_activity_bike_type,bike_activity_flagged_lab_conditions,bike_activity_surface_type,bike_activity_smoothness_type
483ee7a5-1d9c-4e43-b635-efe680ae580a,04edc0a8-8dcb-48c9-87d1-200d78821942,5f5e6706-a08e-459c-bd6b-1332df5a6270,1643974418966,13.4123328,52.4726981,6.122387,3.1095119,11.210718,-7.1802263,on bike mount,cyclo cross,True,paving stones,good
483ee7a5-1d9c-4e43-b635-efe680ae580a,04edc0a8-8dcb-48c9-87d1-200d78821942,3084c05a-c757-494d-a987-c97edf172e9a,1643974419021,13.4123328,52.4726981,6.122387,-2.6445322,0.24560452,-6.626367,on bike mount,cyclo cross,True,paving stones,good
483ee7a5-1d9c-4e43-b635-efe680ae580a,04edc0a8-8dcb-48c9-87d1-200d78821942,d8db5f43-c82c-4fc7-a250-7bab13999699,1643974419093,13.4123328,52.4726981,6.122387,-3.0625334,-14.429401,13.444776,on bike mount,cyclo cross,True,paving stones,good
483ee7a5-1d9c-4e43-b635-efe680ae580a,04edc0a8-8dcb-48c9-87d1-200d78821942,703eb31a-9bfe-437e-9243-42935207a0aa,1643974419149,13.4123328,52.4726981,6.122387,-1.0909837,6.3070054,-3.7391453,on bike mount,cyclo cross,True,paving stones,good
483ee7a5-1d9c-4e43-b635-efe680ae580a,04edc0a8-8dcb-48c9-87d1-200d78821942,cf8c62fa-c327-4d82-aaf8-d834aebbb6cf,1643974419200,13.4123328,52.4726981,6.122387,-3.0784712,-4.9062324,5.360688,on bike mount,cyclo cross,True,paving stones,good
483ee7a5-1d9c-4e43-b635-efe680ae580a,04edc0a8-8dcb-48c9-87d1-200d78821942,1ca7c278-7930-4f51-8949-d525bbb22604,1643974419268,13.4123328,52.4726981,6.122387,-1.8764719,7.3806267,-6.957151,on bike mount,cyclo cross,True,paving stones,good
483ee7a5-1d9c-4e43-b635-efe680ae580a,04edc0a8-8dcb-48c9-87d1-200d78821942,44998787-adee-40fd-b4c0-a7d1a50ba3ff,1643974419332,13.4123328,52.4726981,6.122387,-0.035057187,-7.067853,8.20859,on bike mount,cyclo cross,True,paving stones,good
483ee7a5-1d9c-4e43-b635-efe680ae580a,04edc0a8-8dcb-48c9-87d1-200d78821942,ea328da4-3adc-49e8-95d1-26d84356418b,1643974419392,13.4123328,52.4726981,6.122387,0.13082993,-2.8262446,7.608056,on bike mount,cyclo cross,True,paving stones,good
483ee7a5-1d9c-4e43-b635-efe680ae580a,04edc0a8-8dcb-48c9-87d1-200d78821942,983160cb-f46a-45d3-9a67-55a1477418db,1643974419464,13.4123328,52.4726981,6.122387,-1.2269022,2.1707292,-1.4844961,on bike mount,cyclo cross,True,paving stones,good
483ee7a5-1d9c-4e43-b635-efe680ae580a,04edc0a8-8dcb-48c9-87d1-200d78821942,551746d4-d371-4be6-8571-938c04be2b45,1643974419517,13.4124197,52.4727074,6.157433,-0.10434878,-1.2198098,7.135257,on bike mount,cyclo cross,True,paving stones,good
483ee7a5-1d9c-4e43-b635-efe680ae580a,04edc0a8-8dcb-48c9-87d1-200d78821942,1b8af37e-843c-466e-b0aa-364930044ab9,1643974419580,13.4124197,52.4727074,6.157433,0.14918387,-1.8851728,10.575879,on bike mount,cyclo cross,True,paving stones,good
483ee7a5-1d9c-4e43-b635-efe680ae580a,04edc0a8-8dcb-48c9-87d1-200d78821942,43ce3840-94b1-44af-827f-78dced74b223,1643974419642,13.4124197,52.4727074,6.157433,-0.4847492,3.202653,-2.8410006,on bike mount,cyclo cross,True,paving stones,good
483ee7a5-1d9c-4e43-b635-efe680ae580a,04edc0a8-8dcb-48c9-87d1-200d78821942,a6442f43-124c-4406-b00a-072357ef3bea,1643974419698,13.4124197,52.4727074,6.157433,-1.3743536,0.39016056,-3.0720327,on bike mount,cyclo cross,True,paving stones,good
483ee7a5-1d9c-4e43-b635-efe680ae580a,04edc0a8-8dcb-48c9-87d1-200d78821942,4cd3ec20-6389-4b57-8b94-25d25b0dc780,1643974419753,13.4124197,52.4727074,6.157433,0.13953388,-0.029132724,2.5081005,on bike mount,cyclo cross,True,paving stones,good
483ee7a5-1d9c-4e43-b635-efe680ae580a,04edc0a8-8dcb-48c9-87d1-200d78821942,8878cf60-a017-4be2-87a3-90b90f07dcdd,1643974419820,13.4124197,52.4727074,6.157433,1.5196146,-0.22447658,-7.456233,on bike mount,cyclo cross,True,paving stones,good
483ee7a5-1d9c-4e43-b635-efe680ae580a,04edc0a8-8dcb-48c9-87d1-200d78821942,41bfff4e-9541-425d-bbc6-f8504076ed54,1643974419884,13.4124197,52.4727074,6.157433,1.8542011,3.9504051,3.0294228,on bike mount,cyclo cross,True,paving stones,good
483ee7a5-1d9c-4e43-b635-efe680ae580a,04edc0a8-8dcb-48c9-87d1-200d78821942,42ff0218-090e-415d-9b77-eabeb4cb2783,1643974419936,13.4124197,52.4727074,6.157433,-3.528291,3.5272512,-6.888826,on bike mount,cyclo cross,True,paving stones,good
483ee7a5-1d9c-4e43-b635-efe680ae580a,04edc0a8-8dcb-48c9-87d1-200d78821942,dbc1ee67-e31f-4476-9209-33fd391dc27c,1643974420003,13.4124197,52.4727074,6.157433,-3.2115622,9.131497,-12.891771,on bike mount,cyclo cross,True,paving stones,good
483ee7a5-1d9c-4e43-b635-efe680ae580a,04edc0a8-8dcb-48c9-87d1-200d78821942,fb8c5b14-d868-4933-ace6-8b6d5ad9cd6e,1643974420066,13.4124197,52.4727074,6.157433,2.6703856,0.39217794,2.7421904,on bike mount,cyclo cross,True,paving stones,good
483ee7a5-1d9c-4e43-b635-efe680ae580a,04edc0a8-8dcb-48c9-87d1-200d78821942,fac9eec0-b615-478a-82a5-dd31348e3c26,1643974420117,13.4124197,52.4727074,6.157433,-0.8675501,0.77985597,-2.6236482,on bike mount,cyclo cross,True,paving stones,good
483ee7a5-1d9c-4e43-b635-efe680ae580a,04edc0a8-8dcb-48c9-87d1-200d78821942,8ba161d7-e13e-4f1d-b06f-1cbd7472d7f3,1643974420168,13.4124197,52.4727074,6.157433,0.68761873,-1.4589862,8.785616,on bike mount,cyclo cross,True,paving stones,good
483ee7a5-1d9c-4e43-b635-efe680ae580a,04edc0a8-8dcb-48c9-87d1-200d78821942,9ccdd24c-2e89-4e7a-80e1-3801bfa4fc2f,1643974420233,13.4124197,52.4727074,6.157433,0.30728233,1.3039007,7.5821114,on bike mount,cyclo cross,True,paving stones,good
483ee7a5-1d9c-4e43-b635-efe680ae580a,04edc0a8-8dcb-48c9-87d1-200d78821942,fa7af5a2-2b09-441d-b3f0-155d7e777dd5,1643974420284,13.4124197,52.4727074,6.157433,-0.1755102,4.871331,1.9980488,on bike mount,cyclo cross,True,paving stones,good
483ee7a5-1d9c-4e43-b635-efe680ae580a,04edc0a8-8dcb-48c9-87d1-200d78821942,eeec5f7f-0696-4b3a-8c00-cab478c3c0de,1643974420336,13.4124197,52.4727074,6.157433,0.23111385,0.024937272,-4.015346,on bike mount,cyclo cross,True,paving stones,good
483ee7a5-1d9c-4e43-b635-efe680ae580a,04edc0a8-8dcb-48c9-87d1-200d78821942,c9c5deea-91fa-4ec3-9814-213211584ca2,1643974420407,13.4124197,52.4727074,6.157433,-1.5707775,2.157497,-5.7652354,on bike mount,cyclo cross,True,paving stones,good
483ee7a5-1d9c-4e43-b635-efe680ae580a,04edc0a8-8dcb-48c9-87d1-200d78821942,02b3f27f-afa2-4acc-a905-17a1551d454b,1643974420471,13.4125048,52.472719,6.134303,-0.62235785,-2.5849864,0.5412035,on bike mount,cyclo cross,True,paving stones,good
483ee7a5-1d9c-4e43-b635-efe680ae580a,04edc0a8-8dcb-48c9-87d1-200d78821942,92f3ad81-12a0-4d98-97e1-85b9066d9715,1643974420521,13.4125048,52.472719,6.134303,0.57267654,-0.9182677,-1.6022573,on bike mount,cyclo cross,True,paving stones,good
483ee7a5-1d9c-4e43-b635-efe680ae580a,04edc0a8-8dcb-48c9-87d1-200d78821942,499f87ca-b915-48d0-8206-20806e0ee536,1643974420578,13.4125048,52.472719,6.134303,-0.5785447,-2.1053932,10.621176,on bike mount,cyclo cross,True,paving stones,good
483ee7a5-1d9c-4e43-b635-efe680ae580a,04edc0a8-8dcb-48c9-87d1-200d78821942,0dc81094-473c-4191-8cf4-e811995b29ac,1643974420648,13.4125048,52.472719,6.134303,0.606187,1.3109431,-4.156415,on bike mount,cyclo cross,True,paving stones,good
483ee7a5-1d9c-4e43-b635-efe680ae580a,04edc0a8-8dcb-48c9-87d1-200d78821942,8e82b3f0-6306-4143-93f2-a5986c5d6b9c,1643974420712,13.4125048,52.472719,6.134303,-0.969362,5.468507,13.004617,on bike mount,cyclo cross,True,paving stones,good
483ee7a5-1d9c-4e43-b635-efe680ae580a,04edc0a8-8dcb-48c9-87d1-200d78821942,72d0cc89-a9d3-4a21-ba0b-761191e067f3,1643974420783,13.4125048,52.472719,6.134303,0.093931615,-3.3734183,0.5085077,on bike mount,cyclo cross,True,paving stones,good
483ee7a5-1d9c-4e43-b635-efe680ae580a,04edc0a8-8dcb-48c9-87d1-200d78821942,5cc222d4-5eab-4758-baad-b136e8b75319,1643974420848,13.4125048,52.472719,6.134303,-0.4628706,-1.2150414,-12.8370695,on bike mount,cyclo cross,True,paving stones,good
483ee7a5-1d9c-4e43-b635-efe680ae580a,04edc0a8-8dcb-48c9-87d1-200d78821942,488c0ec5-1844-4124-ab4f-5f0738d4198f,1643974420903,13.4125048,52.472719,6.134303,-3.848802,-8.260918,36.24425,on bike mount,cyclo cross,True,paving stones,good
483ee7a5-1d9c-4e43-b635-efe680ae580a,04edc0a8-8dcb-48c9-87d1-200d78821942,1cbfa3d2-659c-47f6-812a-28893fb85ce4,1643974420964,13.4125048,52.472719,6.134303,0.83915305,-3.59083,20.405516,on bike mount,cyclo cross,True,paving stones,good
483ee7a5-1d9c-4e43-b635-efe680ae580a,04edc0a8-8dcb-48c9-87d1-200d78821942,37c4843d-3fad-4365-9ecc-186c5095c367,1643974421041,13.4125048,52.472719,6.134303,1.447835,-0.584218,-14.503336,on bike mount,cyclo cross,True,paving stones,good
483ee7a5-1d9c-4e43-b635-efe680ae580a,04edc0a8-8dcb-48c9-87d1-200d78821942,28c9771b-06ae-4fc6-bcc7-a6bc74e00382,1643974421105,13.4125048,52.472719,6.134303,-2.296389,-6.032999,15.893217,on bike mount,cyclo cross,True,paving stones,good
483ee7a5-1d9c-4e43-b635-efe680ae580a,04edc0a8-8dcb-48c9-87d1-200d78821942,fe86deb5-5860-4db4-b475-67483dbb60d3,1643974421156,13.4125048,52.472719,6.134303,2.4498398,-2.315813,-1.7830606,on bike mount,cyclo cross,True,paving stones,good
483ee7a5-1d9c-4e43-b635-efe680ae580a,04edc0a8-8dcb-48c9-87d1-200d78821942,d0308285-3202-4d74-99ad-197da96cb38c,1643974421217,13.4125048,52.472719,6.134303,-6.904644,25.551113,-42.84239,on bike mount,cyclo cross,True,paving stones,good
483ee7a5-1d9c-4e43-b635-efe680ae580a,04edc0a8-8dcb-48c9-87d1-200d78821942,6de7258e-d32f-4b53-8b29-59e6284007bc,1643974421273,13.4125048,52.472719,6.134303,1.4333212,-7.8541646,1.4877129,on bike mount,cyclo cross,True,paving stones,good
483ee7a5-1d9c-4e43-b635-efe680ae580a,04edc0a8-8dcb-48c9-87d1-200d78821942,6c46a08b-87fa-44a5-8ad7-64db67fb1494,1643974421341,13.4125048,52.472719,6.134303,0.9436468,-7.8431563,5.959179,on bike mount,cyclo cross,True,paving stones,good
483ee7a5-1d9c-4e43-b635-efe680ae580a,04edc0a8-8dcb-48c9-87d1-200d78821942,68eca987-a34b-4813-94a3-efb97a04eaad,1643974421399,13.4125048,52.472719,6.134303,-2.7882876,-2.406623,-11.376845,on bike mount,cyclo cross,True,paving stones,good
483ee7a5-1d9c-4e43-b635-efe680ae580a,04edc0a8-8dcb-48c9-87d1-200d78821942,bc41ff99-fd65-4c9a-8084-210b60eb2cd6,1643974421454,13.4125944,52.4727327,6.1497145,2.118156,-5.1471467,23.590302,on bike mount,cyclo cross,True,paving stones,good
483ee7a5-1d9c-4e43-b635-efe680ae580a,04edc0a8-8dcb-48c9-87d1-200d78821942,b8f4198c-66a9-4543-afaa-3004535dd0da,1643974421523,13.4125944,52.4727327,6.1497145,4.139007,0.7854836,2.7694302,on bike mount,cyclo cross,True,paving stones,good
483ee7a5-1d9c-4e43-b635-efe680ae580a,04edc0a8-8dcb-48c9-87d1-200d78821942,bfeafd6d-0dcd-4611-b8a9-e9f9458eb50b,1643974421582,13.4125944,52.4727327,6.1497145,-2.7165794,3.0161314,7.6965084,on bike mount,cyclo cross,True,paving stones,good
483ee7a5-1d9c-4e43-b635-efe680ae580a,04edc0a8-8dcb-48c9-87d1-200d78821942,14f50584-ca49-4c71-8acd-2dfa063a4577,1643974421655,13.4125944,52.4727327,6.1497145,0.89145637,0.45763445,-13.913871,on bike mount,cyclo cross,True,paving stones,good
483ee7a5-1d9c-4e43-b635-efe680ae580a,04edc0a8-8dcb-48c9-87d1-200d78821942,c66740b0-e680-431c-8258-e4531ef7b5ee,1643974421717,13.4125944,52.4727327,6.1497145,2.7805903,11.967632,-22.917675,on bike mount,cyclo cross,True,paving stones,good
483ee7a5-1d9c-4e43-b635-efe680ae580a,04edc0a8-8dcb-48c9-87d1-200d78821942,88fcda28-bbf8-40dd-be75-3ad76b710617,1643974421768,13.4125944,52.4727327,6.1497145,-1.336327,-11.015419,11.5021,on bike mount,cyclo cross,True,paving stones,good
483ee7a5-1d9c-4e43-b635-efe680ae580a,04edc0a8-8dcb-48c9-87d1-200d78821942,ae06dbb9-a110-40a9-b3d0-efb744927b93,1643974421822,13.4125944,52.4727327,6.1497145,1.2728469,5.666448,-11.412354,on bike mount,cyclo cross,True,paving stones,good
483ee7a5-1d9c-4e43-b635-efe680ae580a,04edc0a8-8dcb-48c9-87d1-200d78821942,a6a41e98-9e2f-46f0-ac15-d947b1a68e37,1643974421880,13.4125944,52.4727327,6.1497145,0.5866327,-3.6059551,11.169954,on bike mount,cyclo cross,True,paving stones,good
483ee7a5-1d9c-4e43-b635-efe680ae580a,04edc0a8-8dcb-48c9-87d1-200d78821942,bd71c9b3-4dec-48ff-84fd-8735d0cd08da,1643974421936,13.4125944,52.4727327,6.1497145,-3.8930304,11.683082,-30.77134,on bike mount,cyclo cross,True,paving stones,good
483ee7a5-1d9c-4e43-b635-efe680ae580a,04edc0a8-8dcb-48c9-87d1-200d78821942,ecf8b5c8-982a-45fc-9ad7-129413d93892,1643974422007,13.4125944,52.4727327,6.1497145,1.9167435,-2.4031181,-10.47732,on bike mount,cyclo cross,True,paving stones,good
483ee7a5-1d9c-4e43-b635-efe680ae580a,04edc0a8-8dcb-48c9-87d1-200d78821942,2b77f884-28b0-481f-9be4-ed1f21700dc8,1643974422067,13.4125944,52.4727327,6.1497145,-1.9192995,-4.132679,-0.5733738,on bike mount,cyclo cross,True,paving stones,good
483ee7a5-1d9c-4e43-b635-efe680ae580a,04edc0a8-8dcb-48c9-87d1-200d78821942,3045fa66-d023-4de1-9d37-d9b9f8c26b5b,1643974422131,13.4125944,52.4727327,6.1497145,-0.21643028,-2.0379963,5.5716248,on bike mount,cyclo cross,True,paving stones,good
483ee7a5-1d9c-4e43-b635-efe680ae580a,04edc0a8-8dcb-48c9-87d1-200d78821942,75e22732-8a60-461e-b042-79687d37fc9c,1643974422198,13.4125944,52.4727327,6.1497145,2.7435522,10.814466,-19.100159,on bike mount,cyclo cross,True,paving stones,good
483ee7a5-1d9c-4e43-b635-efe680ae580a,04edc0a8-8dcb-48c9-87d1-200d78821942,51c0375b-a0c5-4987-bbc2-248dbe3826ef,1643974422257,13.4125944,52.4727327,6.1497145,-0.7967887,-4.3728886,13.847528,on bike mount,cyclo cross,True,paving stones,good
483ee7a5-1d9c-4e43-b635-efe680ae580a,04edc0a8-8dcb-48c9-87d1-200d78821942,93dd3f5f-4619-4590-911c-91c9fbea4fc9,1643974422331,13.4125944,52.4727327,6.1497145,-0.5841161,5.4623623,-20.042042,on bike mount,cyclo cross,True,paving stones,good
483ee7a5-1d9c-4e43-b635-efe680ae580a,04edc0a8-8dcb-48c9-87d1-200d78821942,1306fc1a-16d9-45e7-a8fd-bfce4ded466d,1643974422389,13.4125944,52.4727327,6.1497145,-2.4776142,-6.0240803,17.812588,on bike mount,cyclo cross,True,paving stones,good
483ee7a5-1d9c-4e43-b635-efe680ae580a,04edc0a8-8dcb-48c9-87d1-200d78821942,7d657405-df79-4820-ad7d-468859926682,1643974422453,13.4125944,52.4727327,6.1497145,-3.5898807,-4.1555233,9.773073,on bike mount,cyclo cross,True,paving stones,good
483ee7a5-1d9c-4e43-b635-efe680ae580a,04edc0a8-8dcb-48c9-87d1-200d78821942,64469303-61ab-47a5-8b62-08b04a865593,1643974422506,13.4126829,52.4727479,6.056171,-1.9281603,-2.4304712,1.2337465,on bike mount,cyclo cross,True,paving stones,good
483ee7a5-1d9c-4e43-b635-efe680ae580a,04edc0a8-8dcb-48c9-87d1-200d78821942,1238f1e5-7894-4ba6-8cb4-91a0cd83e999,1643974422573,13.4126829,52.4727479,6.056171,-1.4292543,-0.048396587,5.398245,on bike mount,cyclo cross,True,paving stones,good
483ee7a5-1d9c-4e43-b635-efe680ae580a,04edc0a8-8dcb-48c9-87d1-200d78821942,28e18052-055e-4cd4-a525-06fd2195e974,1643974422635,13.4126829,52.4727479,6.056171,0.54288006,-5.2906256,23.885727,on bike mount,cyclo cross,True,paving stones,good
483ee7a5-1d9c-4e43-b635-efe680ae580a,04edc0a8-8dcb-48c9-87d1-200d78821942,bf17cd66-5a45-4a60-aad5-5df0bdb34fdb,1643974422702,13.4126829,52.4727479,6.056171,0.46605426,5.9775753,-5.410272,on bike mount,cyclo cross,True,paving stones,good
483ee7a5-1d9c-4e43-b635-efe680ae580a,04edc0a8-8dcb-48c9-87d1-200d78821942,ff39c76d-f194-41ee-a4e3-91cfb9b29cdc,1643974422774,13.4126829,52.4727479,6.056171,0.93085885,1.1828599,8.694852,on bike mount,cyclo cross,True,paving stones,good
483ee7a5-1d9c-4e43-b635-efe680ae580a,04edc0a8-8dcb-48c9-87d1-200d78821942,1c9e82b9-9f5c-42a3-84a0-d1017c39763e,1643974422839,13.4126829,52.4727479,6.056171,-0.8257048,-2.03995,0.8207369,on bike mount,cyclo cross,True,paving stones,good
483ee7a5-1d9c-4e43-b635-efe680ae580a,04edc0a8-8dcb-48c9-87d1-200d78821942,e56cbdce-f930-4853-817b-f58aca0fc886,1643974422905,13.4126829,52.4727479,6.056171,-1.4763196,-0.7142205,3.1253176,on bike mount,cyclo cross,True,paving stones,good
483ee7a5-1d9c-4e43-b635-efe680ae580a,04edc0a8-8dcb-48c9-87d1-200d78821942,3848d341-6a62-4d65-b0ea-e7eb171a1e8c,1643974422977,13.4126829,52.4727479,6.056171,-1.469705,-4.71274,5.6924744,on bike mount,cyclo cross,True,paving stones,good
483ee7a5-1d9c-4e43-b635-efe680ae580a,04edc0a8-8dcb-48c9-87d1-200d78821942,4407db28-7d75-4ad5-9b38-78b9b311b721,1643974423050,13.4126829,52.4727479,6.056171,-0.2320582,0.7864344,-3.8614004,on bike mount,cyclo cross,True,paving stones,good
483ee7a5-1d9c-4e43-b635-efe680ae580a,04edc0a8-8dcb-48c9-87d1-200d78821942,cfadb6d2-b219-45c0-90bf-92af0837a912,1643974423115,13.4126829,52.4727479,6.056171,-1.098722,-0.92017555,7.0891037,on bike mount,cyclo cross,True,paving stones,good
483ee7a5-1d9c-4e43-b635-efe680ae580a,04edc0a8-8dcb-48c9-87d1-200d78821942,00ff4478-9c90-445d-86ab-09c68b39affd,1643974423171,13.4126829,52.4727479,6.056171,-0.37991068,1.6170053,-16.201021,on bike mount,cyclo cross,True,paving stones,good
483ee7a5-1d9c-4e43-b635-efe680ae580a,04edc0a8-8dcb-48c9-87d1-200d78821942,a4f616d4-4706-44ed-a575-d0f9a916c788,1643974423234,13.4126829,52.4727479,6.056171,0.4966103,3.4635577,3.1490068,on bike mount,cyclo cross,True,paving stones,good
483ee7a5-1d9c-4e43-b635-efe680ae580a,04edc0a8-8dcb-48c9-87d1-200d78821942,c648c49e-65c1-4ae7-8121-168cf6755664,1643974423289,13.4126829,52.4727479,6.056171,0.6325495,3.685042,-14.151511,on bike mount,cyclo cross,True,paving stones,good
483ee7a5-1d9c-4e43-b635-efe680ae580a,04edc0a8-8dcb-48c9-87d1-200d78821942,7aa3ca2f-2f1c-46d1-8523-ba7450789e05,1643974423348,13.4126829,52.4727479,6.056171,-2.740501,6.139496,-36.62275,on bike mount,cyclo cross,True,paving stones,good
483ee7a5-1d9c-4e43-b635-efe680ae580a,04edc0a8-8dcb-48c9-87d1-200d78821942,c3fc9acf-9afe-49f9-bdc6-c7d65fcda30b,1643974423406,13.4126829,52.4727479,6.056171,2.2118587,2.8517065,-7.0371113,on bike mount,cyclo cross,True,paving stones,good
483ee7a5-1d9c-4e43-b635-efe680ae580a,04edc0a8-8dcb-48c9-87d1-200d78821942,9d63305a-a6ff-4b10-a96e-57ffff8ffa8e,1643974423466,13.4127653,52.4727647,5.8659496,-2.1353192,-3.7732506,9.163641,on bike mount,cyclo cross,True,paving stones,good
483ee7a5-1d9c-4e43-b635-efe680ae580a,04edc0a8-8dcb-48c9-87d1-200d78821942,eb36209a-37a8-4136-ad5c-82a7854c111e,1643974423535,13.4127653,52.4727647,5.8659496,0.6112112,-0.6134281,3.635293,on bike mount,cyclo cross,True,paving stones,good
483ee7a5-1d9c-4e43-b635-efe680ae580a,04edc0a8-8dcb-48c9-87d1-200d78821942,1dc34848-f2c6-4a78-b6a2-c6c752306723,1643974423604,13.4127653,52.4727647,5.8659496,-3.8996925,-4.170039,6.8664703,on bike mount,cyclo cross,True,paving stones,good
483ee7a5-1d9c-4e43-b635-efe680ae580a,04edc0a8-8dcb-48c9-87d1-200d78821942,0cbae1ff-1754-475d-873c-4101def95089,1643974423658,13.4127653,52.4727647,5.8659496,-2.4319324,1.3767014,-3.8950999,on bike mount,cyclo cross,True,paving stones,good
483ee7a5-1d9c-4e43-b635-efe680ae580a,04edc0a8-8dcb-48c9-87d1-200d78821942,447633d0-de41-4c8b-9201-468284627db3,1643974423723,13.4127653,52.4727647,5.8659496,-1.5269384,-0.67198765,0.41751575,on bike mount,cyclo cross,True,paving stones,good
483ee7a5-1d9c-4e43-b635-efe680ae580a,04edc0a8-8dcb-48c9-87d1-200d78821942,fc25bfa5-2780-4560-80d1-b9a08833c7b7,1643974423788,13.4127653,52.4727647,5.8659496,1.1120348,-0.8271757,1.3310537,on bike mount,cyclo cross,True,paving stones,good
483ee7a5-1d9c-4e43-b635-efe680ae580a,04edc0a8-8dcb-48c9-87d1-200d78821942,10bb6ff3-41e4-48e5-92e1-bbd2081dc0cb,1643974423844,13.4127653,52.4727647,5.8659496,-0.5344901,0.20639682,1.5987606,on bike mount,cyclo cross,True,paving stones,good
483ee7a5-1d9c-4e43-b635-efe680ae580a,04edc0a8-8dcb-48c9-87d1-200d78821942,b80b6a61-b6b0-4489-82ba-33babbfb0977,1643974423905,13.4127653,52.4727647,5.8659496,-0.6938601,0.8274176,-4.0178246,on bike mount,cyclo cross,True,paving stones,good
483ee7a5-1d9c-4e43-b635-efe680ae580a,04edc0a8-8dcb-48c9-87d1-200d78821942,92a3c46b-9ed0-4946-9490-dc438c8c30b6,1643974423963,13.4127653,52.4727647,5.8659496,-1.6100526,-0.11628151,4.2913733,on bike mount,cyclo cross,True,paving stones,good
483ee7a5-1d9c-4e43-b635-efe680ae580a,04edc0a8-8dcb-48c9-87d1-200d78821942,e60feccf-fcf1-4c10-8bf0-96c6076d05ea,1643974424027,13.4127653,52.4727647,5.8659496,-1.5574126,-5.272639,8.324234,on bike mount,cyclo cross,True,paving stones,good
483ee7a5-1d9c-4e43-b635-efe680ae580a,04edc0a8-8dcb-48c9-87d1-200d78821942,16633bac-85b1-45ae-9cee-3481b6a52141,1643974424089,13.4127653,52.4727647,5.8659496,1.1182742,4.553016,-9.950186,on bike mount,cyclo cross,True,paving stones,good
483ee7a5-1d9c-4e43-b635-efe680ae580a,04edc0a8-8dcb-48c9-87d1-200d78821942,591bc2fd-7658-4961-9b3c-f28aa6245241,1643974424159,13.4127653,52.4727647,5.8659496,2.2444913,-3.8824232,26.969803,on bike mount,cyclo cross,True,paving stones,good
483ee7a5-1d9c-4e43-b635-efe680ae580a,04edc0a8-8dcb-48c9-87d1-200d78821942,13c5b190-c65e-4a27-aa20-1b05e7a40de3,1643974424210,13.4127653,52.4727647,5.8659496,-1.6052731,0.14179015,2.4955883,on bike mount,cyclo cross,True,paving stones,good
483ee7a5-1d9c-4e43-b635-efe680ae580a,04edc0a8-8dcb-48c9-87d1-200d78821942,13f1208c-dedd-44c2-b0f0-1e180448c2e9,1643974424260,13.4127653,52.4727647,5.8659496,0.95782495,2.1331315,-3.9423478,on bike mount,cyclo cross,True,paving stones,good
483ee7a5-1d9c-4e43-b635-efe680ae580a,04edc0a8-8dcb-48c9-87d1-200d78821942,45b67069-3353-4f8b-8e17-6e0c8bbb2991,1643974424310,13.4127653,52.4727647,5.8659496,4.009516,4.251052,-10.27817,on bike mount,cyclo cross,True,paving stones,good
483ee7a5-1d9c-4e43-b635-efe680ae580a,04edc0a8-8dcb-48c9-87d1-200d78821942,0bf83440-a90c-4b5b-9068-b2825d88d25c,1643974424363,13.4127653,52.4727647,5.8659496,0.5238364,-0.1573422,2.2625895,on bike mount,cyclo cross,True,paving stones,good
483ee7a5-1d9c-4e43-b635-efe680ae580a,04edc0a8-8dcb-48c9-87d1-200d78821942,5937893c-2288-4e9f-bb7b-9f68e6c10cd1,1643974424422,13.4127653,52.4727647,5.8659496,0.17289662,0.6833086,-2.2025118,on bike mount,cyclo cross,True,paving stones,good
483ee7a5-1d9c-4e43-b635-efe680ae580a,04edc0a8-8dcb-48c9-87d1-200d78821942,c09e2f08-af6a-4da3-aedb-b520093d07d7,1643974424476,13.4128462,52.4727812,5.55775,-1.3973141,-0.7418101,3.589962,on bike mount,cyclo cross,True,paving stones,good
483ee7a5-1d9c-4e43-b635-efe680ae580a,04edc0a8-8dcb-48c9-87d1-200d78821942,7da201c8-4456-4b91-85b4-5ef8ed0348ee,1643974424537,13.4128462,52.4727812,5.55775,-0.4861925,-0.2956767,-8.416008,on bike mount,cyclo cross,True,paving stones,good
483ee7a5-1d9c-4e43-b635-efe680ae580a,04edc0a8-8dcb-48c9-87d1-200d78821942,487902e4-371b-459a-b63c-cdaf77336f88,1643974424594,13.4128462,52.4727812,5.55775,-3.2900872,-3.771493,7.6361227,on bike mount,cyclo cross,True,paving stones,good
483ee7a5-1d9c-4e43-b635-efe680ae580a,04edc0a8-8dcb-48c9-87d1-200d78821942,8cda476a-2385-413d-88c7-f99461d78c4f,1643974424645,13.4128462,52.4727812,5.55775,-2.1587605,1.1546588,-8.009609,on bike mount,cyclo cross,True,paving stones,good
483ee7a5-1d9c-4e43-b635-efe680ae580a,04edc0a8-8dcb-48c9-87d1-200d78821942,d195cea5-fda3-4e43-89e0-fe5a3436d4fc,1643974424697,13.4128462,52.4727812,5.55775,-0.5040629,-0.030960321,0.1848383,on bike mount,cyclo cross,True,paving stones,good
483ee7a5-1d9c-4e43-b635-efe680ae580a,04edc0a8-8dcb-48c9-87d1-200d78821942,92ed6a22-5a97-4598-8b2d-0c21ff0ea3c4,1643974424753,13.4128462,52.4727812,5.55775,-0.3994972,4.4969463,6.674197,on bike mount,cyclo cross,True,paving stones,good
483ee7a5-1d9c-4e43-b635-efe680ae580a,04edc0a8-8dcb-48c9-87d1-200d78821942,830e8ad5-d2cc-4f27-9b18-da7f16f76f43,1643974424825,13.4128462,52.4727812,5.55775,1.312648,7.1066394,-13.186506,on bike mount,cyclo cross,True,paving stones,good
483ee7a5-1d9c-4e43-b635-efe680ae580a,04edc0a8-8dcb-48c9-87d1-200d78821942,3d4b8dd4-a90b-4cd9-9303-40f57577a34a,1643974424889,13.4128462,52.4727812,5.55775,-0.39164174,1.0851026,-5.652476,on bike mount,cyclo cross,True,paving stones,good
483ee7a5-1d9c-4e43-b635-efe680ae580a,04edc0a8-8dcb-48c9-87d1-200d78821942,138c1180-b51f-4d14-9068-4949d4b66790,1643974424957,13.4128462,52.4727812,5.55775,-0.9298216,-3.5315418,0.48603153,on bike mount,cyclo cross,True,paving stones,good
483ee7a5-1d9c-4e43-b635-efe680ae580a,04edc0a8-8dcb-48c9-87d1-200d78821942,852262f6-8d84-441e-9801-f1cec6004719,1643974425029,13.4128462,52.4727812,5.55775,1.2286775,1.3611474,-4.642116,on bike mount,cyclo cross,True,paving stones,good
