bike_activity_uid,bike_activity_sample_uid,bike_activity_measurement,bike_activity_measurement_timestamp,bike_activity_measurement_lon,bike_activity_measurement_lat,bike_activity_measurement_speed,bike_activity_measurement_accelerometer_x,bike_activity_measurement_accelerometer_y,bike_activity_measurement_accelerometer_z,bike_activity_phone_position,bike_activity_bike_type,bike_activity_flagged_lab_conditions,bike_activity_surface_type,bike_activity_smoothness_type
483ee7a5-1d9c-4e43-b635-efe680ae580a,55d6b9cf-0b38-4e5e-9d6b-603ba7bc390d,306cc72d-70d0-4414-9a2a-3d79863c9538,1643974213666,13.3949577,52.4728397,5.7167215,1.4428278,-0.15154195,-2.0599737,on bike mount,cyclo cross,True,paving stones,good
483ee7a5-1d9c-4e43-b635-efe680ae580a,55d6b9cf-0b38-4e5e-9d6b-603ba7bc390d,bf2a9892-35da-451a-90be-6009c4d74057,1643974213723,13.3949577,52.4728397,5.7167215,0.8795809,0.5392022,3.9669647,on bike mount,cyclo cross,True,paving stones,good
483ee7a5-1d9c-4e43-b635-efe680ae580a,55d6b9cf-0b38-4e5e-9d6b-603ba7bc390d,415595ce-7446-44c6-af34-f68339fbdae3,1643974213795,13.3949577,52.4728397,5.7167215,-0.66892177,0.44038796,0.62563896,on bike mount,cyclo cross,True,paving stones,good
483ee7a5-1d9c-4e43-b635-efe680ae580a,55d6b9cf-0b38-4e5e-9d6b-603ba7bc390d,509bcdf0-8547-41e5-9e70-bde3c4d98222,1643974213862,13.3949577,52.4728397,5.7167215,-0.4929006,4.6746464,0.90667534,on bike mount,cyclo cross,True,paving stones,good
483ee7a5-1d9c-4e43-b635-efe680ae580a,55d6b9cf-0b38-4e5e-9d6b-603ba7bc390d,d364edb9-81bf-4229-a206-6c2b1e9d7d8a,1643974213918,13.3949577,52.4728397,5.7167215,0.20479044,-4.047584,20.325584,on bike mount,cyclo cross,True,paving stones,good
483ee7a5-1d9c-4e43-b635-efe680ae580a,55d6b9cf-0b38-4e5e-9d6b-603ba7bc390d,6b08a76b-bedf-463d-b706-33e78d00a03f,1643974213971,13.3949577,52.4728397,5.7167215,-2.6413097,1.071135,2.9107285,on bike mount,cyclo cross,True,paving stones,good
483ee7a5-1d9c-4e43-b635-efe680ae580a,55d6b9cf-0b38-4e5e-9d6b-603ba7bc390d,5a1c64e1-869e-461a-94f4-4c16f5219124,1643974214023,13.3949577,52.4728397,5.7167215,-1.6327503,2.70513,-2.8456097,on bike mount,cyclo cross,True,paving stones,good
483ee7a5-1d9c-4e43-b635-efe680ae580a,55d6b9cf-0b38-4e5e-9d6b-603ba7bc390d,c9a043fa-ed47-44df-bee8-30101c6de6b3,1643974214093,13.3949577,52.4728397,5.7167215,-3.0883107,0.4008088,-6.7513127,on bike mount,cyclo cross,True,paving stones,good
483ee7a5-1d9c-4e43-b635-efe680ae580a,55d6b9cf-0b38-4e5e-9d6b-603ba7bc390d,421fb9de-bc84-4eeb-8c6a-b3e840233c3a,1643974214145,13.3949577,52.4728397,5.7167215,0.942868,3.636136,-4.165766,on bike mount,cyclo cross,True,paving stones,good
483ee7a5-1d9c-4e43-b635-efe680ae580a,55d6b9cf-0b38-4e5e-9d6b-603ba7bc390d,2dbba3c2-41dd-44ed-aca2-2a833b9182c3,1643974214205,13.3949577,52.4728397,5.7167215,-0.5445086,3.007595,0.30048656,on bike mount,cyclo cross,True,paving stones,good
483ee7a5-1d9c-4e43-b635-efe680ae580a,55d6b9cf-0b38-4e5e-9d6b-603ba7bc390d,788718ef-89ec-46c2-8916-27094a245e3b,1643974214257,13.3949577,52.4728397,5.7167215,-1.5486372,-4.9057794,6.3447714,on bike mount,cyclo cross,True,paving stones,good
483ee7a5-1d9c-4e43-b635-efe680ae580a,55d6b9cf-0b38-4e5e-9d6b-603ba7bc390d,366fbb8d-c007-432b-b3b0-754e4bca7a3a,1643974214309,13.3949577,52.4728397,5.7167215,-0.90028983,-3.3918154,9.1944685,on bike mount,cyclo cross,True,paving stones,good
483ee7a5-1d9c-4e43-b635-efe680ae580a,55d6b9cf-0b38-4e5e-9d6b-603ba7bc390d,8480ff16-2190-4a74-b72f-15e9ccdd4582,1643974214371,13.3949577,52.4728397,5.7167215,1.9825149,4.2103977,-6.781388,on bike mount,cyclo cross,True,paving stones,good
483ee7a5-1d9c-4e43-b635-efe680ae580a,55d6b9cf-0b38-4e5e-9d6b-603ba7bc390d,2da21b1a-9d82-4d8d-98be-df871d2af912,1643974214436,13.3950415,52.4728391,5.693906,-0.036628306,1.6487727,4.042836,on bike mount,cyclo cross,True,paving stones,good
483ee7a5-1d9c-4e43-b635-efe680ae580a,55d6b9cf-0b38-4e5e-9d6b-603ba7bc390d,f31036aa-438a-40fb-8b8d-882e74d4abc8,1643974214497,13.3950415,52.4728391,5.693906,-0.056343436,-1.3441535,1.9921694,on bike mount,cyclo cross,True,paving stones,good
483ee7a5-1d9c-4e43-b635-efe680ae580a,55d6b9cf-0b38-4e5e-9d6b-603ba7bc390d,f407b6ec-af5d-4c03-8e89-96b8ffcd1c24,1643974214551,13.3950415,52.4728391,5.693906,-1.5900111,-1.7420278,2.0228462,on bike mount,cyclo cross,True,paving stones,good
483ee7a5-1d9c-4e43-b635-efe680ae580a,55d6b9cf-0b38-4e5e-9d6b-603ba7bc390d,614352f8-93c7-4c20-947e-e2ab5636d12f,1643974214616,13.3950415,52.4728391,5.693906,0.86739635,-1.6435118,-13.428943,on bike mount,cyclo cross,True,paving stones,good
483ee7a5-1d9c-4e43-b635-efe680ae580a,55d6b9cf-0b38-4e5e-9d6b-603ba7bc390d,7819fe53-f96c-4ee1-bcd5-0b7dcb7bec1e,1643974214682,13.3950415,52.4728391,5.693906,-0.56175935,3.8092694,3.0467997,on bike mount,cyclo cross,True,paving stones,good
483ee7a5-1d9c-4e43-b635-efe680ae580a,55d6b9cf-0b38-4e5e-9d6b-603ba7bc390d,d9dbfa29-0f57-40c5-b8aa-15641281fb37,1643974214752,13.3950415,52.4728391,5.693906,-0.92645246,-2.3821392,3.6433935,on bike mount,cyclo cross,True,paving stones,good
483ee7a5-1d9c-4e43-b635-efe680ae580a,55d6b9cf-0b38-4e5e-9d6b-603ba7bc390d,79ca92bc-1a8f-47c0-a7b3-15728e3d1381,1643974214806,13.3950415,52.4728391,5.693906,-0.019340158,2.1591444,-8.060687,on bike mount,cyclo cross,True,paving stones,good
483ee7a5-1d9c-4e43-b635-efe680ae580a,55d6b9cf-0b38-4e5e-9d6b-603ba7bc390d,f3c89a35-e928-450c-8bdd-71ea52a05820,1643974214858,13.3950415,52.4728391,5.693906,-0.2639559,-0.37294722,4.7185497,on bike mount,cyclo cross,True,paving stones,good
483ee7a5-1d9c-4e43-b635-efe680ae580a,55d6b9cf-0b38-4e5e-9d6b-603ba7bc390d,0f493042-6b52-47d1-b2a9-535f6bc0cfc4,1643974214908,13.3950415,52.4728391,5.693906,-1.3665998,-5.386723,-4.4658556,on bike mount,cyclo cross,True,paving stones,good
483ee7a5-1d9c-4e43-b635-efe680ae580a,55d6b9cf-0b38-4e5e-9d6b-603ba7bc390d,7764383e-6516-4688-9068-0efe1cd7df71,1643974214959,13.3950415,52.4728391,5.693906,-2.278813,2.5599327,-1.2443361,on bike mount,cyclo cross,True,paving stones,good
483ee7a5-1d9c-4e43-b635-efe680ae580a,55d6b9cf-0b38-4e5e-9d6b-603ba7bc390d,1a405bfe-8bff-4d1f-8bbf-97dceec38066,1643974215024,13.3950415,52.4728391,5.693906,-0.44076908,-4.4038343,0.25205803,on bike mount,cyclo cross,True,paving stones,good
483ee7a5-1d9c-4e43-b635-efe680ae580a,55d6b9cf-0b38-4e5e-9d6b-603ba7bc390d,f52af4bd-afed-4d27-8988-0d0e0962ae4d,1643974215082,13.3950415,52.4728391,5.693906,-1.0770617,-0.6682737,1.8496132,on bike mount,cyclo cross,True,paving stones,good
483ee7a5-1d9c-4e43-b635-efe680ae580a,55d6b9cf-0b38-4e5e-9d6b-603ba7bc390d,c1c5b3a9-bc7f-4b7e-b445-d1f5f88259ad,1643974215135,13.3950415,52.4728391,5.693906,0.38885343,-0.41475034,0.4603958,on bike mount,cyclo cross,True,paving stones,good
483ee7a5-1d9c-4e43-b635-efe680ae580a,55d6b9cf-0b38-4e5e-9d6b-603ba7bc390d,a98bb0a2-af04-4bc5-94a2-d14f4df12be9,1643974215190,13.3950415,52.4728391,5.693906,2.1236086,-0.41098142,0.09339523,on bike mount,cyclo cross,True,paving stones,good
483ee7a5-1d9c-4e43-b635-efe680ae580a,55d6b9cf-0b38-4e5e-9d6b-603ba7bc390d,7e939183-f536-4b71-bdfa-dbb8ff085e3c,1643974215242,13.3950415,52.4728391,5.693906,0.31898057,-1.565562,14.335253,on bike mount,cyclo cross,True,paving stones,good
483ee7a5-1d9c-4e43-b635-efe680ae580a,55d6b9cf-0b38-4e5e-9d6b-603ba7bc390d,1b2a8265-baae-4bed-af91-40ba3a8d36a9,1643974215293,13.3950415,52.4728391,5.693906,0.5485867,-5.837142,-2.491901,on bike mount,cyclo cross,True,paving stones,good
483ee7a5-1d9c-4e43-b635-efe680ae580a,55d6b9cf-0b38-4e5e-9d6b-603ba7bc390d,097914a7-b756-452e-9df4-78f1409fad4b,1643974215356,13.3950415,52.4728391,5.693906,1.379245,0.97436523,-1.635704,on bike mount,cyclo cross,True,paving stones,good
483ee7a5-1d9c-4e43-b635-efe680ae580a,55d6b9cf-0b38-4e5e-9d6b-603ba7bc390d,7497e59f-6475-481b-92cb-e8a672996d8c,1643974215415,13.3950415,52.4728391,5.693906,-0.19945812,3.1777453,2.3551865,on bike mount,cyclo cross,True,paving stones,good
483ee7a5-1d9c-4e43-b635-efe680ae580a,55d6b9cf-0b38-4e5e-9d6b-603ba7bc390d,f896c64e-ff21-494a-906f-bd7cd80707ed,1643974215474,13.3951267,52.4728401,5.6952634,-0.6877111,3.4344244,-7.6577406,on bike mount,cyclo cross,True,paving stones,good
483ee7a5-1d9c-4e43-b635-efe680ae580a,55d6b9cf-0b38-4e5e-9d6b-603ba7bc390d,98e3797e-3bc9-46b7-b40e-e1a751b2e86d,1643974215525,13.3951267,52.4728401,5.6952634,0.14529085,-1.6270952,2.6799212,on bike mount,cyclo cross,True,paving stones,good
483ee7a5-1d9c-4e43-b635-efe680ae580a,55d6b9cf-0b38-4e5e-9d6b-603ba7bc390d,f1c54c4c-9e42-4296-b592-7e84bad101d0,1643974215576,13.3951267,52.4728401,5.6952634,-2.2103307,1.3218913,-1.0258908,on bike mount,cyclo cross,True,paving stones,good
483ee7a5-1d9c-4e43-b635-efe680ae580a,55d6b9cf-0b38-4e5e-9d6b-603ba7bc390d,fb3e2c52-49bc-4326-8fe0-39f9e701e865,1643974215625,13.3951267,52.4728401,5.6952634,-0.3570447,2.1763923,-1.0375676,on bike mount,cyclo cross,True,paving stones,good
483ee7a5-1d9c-4e43-b635-efe680ae580a,55d6b9cf-0b38-4e5e-9d6b-603ba7bc390d,ca76f6d6-87e3-43cd-a6de-a2e3fb5ad649,1643974215675,13.3951267,52.4728401,5.6952634,-1.0986238,5.975798,-3.1319041,on bike mount,cyclo cross,True,paving stones,good
483ee7a5-1d9c-4e43-b635-efe680ae580a,55d6b9cf-0b38-4e5e-9d6b-603ba7bc390d,87770f84-c2b0-4594-8e7c-915177cfb123,1643974215725,13.3951267,52.4728401,5.6952634,0.08559322,-2.5363364,8.229981,on bike mount,cyclo cross,True,paving stones,good
483ee7a5-1d9c-4e43-b635-efe680ae580a,55d6b9cf-0b38-4e5e-9d6b-603ba7bc390d,299db380-82d8-42be-b774-415c049b1547,1643974215792,13.3951267,52.4728401,5.6952634,0.265076,-1.709338,0.6958847,on bike mount,cyclo cross,True,paving stones,good
483ee7a5-1d9c-4e43-b635-efe680ae580a,55d6b9cf-0b38-4e5e-9d6b-603ba7bc390d,e0bee762-54ce-4a37-9d3d-56d011375bcc,1643974215844,13.3951267,52.4728401,5.6952634,0.9466057,6.03148,-13.514776,on bike mount,cyclo cross,True,paving stones,good
483ee7a5-1d9c-4e43-b635-efe680ae580a,55d6b9cf-0b38-4e5e-9d6b-603ba7bc390d,cd3cce29-2710-4b04-aa05-60987be19282,1643974215895,13.3951267,52.4728401,5.6952634,-0.086532,2.7087746,-7.554893,on bike mount,cyclo cross,True,paving stones,good
483ee7a5-1d9c-4e43-b635-efe680ae580a,55d6b9cf-0b38-4e5e-9d6b-603ba7bc390d,5caf5ef1-970f-468e-8917-01ce59b141e3,1643974215964,13.3951267,52.4728401,5.6952634,0.2033261,-5.0151954,9.63485,on bike mount,cyclo cross,True,paving stones,good
483ee7a5-1d9c-4e43-b635-efe680ae580a,55d6b9cf-0b38-4e5e-9d6b-603ba7bc390d,860ad3ba-5333-46ae-b730-342e93ee876e,1643974216026,13.3951267,52.4728401,5.6952634,0.064961076,-0.42217255,4.1246853,on bike mount,cyclo cross,True,paving stones,good
483ee7a5-1d9c-4e43-b635-efe680ae580a,55d6b9cf-0b38-4e5e-9d6b-603ba7bc390d,5e92f3b2-6092-4a71-92f3-302d26ba3732,1643974216076,13.3951267,52.4728401,5.6952634,0.14858338,-0.017567396,-1.6056814,on bike mount,cyclo cross,True,paving stones,good
483ee7a5-1d9c-4e43-b635-efe680ae580a,55d6b9cf-0b38-4e5e-9d6b-603ba7bc390d,49429863-75dd-4ead-972f-b15e65101067,1643974216149,13.3951267,52.4728401,5.6952634,-0.23515594,4.6570187,0.27428913,on bike mount,cyclo cross,True,paving stones,good
483ee7a5-1d9c-4e43-b635-efe680ae580a,55d6b9cf-0b38-4e5e-9d6b-603ba7bc390d,69941713-fb3c-4f4d-b96e-41a064b19105,1643974216215,13.3951267,52.4728401,5.6952634,0.23627871,-1.5212455,-3.517224,on bike mount,cyclo cross,True,paving stones,good
483ee7a5-1d9c-4e43-b635-efe680ae580a,55d6b9cf-0b38-4e5e-9d6b-603ba7bc390d,5ad4c646-f414-4b4e-aab9-3c30bb6c7a5a,1643974216277,13.3951267,52.4728401,5.6952634,-0.14959751,3.3486714,2.2823648,on bike mount,cyclo cross,True,paving stones,good
483ee7a5-1d9c-4e43-b635-efe680ae580a,55d6b9cf-0b38-4e5e-9d6b-603ba7bc390d,29411857-2af9-476b-9fc1-b7ddc1e63b6a,1643974216334,13.3951267,52.4728401,5.6952634,-2.9284337,1.2596622,-1.9707799,on bike mount,cyclo cross,True,paving stones,good
483ee7a5-1d9c-4e43-b635-efe680ae580a,55d6b9cf-0b38-4e5e-9d6b-603ba7bc390d,e14be2e0-666f-42cd-bc68-4926a6f273f1,1643974216394,13.3951267,52.4728401,5.6952634,-0.6055877,0.76678085,1.6566782,on bike mount,cyclo cross,True,paving stones,good
483ee7a5-1d9c-4e43-b635-efe680ae580a,55d6b9cf-0b38-4e5e-9d6b-603ba7bc390d,bad50ee8-44aa-4c8b-a745-dfa8022ff324,1643974216460,13.3952116,52.4728407,5.6586175,-0.8820251,-0.05665183,-3.3019683,on bike mount,cyclo cross,True,paving stones,good
483ee7a5-1d9c-4e43-b635-efe680ae580a,55d6b9cf-0b38-4e5e-9d6b-603ba7bc390d,08876c53-babc-417c-9870-056d721b6b3c,1643974216518,13.3952116,52.4728407,5.6586175,-0.77857804,3.3182387,1.8243027,on bike mount,cyclo cross,True,paving stones,good
483ee7a5-1d9c-4e43-b635-efe680ae580a,55d6b9cf-0b38-4e5e-9d6b-603ba7bc390d,afd98cd6-f6c6-4e59-86c8-8d55470109ec,1643974216568,13.3952116,52.4728407,5.6586175,-3.342724,-9.002855,1.7286911,on bike mount,cyclo cross,True,paving stones,good
483ee7a5-1d9c-4e43-b635-efe680ae580a,55d6b9cf-0b38-4e5e-9d6b-603ba7bc390d,ba49501e-24d8-4774-8f31-54270cff16c4,1643974216626,13.3952116,52.4728407,5.6586175,-0.031850576,3.9669766,-6.4589906,on bike mount,cyclo cross,True,paving stones,good
483ee7a5-1d9c-4e43-b635-efe680ae580a,55d6b9cf-0b38-4e5e-9d6b-603ba7bc390d,dd7922dd-3752-4275-805e-cec9b7d6ce7e,1643974216688,13.3952116,52.4728407,5.6586175,2.9708793,7.310393,-0.45981407,on bike mount,cyclo cross,True,paving stones,good
483ee7a5-1d9c-4e43-b635-efe680ae580a,55d6b9cf-0b38-4e5e-9d6b-603ba7bc390d,d091b6fd-b14a-46c1-8f01-b67552ca5372,1643974216755,13.3952116,52.4728407,5.6586175,2.1792774,1.4354539,2.38198,on bike mount,cyclo cross,True,paving stones,good
483ee7a5-1d9c-4e43-b635-efe680ae580a,55d6b9cf-0b38-4e5e-9d6b-603ba7bc390d,6ba9613d-c4b9-4d32-ac15-d8f982da1963,1643974216812,13.3952116,52.4728407,5.6586175,-0.72163635,1.333359,3.793745,on bike mount,cyclo cross,True,paving stones,good
483ee7a5-1d9c-4e43-b635-efe680ae580a,55d6b9cf-0b38-4e5e-9d6b-603ba7bc390d,c49cb3fa-472d-4a13-8baa-2581151f7db4,1643974216878,13.3952116,52.4728407,5.6586175,0.2269414,2.9034495,0.87436867,on bike mount,cyclo cross,True,paving stones,good
483ee7a5-1d9c-4e43-b635-efe680ae580a,55d6b9cf-0b38-4e5e-9d6b-603ba7bc390d,984ef26c-3eba-4eca-931d-462c87bdef4f,1643974216941,13.3952116,52.4728407,5.6586175,0.45185405,-1.1730636,4.51342,on bike mount,cyclo cross,True,paving stones,good
483ee7a5-1d9c-4e43-b635-efe680ae580a,55d6b9cf-0b38-4e5e-9d6b-603ba7bc390d,8c04b232-5b5e-492c-8d2b-d5c9ffe3e03a,1643974216996,13.3952116,52.4728407,5.6586175,1.2105051,-4.251311,-9.437864,on bike mount,cyclo cross,True,paving stones,good
483ee7a5-1d9c-4e43-b635-efe680ae580a,55d6b9cf-0b38-4e5e-9d6b-603ba7bc390d,37af6a6d-4455-47d2-b78b-3c7e24d5c170,1643974217058,13.3952116,52.4728407,5.6586175,-1.1153169,-1.2902703,1.4082804,on bike mount,cyclo cross,True,paving stones,good
483ee7a5-1d9c-4e43-b635-efe680ae580a,55d6b9cf-0b38-4e5e-9d6b-603ba7bc390d,44ebbc71-9a12-4998-b0f0-09e62a016d48,1643974217113,13.3952116,52.4728407,5.6586175,-2.0567687,-3.0250964,3.7246513,on bike mount,cyclo cross,True,paving stones,good
483ee7a5-1d9c-4e43-b635-efe680ae580a,55d6b9cf-0b38-4e5e-9d6b-603ba7bc390d,71c22e3a-3726-4f4a-a352-0065b22cc16e,1643974217178,13.3952116,52.4728407,5.6586175,-0.5918884,1.0641282,-1.0247412,on bike mount,cyclo cross,True,paving stones,good
483ee7a5-1d9c-4e43-b635-efe680ae580a,55d6b9cf-0b38-4e5e-9d6b-603ba7bc390d,18592db6-8de0-4d1d-9f31-a91cb656be04,1643974217230,13.3952116,52.4728407,5.6586175,-0.98104405,0.0368371,0.6941128,on bike mount,cyclo cross,True,paving stones,good
483ee7a5-1d9c-4e43-b635-efe680ae580a,55d6b9cf-0b38-4e5e-9d6b-603ba7bc390d,382027c2-60dd-47fa-99fc-289e04382418,1643974217299,13.3952116,52.4728407,5.6586175,-0.5420972,-1.8372447,-0.04900551,on bike mount,cyclo cross,True,paving stones,good
483ee7a5-1d9c-4e43-b635-efe680ae580a,55d6b9cf-0b38-4e5e-9d6b-603ba7bc390d,fe61683f-fe85-42c8-a6bb-37ddbcc8ff43,1643974217374,13.3952116,52.4728407,5.6586175,-1.2583792,-2.8227262,9.324014,on bike mount,cyclo cross,True,paving stones,good
483ee7a5-1d9c-4e43-b635-efe680ae580a,55d6b9cf-0b38-4e5e-9d6b-603ba7bc390d,614d0f5d-c91a-4993-9b66-4dfeb5202b2d,1643974217431,13.3952941,52.472841,5.7066727,0.08199239,1.1030064,-2.2347503,on bike mount,cyclo cross,True,paving stones,good
483ee7a5-1d9c-4e43-b635-efe680ae580a,55d6b9cf-0b38-4e5e-9d6b-603ba7bc390d,13816fef-47c3-4b7d-8d32-d7d8666d8136,1643974217494,13.3952941,52.472841,5.7066727,-0.42003843,1.198839,0.7046547,on bike mount,cyclo cross,True,paving stones,good
483ee7a5-1d9c-4e43-b635-efe680ae580a,55d6b9cf-0b38-4e5e-9d6b-603ba7bc390d,81db5019-d41c-4f3b-8a3e-a0b6c70bd0e1,1643974217556,13.3952941,52.472841,5.7066727,0.9115541,-2.7783322,2.380066,on bike mount,cyclo cross,True,paving stones,good
483ee7a5-1d9c-4e43-b635-efe680ae580a,55d6b9cf-0b38-4e5e-9d6b-603ba7bc390d,7bae8f40-da8e-4c01-a91e-837f458d566a,1643974217614,13.3952941,52.472841,5.7066727,-0.22689064,0.62789226,1.326911,on bike mount,cyclo cross,True,paving stones,good
483ee7a5-1d9c-4e43-b635-efe680ae580a,55d6b9cf-0b38-4e5e-9d6b-603ba7bc390d,2be82333-253f-4b5b-9b97-83bdf6409444,1643974217681,13.3952941,52.472841,5.7066727,-1.163046,1.2698231,-6.6082153,on bike mount,cyclo cross,True,paving stones,good
483ee7a5-1d9c-4e43-b635-efe680ae580a,55d6b9cf-0b38-4e5e-9d6b-603ba7bc390d,892ab9c2-d28b-4b80-969c-a3c087115bb4,1643974217745,13.3952941,52.472841,5.7066727,-1.4877865,4.673837,-7.0870743,on bike mount,cyclo cross,True,paving stones,good
483ee7a5-1d9c-4e43-b635-efe680ae580a,55d6b9cf-0b38-4e5e-9d6b-603ba7bc390d,47187c9c-5447-4d86-af75-6b144b3aa449,1643974217796,13.3952941,52.472841,5.7066727,-0.24277776,2.5367794,-3.0803442,on bike mount,cyclo cross,True,paving stones,good
483ee7a5-1d9c-4e43-b635-efe680ae580a,55d6b9cf-0b38-4e5e-9d6b-603ba7bc390d,0f06af04-74d0-4414-ac13-ea6c211db86e,1643974217864,13.3952941,52.472841,5.7066727,-1.7970754,-4.2005253,3.964305,on bike mount,cyclo cross,True,paving stones,good
483ee7a5-1d9c-4e43-b635-efe680ae580a,55d6b9cf-0b38-4e5e-9d6b-603ba7bc390d,b7d5a97f-6fe0-47f2-a208-91fadb2e3054,1643974217923,13.3952941,52.472841,5.7066727,-3.0992222,7.194311,-9.762989,on bike mount,cyclo cross,True,paving stones,good
483ee7a5-1d9c-4e43-b635-efe680ae580a,55d6b9cf-0b38-4e5e-9d6b-603ba7bc390d,b05fdc26-99e6-4608-93b5-11ec782f341b,1643974217982,13.3952941,52.472841,5.7066727,0.56914854,-2.3469834,9.684739,on bike mount,cyclo cross,True,paving stones,good
483ee7a5-1d9c-4e43-b635-efe680ae580a,55d6b9cf-0b38-4e5e-9d6b-603ba7bc390d,7d2e4961-e451-4b81-9f5d-d623b834803f,1643974218047,13.3952941,52.472841,5.7066727,-0.2092576,3.5543752,-4.8530083,on bike mount,cyclo cross,True,paving stones,good
483ee7a5-1d9c-4e43-b635-efe680ae580a,55d6b9cf-0b38-4e5e-9d6b-603ba7bc390d,1f0a9602-b1ce-4eed-98b8-9a39b6fc0ebc,1643974218113,13.3952941,52.472841,5.7066727,-0.74916375,2.069615,2.27139,on bike mount,cyclo cross,True,paving stones,good
483ee7a5-1d9c-4e43-b635-efe680ae580a,55d6b9cf-0b38-4e5e-9d6b-603ba7bc390d,dc26cf68-44d6-4a17-b974-3d1d7bdd6110,1643974218164,13.3952941,52.472841,5.7066727,0.88110113,-1.7050014,10.778303,on bike mount,cyclo cross,True,paving stones,good
483ee7a5-1d9c-4e43-b635-efe680ae580a,55d6b9cf-0b38-4e5e-9d6b-603ba7bc390d,ee1faf39-0d5c-49bb-913b-5414a4a0ee40,1643974218226,13.3952941,52.472841,5.7066727,-2.9501762,-9.293097,14.656265,on bike mount,cyclo cross,True,paving stones,good
483ee7a5-1d9c-4e43-b635-efe680ae580a,55d6b9cf-0b38-4e5e-9d6b-603ba7bc390d,14965177-b89e-4efa-b759-10f296cef7e9,1643974218293,13.3952941,52.472841,5.7066727,3.0574656,-4.860607,1.4457264,on bike mount,cyclo cross,True,paving stones,good
483ee7a5-1d9c-4e43-b635-efe680ae580a,55d6b9cf-0b38-4e5e-9d6b-603ba7bc390d,3b9d9507-ec0b-47b3-bb5e-cfbd85b35350,1643974218347,13.3952941,52.472841,5.7066727,0.21841943,-5.2178955,-3.0790958,on bike mount,cyclo cross,True,paving stones,good
483ee7a5-1d9c-4e43-b635-efe680ae580a,55d6b9cf-0b38-4e5e-9d6b-603ba7bc390d,aed7edd9-69f7-4d0b-8237-5d82ad6de9ba,1643974218404,13.3952941,52.472841,5.7066727,-0.263756,-1.3558054,15.269742,on bike mount,cyclo cross,True,paving stones,good
483ee7a5-1d9c-4e43-b635-efe680ae580a,55d6b9cf-0b38-4e5e-9d6b-603ba7bc390d,7a568feb-287d-48d6-bb63-85f0ade6f5b3,1643974218455,13.395383,52.4728408,5.724237,-0.7325587,3.6457958,-1.2892952,on bike mount,cyclo cross,True,paving stones,good
483ee7a5-1d9c-4e43-b635-efe680ae580a,55d6b9cf-0b38-4e5e-9d6b-603ba7bc390d,2fb88aa1-f148-4129-a8b2-b166c0f96e11,1643974218514,13.395383,52.4728408,5.724237,-0.3080958,-0.14723182,-0.8169813,on bike mount,cyclo cross,True,paving stones,good
483ee7a5-1d9c-4e43-b635-efe680ae580a,55d6b9cf-0b38-4e5e-9d6b-603ba7bc390d,84dafa71-a9d3-4a26-982e-e754f49f78c3,1643974218565,13.395383,52.4728408,5.724237,-2.453093,1.2808979,-3.8746524,on bike mount,cyclo cross,True,paving stones,good
483ee7a5-1d9c-4e43-b635-efe680ae580a,55d6b9cf-0b38-4e5e-9d6b-603ba7bc390d,639c529c-d48c-477f-9562-09c938e503d3,1643974218616,13.395383,52.4728408,5.724237,-1.1022835,0.8277476,3.0092535,on bike mount,cyclo cross,True,paving stones,good
483ee7a5-1d9c-4e43-b635-efe680ae580a,55d6b9cf-0b38-4e5e-9d6b-603ba7bc390d,ce6b642b-c7e6-470e-95b0-53ae6add4c01,1643974218681,13.395383,52.4728408,5.724237,-0.9501088,-1.2142314,-3.049245,on bike mount,cyclo cross,True,paving stones,good
483ee7a5-1d9c-4e43-b635-efe680ae580a,55d6b9cf-0b38-4e5e-9d6b-603ba7bc390d,bd4db5ea-fc14-4208-886e-fb7165168347,1643974218737,13.395383,52.4728408,5.724237,-0.7982613,-0.68393254,-2.8513908,on bike mount,cyclo cross,True,paving stones,good
483ee7a5-1d9c-4e43-b635-efe680ae580a,55d6b9cf-0b38-4e5e-9d6b-603ba7bc390d,3731fe83-0e62-472a-8b46-e16491bf3c1b,1643974218798,13.395383,52.4728408,5.724237,-0.48617998,-0.7540481,0.3052101,on bike mount,cyclo cross,True,paving stones,good
483ee7a5-1d9c-4e43-b635-efe680ae580a,55d6b9cf-0b38-4e5e-9d6b-603ba7bc390d,cdbdea19-361d-43c4-bac4-2586bcb51ffe,1643974218853,13.395383,52.4728408,5.724237,-0.60478294,0.5756228,-9.645863,on bike mount,cyclo cross,True,paving stones,good
483ee7a5-1d9c-4e43-b635-efe680ae580a,55d6b9cf-0b38-4e5e-9d6b-603ba7bc390d,47bcb048-c55e-443f-8971-596062a54694,1643974218918,13.395383,52.4728408,5.724237,-0.44789892,1.3927352,-2.218089,on bike mount,cyclo cross,True,paving stones,good
483ee7a5-1d9c-4e43-b635-efe680ae580a,55d6b9cf-0b38-4e5e-9d6b-603ba7bc390d,2df0cf0e-d490-4456-9bc6-6576ca273edd,1643974218968,13.395383,52.4728408,5.724237,2.9656205,1.7185664,3.9126778,on bike mount,cyclo cross,True,paving stones,good
483ee7a5-1d9c-4e43-b635-efe680ae580a,55d6b9cf-0b38-4e5e-9d6b-603ba7bc390d,ad32026f-f223-4ffe-a0bb-f1cf60385de9,1643974219021,13.395383,52.4728408,5.724237,-0.43120915,-5.3874354,-6.6618433,on bike mount,cyclo cross,True,paving stones,good
483ee7a5-1d9c-4e43-b635-efe680ae580a,55d6b9cf-0b38-4e5e-9d6b-603ba7bc390d,0c888b95-1b8f-4353-b595-89b38bcce11d,1643974219095,13.395383,52.4728408,5.724237,3.107188,1.0088787,-14.270867,on bike mount,cyclo cross,True,paving stones,good
483ee7a5-1d9c-4e43-b635-efe680ae580a,55d6b9cf-0b38-4e5e-9d6b-603ba7bc390d,4f55ff87-48e0-46bb-a59d-164bd0ad4387,1643974219178,13.395383,52.4728408,5.724237,-1.6952369,0.76138425,1.7587528,on bike mount,cyclo cross,True,paving stones,good
483ee7a5-1d9c-4e43-b635-efe680ae580a,55d6b9cf-0b38-4e5e-9d6b-603ba7bc390d,5c2c4c59-5899-4ed5-b745-0bd319d90d17,1643974219248,13.395383,52.4728408,5.724237,-1.3310888,3.3656979,-6.870641,on bike mount,cyclo cross,True,paving stones,good
483ee7a5-1d9c-4e43-b635-efe680ae580a,55d6b9cf-0b38-4e5e-9d6b-603ba7bc390d,c6b5f703-5f2c-44b0-83ab-ba7e8a01cc94,1643974219311,13.395383,52.4728408,5.724237,-1.6631083,4.180592,-6.2325344,on bike mount,cyclo cross,True,paving stones,good
483ee7a5-1d9c-4e43-b635-efe680ae580a,55d6b9cf-0b38-4e5e-9d6b-603ba7bc390d,29c32e48-f3b6-4aa0-afcf-99a7bcb77d39,1643974219380,13.395383,52.4728408,5.724237,-2.3228865,-1.0443435,-2.7544107,on bike mount,cyclo cross,True,paving stones,good
483ee7a5-1d9c-4e43-b635-efe680ae580a,55d6b9cf-0b38-4e5e-9d6b-603ba7bc390d,26275da7-7f1f-4c45-bb3c-f0b31b0beaac,1643974219444,13.395383,52.4728408,5.724237,-0.98110485,-1.5834198,0.8060665,on bike mount,cyclo cross,True,paving stones,good
483ee7a5-1d9c-4e43-b635-efe680ae580a,55d6b9cf-0b38-4e5e-9d6b-603ba7bc390d,279c9be9-cc9b-4953-baa4-47e3645f6bb5,1643974219508,13.3954698,52.4728407,5.7179837,-1.3992723,2.5718026,-0.1734724,on bike mount,cyclo cross,True,paving stones,good
483ee7a5-1d9c-4e43-b635-efe680ae580a,55d6b9cf-0b38-4e5e-9d6b-603ba7bc390d,5c5cd9b6-c0ef-4b5e-ba03-7b717e7f45b2,1643974219566,13.3954698,52.4728407,5.7179837,-0.22484994,5.1009216,2.7531662,on bike mount,cyclo cross,True,paving stones,good
