bike_activity_uid,bike_activity_sample_uid,bike_activity_measurement,bike_activity_measurement_timestamp,bike_activity_measurement_lon,bike_activity_measurement_lat,bike_activity_measurement_speed,bike_activity_measurement_accelerometer_x,bike_activity_measurement_accelerometer_y,bike_activity_measurement_accelerometer_z,bike_activity_phone_position,bike_activity_bike_type,bike_activity_flagged_lab_conditions,bike_activity_surface_type,bike_activity_smoothness_type
5fcb171f-5280-4094-8dbf-a3a65b71f71a,ae34d15f-1a17-4913-9b92-5a43bfe22e4f,76fd8b7f-71ba-4ae2-ae42-f818f6a05149,1644235575446,13.3629853,52.5111279,3.1776452,1.1036634,-1.3771654,1.375288,on bike mount,cyclo cross,True,fine gravel,good
5fcb171f-5280-4094-8dbf-a3a65b71f71a,ae34d15f-1a17-4913-9b92-5a43bfe22e4f,efb3ad3f-575c-4840-9f76-5b808274ffe9,1644235575501,13.3629853,52.5111279,3.1776452,-0.18126667,-0.84630823,-1.8110275,on bike mount,cyclo cross,True,fine gravel,good
5fcb171f-5280-4094-8dbf-a3a65b71f71a,ae34d15f-1a17-4913-9b92-5a43bfe22e4f,5a7af2c2-2f82-4094-b465-ebb11a4d3653,1644235575557,13.3629853,52.5111279,3.1776452,-0.31204742,1.124927,-3.8252501,on bike mount,cyclo cross,True,fine gravel,good
5fcb171f-5280-4094-8dbf-a3a65b71f71a,ae34d15f-1a17-4913-9b92-5a43bfe22e4f,e12eba7c-42a0-4e72-a02f-1dcfd1daf476,1644235575614,13.3629853,52.5111279,3.1776452,-0.67006075,-2.5525084,6.200162,on bike mount,cyclo cross,True,fine gravel,good
5fcb171f-5280-4094-8dbf-a3a65b71f71a,ae34d15f-1a17-4913-9b92-5a43bfe22e4f,fdb69500-47a8-4aad-bfcd-ae68a3052ba3,1644235575671,13.3629853,52.5111279,3.1776452,-3.5793896,2.564189,-2.3005219,on bike mount,cyclo cross,True,fine gravel,good
5fcb171f-5280-4094-8dbf-a3a65b71f71a,ae34d15f-1a17-4913-9b92-5a43bfe22e4f,547e574b-46e7-42ad-8603-c5eaa1c70854,1644235575723,13.3629853,52.5111279,3.1776452,1.1287596,1.6208272,1.938633,on bike mount,cyclo cross,True,fine gravel,good
5fcb171f-5280-4094-8dbf-a3a65b71f71a,ae34d15f-1a17-4913-9b92-5a43bfe22e4f,15ec4c5b-8a20-4e12-9b59-bfe9f2de60ac,1644235575778,13.3629853,52.5111279,3.1776452,1.8297662,-2.103447,-0.17802238,on bike mount,cyclo cross,True,fine gravel,good
5fcb171f-5280-4094-8dbf-a3a65b71f71a,ae34d15f-1a17-4913-9b92-5a43bfe22e4f,5bbfd4df-160a-4327-8c4c-f1236c89366b,1644235575837,13.3629853,52.5111279,3.1776452,-0.8861842,1.9487,-1.9855132,on bike mount,cyclo cross,True,fine gravel,good
5fcb171f-5280-4094-8dbf-a3a65b71f71a,ae34d15f-1a17-4913-9b92-5a43bfe22e4f,7633f877-3695-4aff-9f31-2629291b87cf,1644235575891,13.3629853,52.5111279,3.1776452,-0.012513131,1.2445793,-0.21736145,on bike mount,cyclo cross,True,fine gravel,good
5fcb171f-5280-4094-8dbf-a3a65b71f71a,ae34d15f-1a17-4913-9b92-5a43bfe22e4f,c28e4d2d-cb7c-4a84-81b3-d6c8840dbc72,1644235575945,13.3629853,52.5111279,3.1776452,-0.03715095,2.7343912,-1.8223629,on bike mount,cyclo cross,True,fine gravel,good
5fcb171f-5280-4094-8dbf-a3a65b71f71a,ae34d15f-1a17-4913-9b92-5a43bfe22e4f,2e41b70d-31ed-4016-ac6c-52bc59dc1e76,1644235576002,13.3629853,52.5111279,3.1776452,1.7191973,-0.6213293,-0.019010544,on bike mount,cyclo cross,True,fine gravel,good
5fcb171f-5280-4094-8dbf-a3a65b71f71a,ae34d15f-1a17-4913-9b92-5a43bfe22e4f,54586718-9b81-4844-8bad-afca54221395,1644235576056,13.3629853,52.5111279,3.1776452,0.21673825,-1.1650288,2.1424456,on bike mount,cyclo cross,True,fine gravel,good
5fcb171f-5280-4094-8dbf-a3a65b71f71a,ae34d15f-1a17-4913-9b92-5a43bfe22e4f,b6b99b17-9f9f-483f-ba1f-70197e5076df,1644235576113,13.3629853,52.5111279,3.1776452,0.4573343,0.6599746,-3.3466887,on bike mount,cyclo cross,True,fine gravel,good
5fcb171f-5280-4094-8dbf-a3a65b71f71a,ae34d15f-1a17-4913-9b92-5a43bfe22e4f,a5ff7a9e-93b3-4a25-949e-3eecb5f9b032,1644235576167,13.3629853,52.5111279,3.1776452,-0.7523247,-0.3495586,0.45901203,on bike mount,cyclo cross,True,fine gravel,good
5fcb171f-5280-4094-8dbf-a3a65b71f71a,ae34d15f-1a17-4913-9b92-5a43bfe22e4f,da51946b-d83b-445f-98bf-200196444a75,1644235576224,13.3629853,52.5111279,3.1776452,0.34590897,0.2117064,1.71628,on bike mount,cyclo cross,True,fine gravel,good
5fcb171f-5280-4094-8dbf-a3a65b71f71a,ae34d15f-1a17-4913-9b92-5a43bfe22e4f,40903323-4975-4208-ac57-356db6bee8ab,1644235576280,13.3629853,52.5111279,3.1776452,-1.2393026,1.2635663,-1.2449546,on bike mount,cyclo cross,True,fine gravel,good
5fcb171f-5280-4094-8dbf-a3a65b71f71a,ae34d15f-1a17-4913-9b92-5a43bfe22e4f,96bd7570-c2cf-4523-8638-b87af9583a63,1644235576337,13.3629853,52.5111279,3.1776452,0.70103276,-0.98290825,-1.1826324,on bike mount,cyclo cross,True,fine gravel,good
5fcb171f-5280-4094-8dbf-a3a65b71f71a,ae34d15f-1a17-4913-9b92-5a43bfe22e4f,4bc1e8b2-805a-47e3-80a2-20ef5946f351,1644235576390,13.3630374,52.5111225,2.553464,-0.42650884,-0.9410956,3.5347538,on bike mount,cyclo cross,True,fine gravel,good
5fcb171f-5280-4094-8dbf-a3a65b71f71a,ae34d15f-1a17-4913-9b92-5a43bfe22e4f,b11643f5-1ee9-443d-911e-9b61b3bbc88f,1644235576445,13.3630374,52.5111225,2.553464,0.5384482,-0.5342965,-0.052394867,on bike mount,cyclo cross,True,fine gravel,good
5fcb171f-5280-4094-8dbf-a3a65b71f71a,ae34d15f-1a17-4913-9b92-5a43bfe22e4f,863fb3db-55ff-4017-a698-fb752d6a19b5,1644235576502,13.3630374,52.5111225,2.553464,0.3394011,0.40126252,-2.240117,on bike mount,cyclo cross,True,fine gravel,good
5fcb171f-5280-4094-8dbf-a3a65b71f71a,ae34d15f-1a17-4913-9b92-5a43bfe22e4f,3cbca7b0-89f3-4d5d-9be6-b32f5622b32e,1644235576556,13.3630374,52.5111225,2.553464,0.7162311,-0.49153113,0.558774,on bike mount,cyclo cross,True,fine gravel,good
5fcb171f-5280-4094-8dbf-a3a65b71f71a,ae34d15f-1a17-4913-9b92-5a43bfe22e4f,136f43d3-d18b-441a-ab58-b71ec58f6ff8,1644235576612,13.3630374,52.5111225,2.553464,0.9000033,-1.526919,0.9959698,on bike mount,cyclo cross,True,fine gravel,good
5fcb171f-5280-4094-8dbf-a3a65b71f71a,ae34d15f-1a17-4913-9b92-5a43bfe22e4f,71078c7f-6296-4d53-8202-c7ac0b04c327,1644235576667,13.3630374,52.5111225,2.553464,-0.17827791,0.6023948,0.95122814,on bike mount,cyclo cross,True,fine gravel,good
5fcb171f-5280-4094-8dbf-a3a65b71f71a,ae34d15f-1a17-4913-9b92-5a43bfe22e4f,465c9ff2-94d0-4383-8647-286198516b88,1644235576724,13.3630374,52.5111225,2.553464,0.69392926,-0.5432911,4.213498,on bike mount,cyclo cross,True,fine gravel,good
5fcb171f-5280-4094-8dbf-a3a65b71f71a,ae34d15f-1a17-4913-9b92-5a43bfe22e4f,89ab953d-4949-4a5e-b7a6-04298a04e3e2,1644235576779,13.3630374,52.5111225,2.553464,-0.06856388,3.026669,-0.6093378,on bike mount,cyclo cross,True,fine gravel,good
5fcb171f-5280-4094-8dbf-a3a65b71f71a,ae34d15f-1a17-4913-9b92-5a43bfe22e4f,78b3161d-baf4-4029-8c78-f7dca2fff2f2,1644235576836,13.3630374,52.5111225,2.553464,0.7501265,-0.9807217,-1.2158699,on bike mount,cyclo cross,True,fine gravel,good
5fcb171f-5280-4094-8dbf-a3a65b71f71a,ae34d15f-1a17-4913-9b92-5a43bfe22e4f,14526d4f-0fa6-4405-9752-15e68634a7d4,1644235576890,13.3630374,52.5111225,2.553464,0.3450737,0.64247537,0.24241447,on bike mount,cyclo cross,True,fine gravel,good
5fcb171f-5280-4094-8dbf-a3a65b71f71a,ae34d15f-1a17-4913-9b92-5a43bfe22e4f,75992ecd-fc24-4654-99b3-fee81806965d,1644235576946,13.3630374,52.5111225,2.553464,0.5639173,-0.34932947,4.694112,on bike mount,cyclo cross,True,fine gravel,good
5fcb171f-5280-4094-8dbf-a3a65b71f71a,ae34d15f-1a17-4913-9b92-5a43bfe22e4f,95e99078-d78f-4813-8b34-8b303bc18da2,1644235577002,13.3630374,52.5111225,2.553464,-0.49124354,-1.1906387,0.31384373,on bike mount,cyclo cross,True,fine gravel,good
5fcb171f-5280-4094-8dbf-a3a65b71f71a,ae34d15f-1a17-4913-9b92-5a43bfe22e4f,3498dd27-0d88-4b50-a95f-cf6a45fce887,1644235577059,13.3630374,52.5111225,2.553464,-0.035457402,1.1971009,0.0058603287,on bike mount,cyclo cross,True,fine gravel,good
5fcb171f-5280-4094-8dbf-a3a65b71f71a,ae34d15f-1a17-4913-9b92-5a43bfe22e4f,a475692b-14ab-458d-915b-86540c532961,1644235577113,13.3630374,52.5111225,2.553464,-0.45526224,0.42127395,2.8767624,on bike mount,cyclo cross,True,fine gravel,good
5fcb171f-5280-4094-8dbf-a3a65b71f71a,ae34d15f-1a17-4913-9b92-5a43bfe22e4f,b4eba6c5-8a51-4e7b-adba-f98e32becddc,1644235577167,13.3630374,52.5111225,2.553464,-2.2629573,-1.4454982,3.3510323,on bike mount,cyclo cross,True,fine gravel,good
5fcb171f-5280-4094-8dbf-a3a65b71f71a,ae34d15f-1a17-4913-9b92-5a43bfe22e4f,67329e43-56c5-4846-9ed2-bec0aa82c8e0,1644235577225,13.3630374,52.5111225,2.553464,0.43736774,0.18935156,-2.5718126,on bike mount,cyclo cross,True,fine gravel,good
5fcb171f-5280-4094-8dbf-a3a65b71f71a,ae34d15f-1a17-4913-9b92-5a43bfe22e4f,4ede270e-a7d2-4503-bd44-91c607262815,1644235577282,13.3630374,52.5111225,2.553464,0.61447686,1.0665402,0.99888134,on bike mount,cyclo cross,True,fine gravel,good
5fcb171f-5280-4094-8dbf-a3a65b71f71a,ae34d15f-1a17-4913-9b92-5a43bfe22e4f,89fdd03d-b4d4-43b6-9401-45f2df798ccc,1644235577335,13.3630374,52.5111225,2.553464,-1.4111825,1.1440668,1.2856684,on bike mount,cyclo cross,True,fine gravel,good
5fcb171f-5280-4094-8dbf-a3a65b71f71a,ae34d15f-1a17-4913-9b92-5a43bfe22e4f,07aaadb1-589d-4723-b9b5-ad8e4f7c9388,1644235577391,13.3630374,52.5111225,2.553464,-0.62214214,-0.0316422,2.0321188,on bike mount,cyclo cross,True,fine gravel,good
5fcb171f-5280-4094-8dbf-a3a65b71f71a,ae34d15f-1a17-4913-9b92-5a43bfe22e4f,ce5675a2-53e7-4130-9b34-9ea1467138e4,1644235577446,13.3630807,52.5111122,1.986276,-0.28922337,-1.3207684,1.6663752,on bike mount,cyclo cross,True,fine gravel,good
5fcb171f-5280-4094-8dbf-a3a65b71f71a,ae34d15f-1a17-4913-9b92-5a43bfe22e4f,9d77ba18-af8d-408f-91e0-d6ac7d58c1be,1644235577501,13.3630807,52.5111122,1.986276,-0.44446647,0.3039236,1.6895094,on bike mount,cyclo cross,True,fine gravel,good
5fcb171f-5280-4094-8dbf-a3a65b71f71a,ae34d15f-1a17-4913-9b92-5a43bfe22e4f,f001244e-402c-4839-939a-c693b4458e71,1644235577554,13.3630807,52.5111122,1.986276,-1.1176143,0.35672784,-3.0538445,on bike mount,cyclo cross,True,fine gravel,good
5fcb171f-5280-4094-8dbf-a3a65b71f71a,ae34d15f-1a17-4913-9b92-5a43bfe22e4f,e5bdf868-37f3-4188-baf4-df3243acecfc,1644235577612,13.3630807,52.5111122,1.986276,-0.8693731,-1.5965035,0.56390285,on bike mount,cyclo cross,True,fine gravel,good
5fcb171f-5280-4094-8dbf-a3a65b71f71a,ae34d15f-1a17-4913-9b92-5a43bfe22e4f,4b569f73-c52a-49e8-9fa4-02379d5501f0,1644235577668,13.3630807,52.5111122,1.986276,-1.3042512,0.8316901,-2.3322701,on bike mount,cyclo cross,True,fine gravel,good
5fcb171f-5280-4094-8dbf-a3a65b71f71a,ae34d15f-1a17-4913-9b92-5a43bfe22e4f,3a86f13a-4b92-4129-a590-c09609efe320,1644235577724,13.3630807,52.5111122,1.986276,-0.2337358,-0.21074128,-1.1083322,on bike mount,cyclo cross,True,fine gravel,good
5fcb171f-5280-4094-8dbf-a3a65b71f71a,ae34d15f-1a17-4913-9b92-5a43bfe22e4f,8d2a72d1-6963-439e-aa1e-04b406c59bf5,1644235577780,13.3630807,52.5111122,1.986276,-0.40871686,1.6608343,-0.51434994,on bike mount,cyclo cross,True,fine gravel,good
5fcb171f-5280-4094-8dbf-a3a65b71f71a,ae34d15f-1a17-4913-9b92-5a43bfe22e4f,86c8bfc6-e5aa-4aeb-a065-87f5d92332aa,1644235577836,13.3630807,52.5111122,1.986276,-0.90744156,-0.012720346,-1.601418,on bike mount,cyclo cross,True,fine gravel,good
5fcb171f-5280-4094-8dbf-a3a65b71f71a,ae34d15f-1a17-4913-9b92-5a43bfe22e4f,2d4cbe1d-c037-4dec-a108-5e3615de5e12,1644235577890,13.3630807,52.5111122,1.986276,-1.0172403,-0.2995553,0.4375515,on bike mount,cyclo cross,True,fine gravel,good
5fcb171f-5280-4094-8dbf-a3a65b71f71a,ae34d15f-1a17-4913-9b92-5a43bfe22e4f,3af5d1c6-9e19-482f-9601-a6efe9cc9bad,1644235577946,13.3630807,52.5111122,1.986276,0.13480198,-0.46488523,-0.43288422,on bike mount,cyclo cross,True,fine gravel,good
5fcb171f-5280-4094-8dbf-a3a65b71f71a,ae34d15f-1a17-4913-9b92-5a43bfe22e4f,91b17af1-c5c5-4600-84bc-5472d3fa6e7a,1644235578005,13.3630807,52.5111122,1.986276,-0.4908913,0.5285752,-0.06114006,on bike mount,cyclo cross,True,fine gravel,good
5fcb171f-5280-4094-8dbf-a3a65b71f71a,ae34d15f-1a17-4913-9b92-5a43bfe22e4f,30a55a1f-5d87-4d4b-b005-2b209fbb65ad,1644235578058,13.3630807,52.5111122,1.986276,-0.3473978,-0.5190315,0.4783163,on bike mount,cyclo cross,True,fine gravel,good
5fcb171f-5280-4094-8dbf-a3a65b71f71a,ae34d15f-1a17-4913-9b92-5a43bfe22e4f,d47b8d6e-a718-4ce6-8c50-51f95d383b8f,1644235578113,13.3630807,52.5111122,1.986276,-0.4338491,-0.34217715,0.6072407,on bike mount,cyclo cross,True,fine gravel,good
5fcb171f-5280-4094-8dbf-a3a65b71f71a,ae34d15f-1a17-4913-9b92-5a43bfe22e4f,0ba0d190-a2f1-4d86-8af3-9b20a18047d5,1644235578169,13.3630807,52.5111122,1.986276,-0.39744624,-0.72320545,1.2979326,on bike mount,cyclo cross,True,fine gravel,good
5fcb171f-5280-4094-8dbf-a3a65b71f71a,ae34d15f-1a17-4913-9b92-5a43bfe22e4f,5bf52002-cdfb-4ab2-b8df-54affaf0fb32,1644235578226,13.3630807,52.5111122,1.986276,-1.2252591,0.555501,-1.302619,on bike mount,cyclo cross,True,fine gravel,good
5fcb171f-5280-4094-8dbf-a3a65b71f71a,ae34d15f-1a17-4913-9b92-5a43bfe22e4f,1cb3b739-2563-4c36-bbfc-3a4db6a772fc,1644235578279,13.3630807,52.5111122,1.986276,-0.6889908,0.22048426,0.36503696,on bike mount,cyclo cross,True,fine gravel,good
5fcb171f-5280-4094-8dbf-a3a65b71f71a,ae34d15f-1a17-4913-9b92-5a43bfe22e4f,7e333500-3bef-481f-8d69-e1ce7df8a02e,1644235578335,13.3630807,52.5111122,1.986276,0.68659973,-0.2032249,-1.1178603,on bike mount,cyclo cross,True,fine gravel,good
5fcb171f-5280-4094-8dbf-a3a65b71f71a,ae34d15f-1a17-4913-9b92-5a43bfe22e4f,3c980c80-380a-4457-a2aa-263d25fad2c1,1644235578391,13.3630807,52.5111122,1.986276,0.31501037,0.8422053,0.67655945,on bike mount,cyclo cross,True,fine gravel,good
5fcb171f-5280-4094-8dbf-a3a65b71f71a,ae34d15f-1a17-4913-9b92-5a43bfe22e4f,f7fbbffc-8a2c-4335-8d7e-16a5310880cb,1644235578447,13.3630807,52.5111122,1.986276,-0.90023506,1.1123261,0.82217884,on bike mount,cyclo cross,True,fine gravel,good
5fcb171f-5280-4094-8dbf-a3a65b71f71a,ae34d15f-1a17-4913-9b92-5a43bfe22e4f,b16e3520-e615-447f-af64-81efdb9459c0,1644235578502,13.3630807,52.5111122,1.986276,0.42406434,-1.2407949,2.3377,on bike mount,cyclo cross,True,fine gravel,good
5fcb171f-5280-4094-8dbf-a3a65b71f71a,ae34d15f-1a17-4913-9b92-5a43bfe22e4f,25adbe60-b9af-471d-a0c1-da44e3055e6d,1644235578558,13.3630807,52.5111122,1.986276,-0.526456,-0.16640925,-0.7679043,on bike mount,cyclo cross,True,fine gravel,good
5fcb171f-5280-4094-8dbf-a3a65b71f71a,ae34d15f-1a17-4913-9b92-5a43bfe22e4f,fbcb64a6-5590-49b7-9e2e-e229a826735f,1644235578615,13.3631085,52.5110977,1.9986198,-0.7234289,-0.99208164,0.34833336,on bike mount,cyclo cross,True,fine gravel,good
5fcb171f-5280-4094-8dbf-a3a65b71f71a,ae34d15f-1a17-4913-9b92-5a43bfe22e4f,d4b47c48-29e3-400b-a78b-6ad43855d4f3,1644235578668,13.3631085,52.5110977,1.9986198,-0.35406452,-1.6680003,1.7210016,on bike mount,cyclo cross,True,fine gravel,good
5fcb171f-5280-4094-8dbf-a3a65b71f71a,ae34d15f-1a17-4913-9b92-5a43bfe22e4f,5c67607a-89f9-488c-8e8a-5da9b75755c2,1644235578723,13.3631085,52.5110977,1.9986198,-1.3348498,0.8042979,-2.0212498,on bike mount,cyclo cross,True,fine gravel,good
5fcb171f-5280-4094-8dbf-a3a65b71f71a,ae34d15f-1a17-4913-9b92-5a43bfe22e4f,ab2cde10-f6d7-46c9-8143-fbc0c2f7874e,1644235578781,13.3631085,52.5110977,1.9986198,0.485702,-0.8061428,0.08351517,on bike mount,cyclo cross,True,fine gravel,good
5fcb171f-5280-4094-8dbf-a3a65b71f71a,ae34d15f-1a17-4913-9b92-5a43bfe22e4f,f7c4be59-bf30-485d-aa1f-fd44ffb32cbb,1644235578836,13.3631085,52.5110977,1.9986198,-0.24579038,0.764539,-1.403338,on bike mount,cyclo cross,True,fine gravel,good
5fcb171f-5280-4094-8dbf-a3a65b71f71a,ae34d15f-1a17-4913-9b92-5a43bfe22e4f,767bf194-887d-4c52-a152-d095b1718abd,1644235578891,13.3631085,52.5110977,1.9986198,-1.0679959,0.48966742,-0.70825005,on bike mount,cyclo cross,True,fine gravel,good
5fcb171f-5280-4094-8dbf-a3a65b71f71a,ae34d15f-1a17-4913-9b92-5a43bfe22e4f,40d6c001-35ed-43e1-afc9-ac745b3ef862,1644235578946,13.3631085,52.5110977,1.9986198,0.2932462,-0.26251626,-2.1800408,on bike mount,cyclo cross,True,fine gravel,good
5fcb171f-5280-4094-8dbf-a3a65b71f71a,ae34d15f-1a17-4913-9b92-5a43bfe22e4f,78afd9fe-e44b-45eb-afdb-6b5b50c84335,1644235579002,13.3631085,52.5110977,1.9986198,0.20697117,-0.23612952,-1.1288743,on bike mount,cyclo cross,True,fine gravel,good
5fcb171f-5280-4094-8dbf-a3a65b71f71a,ae34d15f-1a17-4913-9b92-5a43bfe22e4f,cc0aef33-e078-48dc-9473-04449d005e13,1644235579059,13.3631085,52.5110977,1.9986198,-0.6464163,1.5167289,-2.3227859,on bike mount,cyclo cross,True,fine gravel,good
5fcb171f-5280-4094-8dbf-a3a65b71f71a,ae34d15f-1a17-4913-9b92-5a43bfe22e4f,f059b60c-aca4-43c4-9aee-9e404ee5f045,1644235579115,13.3631085,52.5110977,1.9986198,0.703697,1.1844647,-2.8187442,on bike mount,cyclo cross,True,fine gravel,good
5fcb171f-5280-4094-8dbf-a3a65b71f71a,ae34d15f-1a17-4913-9b92-5a43bfe22e4f,4de96050-20c8-4d05-91ec-179491639da3,1644235579172,13.3631085,52.5110977,1.9986198,0.41790676,0.59265804,1.0079327,on bike mount,cyclo cross,True,fine gravel,good
5fcb171f-5280-4094-8dbf-a3a65b71f71a,ae34d15f-1a17-4913-9b92-5a43bfe22e4f,56d8ad73-b84e-4af3-8415-22538c4819a5,1644235579224,13.3631085,52.5110977,1.9986198,-1.197113,-0.63704944,0.584013,on bike mount,cyclo cross,True,fine gravel,good
5fcb171f-5280-4094-8dbf-a3a65b71f71a,ae34d15f-1a17-4913-9b92-5a43bfe22e4f,96c24998-b138-4bba-b835-e52f6dc28d31,1644235579280,13.3631085,52.5110977,1.9986198,-1.3487971,-0.7985089,0.4997368,on bike mount,cyclo cross,True,fine gravel,good
5fcb171f-5280-4094-8dbf-a3a65b71f71a,ae34d15f-1a17-4913-9b92-5a43bfe22e4f,255e83d6-9c87-4b6b-8b6d-b0b14e7b3076,1644235579335,13.3631085,52.5110977,1.9986198,-0.95756185,-1.1593692,1.14153,on bike mount,cyclo cross,True,fine gravel,good
5fcb171f-5280-4094-8dbf-a3a65b71f71a,ae34d15f-1a17-4913-9b92-5a43bfe22e4f,931a8355-047f-4000-a31a-8a857733034a,1644235579391,13.3631085,52.5110977,1.9986198,-1.0914946,-2.0095663,2.1360521,on bike mount,cyclo cross,True,fine gravel,good
5fcb171f-5280-4094-8dbf-a3a65b71f71a,ae34d15f-1a17-4913-9b92-5a43bfe22e4f,dac0847c-b0a0-4559-bf99-a47fde79dde7,1644235579447,13.3631085,52.5110977,1.9986198,-0.46700346,1.6414554,-2.2521443,on bike mount,cyclo cross,True,fine gravel,good
5fcb171f-5280-4094-8dbf-a3a65b71f71a,ae34d15f-1a17-4913-9b92-5a43bfe22e4f,6efb480b-5887-400b-ab00-a13d2b072367,1644235579501,13.3631085,52.5110977,1.9986198,-1.3355794,1.473278,-2.4531937,on bike mount,cyclo cross,True,fine gravel,good
5fcb171f-5280-4094-8dbf-a3a65b71f71a,ae34d15f-1a17-4913-9b92-5a43bfe22e4f,c290b658-5a40-4569-bb37-ba13a437be2c,1644235579558,13.3631085,52.5110977,1.9986198,-1.1424782,-0.21989322,-1.1664667,on bike mount,cyclo cross,True,fine gravel,good
5fcb171f-5280-4094-8dbf-a3a65b71f71a,ae34d15f-1a17-4913-9b92-5a43bfe22e4f,5ac612fe-37c1-4791-8a40-a657be0faf35,1644235579618,13.3631277,52.5110823,1.8673043,-0.993157,-1.4582,0.84511566,on bike mount,cyclo cross,True,fine gravel,good
5fcb171f-5280-4094-8dbf-a3a65b71f71a,ae34d15f-1a17-4913-9b92-5a43bfe22e4f,12d3d17c-336a-4eb0-a466-39dd074b1fc9,1644235579669,13.3631277,52.5110823,1.8673043,-1.1126816,-0.44589698,-1.2673697,on bike mount,cyclo cross,True,fine gravel,good
5fcb171f-5280-4094-8dbf-a3a65b71f71a,ae34d15f-1a17-4913-9b92-5a43bfe22e4f,19c4c91e-ef34-465f-b32b-fbc278ff2861,1644235579724,13.3631277,52.5110823,1.8673043,-1.0994298,1.3759141,-0.6814332,on bike mount,cyclo cross,True,fine gravel,good
5fcb171f-5280-4094-8dbf-a3a65b71f71a,ae34d15f-1a17-4913-9b92-5a43bfe22e4f,563d7d09-98cb-4c7d-8d84-1223fd9d6d50,1644235579780,13.3631277,52.5110823,1.8673043,-1.1265441,-0.47810745,-0.33494377,on bike mount,cyclo cross,True,fine gravel,good
5fcb171f-5280-4094-8dbf-a3a65b71f71a,ae34d15f-1a17-4913-9b92-5a43bfe22e4f,c9aa9799-dc07-4444-ab9c-660ce448703c,1644235579836,13.3631277,52.5110823,1.8673043,-1.2738802,-1.1282886,2.0123672,on bike mount,cyclo cross,True,fine gravel,good
5fcb171f-5280-4094-8dbf-a3a65b71f71a,ae34d15f-1a17-4913-9b92-5a43bfe22e4f,00c0296d-d9df-4bf0-852d-7234a61c55c9,1644235579892,13.3631277,52.5110823,1.8673043,-1.8880293,0.21459603,3.7314892,on bike mount,cyclo cross,True,fine gravel,good
5fcb171f-5280-4094-8dbf-a3a65b71f71a,ae34d15f-1a17-4913-9b92-5a43bfe22e4f,951354e7-a5bb-4553-9a07-1bd62bfbcca8,1644235579947,13.3631277,52.5110823,1.8673043,-0.008722544,-0.643736,-0.27445602,on bike mount,cyclo cross,True,fine gravel,good
5fcb171f-5280-4094-8dbf-a3a65b71f71a,ae34d15f-1a17-4913-9b92-5a43bfe22e4f,34dfdc72-7418-41e4-9648-89eabdaaba7f,1644235580004,13.3631277,52.5110823,1.8673043,-0.77978337,0.80277085,-0.938303,on bike mount,cyclo cross,True,fine gravel,good
5fcb171f-5280-4094-8dbf-a3a65b71f71a,ae34d15f-1a17-4913-9b92-5a43bfe22e4f,231c1bcc-9d59-490e-8ef2-3c6c83f8e110,1644235580058,13.3631277,52.5110823,1.8673043,-0.7271701,-0.5851418,-0.19698334,on bike mount,cyclo cross,True,fine gravel,good
5fcb171f-5280-4094-8dbf-a3a65b71f71a,ae34d15f-1a17-4913-9b92-5a43bfe22e4f,aee03874-552e-4b76-a5e8-1122814abb3a,1644235580113,13.3631277,52.5110823,1.8673043,-1.2550325,0.38838077,-0.6589289,on bike mount,cyclo cross,True,fine gravel,good
5fcb171f-5280-4094-8dbf-a3a65b71f71a,ae34d15f-1a17-4913-9b92-5a43bfe22e4f,c0cbbee6-b55e-4776-9844-ba64f051b5a6,1644235580169,13.3631277,52.5110823,1.8673043,-1.1633958,-0.6942762,0.3037243,on bike mount,cyclo cross,True,fine gravel,good
5fcb171f-5280-4094-8dbf-a3a65b71f71a,ae34d15f-1a17-4913-9b92-5a43bfe22e4f,7e6879ec-e11e-442a-87d8-30c536e33be9,1644235580224,13.3631277,52.5110823,1.8673043,-2.4894626,-2.2010734,0.60348797,on bike mount,cyclo cross,True,fine gravel,good
5fcb171f-5280-4094-8dbf-a3a65b71f71a,ae34d15f-1a17-4913-9b92-5a43bfe22e4f,f00a22db-0c97-4f24-96a8-3b74509bea5e,1644235580286,13.3631277,52.5110823,1.8673043,-0.9186146,0.2728455,0.282732,on bike mount,cyclo cross,True,fine gravel,good
5fcb171f-5280-4094-8dbf-a3a65b71f71a,ae34d15f-1a17-4913-9b92-5a43bfe22e4f,1396b7f0-bf9f-42cf-9938-fed08a68bf53,1644235580336,13.3631277,52.5110823,1.8673043,-0.71343887,-0.07225609,1.2126589,on bike mount,cyclo cross,True,fine gravel,good
5fcb171f-5280-4094-8dbf-a3a65b71f71a,ae34d15f-1a17-4913-9b92-5a43bfe22e4f,8ebbb812-e2e2-48f9-aff1-d579957b9156,1644235580391,13.3631277,52.5110823,1.8673043,-1.9279857,0.53733635,0.26633263,on bike mount,cyclo cross,True,fine gravel,good
5fcb171f-5280-4094-8dbf-a3a65b71f71a,ae34d15f-1a17-4913-9b92-5a43bfe22e4f,b9118c16-5ad7-42e4-b7d7-c2eaf9582eca,1644235580446,13.3631277,52.5110823,1.8673043,-0.54755425,-0.2959726,0.14496136,on bike mount,cyclo cross,True,fine gravel,good
5fcb171f-5280-4094-8dbf-a3a65b71f71a,ae34d15f-1a17-4913-9b92-5a43bfe22e4f,fee39e1e-ef77-4015-ae23-0414102b9233,1644235580502,13.3631277,52.5110823,1.8673043,-0.9271637,-0.11408365,-0.7977371,on bike mount,cyclo cross,True,fine gravel,good
5fcb171f-5280-4094-8dbf-a3a65b71f71a,ae34d15f-1a17-4913-9b92-5a43bfe22e4f,cc3fcf7f-94dc-4db9-90de-9700c52fa829,1644235580557,13.3631277,52.5110823,1.8673043,-0.9755802,-0.9102996,1.9200554,on bike mount,cyclo cross,True,fine gravel,good
5fcb171f-5280-4094-8dbf-a3a65b71f71a,ae34d15f-1a17-4913-9b92-5a43bfe22e4f,2917b017-1603-4193-bb72-6d8efeab1563,1644235580615,13.3631464,52.511069,1.4622934,-1.0272553,-1.8412468,0.24057198,on bike mount,cyclo cross,True,fine gravel,good
5fcb171f-5280-4094-8dbf-a3a65b71f71a,ae34d15f-1a17-4913-9b92-5a43bfe22e4f,7bd29eb1-0e37-4b9d-8a84-ab1ca65ba9ed,1644235580669,13.3631464,52.511069,1.4622934,-1.3967412,0.41163898,-0.78072643,on bike mount,cyclo cross,True,fine gravel,good
5fcb171f-5280-4094-8dbf-a3a65b71f71a,ae34d15f-1a17-4913-9b92-5a43bfe22e4f,90a897be-a33b-472c-bc0b-8e454ae228ce,1644235580725,13.3631464,52.511069,1.4622934,-1.2953097,-0.709306,2.078539,on bike mount,cyclo cross,True,fine gravel,good
5fcb171f-5280-4094-8dbf-a3a65b71f71a,ae34d15f-1a17-4913-9b92-5a43bfe22e4f,1837bd75-b7f7-4883-a30b-adb942e0f906,1644235580780,13.3631464,52.511069,1.4622934,-1.9529529,-1.071433,1.5123768,on bike mount,cyclo cross,True,fine gravel,good
5fcb171f-5280-4094-8dbf-a3a65b71f71a,ae34d15f-1a17-4913-9b92-5a43bfe22e4f,13a7f04e-7093-42bb-99d2-d1d316826c11,1644235580838,13.3631464,52.511069,1.4622934,-0.47522855,-0.54212517,1.078722,on bike mount,cyclo cross,True,fine gravel,good
5fcb171f-5280-4094-8dbf-a3a65b71f71a,ae34d15f-1a17-4913-9b92-5a43bfe22e4f,b6c6d132-2258-4af4-b19b-ea0d72a4c9b8,1644235580891,13.3631464,52.511069,1.4622934,0.14550138,-1.1759571,-1.8231788,on bike mount,cyclo cross,True,fine gravel,good
5fcb171f-5280-4094-8dbf-a3a65b71f71a,ae34d15f-1a17-4913-9b92-5a43bfe22e4f,52982d80-4570-4401-9d88-f5c375efd595,1644235580948,13.3631464,52.511069,1.4622934,-1.9901828,0.9150796,0.022253036,on bike mount,cyclo cross,True,fine gravel,good
