bike_activity_uid,bike_activity_sample_uid,bike_activity_measurement,bike_activity_measurement_timestamp,bike_activity_measurement_lon,bike_activity_measurement_lat,bike_activity_measurement_speed,bike_activity_measurement_accelerometer_x,bike_activity_measurement_accelerometer_y,bike_activity_measurement_accelerometer_z,bike_activity_phone_position,bike_activity_bike_type,bike_activity_flagged_lab_conditions,bike_activity_surface_type,bike_activity_smoothness_type
66691eed-5d7c-461a-aa3e-e36681782016,c605553b-25de-4c3d-bed9-b4aa652d1f2b,c4ca0c7d-f6da-4c56-8409-c2345898d9d3,1644074181454,13.4404772,52.4925471,5.18969,-2.3156488,5.5888777,9.853687,on bike mount,cyclo cross,True,sett,intermediate
66691eed-5d7c-461a-aa3e-e36681782016,c605553b-25de-4c3d-bed9-b4aa652d1f2b,65d9c569-ee30-47ba-95fc-f1df61352cb6,1644074181509,13.4404772,52.4925471,5.18969,-4.526074,-47.879303,27.897585,on bike mount,cyclo cross,True,sett,intermediate
66691eed-5d7c-461a-aa3e-e36681782016,c605553b-25de-4c3d-bed9-b4aa652d1f2b,fab80bb0-b60e-455c-ae50-ec2a40442a39,1644074181564,13.4405455,52.4925259,4.923709,-2.4828317,12.846514,17.983828,on bike mount,cyclo cross,True,sett,intermediate
66691eed-5d7c-461a-aa3e-e36681782016,c605553b-25de-4c3d-bed9-b4aa652d1f2b,98ff58d6-1149-42b5-b552-ff22b010416d,1644074181620,13.4405455,52.4925259,4.923709,2.7666917,11.115043,-21.501778,on bike mount,cyclo cross,True,sett,intermediate
66691eed-5d7c-461a-aa3e-e36681782016,c605553b-25de-4c3d-bed9-b4aa652d1f2b,cc2991b9-c095-4c50-94f4-dac385ac9f6d,1644074181675,13.4405455,52.4925259,4.923709,-0.54830813,10.050032,-4.508094,on bike mount,cyclo cross,True,sett,intermediate
66691eed-5d7c-461a-aa3e-e36681782016,c605553b-25de-4c3d-bed9-b4aa652d1f2b,40a9e4e7-eb52-41ce-8be3-b45df860be52,1644074181731,13.4405455,52.4925259,4.923709,0.20662719,-4.6975517,-10.565523,on bike mount,cyclo cross,True,sett,intermediate
66691eed-5d7c-461a-aa3e-e36681782016,c605553b-25de-4c3d-bed9-b4aa652d1f2b,5ff90523-7517-44df-8954-4167b4d15d10,1644074181788,13.4405455,52.4925259,4.923709,-4.5652704,-4.2195845,4.364647,on bike mount,cyclo cross,True,sett,intermediate
66691eed-5d7c-461a-aa3e-e36681782016,c605553b-25de-4c3d-bed9-b4aa652d1f2b,6462ff97-18c8-434e-90ec-0a66d894b5ed,1644074181843,13.4405455,52.4925259,4.923709,1.4604579,12.986923,2.1719475,on bike mount,cyclo cross,True,sett,intermediate
66691eed-5d7c-461a-aa3e-e36681782016,c605553b-25de-4c3d-bed9-b4aa652d1f2b,9e5a95de-d51f-4b6e-97d0-3925b059f848,1644074181898,13.4405455,52.4925259,4.923709,3.827825,5.7729263,3.5719213,on bike mount,cyclo cross,True,sett,intermediate
66691eed-5d7c-461a-aa3e-e36681782016,c605553b-25de-4c3d-bed9-b4aa652d1f2b,1d8c6c90-2b5a-4843-8722-1c0886c36365,1644074181956,13.4405455,52.4925259,4.923709,-3.2858307,17.560501,-8.85279,on bike mount,cyclo cross,True,sett,intermediate
66691eed-5d7c-461a-aa3e-e36681782016,c605553b-25de-4c3d-bed9-b4aa652d1f2b,9a3b9ff4-8f7c-4d33-b900-cf8934b52523,1644074182011,13.4405455,52.4925259,4.923709,0.33295867,-4.337864,-20.931976,on bike mount,cyclo cross,True,sett,intermediate
66691eed-5d7c-461a-aa3e-e36681782016,c605553b-25de-4c3d-bed9-b4aa652d1f2b,77d51dee-40d4-4217-9e6d-eb21add0f7d1,1644074182065,13.4405455,52.4925259,4.923709,-1.5665262,-8.78097,-11.786544,on bike mount,cyclo cross,True,sett,intermediate
66691eed-5d7c-461a-aa3e-e36681782016,c605553b-25de-4c3d-bed9-b4aa652d1f2b,e7d59a75-7b24-4f6c-88d3-998aa78dd3d0,1644074182121,13.4405455,52.4925259,4.923709,-6.8550825,-13.33342,5.024991,on bike mount,cyclo cross,True,sett,intermediate
66691eed-5d7c-461a-aa3e-e36681782016,c605553b-25de-4c3d-bed9-b4aa652d1f2b,17ed4155-424e-4636-9d47-bd458d8e0f6a,1644074182177,13.4405455,52.4925259,4.923709,0.51067775,-2.9204094,-2.384469,on bike mount,cyclo cross,True,sett,intermediate
66691eed-5d7c-461a-aa3e-e36681782016,c605553b-25de-4c3d-bed9-b4aa652d1f2b,bdd72d06-009e-4994-88a7-f7d6585d9613,1644074182232,13.4405952,52.4925126,4.9334044,-0.09168893,23.203102,-5.051552,on bike mount,cyclo cross,True,sett,intermediate
66691eed-5d7c-461a-aa3e-e36681782016,c605553b-25de-4c3d-bed9-b4aa652d1f2b,e06c6da7-7658-467f-9a36-66e9b9d72650,1644074182287,13.4405952,52.4925126,4.9334044,-2.6462123,7.3691273,2.8706684,on bike mount,cyclo cross,True,sett,intermediate
66691eed-5d7c-461a-aa3e-e36681782016,c605553b-25de-4c3d-bed9-b4aa652d1f2b,cd0e8e1a-52fd-4945-a4c6-82647fd1b543,1644074182343,13.4405952,52.4925126,4.9334044,1.8112972,2.267387,20.873158,on bike mount,cyclo cross,True,sett,intermediate
66691eed-5d7c-461a-aa3e-e36681782016,c605553b-25de-4c3d-bed9-b4aa652d1f2b,d7ce554c-8011-45f3-b239-3915863652d8,1644074182398,13.4405952,52.4925126,4.9334044,2.7219467,0.6986084,18.65675,on bike mount,cyclo cross,True,sett,intermediate
66691eed-5d7c-461a-aa3e-e36681782016,c605553b-25de-4c3d-bed9-b4aa652d1f2b,c04a7c1b-98c1-4a5d-b735-ec2ab0b6d2bb,1644074182453,13.4405952,52.4925126,4.9334044,6.930352,4.625162,-3.4526033,on bike mount,cyclo cross,True,sett,intermediate
66691eed-5d7c-461a-aa3e-e36681782016,c605553b-25de-4c3d-bed9-b4aa652d1f2b,8e5f9f74-0eb7-4b32-9c47-58cfd019c234,1644074182510,13.4405952,52.4925126,4.9334044,3.040359,-15.573612,41.967476,on bike mount,cyclo cross,True,sett,intermediate
66691eed-5d7c-461a-aa3e-e36681782016,c605553b-25de-4c3d-bed9-b4aa652d1f2b,92d9dcf6-c50d-424d-983d-857d95911cbf,1644074182565,13.4405952,52.4925126,4.9334044,2.211743,-6.868323,20.152143,on bike mount,cyclo cross,True,sett,intermediate
66691eed-5d7c-461a-aa3e-e36681782016,c605553b-25de-4c3d-bed9-b4aa652d1f2b,81e714f2-57c3-47d8-8fdb-faeab3cc358c,1644074182622,13.4405952,52.4925126,4.9334044,-4.4137115,-1.9072104,-15.541897,on bike mount,cyclo cross,True,sett,intermediate
66691eed-5d7c-461a-aa3e-e36681782016,c605553b-25de-4c3d-bed9-b4aa652d1f2b,730ef06c-d7c1-44c6-b63e-edd87229251d,1644074182677,13.4405952,52.4925126,4.9334044,1.8401434,-10.674891,-4.452813,on bike mount,cyclo cross,True,sett,intermediate
66691eed-5d7c-461a-aa3e-e36681782016,c605553b-25de-4c3d-bed9-b4aa652d1f2b,0684f073-b132-412d-a0dd-239481ca11c9,1644074182733,13.4405952,52.4925126,4.9334044,-4.845185,-4.6044846,-6.279546,on bike mount,cyclo cross,True,sett,intermediate
66691eed-5d7c-461a-aa3e-e36681782016,c605553b-25de-4c3d-bed9-b4aa652d1f2b,6764651f-e670-4ac9-954d-c86bd6fa0e41,1644074182788,13.4405952,52.4925126,4.9334044,1.1123893,10.28853,-1.0720968,on bike mount,cyclo cross,True,sett,intermediate
66691eed-5d7c-461a-aa3e-e36681782016,c605553b-25de-4c3d-bed9-b4aa652d1f2b,34a0b212-5256-4cbf-ad97-6d876c87fd5a,1644074182843,13.4405952,52.4925126,4.9334044,-2.2383766,2.4867854,-12.319573,on bike mount,cyclo cross,True,sett,intermediate
66691eed-5d7c-461a-aa3e-e36681782016,c605553b-25de-4c3d-bed9-b4aa652d1f2b,a967c5bc-b283-4410-985f-2758d7642930,1644074182899,13.4405952,52.4925126,4.9334044,-1.6790936,14.242926,1.3079376,on bike mount,cyclo cross,True,sett,intermediate
66691eed-5d7c-461a-aa3e-e36681782016,c605553b-25de-4c3d-bed9-b4aa652d1f2b,6dbd5e2f-6c73-435b-8fda-967183985c6d,1644074182956,13.4406431,52.4925013,4.838135,-3.2499013,-9.025243,32.4918,on bike mount,cyclo cross,True,sett,intermediate
66691eed-5d7c-461a-aa3e-e36681782016,c605553b-25de-4c3d-bed9-b4aa652d1f2b,726ce7e2-37dc-4847-a6ba-d42fa4a586ac,1644074183010,13.4406431,52.4925013,4.838135,4.6535454,-5.266225,-8.142771,on bike mount,cyclo cross,True,sett,intermediate
66691eed-5d7c-461a-aa3e-e36681782016,c605553b-25de-4c3d-bed9-b4aa652d1f2b,5abcd2cd-b153-43fa-94c8-f905a752deb1,1644074183065,13.4406431,52.4925013,4.838135,-0.085086584,-13.64184,10.5437565,on bike mount,cyclo cross,True,sett,intermediate
66691eed-5d7c-461a-aa3e-e36681782016,c605553b-25de-4c3d-bed9-b4aa652d1f2b,8aa2b39c-b4a1-446a-b43e-877f971e004c,1644074183120,13.4406431,52.4925013,4.838135,2.0240932,-18.072544,5.764719,on bike mount,cyclo cross,True,sett,intermediate
66691eed-5d7c-461a-aa3e-e36681782016,c605553b-25de-4c3d-bed9-b4aa652d1f2b,363c9334-4b56-4c44-9d7b-644e7048e892,1644074183176,13.4406431,52.4925013,4.838135,4.763504,11.5030575,6.4625254,on bike mount,cyclo cross,True,sett,intermediate
66691eed-5d7c-461a-aa3e-e36681782016,c605553b-25de-4c3d-bed9-b4aa652d1f2b,fb45e55e-0d82-46ad-bbcf-802462d54876,1644074183231,13.4406431,52.4925013,4.838135,-7.9345427,-10.449237,9.385717,on bike mount,cyclo cross,True,sett,intermediate
66691eed-5d7c-461a-aa3e-e36681782016,c605553b-25de-4c3d-bed9-b4aa652d1f2b,e1c58bc4-9f86-4594-a1b5-d6891964d72b,1644074183288,13.4406431,52.4925013,4.838135,4.3709993,-10.42272,15.212189,on bike mount,cyclo cross,True,sett,intermediate
66691eed-5d7c-461a-aa3e-e36681782016,c605553b-25de-4c3d-bed9-b4aa652d1f2b,37c43111-0208-427e-a60e-4d5a989b0d3d,1644074183343,13.4406431,52.4925013,4.838135,2.7294953,-3.5005727,1.0363455,on bike mount,cyclo cross,True,sett,intermediate
66691eed-5d7c-461a-aa3e-e36681782016,c605553b-25de-4c3d-bed9-b4aa652d1f2b,13df1607-4f07-4c6c-829a-5c3242fcc167,1644074183399,13.4406723,52.4924929,4.786191,-1.8750374,-5.1182237,2.38169,on bike mount,cyclo cross,True,sett,intermediate
66691eed-5d7c-461a-aa3e-e36681782016,c605553b-25de-4c3d-bed9-b4aa652d1f2b,41be319a-f6ba-4903-9262-b89187bb5627,1644074183453,13.4406723,52.4924929,4.786191,-2.190857,-4.6080246,5.520689,on bike mount,cyclo cross,True,sett,intermediate
66691eed-5d7c-461a-aa3e-e36681782016,c605553b-25de-4c3d-bed9-b4aa652d1f2b,b96d270d-96b1-4231-99a0-54abc24d9798,1644074183509,13.4406723,52.4924929,4.786191,-4.0372286,-4.1729593,1.2245646,on bike mount,cyclo cross,True,sett,intermediate
66691eed-5d7c-461a-aa3e-e36681782016,c605553b-25de-4c3d-bed9-b4aa652d1f2b,ae053624-9db7-4516-b3a4-f5bd0c7c00bd,1644074183566,13.4406723,52.4924929,4.786191,-1.0961077,6.8227243,6.8686314,on bike mount,cyclo cross,True,sett,intermediate
66691eed-5d7c-461a-aa3e-e36681782016,c605553b-25de-4c3d-bed9-b4aa652d1f2b,a0114ee9-efd6-4459-b132-c75425d26928,1644074183622,13.4406723,52.4924929,4.786191,0.35028023,8.024247,-9.045071,on bike mount,cyclo cross,True,sett,intermediate
66691eed-5d7c-461a-aa3e-e36681782016,c605553b-25de-4c3d-bed9-b4aa652d1f2b,05c456d8-977e-4772-844e-765d0e369073,1644074183676,13.4406723,52.4924929,4.786191,1.4343866,-4.5712066,3.7329931,on bike mount,cyclo cross,True,sett,intermediate
66691eed-5d7c-461a-aa3e-e36681782016,c605553b-25de-4c3d-bed9-b4aa652d1f2b,e6b5934c-8102-490e-aebc-3cfd099bc5ef,1644074183732,13.4406723,52.4924929,4.786191,-1.3208812,0.54431915,-4.0533304,on bike mount,cyclo cross,True,sett,intermediate
66691eed-5d7c-461a-aa3e-e36681782016,c605553b-25de-4c3d-bed9-b4aa652d1f2b,e4c5e1a8-37a8-4dad-8216-493239dc1b8b,1644074183788,13.4406723,52.4924929,4.786191,-2.9432323,10.163891,-8.566862,on bike mount,cyclo cross,True,sett,intermediate
66691eed-5d7c-461a-aa3e-e36681782016,c605553b-25de-4c3d-bed9-b4aa652d1f2b,11db299d-6e58-49d9-af15-507511145c77,1644074183843,13.4406723,52.4924929,4.786191,2.2312727,-3.0396652,1.2540979,on bike mount,cyclo cross,True,sett,intermediate
66691eed-5d7c-461a-aa3e-e36681782016,c605553b-25de-4c3d-bed9-b4aa652d1f2b,fb9f5ba1-e58e-4656-a452-39e579407196,1644074183898,13.4406723,52.4924929,4.786191,-1.1779962,2.6753297,0.16893482,on bike mount,cyclo cross,True,sett,intermediate
66691eed-5d7c-461a-aa3e-e36681782016,c605553b-25de-4c3d-bed9-b4aa652d1f2b,9faab498-b3d3-4be2-a922-102621a427db,1644074183954,13.4406723,52.4924929,4.786191,-4.2479515,-16.266422,26.678272,on bike mount,cyclo cross,True,sett,intermediate
66691eed-5d7c-461a-aa3e-e36681782016,c605553b-25de-4c3d-bed9-b4aa652d1f2b,f4453777-674f-4391-b7db-ccd0dceecfb9,1644074184011,13.4406723,52.4924929,4.786191,0.40775323,-9.178186,8.092272,on bike mount,cyclo cross,True,sett,intermediate
66691eed-5d7c-461a-aa3e-e36681782016,c605553b-25de-4c3d-bed9-b4aa652d1f2b,d88923fe-e777-40c1-9b2b-29456bab07fd,1644074184065,13.4407121,52.4924803,4.692254,-0.64482075,5.2797318,-2.3541832,on bike mount,cyclo cross,True,sett,intermediate
66691eed-5d7c-461a-aa3e-e36681782016,c605553b-25de-4c3d-bed9-b4aa652d1f2b,d6ce4fdb-81ed-4977-b60f-35daf0ae56ef,1644074184121,13.4407121,52.4924803,4.692254,0.118350625,-5.4756746,4.291786,on bike mount,cyclo cross,True,sett,intermediate
66691eed-5d7c-461a-aa3e-e36681782016,c605553b-25de-4c3d-bed9-b4aa652d1f2b,7d16a64d-2c5a-4cd9-804b-2d1fa2005419,1644074184176,13.4407121,52.4924803,4.692254,0.25939977,0.5060277,3.4196806,on bike mount,cyclo cross,True,sett,intermediate
66691eed-5d7c-461a-aa3e-e36681782016,c605553b-25de-4c3d-bed9-b4aa652d1f2b,1f9453eb-ee15-4176-8e2e-d10b7c8b4a21,1644074184234,13.4407121,52.4924803,4.692254,0.47531104,-1.5688779,9.922537,on bike mount,cyclo cross,True,sett,intermediate
66691eed-5d7c-461a-aa3e-e36681782016,c605553b-25de-4c3d-bed9-b4aa652d1f2b,48237982-78fe-4e2c-b2c4-50b3cba90859,1644074184288,13.4407121,52.4924803,4.692254,1.9125856,4.871493,-5.8249702,on bike mount,cyclo cross,True,sett,intermediate
66691eed-5d7c-461a-aa3e-e36681782016,c605553b-25de-4c3d-bed9-b4aa652d1f2b,2c3843db-560d-473b-9d9f-46db0ec6a720,1644074184345,13.4407121,52.4924803,4.692254,-1.4444039,-3.3723614,1.955575,on bike mount,cyclo cross,True,sett,intermediate
66691eed-5d7c-461a-aa3e-e36681782016,c605553b-25de-4c3d-bed9-b4aa652d1f2b,7162efb8-36fc-4786-a612-3372aca3d3d5,1644074184399,13.4407121,52.4924803,4.692254,0.29252064,-6.6600285,2.4104671,on bike mount,cyclo cross,True,sett,intermediate
66691eed-5d7c-461a-aa3e-e36681782016,c605553b-25de-4c3d-bed9-b4aa652d1f2b,066f4540-d566-40de-b379-7a08acaebf02,1644074184454,13.4407121,52.4924803,4.692254,-0.61037457,6.550474,12.990622,on bike mount,cyclo cross,True,sett,intermediate
66691eed-5d7c-461a-aa3e-e36681782016,c605553b-25de-4c3d-bed9-b4aa652d1f2b,1deddba2-26c9-4045-8e64-b2810efa7852,1644074184510,13.4407121,52.4924803,4.692254,-1.7408652,1.5798931,-4.9126644,on bike mount,cyclo cross,True,sett,intermediate
66691eed-5d7c-461a-aa3e-e36681782016,c605553b-25de-4c3d-bed9-b4aa652d1f2b,3ff38c08-afff-4043-aaf9-6ca0477b2ee8,1644074184566,13.4407121,52.4924803,4.692254,1.4511396,1.5376611,-4.5519676,on bike mount,cyclo cross,True,sett,intermediate
66691eed-5d7c-461a-aa3e-e36681782016,c605553b-25de-4c3d-bed9-b4aa652d1f2b,98ef839a-e4d2-4d2a-9bd6-c0e0a3675a7f,1644074184621,13.4407121,52.4924803,4.692254,-2.348909,-7.555737,13.11271,on bike mount,cyclo cross,True,sett,intermediate
66691eed-5d7c-461a-aa3e-e36681782016,c605553b-25de-4c3d-bed9-b4aa652d1f2b,20889f8d-1789-4b75-8dff-a2fa07827a69,1644074184676,13.4407121,52.4924803,4.692254,-1.0674878,8.936274,-8.585494,on bike mount,cyclo cross,True,sett,intermediate
66691eed-5d7c-461a-aa3e-e36681782016,c605553b-25de-4c3d-bed9-b4aa652d1f2b,c285c919-a3ad-4be0-baec-06064af0d45e,1644074184731,13.4407121,52.4924803,4.692254,1.7886966,-1.561734,6.638303,on bike mount,cyclo cross,True,sett,intermediate
66691eed-5d7c-461a-aa3e-e36681782016,c605553b-25de-4c3d-bed9-b4aa652d1f2b,2784c9cf-fc6f-469f-a7d8-915be5bf41f5,1644074184788,13.4407121,52.4924803,4.692254,0.14240968,-2.5241096,3.8389893,on bike mount,cyclo cross,True,sett,intermediate
66691eed-5d7c-461a-aa3e-e36681782016,c605553b-25de-4c3d-bed9-b4aa652d1f2b,bdfd92e6-c4f5-4f16-9c07-2cdbc1f3322c,1644074184843,13.4407559,52.4924602,4.6244693,-1.9438165,1.3115716,8.566439,on bike mount,cyclo cross,True,sett,intermediate
66691eed-5d7c-461a-aa3e-e36681782016,c605553b-25de-4c3d-bed9-b4aa652d1f2b,31186f85-59a2-4e0d-a041-22c4e7e01085,1644074184899,13.4407559,52.4924602,4.6244693,-1.3589239,4.320071,-3.9452,on bike mount,cyclo cross,True,sett,intermediate
66691eed-5d7c-461a-aa3e-e36681782016,c605553b-25de-4c3d-bed9-b4aa652d1f2b,bb349c07-8a7c-482e-beed-f45080b03695,1644074184954,13.4407559,52.4924602,4.6244693,-1.413339,3.5096579,-6.102151,on bike mount,cyclo cross,True,sett,intermediate
66691eed-5d7c-461a-aa3e-e36681782016,c605553b-25de-4c3d-bed9-b4aa652d1f2b,45b03168-6a81-4f00-b9c0-d748338ed44b,1644074185010,13.4407559,52.4924602,4.6244693,-1.8753085,-2.5317068,3.947299,on bike mount,cyclo cross,True,sett,intermediate
66691eed-5d7c-461a-aa3e-e36681782016,c605553b-25de-4c3d-bed9-b4aa652d1f2b,0dfdace9-7a02-4e70-9830-6acef96b6c45,1644074185067,13.4407559,52.4924602,4.6244693,-2.786438,1.3651319,2.996832,on bike mount,cyclo cross,True,sett,intermediate
66691eed-5d7c-461a-aa3e-e36681782016,c605553b-25de-4c3d-bed9-b4aa652d1f2b,15a8b542-66ce-4756-9c15-27ebe465bdfe,1644074185122,13.4407559,52.4924602,4.6244693,1.5707531,4.462773,5.4075785,on bike mount,cyclo cross,True,sett,intermediate
66691eed-5d7c-461a-aa3e-e36681782016,c605553b-25de-4c3d-bed9-b4aa652d1f2b,e37821f0-65cc-4b41-8080-ed33543fc5df,1644074185177,13.4407559,52.4924602,4.6244693,-0.89685357,-1.9604995,4.3364906,on bike mount,cyclo cross,True,sett,intermediate
66691eed-5d7c-461a-aa3e-e36681782016,c605553b-25de-4c3d-bed9-b4aa652d1f2b,691e243e-b071-4314-a7e8-abd227d18d9b,1644074185233,13.4407559,52.4924602,4.6244693,-3.4291828,-13.397724,18.037544,on bike mount,cyclo cross,True,sett,intermediate
66691eed-5d7c-461a-aa3e-e36681782016,c605553b-25de-4c3d-bed9-b4aa652d1f2b,689fd5cb-a4b4-4ab6-bb52-6079e32e74db,1644074185288,13.4407559,52.4924602,4.6244693,-1.6241647,-17.137085,25.249285,on bike mount,cyclo cross,True,sett,intermediate
66691eed-5d7c-461a-aa3e-e36681782016,c605553b-25de-4c3d-bed9-b4aa652d1f2b,02809ed6-9f7a-4b66-b5da-1fa4a167c9f3,1644074185346,13.4407559,52.4924602,4.6244693,0.45923638,-16.571568,7.528158,on bike mount,cyclo cross,True,sett,intermediate
66691eed-5d7c-461a-aa3e-e36681782016,c605553b-25de-4c3d-bed9-b4aa652d1f2b,e4bb598c-4fce-406f-a3c9-e814edd01224,1644074185399,13.4407559,52.4924602,4.6244693,-4.0279408,-1.4662411,0.4529562,on bike mount,cyclo cross,True,sett,intermediate
66691eed-5d7c-461a-aa3e-e36681782016,c605553b-25de-4c3d-bed9-b4aa652d1f2b,4d6dab77-e04c-42ab-89b6-d2bee8886613,1644074185455,13.4407559,52.4924602,4.6244693,-0.49540925,0.22770977,10.806996,on bike mount,cyclo cross,True,sett,intermediate
66691eed-5d7c-461a-aa3e-e36681782016,c605553b-25de-4c3d-bed9-b4aa652d1f2b,b0013a82-6ede-4887-a42e-f19f6ee36c8c,1644074185509,13.4407898,52.4924464,4.6582427,-0.48659396,-13.702535,12.000395,on bike mount,cyclo cross,True,sett,intermediate
66691eed-5d7c-461a-aa3e-e36681782016,c605553b-25de-4c3d-bed9-b4aa652d1f2b,49d07daa-bf48-427b-bb3a-ece7aaf9f58b,1644074185566,13.4407898,52.4924464,4.6582427,0.26528168,0.797565,-3.0941207,on bike mount,cyclo cross,True,sett,intermediate
66691eed-5d7c-461a-aa3e-e36681782016,c605553b-25de-4c3d-bed9-b4aa652d1f2b,eef07dcd-0d28-4a03-b5e2-683a2f407fbf,1644074185621,13.4407898,52.4924464,4.6582427,-0.4918372,4.177023,-0.69019794,on bike mount,cyclo cross,True,sett,intermediate
66691eed-5d7c-461a-aa3e-e36681782016,c605553b-25de-4c3d-bed9-b4aa652d1f2b,1d363bd7-cb27-4418-a317-4920bf206ad3,1644074185677,13.4407898,52.4924464,4.6582427,-2.6112394,3.009354,-12.130247,on bike mount,cyclo cross,True,sett,intermediate
66691eed-5d7c-461a-aa3e-e36681782016,c605553b-25de-4c3d-bed9-b4aa652d1f2b,3eb1516e-c01c-4712-a2fd-93322527a786,1644074185734,13.4407898,52.4924464,4.6582427,-1.4316419,-6.7527614,-6.997096,on bike mount,cyclo cross,True,sett,intermediate
66691eed-5d7c-461a-aa3e-e36681782016,c605553b-25de-4c3d-bed9-b4aa652d1f2b,9a79cfe1-d2ca-41d3-b864-929ea8ddd14a,1644074185789,13.4407898,52.4924464,4.6582427,-0.43893123,-1.6370044,2.2521257,on bike mount,cyclo cross,True,sett,intermediate
66691eed-5d7c-461a-aa3e-e36681782016,c605553b-25de-4c3d-bed9-b4aa652d1f2b,b6ca9564-5c51-4729-bd1e-55915fb7f6df,1644074185845,13.4407898,52.4924464,4.6582427,-0.48530793,-2.1253178,6.9375753,on bike mount,cyclo cross,True,sett,intermediate
66691eed-5d7c-461a-aa3e-e36681782016,c605553b-25de-4c3d-bed9-b4aa652d1f2b,46123668-45ed-4278-8051-1ad9111cd4cc,1644074185900,13.4407898,52.4924464,4.6582427,0.86546254,-12.461182,26.544542,on bike mount,cyclo cross,True,sett,intermediate
66691eed-5d7c-461a-aa3e-e36681782016,c605553b-25de-4c3d-bed9-b4aa652d1f2b,48e1c24e-04f8-42c1-868f-a770496b1573,1644074185955,13.4407898,52.4924464,4.6582427,-1.516911,-1.5810184,-0.22848368,on bike mount,cyclo cross,True,sett,intermediate
66691eed-5d7c-461a-aa3e-e36681782016,c605553b-25de-4c3d-bed9-b4aa652d1f2b,2ff65c65-7826-4917-869c-81d0509196e7,1644074186011,13.4407898,52.4924464,4.6582427,-2.8791726,5.5929365,4.820219,on bike mount,cyclo cross,True,sett,intermediate
66691eed-5d7c-461a-aa3e-e36681782016,c605553b-25de-4c3d-bed9-b4aa652d1f2b,41592418-f199-48b5-afc5-dd1c52a13634,1644074186066,13.4407898,52.4924464,4.6582427,-3.1917117,-4.282391,10.529865,on bike mount,cyclo cross,True,sett,intermediate
66691eed-5d7c-461a-aa3e-e36681782016,c605553b-25de-4c3d-bed9-b4aa652d1f2b,215c75ef-3550-4029-a8bd-1f1012a2fa54,1644074186121,13.4407898,52.4924464,4.6582427,-3.2699387,-7.5915127,15.157133,on bike mount,cyclo cross,True,sett,intermediate
66691eed-5d7c-461a-aa3e-e36681782016,c605553b-25de-4c3d-bed9-b4aa652d1f2b,b55c2e92-0a58-41b2-802c-d04027ce2b0e,1644074186176,13.440836,52.4924307,4.4408846,-2.8854694,-15.222995,12.866754,on bike mount,cyclo cross,True,sett,intermediate
66691eed-5d7c-461a-aa3e-e36681782016,c605553b-25de-4c3d-bed9-b4aa652d1f2b,257ed432-bc92-4766-bb81-109df7af3665,1644074186232,13.440836,52.4924307,4.4408846,-0.7286401,5.181174,1.5228186,on bike mount,cyclo cross,True,sett,intermediate
66691eed-5d7c-461a-aa3e-e36681782016,c605553b-25de-4c3d-bed9-b4aa652d1f2b,11e2d31b-95ac-4006-a6e9-c426ab7990d2,1644074186288,13.440836,52.4924307,4.4408846,0.3883171,2.1367445,-0.14086914,on bike mount,cyclo cross,True,sett,intermediate
66691eed-5d7c-461a-aa3e-e36681782016,c605553b-25de-4c3d-bed9-b4aa652d1f2b,ea80c6b9-a7cd-488c-8b3c-09988431839e,1644074186344,13.440836,52.4924307,4.4408846,-4.0727654,-5.1035633,5.5422897,on bike mount,cyclo cross,True,sett,intermediate
66691eed-5d7c-461a-aa3e-e36681782016,c605553b-25de-4c3d-bed9-b4aa652d1f2b,be58a5a7-02d8-4944-9035-1071c14c2543,1644074186400,13.440836,52.4924307,4.4408846,-0.7707727,-10.375759,9.103094,on bike mount,cyclo cross,True,sett,intermediate
66691eed-5d7c-461a-aa3e-e36681782016,c605553b-25de-4c3d-bed9-b4aa652d1f2b,95e4f0bb-da3b-4789-83d2-a47dea53d011,1644074186454,13.440836,52.4924307,4.4408846,-4.8784857,8.433165,-7.2679634,on bike mount,cyclo cross,True,sett,intermediate
66691eed-5d7c-461a-aa3e-e36681782016,c605553b-25de-4c3d-bed9-b4aa652d1f2b,f477035a-a459-415a-8a45-c04a63d59c36,1644074186510,13.440836,52.4924307,4.4408846,-4.879227,10.59984,-11.533088,on bike mount,cyclo cross,True,sett,intermediate
66691eed-5d7c-461a-aa3e-e36681782016,c605553b-25de-4c3d-bed9-b4aa652d1f2b,07627a65-3663-44ad-a0e3-b8c50d536231,1644074186565,13.440836,52.4924307,4.4408846,-2.1095946,-1.4079325,0.86796665,on bike mount,cyclo cross,True,sett,intermediate
66691eed-5d7c-461a-aa3e-e36681782016,c605553b-25de-4c3d-bed9-b4aa652d1f2b,acc1d6de-b5d7-4b39-a0d4-04dc713f33c4,1644074186622,13.440836,52.4924307,4.4408846,-1.634216,-13.618494,6.696597,on bike mount,cyclo cross,True,sett,intermediate
66691eed-5d7c-461a-aa3e-e36681782016,c605553b-25de-4c3d-bed9-b4aa652d1f2b,b694a72e-5ca3-46f3-aa37-edb27d606e78,1644074186678,13.440836,52.4924307,4.4408846,-6.2167306,5.4476156,2.4988117,on bike mount,cyclo cross,True,sett,intermediate
66691eed-5d7c-461a-aa3e-e36681782016,c605553b-25de-4c3d-bed9-b4aa652d1f2b,86c2940a-a133-45d3-8802-42f120ec6881,1644074186733,13.440836,52.4924307,4.4408846,-4.0523,1.1688652,-3.0155325,on bike mount,cyclo cross,True,sett,intermediate
66691eed-5d7c-461a-aa3e-e36681782016,c605553b-25de-4c3d-bed9-b4aa652d1f2b,1b03a5a8-b8ef-4f8f-84c4-f5a4d0a338e1,1644074186788,13.440836,52.4924307,4.4408846,-5.768054,-9.087826,7.4094915,on bike mount,cyclo cross,True,sett,intermediate
66691eed-5d7c-461a-aa3e-e36681782016,c605553b-25de-4c3d-bed9-b4aa652d1f2b,f3799d12-016b-4b9b-9340-32c8f9a9a94d,1644074186844,13.440836,52.4924307,4.4408846,-2.827824,-10.137171,2.9122896,on bike mount,cyclo cross,True,sett,intermediate
66691eed-5d7c-461a-aa3e-e36681782016,c605553b-25de-4c3d-bed9-b4aa652d1f2b,cc1d7e5d-9b4f-4ab1-99b5-3e51ea764ad3,1644074186899,13.440836,52.4924307,4.4408846,-3.9453325,0.34540057,-1.5513053,on bike mount,cyclo cross,True,sett,intermediate
66691eed-5d7c-461a-aa3e-e36681782016,c605553b-25de-4c3d-bed9-b4aa652d1f2b,8320c70b-789b-489b-a8a7-ae7d7ed84867,1644074186956,13.440836,52.4924307,4.4408846,-2.1838627,4.455944,-0.75144863,on bike mount,cyclo cross,True,sett,intermediate
