bike_activity_uid,bike_activity_sample_uid,bike_activity_measurement,bike_activity_measurement_timestamp,bike_activity_measurement_lon,bike_activity_measurement_lat,bike_activity_measurement_speed,bike_activity_measurement_accelerometer_x,bike_activity_measurement_accelerometer_y,bike_activity_measurement_accelerometer_z,bike_activity_phone_position,bike_activity_bike_type,bike_activity_flagged_lab_conditions,bike_activity_surface_type,bike_activity_smoothness_type
6be55b62-4ee4-4906-ae82-44c93c4e6abe,4eec0cc6-35e7-4f27-800e-a1e72113c1d3,93ab2be2-0f1a-4e7b-a571-63d40cd950fd,1633173732216,14.4636836,52.1912831,1.2664341,-0.14571214,-0.6494317,-0.46209383,on bike mount,cyclo cross,True,asphalt,excellent
6be55b62-4ee4-4906-ae82-44c93c4e6abe,4eec0cc6-35e7-4f27-800e-a1e72113c1d3,882f69c6-1ba4-4718-ae5d-7cb04acba22f,1633173732266,14.4636836,52.1912831,1.2664341,0.11713064,0.120073795,-0.11947489,on bike mount,cyclo cross,True,asphalt,excellent
6be55b62-4ee4-4906-ae82-44c93c4e6abe,4eec0cc6-35e7-4f27-800e-a1e72113c1d3,b5303030-1be8-4279-9b15-e00c7583637b,1633173732316,14.4636836,52.1912831,1.2664341,0.09199247,-0.13186169,0.07853031,on bike mount,cyclo cross,True,asphalt,excellent
6be55b62-4ee4-4906-ae82-44c93c4e6abe,4eec0cc6-35e7-4f27-800e-a1e72113c1d3,3e6e4c80-8bc0-4dd4-800c-35deaf2849b9,1633173732367,14.4636836,52.1912831,1.2664341,0.21994603,0.06587696,0.14894009,on bike mount,cyclo cross,True,asphalt,excellent
6be55b62-4ee4-4906-ae82-44c93c4e6abe,4eec0cc6-35e7-4f27-800e-a1e72113c1d3,8748175e-5fd1-4df7-bccd-bdecfe37e652,1633173732433,14.4636836,52.1912831,1.2664341,-0.030981421,0.067323685,0.19712448,on bike mount,cyclo cross,True,asphalt,excellent
6be55b62-4ee4-4906-ae82-44c93c4e6abe,4eec0cc6-35e7-4f27-800e-a1e72113c1d3,7e1464f9-f630-4d63-8d98-38b48e7ee834,1633173732484,14.4636836,52.1912831,1.2664341,0.19243723,0.052602768,0.011381149,on bike mount,cyclo cross,True,asphalt,excellent
6be55b62-4ee4-4906-ae82-44c93c4e6abe,4eec0cc6-35e7-4f27-800e-a1e72113c1d3,e8906e67-9eb8-4f05-8b76-1d4245adcd94,1633173732534,14.4636836,52.1912831,1.2664341,0.039386272,0.12586975,0.21853828,on bike mount,cyclo cross,True,asphalt,excellent
6be55b62-4ee4-4906-ae82-44c93c4e6abe,4eec0cc6-35e7-4f27-800e-a1e72113c1d3,1761b749-774d-4ffd-9db6-36ef8dfe811d,1633173732601,14.4636836,52.1912831,1.2664341,0.4654715,-0.6923356,-0.47421074,on bike mount,cyclo cross,True,asphalt,excellent
6be55b62-4ee4-4906-ae82-44c93c4e6abe,4eec0cc6-35e7-4f27-800e-a1e72113c1d3,dcbbcaaa-297d-4c80-8fc8-2094ca0033e0,1633173732650,14.4636836,52.1912831,1.2664341,1.1001436,-1.6315408,-0.9690623,on bike mount,cyclo cross,True,asphalt,excellent
6be55b62-4ee4-4906-ae82-44c93c4e6abe,4eec0cc6-35e7-4f27-800e-a1e72113c1d3,24f606ee-ecfb-49b7-827d-b4722a810f49,1633173732701,14.4636836,52.1912831,1.2664341,0.79708195,-0.5688205,0.42403126,on bike mount,cyclo cross,True,asphalt,excellent
6be55b62-4ee4-4906-ae82-44c93c4e6abe,4eec0cc6-35e7-4f27-800e-a1e72113c1d3,26f183ab-d0c1-4a51-9881-4db1de9af26e,1633173732767,14.4636836,52.1912831,1.2664341,-1.3753887,1.4840107,1.1175528,on bike mount,cyclo cross,True,asphalt,excellent
6be55b62-4ee4-4906-ae82-44c93c4e6abe,4eec0cc6-35e7-4f27-800e-a1e72113c1d3,de717b12-e73e-459f-9cac-3ebf8e56b261,1633173732817,14.4636836,52.1912831,1.2664341,-0.31714654,0.9731312,-0.05508995,on bike mount,cyclo cross,True,asphalt,excellent
6be55b62-4ee4-4906-ae82-44c93c4e6abe,4eec0cc6-35e7-4f27-800e-a1e72113c1d3,5b504c61-8520-4eea-9be8-635883aad3aa,1633173732868,14.4636836,52.1912831,1.2664341,0.05671096,-0.0015287399,-0.1493206,on bike mount,cyclo cross,True,asphalt,excellent
6be55b62-4ee4-4906-ae82-44c93c4e6abe,4eec0cc6-35e7-4f27-800e-a1e72113c1d3,6df4581a-81fc-42d4-81fb-09ad14e31d0c,1633173732918,14.4636836,52.1912831,1.2664341,0.4419148,0.28966475,-0.40756512,on bike mount,cyclo cross,True,asphalt,excellent
6be55b62-4ee4-4906-ae82-44c93c4e6abe,4eec0cc6-35e7-4f27-800e-a1e72113c1d3,a483be3c-f607-4d8f-b29c-4333487630fa,1633173732984,14.4636887,52.1912779,0.9493447,0.62010217,5.211042,-1.0201211,on bike mount,cyclo cross,True,asphalt,excellent
6be55b62-4ee4-4906-ae82-44c93c4e6abe,4eec0cc6-35e7-4f27-800e-a1e72113c1d3,4b973348-61c7-48a9-a258-d5aa4bebc761,1633173733035,14.4636887,52.1912779,0.9493447,0.12832761,-1.081197,-0.05299568,on bike mount,cyclo cross,True,asphalt,excellent
6be55b62-4ee4-4906-ae82-44c93c4e6abe,4eec0cc6-35e7-4f27-800e-a1e72113c1d3,24d14ae6-cdd3-487f-9611-08dfcda75f89,1633173733085,14.4636887,52.1912779,0.9493447,-1.6418166,0.78907955,-0.22623634,on bike mount,cyclo cross,True,asphalt,excellent
6be55b62-4ee4-4906-ae82-44c93c4e6abe,4eec0cc6-35e7-4f27-800e-a1e72113c1d3,852ac18c-69ae-4fda-a31b-6357d5de55c6,1633173733135,14.4636887,52.1912779,0.9493447,0.044524193,-0.8942714,0.06905174,on bike mount,cyclo cross,True,asphalt,excellent
6be55b62-4ee4-4906-ae82-44c93c4e6abe,4eec0cc6-35e7-4f27-800e-a1e72113c1d3,33f3b785-1775-4cd4-b352-e78c2ad29e3e,1633173733201,14.4636887,52.1912779,0.9493447,3.2988153,8.437962,4.3786306,on bike mount,cyclo cross,True,asphalt,excellent
6be55b62-4ee4-4906-ae82-44c93c4e6abe,4eec0cc6-35e7-4f27-800e-a1e72113c1d3,de9d5fa7-bfa9-4193-a2bc-b386f4ed658f,1633173733252,14.4636887,52.1912779,0.9493447,-0.3175695,0.7304071,-0.39614773,on bike mount,cyclo cross,True,asphalt,excellent
6be55b62-4ee4-4906-ae82-44c93c4e6abe,4eec0cc6-35e7-4f27-800e-a1e72113c1d3,15436aaa-a353-4bf3-a609-c8eeb2972208,1633173733318,14.4636887,52.1912779,0.9493447,-0.3171463,0.22234893,0.060321808,on bike mount,cyclo cross,True,asphalt,excellent
6be55b62-4ee4-4906-ae82-44c93c4e6abe,4eec0cc6-35e7-4f27-800e-a1e72113c1d3,d9b8f110-9114-4435-ac3d-d7599ba7312c,1633173733368,14.4636887,52.1912779,0.9493447,0.14286661,0.505039,-0.9647727,on bike mount,cyclo cross,True,asphalt,excellent
6be55b62-4ee4-4906-ae82-44c93c4e6abe,4eec0cc6-35e7-4f27-800e-a1e72113c1d3,7b81a5ad-de96-4f55-a0ce-2f8559f21989,1633173733419,14.4636887,52.1912779,0.9493447,0.07294011,-0.4312954,-0.2651806,on bike mount,cyclo cross,True,asphalt,excellent
6be55b62-4ee4-4906-ae82-44c93c4e6abe,4eec0cc6-35e7-4f27-800e-a1e72113c1d3,0c13bfbb-0869-4abd-a83c-5e788b3b968b,1633173733469,14.4636887,52.1912779,0.9493447,0.046548367,0.005297065,0.21909523,on bike mount,cyclo cross,True,asphalt,excellent
6be55b62-4ee4-4906-ae82-44c93c4e6abe,4eec0cc6-35e7-4f27-800e-a1e72113c1d3,a279d5d4-bfb0-4a8f-a93f-aa2332d472b8,1633173733535,14.4636887,52.1912779,0.9493447,0.12541556,-1.2822666,-4.2719173,on bike mount,cyclo cross,True,asphalt,excellent
6be55b62-4ee4-4906-ae82-44c93c4e6abe,4eec0cc6-35e7-4f27-800e-a1e72113c1d3,230d2e75-9d9f-4a3f-9c42-317af59817c7,1633173733586,14.4636887,52.1912779,0.9493447,0.47395587,-0.97885895,-0.36979008,on bike mount,cyclo cross,True,asphalt,excellent
6be55b62-4ee4-4906-ae82-44c93c4e6abe,4eec0cc6-35e7-4f27-800e-a1e72113c1d3,6ee82471-67dc-4624-8de2-51fa9242d35e,1633173733636,14.4636887,52.1912779,0.9493447,0.1732583,-0.09503859,0.05844593,on bike mount,cyclo cross,True,asphalt,excellent
6be55b62-4ee4-4906-ae82-44c93c4e6abe,4eec0cc6-35e7-4f27-800e-a1e72113c1d3,eaeb3ff4-36dc-46c3-a2b0-c0f76bb08a6b,1633173733686,14.4636887,52.1912779,0.9493447,-0.06286073,0.5742632,0.34287262,on bike mount,cyclo cross,True,asphalt,excellent
6be55b62-4ee4-4906-ae82-44c93c4e6abe,4eec0cc6-35e7-4f27-800e-a1e72113c1d3,3cd76a2f-36cf-431b-b6b5-b01a5c80a8de,1633173733753,14.4636887,52.1912779,0.9493447,-0.22616673,0.36957586,0.13659859,on bike mount,cyclo cross,True,asphalt,excellent
6be55b62-4ee4-4906-ae82-44c93c4e6abe,4eec0cc6-35e7-4f27-800e-a1e72113c1d3,eb4230ca-e3bb-4c23-ae4b-7f5085826299,1633173733820,14.4636887,52.1912779,0.9493447,-0.2563131,1.4361947,0.17300797,on bike mount,cyclo cross,True,asphalt,excellent
6be55b62-4ee4-4906-ae82-44c93c4e6abe,4eec0cc6-35e7-4f27-800e-a1e72113c1d3,560ab964-921e-447b-9477-32f7529ba263,1633173733886,14.4636887,52.1912779,0.9493447,0.55634165,0.37566304,0.13419247,on bike mount,cyclo cross,True,asphalt,excellent
6be55b62-4ee4-4906-ae82-44c93c4e6abe,4eec0cc6-35e7-4f27-800e-a1e72113c1d3,cca87d82-b466-4bf4-a035-822477400569,1633173733937,14.4636887,52.1912779,0.9493447,0.6116643,0.16628957,-0.013544083,on bike mount,cyclo cross,True,asphalt,excellent
6be55b62-4ee4-4906-ae82-44c93c4e6abe,4eec0cc6-35e7-4f27-800e-a1e72113c1d3,8839fad6-c6b2-4e07-86bb-7da6b4a8dc59,1633173734003,14.4636904,52.1912773,0.53508854,0.30945444,-0.44332314,0.007860184,on bike mount,cyclo cross,True,asphalt,excellent
6be55b62-4ee4-4906-ae82-44c93c4e6abe,4eec0cc6-35e7-4f27-800e-a1e72113c1d3,d42bfd1a-2d74-402e-8b68-0a88d1ed4953,1633173734070,14.4636904,52.1912773,0.53508854,-0.22868109,0.57835484,0.06439686,on bike mount,cyclo cross,True,asphalt,excellent
6be55b62-4ee4-4906-ae82-44c93c4e6abe,4eec0cc6-35e7-4f27-800e-a1e72113c1d3,c2f06c26-a208-47f1-94a7-8744c2909b9f,1633173734120,14.4636904,52.1912773,0.53508854,-0.055373907,-0.19793272,-0.13959408,on bike mount,cyclo cross,True,asphalt,excellent
6be55b62-4ee4-4906-ae82-44c93c4e6abe,4eec0cc6-35e7-4f27-800e-a1e72113c1d3,b83aeb4a-0690-402f-bbae-83126a5d783d,1633173734187,14.4636904,52.1912773,0.53508854,0.6062181,-1.4694616,-0.0953989,on bike mount,cyclo cross,True,asphalt,excellent
6be55b62-4ee4-4906-ae82-44c93c4e6abe,4eec0cc6-35e7-4f27-800e-a1e72113c1d3,56220680-3681-490c-aa60-5d82755a2f5f,1633173734254,14.4636904,52.1912773,0.53508854,-0.49984872,0.1373632,-1.1216407,on bike mount,cyclo cross,True,asphalt,excellent
6be55b62-4ee4-4906-ae82-44c93c4e6abe,4eec0cc6-35e7-4f27-800e-a1e72113c1d3,2f4e1c7c-03a0-4d85-aaf6-a2c6d4c06f6c,1633173734321,14.4636904,52.1912773,0.53508854,0.052824855,-0.08301759,-0.11146259,on bike mount,cyclo cross,True,asphalt,excellent
6be55b62-4ee4-4906-ae82-44c93c4e6abe,4eec0cc6-35e7-4f27-800e-a1e72113c1d3,8464cf9d-d57e-4830-a4b1-96b9a272e4c6,1633173734371,14.4636904,52.1912773,0.53508854,0.10972786,0.138834,0.060531616,on bike mount,cyclo cross,True,asphalt,excellent
6be55b62-4ee4-4906-ae82-44c93c4e6abe,4eec0cc6-35e7-4f27-800e-a1e72113c1d3,9e505d8f-4c1a-4b4c-9455-6d520246f5bd,1633173734438,14.4636904,52.1912773,0.53508854,0.09812248,0.028000593,-0.057121277,on bike mount,cyclo cross,True,asphalt,excellent
6be55b62-4ee4-4906-ae82-44c93c4e6abe,4eec0cc6-35e7-4f27-800e-a1e72113c1d3,ef247e90-5337-45fe-9370-85c79997539d,1633173734504,14.4636904,52.1912773,0.53508854,0.18806958,-0.1922648,-0.11565399,on bike mount,cyclo cross,True,asphalt,excellent
6be55b62-4ee4-4906-ae82-44c93c4e6abe,4eec0cc6-35e7-4f27-800e-a1e72113c1d3,06b23626-83d0-44f9-8c0e-40fc251ef268,1633173734571,14.4636904,52.1912773,0.53508854,0.17956114,-0.07867265,-0.0165205,on bike mount,cyclo cross,True,asphalt,excellent
6be55b62-4ee4-4906-ae82-44c93c4e6abe,4eec0cc6-35e7-4f27-800e-a1e72113c1d3,74f8e2f3-751c-4eee-a594-a59a822a20f3,1633173734637,14.4636904,52.1912773,0.53508854,-0.006490767,-0.24695039,-0.26934528,on bike mount,cyclo cross,True,asphalt,excellent
6be55b62-4ee4-4906-ae82-44c93c4e6abe,4eec0cc6-35e7-4f27-800e-a1e72113c1d3,45f16224-55a6-4346-8295-5ffb72111432,1633173734687,14.4636904,52.1912773,0.53508854,-0.061415672,0.019888401,0.034140587,on bike mount,cyclo cross,True,asphalt,excellent
6be55b62-4ee4-4906-ae82-44c93c4e6abe,4eec0cc6-35e7-4f27-800e-a1e72113c1d3,d1a2a9d7-8e8c-4f3c-bd84-40eff5e6acc3,1633173734737,14.4636904,52.1912773,0.53508854,-0.0449304,0.060475588,0.022965431,on bike mount,cyclo cross,True,asphalt,excellent
6be55b62-4ee4-4906-ae82-44c93c4e6abe,4eec0cc6-35e7-4f27-800e-a1e72113c1d3,d20029c2-94f0-4638-a051-d83a07642514,1633173734788,14.4636904,52.1912773,0.53508854,0.0021573901,0.06467104,0.21480465,on bike mount,cyclo cross,True,asphalt,excellent
6be55b62-4ee4-4906-ae82-44c93c4e6abe,4eec0cc6-35e7-4f27-800e-a1e72113c1d3,b6fa2146-a6fe-4011-9856-627126717929,1633173734854,14.4636904,52.1912773,0.53508854,0.07627559,0.017206192,-0.054670334,on bike mount,cyclo cross,True,asphalt,excellent
6be55b62-4ee4-4906-ae82-44c93c4e6abe,4eec0cc6-35e7-4f27-800e-a1e72113c1d3,10e70351-c845-478a-ab69-f9602d51ddd9,1633173734905,14.4636904,52.1912773,0.53508854,-0.033468604,-0.06998491,-0.11536026,on bike mount,cyclo cross,True,asphalt,excellent
6be55b62-4ee4-4906-ae82-44c93c4e6abe,4eec0cc6-35e7-4f27-800e-a1e72113c1d3,d7f3c8e5-c0e3-4e28-bd2d-7ad6f1a64e43,1633173734957,14.4636903,52.1912744,0.41859633,-0.049218535,0.014865398,0.01444149,on bike mount,cyclo cross,True,asphalt,excellent
6be55b62-4ee4-4906-ae82-44c93c4e6abe,4eec0cc6-35e7-4f27-800e-a1e72113c1d3,af81e3cf-ff8d-490a-9b9d-afd4be003846,1633173735021,14.4636903,52.1912744,0.41859633,-0.04984218,0.115579605,-0.078416824,on bike mount,cyclo cross,True,asphalt,excellent
6be55b62-4ee4-4906-ae82-44c93c4e6abe,4eec0cc6-35e7-4f27-800e-a1e72113c1d3,c5c72277-de23-4a87-8756-ecf64310128b,1633173735072,14.4636903,52.1912744,0.41859633,0.021310925,0.019938469,-0.028829575,on bike mount,cyclo cross,True,asphalt,excellent
6be55b62-4ee4-4906-ae82-44c93c4e6abe,4eec0cc6-35e7-4f27-800e-a1e72113c1d3,e6af2de5-2091-481e-975d-126c42681654,1633173735122,14.4636903,52.1912744,0.41859633,-0.18836087,0.063565254,-0.06954098,on bike mount,cyclo cross,True,asphalt,excellent
6be55b62-4ee4-4906-ae82-44c93c4e6abe,4eec0cc6-35e7-4f27-800e-a1e72113c1d3,8b001906-e402-46e1-ac4c-8c0d182f5956,1633173735188,14.4636903,52.1912744,0.41859633,0.16423014,0.10180426,-0.083660126,on bike mount,cyclo cross,True,asphalt,excellent
6be55b62-4ee4-4906-ae82-44c93c4e6abe,4eec0cc6-35e7-4f27-800e-a1e72113c1d3,2ca8fdd1-9500-4496-a114-bd21e728d24c,1633173735238,14.4636903,52.1912744,0.41859633,-0.2562914,-0.015327454,0.08467388,on bike mount,cyclo cross,True,asphalt,excellent
6be55b62-4ee4-4906-ae82-44c93c4e6abe,4eec0cc6-35e7-4f27-800e-a1e72113c1d3,32822bc4-e05c-4707-95fa-186cc3fdcb65,1633173735289,14.4636903,52.1912744,0.41859633,0.20893395,0.09742308,-0.045271873,on bike mount,cyclo cross,True,asphalt,excellent
6be55b62-4ee4-4906-ae82-44c93c4e6abe,4eec0cc6-35e7-4f27-800e-a1e72113c1d3,4be4d8a7-80b9-4a5e-a8bb-3b1d09e02949,1633173735339,14.4636903,52.1912744,0.41859633,0.26716474,0.37728715,-0.18908405,on bike mount,cyclo cross,True,asphalt,excellent
6be55b62-4ee4-4906-ae82-44c93c4e6abe,4eec0cc6-35e7-4f27-800e-a1e72113c1d3,1ccaf9a7-59c6-48f1-be8d-22224ccff34a,1633173735389,14.4636903,52.1912744,0.41859633,-0.30865222,0.43404555,0.048945427,on bike mount,cyclo cross,True,asphalt,excellent
6be55b62-4ee4-4906-ae82-44c93c4e6abe,4eec0cc6-35e7-4f27-800e-a1e72113c1d3,15f3f458-713b-4fa4-8989-225c1d39a05b,1633173735456,14.4636903,52.1912744,0.41859633,0.30257353,0.57485056,-0.15468216,on bike mount,cyclo cross,True,asphalt,excellent
6be55b62-4ee4-4906-ae82-44c93c4e6abe,4eec0cc6-35e7-4f27-800e-a1e72113c1d3,7c3cae48-0061-411c-a572-acf79e7892ff,1633173735506,14.4636903,52.1912744,0.41859633,-0.6008266,0.9790025,-0.23727036,on bike mount,cyclo cross,True,asphalt,excellent
6be55b62-4ee4-4906-ae82-44c93c4e6abe,4eec0cc6-35e7-4f27-800e-a1e72113c1d3,65ff114a-ca17-4ca9-aeab-cb36d15a84a1,1633173735573,14.4636903,52.1912744,0.41859633,-0.51443934,0.5202985,0.16487026,on bike mount,cyclo cross,True,asphalt,excellent
6be55b62-4ee4-4906-ae82-44c93c4e6abe,4eec0cc6-35e7-4f27-800e-a1e72113c1d3,c9d78334-66a6-434e-a21a-a4cc5dc89afb,1633173735623,14.4636903,52.1912744,0.41859633,0.13920096,0.53775954,-0.012331009,on bike mount,cyclo cross,True,asphalt,excellent
6be55b62-4ee4-4906-ae82-44c93c4e6abe,4eec0cc6-35e7-4f27-800e-a1e72113c1d3,94556524-a6f2-4b18-a716-00405da58f04,1633173735673,14.4636903,52.1912744,0.41859633,-0.101923734,0.81637096,-0.22045422,on bike mount,cyclo cross,True,asphalt,excellent
6be55b62-4ee4-4906-ae82-44c93c4e6abe,4eec0cc6-35e7-4f27-800e-a1e72113c1d3,2bc243bf-20a4-4670-81d4-ab70b0fa7ebb,1633173735739,14.4636903,52.1912744,0.41859633,-1.1770694,1.2398429,0.1639185,on bike mount,cyclo cross,True,asphalt,excellent
6be55b62-4ee4-4906-ae82-44c93c4e6abe,4eec0cc6-35e7-4f27-800e-a1e72113c1d3,6379ee0c-52b6-4d4a-bfef-4a4ff309cad3,1633173735789,14.4636903,52.1912744,0.41859633,-0.7166076,0.8128905,0.102145195,on bike mount,cyclo cross,True,asphalt,excellent
6be55b62-4ee4-4906-ae82-44c93c4e6abe,4eec0cc6-35e7-4f27-800e-a1e72113c1d3,ab266ae2-140a-438f-b4f0-003fbbaa5f2d,1633173735840,14.4636903,52.1912744,0.41859633,-0.08850914,0.12213111,0.099811554,on bike mount,cyclo cross,True,asphalt,excellent
6be55b62-4ee4-4906-ae82-44c93c4e6abe,4eec0cc6-35e7-4f27-800e-a1e72113c1d3,b787fb17-84ad-46b0-896e-c68f489b8d1d,1633173735890,14.4636903,52.1912744,0.41859633,-1.217663,0.94927645,0.24612331,on bike mount,cyclo cross,True,asphalt,excellent
6be55b62-4ee4-4906-ae82-44c93c4e6abe,4eec0cc6-35e7-4f27-800e-a1e72113c1d3,7e1b7266-71ed-4c68-b094-7386f01c56d1,1633173735957,14.4636903,52.1912744,0.41859633,0.57615733,0.6815896,-0.650568,on bike mount,cyclo cross,True,asphalt,excellent
6be55b62-4ee4-4906-ae82-44c93c4e6abe,4eec0cc6-35e7-4f27-800e-a1e72113c1d3,22eebdb2-983c-4407-8dea-c6fb8d76220e,1633173736006,14.4636912,52.1912736,0.2570462,0.5596733,2.439079,-1.4976578,on bike mount,cyclo cross,True,asphalt,excellent
6be55b62-4ee4-4906-ae82-44c93c4e6abe,4eec0cc6-35e7-4f27-800e-a1e72113c1d3,c55970e0-f9da-45eb-9e01-073354395417,1633173736057,14.4636912,52.1912736,0.2570462,0.8375039,1.5769463,-1.1391006,on bike mount,cyclo cross,True,asphalt,excellent
6be55b62-4ee4-4906-ae82-44c93c4e6abe,4eec0cc6-35e7-4f27-800e-a1e72113c1d3,b2987407-f1ff-4a21-beec-4df0f36f3e12,1633173736123,14.4636912,52.1912736,0.2570462,-0.18069106,0.6702349,-0.76732254,on bike mount,cyclo cross,True,asphalt,excellent
6be55b62-4ee4-4906-ae82-44c93c4e6abe,4eec0cc6-35e7-4f27-800e-a1e72113c1d3,e0f46e7f-ba47-4764-9f1b-90a26723a64e,1633173736173,14.4636912,52.1912736,0.2570462,0.7936002,-0.36042404,-0.25573635,on bike mount,cyclo cross,True,asphalt,excellent
6be55b62-4ee4-4906-ae82-44c93c4e6abe,4eec0cc6-35e7-4f27-800e-a1e72113c1d3,f05849cc-6544-405a-bd43-602a07bfb0df,1633173736224,14.4636912,52.1912736,0.2570462,0.4583714,-0.26015902,0.17172909,on bike mount,cyclo cross,True,asphalt,excellent
6be55b62-4ee4-4906-ae82-44c93c4e6abe,4eec0cc6-35e7-4f27-800e-a1e72113c1d3,ca437ea0-b6ce-4065-8f12-3a7d718ff999,1633173736274,14.4636912,52.1912736,0.2570462,-0.3089574,0.21170235,-0.304183,on bike mount,cyclo cross,True,asphalt,excellent
6be55b62-4ee4-4906-ae82-44c93c4e6abe,4eec0cc6-35e7-4f27-800e-a1e72113c1d3,8860e0b6-b0f2-4d0c-9e9f-054df677a9d1,1633173736340,14.4636912,52.1912736,0.2570462,1.0331801,0.07302022,0.18224812,on bike mount,cyclo cross,True,asphalt,excellent
6be55b62-4ee4-4906-ae82-44c93c4e6abe,4eec0cc6-35e7-4f27-800e-a1e72113c1d3,596d2a01-7575-4cce-88e7-5e5e59e9a16e,1633173736390,14.4636912,52.1912736,0.2570462,0.30883944,-0.6032536,-0.28010273,on bike mount,cyclo cross,True,asphalt,excellent
6be55b62-4ee4-4906-ae82-44c93c4e6abe,4eec0cc6-35e7-4f27-800e-a1e72113c1d3,39363818-6081-4d0c-9715-abe0ee143256,1633173736441,14.4636912,52.1912736,0.2570462,0.4156977,-0.8868675,-0.20892811,on bike mount,cyclo cross,True,asphalt,excellent
6be55b62-4ee4-4906-ae82-44c93c4e6abe,4eec0cc6-35e7-4f27-800e-a1e72113c1d3,aee16379-53fe-43e2-ba60-1fd7770e036d,1633173736491,14.4636912,52.1912736,0.2570462,0.23622006,0.13929915,0.19857502,on bike mount,cyclo cross,True,asphalt,excellent
6be55b62-4ee4-4906-ae82-44c93c4e6abe,4eec0cc6-35e7-4f27-800e-a1e72113c1d3,2d6e7369-ec2d-41cc-972e-87a0b63ab7b6,1633173736541,14.4636912,52.1912736,0.2570462,0.010322094,0.7982311,0.033011436,on bike mount,cyclo cross,True,asphalt,excellent
6be55b62-4ee4-4906-ae82-44c93c4e6abe,4eec0cc6-35e7-4f27-800e-a1e72113c1d3,e59855c7-df95-466e-b296-2d944f56a1a5,1633173736607,14.4636912,52.1912736,0.2570462,0.1361478,0.3062091,-0.47987652,on bike mount,cyclo cross,True,asphalt,excellent
6be55b62-4ee4-4906-ae82-44c93c4e6abe,4eec0cc6-35e7-4f27-800e-a1e72113c1d3,ade738fe-375d-460a-a44c-f5c3f4faeee3,1633173736658,14.4636912,52.1912736,0.2570462,0.47522068,-0.33192396,-0.693408,on bike mount,cyclo cross,True,asphalt,excellent
6be55b62-4ee4-4906-ae82-44c93c4e6abe,4eec0cc6-35e7-4f27-800e-a1e72113c1d3,fa0823dd-f4cf-46a1-bf14-aa752bb384be,1633173736708,14.4636912,52.1912736,0.2570462,0.53991234,0.36552906,0.25191402,on bike mount,cyclo cross,True,asphalt,excellent
6be55b62-4ee4-4906-ae82-44c93c4e6abe,4eec0cc6-35e7-4f27-800e-a1e72113c1d3,35534143-00e9-44c0-9ec8-b0ebd0057fd2,1633173736774,14.4636912,52.1912736,0.2570462,-0.040576786,0.5022936,0.16963291,on bike mount,cyclo cross,True,asphalt,excellent
6be55b62-4ee4-4906-ae82-44c93c4e6abe,4eec0cc6-35e7-4f27-800e-a1e72113c1d3,c92772dc-3ef1-40cc-a151-e69c2b225a79,1633173736825,14.4636912,52.1912736,0.2570462,-0.20871663,0.8044672,0.18177319,on bike mount,cyclo cross,True,asphalt,excellent
6be55b62-4ee4-4906-ae82-44c93c4e6abe,4eec0cc6-35e7-4f27-800e-a1e72113c1d3,39f9d4e2-0cec-4c65-8355-41e342abed79,1633173736891,14.4636912,52.1912736,0.2570462,0.010285437,0.4507382,-0.12213802,on bike mount,cyclo cross,True,asphalt,excellent
6be55b62-4ee4-4906-ae82-44c93c4e6abe,4eec0cc6-35e7-4f27-800e-a1e72113c1d3,2777396a-5f8f-44a9-b318-4ff4afb4ad50,1633173736942,14.4636912,52.1912736,0.2570462,0.06352253,0.10575724,-0.64747334,on bike mount,cyclo cross,True,asphalt,excellent
6be55b62-4ee4-4906-ae82-44c93c4e6abe,4eec0cc6-35e7-4f27-800e-a1e72113c1d3,6a009e15-46c4-4da3-9338-cb5a34a5c713,1633173737008,14.4637085,52.1912702,1.8243527,1.0082958,-1.4633778,0.69083786,on bike mount,cyclo cross,True,asphalt,excellent
6be55b62-4ee4-4906-ae82-44c93c4e6abe,4eec0cc6-35e7-4f27-800e-a1e72113c1d3,0c8c9029-d113-4ae9-a55f-df95b1cc894d,1633173737075,14.4637085,52.1912702,1.8243527,0.45486593,-1.3374596,0.765234,on bike mount,cyclo cross,True,asphalt,excellent
6be55b62-4ee4-4906-ae82-44c93c4e6abe,4eec0cc6-35e7-4f27-800e-a1e72113c1d3,873c4fb1-080d-4024-811d-76226a411306,1633173737142,14.4637085,52.1912702,1.8243527,1.0443779,0.2265389,-0.3847332,on bike mount,cyclo cross,True,asphalt,excellent
6be55b62-4ee4-4906-ae82-44c93c4e6abe,4eec0cc6-35e7-4f27-800e-a1e72113c1d3,36ee252f-60a7-44ee-8ba0-347b2222d3ae,1633173737209,14.4637085,52.1912702,1.8243527,0.5270181,0.83201504,0.14946079,on bike mount,cyclo cross,True,asphalt,excellent
6be55b62-4ee4-4906-ae82-44c93c4e6abe,4eec0cc6-35e7-4f27-800e-a1e72113c1d3,b9587b48-edfe-417c-b9a1-33e778cd2578,1633173737275,14.4637085,52.1912702,1.8243527,2.0897393,-0.66132426,0.5503464,on bike mount,cyclo cross,True,asphalt,excellent
6be55b62-4ee4-4906-ae82-44c93c4e6abe,4eec0cc6-35e7-4f27-800e-a1e72113c1d3,31c3eda9-dbdc-4f6c-9428-d45c66535405,1633173737326,14.4637085,52.1912702,1.8243527,-0.68246365,-0.18520832,1.4249964,on bike mount,cyclo cross,True,asphalt,excellent
6be55b62-4ee4-4906-ae82-44c93c4e6abe,4eec0cc6-35e7-4f27-800e-a1e72113c1d3,3720e65a-8bfe-4038-8e64-7cef9638ac84,1633173737376,14.4637085,52.1912702,1.8243527,1.1025977,-0.26892877,0.4266081,on bike mount,cyclo cross,True,asphalt,excellent
6be55b62-4ee4-4906-ae82-44c93c4e6abe,4eec0cc6-35e7-4f27-800e-a1e72113c1d3,b325459e-d468-4616-8fba-30c7b556d1c2,1633173737426,14.4637085,52.1912702,1.8243527,-0.51769114,-0.26332092,-0.2864399,on bike mount,cyclo cross,True,asphalt,excellent
6be55b62-4ee4-4906-ae82-44c93c4e6abe,4eec0cc6-35e7-4f27-800e-a1e72113c1d3,12a3f5fb-7fa7-47db-b718-ed2bd479cb68,1633173737493,14.4637085,52.1912702,1.8243527,0.44926324,0.4442978,0.3089199,on bike mount,cyclo cross,True,asphalt,excellent
6be55b62-4ee4-4906-ae82-44c93c4e6abe,4eec0cc6-35e7-4f27-800e-a1e72113c1d3,ebeeea90-3377-4ddc-940b-5202cff8336e,1633173737560,14.4637085,52.1912702,1.8243527,0.019841433,0.26787615,0.11880779,on bike mount,cyclo cross,True,asphalt,excellent
6be55b62-4ee4-4906-ae82-44c93c4e6abe,4eec0cc6-35e7-4f27-800e-a1e72113c1d3,e0998b96-263b-47dd-a845-22cbfa4faaa3,1633173737627,14.4637085,52.1912702,1.8243527,0.30839348,-0.58377266,-0.53575134,on bike mount,cyclo cross,True,asphalt,excellent
6be55b62-4ee4-4906-ae82-44c93c4e6abe,4eec0cc6-35e7-4f27-800e-a1e72113c1d3,62e32bdd-a1ff-459e-b9cf-ae4596175b0e,1633173737693,14.4637085,52.1912702,1.8243527,0.46880424,0.19763875,-0.30955982,on bike mount,cyclo cross,True,asphalt,excellent
6be55b62-4ee4-4906-ae82-44c93c4e6abe,4eec0cc6-35e7-4f27-800e-a1e72113c1d3,d6e4d05b-63f0-42ac-8688-932ac1ddfd3a,1633173737743,14.4637085,52.1912702,1.8243527,0.89750296,0.43771672,0.30290508,on bike mount,cyclo cross,True,asphalt,excellent
6be55b62-4ee4-4906-ae82-44c93c4e6abe,4eec0cc6-35e7-4f27-800e-a1e72113c1d3,4194f6dc-3fa6-446f-a5da-76c6935dda50,1633173737810,14.4637085,52.1912702,1.8243527,0.14510262,-0.33593178,-0.28503704,on bike mount,cyclo cross,True,asphalt,excellent
6be55b62-4ee4-4906-ae82-44c93c4e6abe,4eec0cc6-35e7-4f27-800e-a1e72113c1d3,1072315b-ab4a-46a5-bcea-ddcc4e3a56b1,1633173737877,14.4637085,52.1912702,1.8243527,1.2919585,1.7194495,0.70300007,on bike mount,cyclo cross,True,asphalt,excellent
