bike_activity_uid,bike_activity_sample_uid,bike_activity_measurement,bike_activity_measurement_timestamp,bike_activity_measurement_lon,bike_activity_measurement_lat,bike_activity_measurement_speed,bike_activity_measurement_accelerometer_x,bike_activity_measurement_accelerometer_y,bike_activity_measurement_accelerometer_z,bike_activity_phone_position,bike_activity_bike_type,bike_activity_flagged_lab_conditions,bike_activity_surface_type,bike_activity_smoothness_type
737bf298-fc9f-4c5d-a018-7e86d780b049,41d21712-7348-4f20-97c1-c6ebbd23fee7,56a949a3-093a-47ed-908b-68144e9a1550,1633165227224,14.0940595,52.3539802,7.8733063,-0.7018994,-4.7813277,5.7390156,on bike mount,cyclo cross,False,asphalt,excellent
737bf298-fc9f-4c5d-a018-7e86d780b049,41d21712-7348-4f20-97c1-c6ebbd23fee7,509b87fa-c296-4c1c-889f-1322ece676d8,1633165227273,14.0940595,52.3539802,7.8733063,0.66033953,-3.4618134,6.6368704,on bike mount,cyclo cross,False,asphalt,excellent
737bf298-fc9f-4c5d-a018-7e86d780b049,41d21712-7348-4f20-97c1-c6ebbd23fee7,379101ec-bcae-49b6-ba77-8d0673952f7c,1633165227324,14.0940595,52.3539802,7.8733063,0.8345547,0.6809633,0.5704708,on bike mount,cyclo cross,False,asphalt,excellent
737bf298-fc9f-4c5d-a018-7e86d780b049,41d21712-7348-4f20-97c1-c6ebbd23fee7,4cb24c5e-e2d1-4e4a-9a9c-16c3348db0c7,1633165227374,14.0940595,52.3539802,7.8733063,0.8410602,-0.23372436,7.8738422,on bike mount,cyclo cross,False,asphalt,excellent
737bf298-fc9f-4c5d-a018-7e86d780b049,41d21712-7348-4f20-97c1-c6ebbd23fee7,839a62c3-cf50-48f6-8838-7fda2b3ea975,1633165227424,14.0940595,52.3539802,7.8733063,-1.2222962,-5.227743,1.6418924,on bike mount,cyclo cross,False,asphalt,excellent
737bf298-fc9f-4c5d-a018-7e86d780b049,41d21712-7348-4f20-97c1-c6ebbd23fee7,9274fb5b-fede-4c81-92cf-cab23ffe4c7e,1633165227474,14.0940595,52.3539802,7.8733063,0.3800079,-0.04762721,-0.06347561,on bike mount,cyclo cross,False,asphalt,excellent
737bf298-fc9f-4c5d-a018-7e86d780b049,41d21712-7348-4f20-97c1-c6ebbd23fee7,43c1ddc1-1bc3-4cbb-acbd-f615a97e1132,1633165227524,14.0940595,52.3539802,7.8733063,0.8044455,-3.0609694,4.938902,on bike mount,cyclo cross,False,asphalt,excellent
737bf298-fc9f-4c5d-a018-7e86d780b049,41d21712-7348-4f20-97c1-c6ebbd23fee7,d68acf20-85a1-4c00-abba-1f75b4cbef16,1633165227574,14.0940595,52.3539802,7.8733063,-0.16181326,-0.4827931,5.763609,on bike mount,cyclo cross,False,asphalt,excellent
737bf298-fc9f-4c5d-a018-7e86d780b049,41d21712-7348-4f20-97c1-c6ebbd23fee7,4f0c1656-b3df-4860-8bad-a0840438a877,1633165227625,14.0940595,52.3539802,7.8733063,0.4204763,0.3052194,1.5320826,on bike mount,cyclo cross,False,asphalt,excellent
737bf298-fc9f-4c5d-a018-7e86d780b049,41d21712-7348-4f20-97c1-c6ebbd23fee7,5b8b245f-97cc-41e0-be69-184262cf4883,1633165227675,14.0941698,52.3539713,8.052021,-0.32945,0.97724533,3.7723331,on bike mount,cyclo cross,False,asphalt,excellent
737bf298-fc9f-4c5d-a018-7e86d780b049,41d21712-7348-4f20-97c1-c6ebbd23fee7,e1bb94a3-87b4-431a-a8a4-0e2d3f049ea7,1633165227726,14.0941698,52.3539713,8.052021,-0.33847427,1.1597383,-0.07711983,on bike mount,cyclo cross,False,asphalt,excellent
737bf298-fc9f-4c5d-a018-7e86d780b049,41d21712-7348-4f20-97c1-c6ebbd23fee7,4aeb7de5-3741-419d-81f9-c7a3109fda08,1633165227776,14.0941698,52.3539713,8.052021,0.3562854,1.8019319,-0.8752279,on bike mount,cyclo cross,False,asphalt,excellent
737bf298-fc9f-4c5d-a018-7e86d780b049,41d21712-7348-4f20-97c1-c6ebbd23fee7,cd1aa32e-bd17-415f-9f95-9f615bec4fb2,1633165227827,14.0941698,52.3539713,8.052021,2.3131979,-1.1601559,0.028895378,on bike mount,cyclo cross,False,asphalt,excellent
737bf298-fc9f-4c5d-a018-7e86d780b049,41d21712-7348-4f20-97c1-c6ebbd23fee7,d33dd394-4e99-4773-96bc-d9d721417e93,1633165227877,14.0941698,52.3539713,8.052021,0.20141742,0.8193662,0.4901638,on bike mount,cyclo cross,False,asphalt,excellent
737bf298-fc9f-4c5d-a018-7e86d780b049,41d21712-7348-4f20-97c1-c6ebbd23fee7,31f813f6-0025-4e3c-913b-77c1df1b1dbd,1633165227926,14.0941698,52.3539713,8.052021,0.5872405,-1.6102704,0.04458046,on bike mount,cyclo cross,False,asphalt,excellent
737bf298-fc9f-4c5d-a018-7e86d780b049,41d21712-7348-4f20-97c1-c6ebbd23fee7,6fd27eeb-5293-4ae8-8a8f-52869ca2d685,1633165227976,14.0941698,52.3539713,8.052021,-0.4195478,0.58474874,-4.1952376,on bike mount,cyclo cross,False,asphalt,excellent
737bf298-fc9f-4c5d-a018-7e86d780b049,41d21712-7348-4f20-97c1-c6ebbd23fee7,502966ce-4706-4897-8b14-8652dd08a89c,1633165228026,14.0941698,52.3539713,8.052021,-1.7850916,2.4310427,0.43552208,on bike mount,cyclo cross,False,asphalt,excellent
737bf298-fc9f-4c5d-a018-7e86d780b049,41d21712-7348-4f20-97c1-c6ebbd23fee7,a8d5671e-a4a1-409b-8040-26ccc02fd5e3,1633165228076,14.0941698,52.3539713,8.052021,-0.06890177,-0.76003456,0.033480644,on bike mount,cyclo cross,False,asphalt,excellent
737bf298-fc9f-4c5d-a018-7e86d780b049,41d21712-7348-4f20-97c1-c6ebbd23fee7,33f0cb8b-eed0-4db7-acd8-187fa0ea56bb,1633165228126,14.0941698,52.3539713,8.052021,0.6929655,-1.8248512,-1.7187548,on bike mount,cyclo cross,False,asphalt,excellent
737bf298-fc9f-4c5d-a018-7e86d780b049,41d21712-7348-4f20-97c1-c6ebbd23fee7,35baf7a4-3144-4a9a-ad3e-721eeca1e722,1633165228175,14.0941698,52.3539713,8.052021,-1.8397274,3.230023,-1.4769635,on bike mount,cyclo cross,False,asphalt,excellent
737bf298-fc9f-4c5d-a018-7e86d780b049,41d21712-7348-4f20-97c1-c6ebbd23fee7,c0182236-f6a2-4092-b37a-8c354fea22fe,1633165228225,14.0941698,52.3539713,8.052021,-0.9271563,2.2476954,-2.2744198,on bike mount,cyclo cross,False,asphalt,excellent
737bf298-fc9f-4c5d-a018-7e86d780b049,41d21712-7348-4f20-97c1-c6ebbd23fee7,18ac9933-2616-4427-b94c-720f8b32d5d1,1633165228275,14.0941698,52.3539713,8.052021,0.16212422,2.6072416,1.4441662,on bike mount,cyclo cross,False,asphalt,excellent
737bf298-fc9f-4c5d-a018-7e86d780b049,41d21712-7348-4f20-97c1-c6ebbd23fee7,48890a7b-c4e0-45a2-8caf-19d553b08b49,1633165228325,14.0941698,52.3539713,8.052021,-1.2458589,5.6206307,2.598691,on bike mount,cyclo cross,False,asphalt,excellent
737bf298-fc9f-4c5d-a018-7e86d780b049,41d21712-7348-4f20-97c1-c6ebbd23fee7,5b626542-ad70-4a35-a925-871bdec37dd6,1633165228375,14.0941698,52.3539713,8.052021,0.16734171,-0.4101045,3.4564552,on bike mount,cyclo cross,False,asphalt,excellent
737bf298-fc9f-4c5d-a018-7e86d780b049,41d21712-7348-4f20-97c1-c6ebbd23fee7,e771e16f-8345-4842-96bc-3f235c1e8159,1633165228425,14.0941698,52.3539713,8.052021,0.18174154,-3.3733773,0.65159035,on bike mount,cyclo cross,False,asphalt,excellent
737bf298-fc9f-4c5d-a018-7e86d780b049,41d21712-7348-4f20-97c1-c6ebbd23fee7,ad8dc94b-4db9-4adf-8ead-98053ca71352,1633165228475,14.0941698,52.3539713,8.052021,0.12977794,1.2574277,-3.5364244,on bike mount,cyclo cross,False,asphalt,excellent
737bf298-fc9f-4c5d-a018-7e86d780b049,41d21712-7348-4f20-97c1-c6ebbd23fee7,fd7be214-299c-4ae9-a92d-83483da7fdfd,1633165228524,14.0941698,52.3539713,8.052021,1.7668196,-5.275383,4.635689,on bike mount,cyclo cross,False,asphalt,excellent
737bf298-fc9f-4c5d-a018-7e86d780b049,41d21712-7348-4f20-97c1-c6ebbd23fee7,94d6979e-0579-4825-b8d4-e04e2ebe69f4,1633165228575,14.0941698,52.3539713,8.052021,0.5551144,2.0644407,0.20146656,on bike mount,cyclo cross,False,asphalt,excellent
737bf298-fc9f-4c5d-a018-7e86d780b049,41d21712-7348-4f20-97c1-c6ebbd23fee7,731dc3d8-ecaa-4060-8a17-730ef029d147,1633165228624,14.0941698,52.3539713,8.052021,0.13267612,0.5391712,-1.5631676,on bike mount,cyclo cross,False,asphalt,excellent
737bf298-fc9f-4c5d-a018-7e86d780b049,41d21712-7348-4f20-97c1-c6ebbd23fee7,6bf87c7c-31c8-4667-b3ae-09f96546783f,1633165228674,14.0942931,52.3539556,8.538554,-1.4906445,-1.3539178,1.5394421,on bike mount,cyclo cross,False,asphalt,excellent
737bf298-fc9f-4c5d-a018-7e86d780b049,41d21712-7348-4f20-97c1-c6ebbd23fee7,4b65a330-6f21-40bd-a858-267d3218e516,1633165228724,14.0942931,52.3539556,8.538554,-0.72167647,1.3536158,-0.93763256,on bike mount,cyclo cross,False,asphalt,excellent
737bf298-fc9f-4c5d-a018-7e86d780b049,41d21712-7348-4f20-97c1-c6ebbd23fee7,99ba65f4-a92a-41d7-a11e-cf002137ff27,1633165228775,14.0942931,52.3539556,8.538554,-0.20261744,-2.190173,-0.92072296,on bike mount,cyclo cross,False,asphalt,excellent
737bf298-fc9f-4c5d-a018-7e86d780b049,41d21712-7348-4f20-97c1-c6ebbd23fee7,c11646cb-d82b-46dd-8f3b-d2beb088b908,1633165228824,14.0942931,52.3539556,8.538554,0.39036214,-3.421859,0.42063904,on bike mount,cyclo cross,False,asphalt,excellent
737bf298-fc9f-4c5d-a018-7e86d780b049,41d21712-7348-4f20-97c1-c6ebbd23fee7,aab3d308-13ae-4adc-96f8-d72f5f43a943,1633165228875,14.0942931,52.3539556,8.538554,-0.8118287,3.4485784,-4.712934,on bike mount,cyclo cross,False,asphalt,excellent
737bf298-fc9f-4c5d-a018-7e86d780b049,41d21712-7348-4f20-97c1-c6ebbd23fee7,33ea564b-e940-44ab-a69a-0a678675e66d,1633165229355,14.0942931,52.3539556,8.538554,-1.956771,-2.101391,4.206209,on bike mount,cyclo cross,False,asphalt,excellent
737bf298-fc9f-4c5d-a018-7e86d780b049,41d21712-7348-4f20-97c1-c6ebbd23fee7,18b89a1f-293b-46a0-8fb7-339016f5be5f,1633165229405,14.0942931,52.3539556,8.538554,0.7934778,-4.3701286,-6.6941857,on bike mount,cyclo cross,False,asphalt,excellent
737bf298-fc9f-4c5d-a018-7e86d780b049,41d21712-7348-4f20-97c1-c6ebbd23fee7,7b71fb29-9eec-4558-9652-28616e8b1f1f,1633165229455,14.0942931,52.3539556,8.538554,3.2751043,-14.200482,12.9304905,on bike mount,cyclo cross,False,asphalt,excellent
737bf298-fc9f-4c5d-a018-7e86d780b049,41d21712-7348-4f20-97c1-c6ebbd23fee7,d3be7083-7806-4c55-b6c2-c594bdf1188c,1633165229505,14.0942931,52.3539556,8.538554,7.313916,6.827045,-13.780559,on bike mount,cyclo cross,False,asphalt,excellent
737bf298-fc9f-4c5d-a018-7e86d780b049,41d21712-7348-4f20-97c1-c6ebbd23fee7,d2c228a0-577e-475a-bc75-d3f22d4f39dd,1633165229555,14.0942931,52.3539556,8.538554,6.207219,-11.295223,7.869871,on bike mount,cyclo cross,False,asphalt,excellent
737bf298-fc9f-4c5d-a018-7e86d780b049,41d21712-7348-4f20-97c1-c6ebbd23fee7,57114dc1-7334-4b02-877d-6787b0b4a732,1633165229605,14.0942931,52.3539556,8.538554,0.592671,17.128763,4.4999733,on bike mount,cyclo cross,False,asphalt,excellent
737bf298-fc9f-4c5d-a018-7e86d780b049,41d21712-7348-4f20-97c1-c6ebbd23fee7,2195c105-04c8-4de6-b486-3a87fb0ec56c,1633165229657,14.0944141,52.3539402,8.033733,1.8678916,-7.0202866,3.5449495,on bike mount,cyclo cross,False,asphalt,excellent
737bf298-fc9f-4c5d-a018-7e86d780b049,41d21712-7348-4f20-97c1-c6ebbd23fee7,c1e589d3-b587-4990-a809-4e4c50b8339b,1633165229707,14.0944141,52.3539402,8.033733,2.2691026,-7.0936437,-1.7145824,on bike mount,cyclo cross,False,asphalt,excellent
737bf298-fc9f-4c5d-a018-7e86d780b049,41d21712-7348-4f20-97c1-c6ebbd23fee7,575b56f2-926b-48f9-b9a5-1a6bf80ca351,1633165229758,14.0944141,52.3539402,8.033733,6.5537763,-7.013671,-0.8055887,on bike mount,cyclo cross,False,asphalt,excellent
737bf298-fc9f-4c5d-a018-7e86d780b049,41d21712-7348-4f20-97c1-c6ebbd23fee7,1f734de7-bf9f-4dc3-8254-9ccd23a7f07c,1633165229809,14.0944141,52.3539402,8.033733,-1.1488618,-3.0202508,9.130259,on bike mount,cyclo cross,False,asphalt,excellent
737bf298-fc9f-4c5d-a018-7e86d780b049,41d21712-7348-4f20-97c1-c6ebbd23fee7,fbae2172-49c3-4492-838d-1dc11440ef7f,1633165230649,14.0944141,52.3539402,8.033733,-1.1488618,-3.0202508,9.130259,on bike mount,cyclo cross,False,asphalt,excellent
737bf298-fc9f-4c5d-a018-7e86d780b049,41d21712-7348-4f20-97c1-c6ebbd23fee7,1f38db13-d6b3-469a-b2d5-f80f70329774,1633165230698,14.0945299,52.3539248,7.8648834,0.051241964,1.0014381,3.9546251,on bike mount,cyclo cross,False,asphalt,excellent
737bf298-fc9f-4c5d-a018-7e86d780b049,41d21712-7348-4f20-97c1-c6ebbd23fee7,e5b68a85-b196-4755-b757-92652312f157,1633165230748,14.0945299,52.3539248,7.8648834,7.0550776,-3.4791005,2.679984,on bike mount,cyclo cross,False,asphalt,excellent
737bf298-fc9f-4c5d-a018-7e86d780b049,41d21712-7348-4f20-97c1-c6ebbd23fee7,ee901f79-5462-4a46-b27f-28b762c4bd9d,1633165231653,14.0945299,52.3539248,7.8648834,3.3007078,-1.0086579,4.4368734,on bike mount,cyclo cross,False,asphalt,excellent
737bf298-fc9f-4c5d-a018-7e86d780b049,41d21712-7348-4f20-97c1-c6ebbd23fee7,27bc8b0c-01a9-443b-a023-99240ff3aa86,1633165231702,14.0945299,52.3539248,7.8648834,0.16943696,-2.8540807,-0.06398678,on bike mount,cyclo cross,False,asphalt,excellent
737bf298-fc9f-4c5d-a018-7e86d780b049,41d21712-7348-4f20-97c1-c6ebbd23fee7,8c60d3a9-a0e8-4327-bf4b-5a02dc2ed577,1633165231753,14.09464,52.3539046,7.8717113,0.7273512,0.28464842,-0.7819514,on bike mount,cyclo cross,False,asphalt,excellent
737bf298-fc9f-4c5d-a018-7e86d780b049,41d21712-7348-4f20-97c1-c6ebbd23fee7,2d2bd663-689c-496c-84bc-540adcb7b4c5,1633165231804,14.09464,52.3539046,7.8717113,2.0733974,-1.7551284,1.3221941,on bike mount,cyclo cross,False,asphalt,excellent
737bf298-fc9f-4c5d-a018-7e86d780b049,41d21712-7348-4f20-97c1-c6ebbd23fee7,d42e5de7-6618-494a-af1a-31c9b71ae162,1633165232649,14.09464,52.3539046,7.8717113,2.0733974,-1.7551284,1.3221941,on bike mount,cyclo cross,False,asphalt,excellent
737bf298-fc9f-4c5d-a018-7e86d780b049,41d21712-7348-4f20-97c1-c6ebbd23fee7,570e8f8e-34a9-4334-8eb2-368c86dfdbe2,1633165232698,14.0947463,52.3538844,7.822113,0.9993917,0.6483035,0.9291706,on bike mount,cyclo cross,False,asphalt,excellent
737bf298-fc9f-4c5d-a018-7e86d780b049,41d21712-7348-4f20-97c1-c6ebbd23fee7,337c1a6a-9622-4036-bfc6-68880a5a6122,1633165232747,14.0947463,52.3538844,7.822113,-0.9651537,-0.74375415,1.0882206,on bike mount,cyclo cross,False,asphalt,excellent
737bf298-fc9f-4c5d-a018-7e86d780b049,41d21712-7348-4f20-97c1-c6ebbd23fee7,e3a53e39-9da8-4385-a7e1-8fa054cda594,1633165232798,14.0947463,52.3538844,7.822113,0.48372215,0.1956513,-2.913755,on bike mount,cyclo cross,False,asphalt,excellent
737bf298-fc9f-4c5d-a018-7e86d780b049,41d21712-7348-4f20-97c1-c6ebbd23fee7,2cfea0e4-9113-4dba-8979-ed6e8fa0e6e1,1633165233652,14.0947463,52.3538844,7.822113,0.48372215,0.1956513,-2.913755,on bike mount,cyclo cross,False,asphalt,excellent
737bf298-fc9f-4c5d-a018-7e86d780b049,41d21712-7348-4f20-97c1-c6ebbd23fee7,cc14d1c4-fc50-4490-bca6-01c916f13258,1633165233703,14.0948553,52.3538668,7.857426,1.0428286,-0.016782284,-0.6282668,on bike mount,cyclo cross,False,asphalt,excellent
737bf298-fc9f-4c5d-a018-7e86d780b049,41d21712-7348-4f20-97c1-c6ebbd23fee7,aeb9b0b3-43d9-4751-918b-89011fd51153,1633165233752,14.0948553,52.3538668,7.857426,-0.83671147,-1.0697949,0.7879143,on bike mount,cyclo cross,False,asphalt,excellent
737bf298-fc9f-4c5d-a018-7e86d780b049,41d21712-7348-4f20-97c1-c6ebbd23fee7,5409d285-4a84-4549-b964-3badba4b50bd,1633165233802,14.0948553,52.3538668,7.857426,0.16744825,-1.0812066,2.9554853,on bike mount,cyclo cross,False,asphalt,excellent
737bf298-fc9f-4c5d-a018-7e86d780b049,41d21712-7348-4f20-97c1-c6ebbd23fee7,184079e3-3283-41e5-97bf-e4da22d2d778,1633165234250,14.0948553,52.3538668,7.857426,0.16744825,-1.0812066,2.9554853,on bike mount,cyclo cross,False,asphalt,excellent
737bf298-fc9f-4c5d-a018-7e86d780b049,41d21712-7348-4f20-97c1-c6ebbd23fee7,978b46d0-82dd-417e-9a3a-b4b3fb501cb1,1633165234300,14.0948553,52.3538668,7.857426,-0.7178085,-0.72694135,1.0937681,on bike mount,cyclo cross,False,asphalt,excellent
737bf298-fc9f-4c5d-a018-7e86d780b049,41d21712-7348-4f20-97c1-c6ebbd23fee7,627c331c-81dc-471a-96d1-722e844b2775,1633165234349,14.0948553,52.3538668,7.857426,1.425842,0.081146,-0.4387846,on bike mount,cyclo cross,False,asphalt,excellent
737bf298-fc9f-4c5d-a018-7e86d780b049,41d21712-7348-4f20-97c1-c6ebbd23fee7,85eac0f6-c35a-444e-a1e7-f38b7136223a,1633165234399,14.0948553,52.3538668,7.857426,0.13871697,0.0878768,2.685091,on bike mount,cyclo cross,False,asphalt,excellent
737bf298-fc9f-4c5d-a018-7e86d780b049,41d21712-7348-4f20-97c1-c6ebbd23fee7,c8fa7add-5ece-4fc4-ac58-443fe2941d7b,1633165234450,14.0948553,52.3538668,7.857426,0.34815496,-0.35245514,-0.68571377,on bike mount,cyclo cross,False,asphalt,excellent
737bf298-fc9f-4c5d-a018-7e86d780b049,41d21712-7348-4f20-97c1-c6ebbd23fee7,9d9c9882-cd18-4eb0-90fc-8b2406628040,1633165234498,14.0948553,52.3538668,7.857426,1.292719,-1.6817019,-0.77229977,on bike mount,cyclo cross,False,asphalt,excellent
737bf298-fc9f-4c5d-a018-7e86d780b049,41d21712-7348-4f20-97c1-c6ebbd23fee7,de681597-42e0-465b-a6be-caf780bd79b0,1633165234549,14.0948553,52.3538668,7.857426,0.7267115,-1.307129,-0.90821266,on bike mount,cyclo cross,False,asphalt,excellent
737bf298-fc9f-4c5d-a018-7e86d780b049,41d21712-7348-4f20-97c1-c6ebbd23fee7,bd94f7c5-1986-4f62-8b94-e655b7405bcb,1633165234600,14.0948553,52.3538668,7.857426,-0.044547737,3.513792,-3.4901686,on bike mount,cyclo cross,False,asphalt,excellent
737bf298-fc9f-4c5d-a018-7e86d780b049,41d21712-7348-4f20-97c1-c6ebbd23fee7,bba95696-e076-442a-aba0-1989ff57d042,1633165234650,14.0949612,52.353848,7.7968054,1.4014986,0.4573896,-3.7081628,on bike mount,cyclo cross,False,asphalt,excellent
737bf298-fc9f-4c5d-a018-7e86d780b049,41d21712-7348-4f20-97c1-c6ebbd23fee7,a5f52a23-ab26-44db-8720-2fcc111b09f6,1633165234699,14.0949612,52.353848,7.7968054,-1.3548707,0.76729536,0.75951195,on bike mount,cyclo cross,False,asphalt,excellent
737bf298-fc9f-4c5d-a018-7e86d780b049,41d21712-7348-4f20-97c1-c6ebbd23fee7,11838c35-1b3f-4c03-ba63-651fc79cc326,1633165234749,14.0949612,52.353848,7.7968054,1.0389303,-0.32637477,1.7260208,on bike mount,cyclo cross,False,asphalt,excellent
737bf298-fc9f-4c5d-a018-7e86d780b049,41d21712-7348-4f20-97c1-c6ebbd23fee7,8d0036f9-bbee-403c-8632-bc8072494f99,1633165234799,14.0949612,52.353848,7.7968054,-0.42001915,3.3097653,-3.6238112,on bike mount,cyclo cross,False,asphalt,excellent
737bf298-fc9f-4c5d-a018-7e86d780b049,41d21712-7348-4f20-97c1-c6ebbd23fee7,9aa5cf41-0eed-4a2c-af5e-866e94ed5cb7,1633165234850,14.0949612,52.353848,7.7968054,-3.1373944,-4.4798174,1.3715849,on bike mount,cyclo cross,False,asphalt,excellent
737bf298-fc9f-4c5d-a018-7e86d780b049,41d21712-7348-4f20-97c1-c6ebbd23fee7,92ab9db7-b048-413a-bacd-af8de99ddf29,1633165234900,14.0949612,52.353848,7.7968054,1.6742294,1.2914212,-2.1605659,on bike mount,cyclo cross,False,asphalt,excellent
737bf298-fc9f-4c5d-a018-7e86d780b049,41d21712-7348-4f20-97c1-c6ebbd23fee7,47928f42-818b-4cf2-a9f0-bf5745a1d6c1,1633165234951,14.0949612,52.353848,7.7968054,-2.0069666,0.8661742,0.7793102,on bike mount,cyclo cross,False,asphalt,excellent
737bf298-fc9f-4c5d-a018-7e86d780b049,41d21712-7348-4f20-97c1-c6ebbd23fee7,47686090-1db9-4d39-83d2-26ec8dab53a7,1633165235001,14.0949612,52.353848,7.7968054,0.07605467,-0.6821871,-1.0401926,on bike mount,cyclo cross,False,asphalt,excellent
737bf298-fc9f-4c5d-a018-7e86d780b049,41d21712-7348-4f20-97c1-c6ebbd23fee7,f1cd4905-efc9-4ac2-957e-ac67e4a2466e,1633165235051,14.0949612,52.353848,7.7968054,0.09908419,-1.5284209,0.9911747,on bike mount,cyclo cross,False,asphalt,excellent
737bf298-fc9f-4c5d-a018-7e86d780b049,41d21712-7348-4f20-97c1-c6ebbd23fee7,e644f0da-48d6-4e89-9436-7192f7a2afd5,1633165235101,14.0949612,52.353848,7.7968054,0.73870194,0.5749016,0.19311237,on bike mount,cyclo cross,False,asphalt,excellent
737bf298-fc9f-4c5d-a018-7e86d780b049,41d21712-7348-4f20-97c1-c6ebbd23fee7,5e868adc-0dac-46d9-b192-ad1e0d5ca8c5,1633165235151,14.0949612,52.353848,7.7968054,1.5950778,1.0919781,-2.4891257,on bike mount,cyclo cross,False,asphalt,excellent
737bf298-fc9f-4c5d-a018-7e86d780b049,41d21712-7348-4f20-97c1-c6ebbd23fee7,20c9b119-308b-421d-bf1f-b502bd264649,1633165235201,14.0949612,52.353848,7.7968054,0.40809274,1.0562191,-2.2746205,on bike mount,cyclo cross,False,asphalt,excellent
737bf298-fc9f-4c5d-a018-7e86d780b049,41d21712-7348-4f20-97c1-c6ebbd23fee7,6c4b51ad-fdc4-46ce-baa7-26b2f0747544,1633165235251,14.0949612,52.353848,7.7968054,-1.062903,-0.6530583,2.595419,on bike mount,cyclo cross,False,asphalt,excellent
737bf298-fc9f-4c5d-a018-7e86d780b049,41d21712-7348-4f20-97c1-c6ebbd23fee7,00de8d23-87ca-448d-a8d0-db4063f17d61,1633165235302,14.0949612,52.353848,7.7968054,1.4779869,-1.3226569,-1.4758406,on bike mount,cyclo cross,False,asphalt,excellent
737bf298-fc9f-4c5d-a018-7e86d780b049,41d21712-7348-4f20-97c1-c6ebbd23fee7,3477744c-eaa1-4692-ba0f-29dcb41272a3,1633165235352,14.0949612,52.353848,7.7968054,-0.013984114,1.2187958,-3.698915,on bike mount,cyclo cross,False,asphalt,excellent
737bf298-fc9f-4c5d-a018-7e86d780b049,41d21712-7348-4f20-97c1-c6ebbd23fee7,c3588faf-7de9-4d06-8ca6-bc4ee98cb1fa,1633165235402,14.0949612,52.353848,7.7968054,2.6694825,-1.505203,2.6694431,on bike mount,cyclo cross,False,asphalt,excellent
737bf298-fc9f-4c5d-a018-7e86d780b049,41d21712-7348-4f20-97c1-c6ebbd23fee7,2cc8506d-70c0-41dd-9f58-744706d98ec2,1633165235452,14.0949612,52.353848,7.7968054,2.152079,-0.12224531,-0.5227032,on bike mount,cyclo cross,False,asphalt,excellent
737bf298-fc9f-4c5d-a018-7e86d780b049,41d21712-7348-4f20-97c1-c6ebbd23fee7,ee4474d7-e837-40cb-a2e3-0145d443cefd,1633165235500,14.0949612,52.353848,7.7968054,-1.8434167,-0.7778747,-0.48645687,on bike mount,cyclo cross,False,asphalt,excellent
737bf298-fc9f-4c5d-a018-7e86d780b049,41d21712-7348-4f20-97c1-c6ebbd23fee7,c909adac-4e8b-4422-903b-beb5e470f55d,1633165235551,14.0949612,52.353848,7.7968054,-1.6982703,-0.20869637,0.22072697,on bike mount,cyclo cross,False,asphalt,excellent
737bf298-fc9f-4c5d-a018-7e86d780b049,41d21712-7348-4f20-97c1-c6ebbd23fee7,b2333466-c367-4226-afe4-fe8c7038671c,1633165235601,14.0949612,52.353848,7.7968054,-0.35528374,-1.0484912,0.30228043,on bike mount,cyclo cross,False,asphalt,excellent
737bf298-fc9f-4c5d-a018-7e86d780b049,41d21712-7348-4f20-97c1-c6ebbd23fee7,40476383-d92f-46fc-9935-2e7ecfb6ab04,1633165235653,14.0950725,52.3538249,7.9657216,1.0487981,0.59715056,-0.5433111,on bike mount,cyclo cross,False,asphalt,excellent
737bf298-fc9f-4c5d-a018-7e86d780b049,41d21712-7348-4f20-97c1-c6ebbd23fee7,98f82dba-de24-47b4-996f-9c021388c3a5,1633165235702,14.0950725,52.3538249,7.9657216,0.21549843,0.46589684,0.15016556,on bike mount,cyclo cross,False,asphalt,excellent
737bf298-fc9f-4c5d-a018-7e86d780b049,41d21712-7348-4f20-97c1-c6ebbd23fee7,797ae94d-1c9b-4d16-a790-59aa79d3c63b,1633165235753,14.0950725,52.3538249,7.9657216,-0.43252525,-1.7502947,0.8096075,on bike mount,cyclo cross,False,asphalt,excellent
737bf298-fc9f-4c5d-a018-7e86d780b049,41d21712-7348-4f20-97c1-c6ebbd23fee7,3afcd3c0-bcee-49a4-818c-0e64e5a4a828,1633165235804,14.0950725,52.3538249,7.9657216,-0.018371832,-1.6759441,-2.543375,on bike mount,cyclo cross,False,asphalt,excellent
737bf298-fc9f-4c5d-a018-7e86d780b049,41d21712-7348-4f20-97c1-c6ebbd23fee7,4751d802-d2bb-47e0-ae1c-8c1b39ea524c,1633165235853,14.0950725,52.3538249,7.9657216,-1.1437085,-0.37157822,-0.053216934,on bike mount,cyclo cross,False,asphalt,excellent
737bf298-fc9f-4c5d-a018-7e86d780b049,41d21712-7348-4f20-97c1-c6ebbd23fee7,b447d0a2-9157-46a0-90fb-073b30ba7a5f,1633165235902,14.0950725,52.3538249,7.9657216,-1.0797343,1.5198936,-2.1004372,on bike mount,cyclo cross,False,asphalt,excellent
737bf298-fc9f-4c5d-a018-7e86d780b049,41d21712-7348-4f20-97c1-c6ebbd23fee7,59b4b996-bfbb-4c08-8eec-f7519bdba8f7,1633165235953,14.0950725,52.3538249,7.9657216,0.9073942,0.30570197,-0.7439108,on bike mount,cyclo cross,False,asphalt,excellent
737bf298-fc9f-4c5d-a018-7e86d780b049,41d21712-7348-4f20-97c1-c6ebbd23fee7,1bad2a66-a0f4-4e6f-b178-f2d8e6751172,1633165236003,14.0950725,52.3538249,7.9657216,0.20477226,0.41075492,1.1184044,on bike mount,cyclo cross,False,asphalt,excellent
737bf298-fc9f-4c5d-a018-7e86d780b049,41d21712-7348-4f20-97c1-c6ebbd23fee7,18b5d56e-d60a-40e2-a62e-c9d72d09fa2a,1633165236052,14.0950725,52.3538249,7.9657216,0.5915177,-0.4365089,1.0588713,on bike mount,cyclo cross,False,asphalt,excellent
737bf298-fc9f-4c5d-a018-7e86d780b049,41d21712-7348-4f20-97c1-c6ebbd23fee7,4325db89-da68-427b-b907-e8f054fcea04,1633165236102,14.0950725,52.3538249,7.9657216,0.5766781,0.5807688,-1.2693324,on bike mount,cyclo cross,False,asphalt,excellent
737bf298-fc9f-4c5d-a018-7e86d780b049,41d21712-7348-4f20-97c1-c6ebbd23fee7,3d54bbaf-fd0d-4720-8c51-1e7f97628b0b,1633165236151,14.0950725,52.3538249,7.9657216,-0.0697145,-1.3337822,1.4198103,on bike mount,cyclo cross,False,asphalt,excellent
737bf298-fc9f-4c5d-a018-7e86d780b049,41d21712-7348-4f20-97c1-c6ebbd23fee7,82eb1663-a18e-4c6d-b581-915a09f9ecb1,1633165236201,14.0950725,52.3538249,7.9657216,0.8918792,-0.61849225,-1.6811786,on bike mount,cyclo cross,False,asphalt,excellent
737bf298-fc9f-4c5d-a018-7e86d780b049,41d21712-7348-4f20-97c1-c6ebbd23fee7,1fa776e5-0e55-48b1-bed9-70dbaec76e5d,1633165236251,14.0950725,52.3538249,7.9657216,-0.83537096,0.4393885,-0.05992031,on bike mount,cyclo cross,False,asphalt,excellent
