bike_activity_uid,bike_activity_sample_uid,bike_activity_measurement,bike_activity_measurement_timestamp,bike_activity_measurement_lon,bike_activity_measurement_lat,bike_activity_measurement_speed,bike_activity_measurement_accelerometer_x,bike_activity_measurement_accelerometer_y,bike_activity_measurement_accelerometer_z,bike_activity_phone_position,bike_activity_bike_type,bike_activity_flagged_lab_conditions,bike_activity_surface_type,bike_activity_smoothness_type
aa460e9e-5072-4184-b5d4-d40d99b4c733,62af9f97-e0a8-44a7-9476-e99355771b86,1efdf1e2-374c-43d4-a823-d74b7ec4177f,1635697402370,13.3903068,52.4725948,5.799368,1.1044576,0.36432672,-3.7940729,on bike mount,cyclo cross,True,concrete plates,good
aa460e9e-5072-4184-b5d4-d40d99b4c733,62af9f97-e0a8-44a7-9476-e99355771b86,3dae1725-f199-44c2-860d-f41ec2a44252,1635697402420,13.3903068,52.4725948,5.799368,2.0015416,-0.62968326,1.0661335,on bike mount,cyclo cross,True,concrete plates,good
aa460e9e-5072-4184-b5d4-d40d99b4c733,62af9f97-e0a8-44a7-9476-e99355771b86,864acaa9-385a-40d0-843f-d43143c2fb52,1635697402487,13.3903068,52.4725948,5.799368,1.1088388,2.6248994,-1.2779593,on bike mount,cyclo cross,True,concrete plates,good
aa460e9e-5072-4184-b5d4-d40d99b4c733,62af9f97-e0a8-44a7-9476-e99355771b86,c79ae294-3aad-4991-b250-5a850db7ba21,1635697402554,13.3903068,52.4725948,5.799368,0.18675883,-1.9413612,-1.553359,on bike mount,cyclo cross,True,concrete plates,good
aa460e9e-5072-4184-b5d4-d40d99b4c733,62af9f97-e0a8-44a7-9476-e99355771b86,b2f2c404-43f8-4559-bc35-2fffa59d0bf7,1635697402620,13.3903068,52.4725948,5.799368,0.95302784,5.8890514,-0.46907616,on bike mount,cyclo cross,True,concrete plates,good
aa460e9e-5072-4184-b5d4-d40d99b4c733,62af9f97-e0a8-44a7-9476-e99355771b86,9f5ffb92-55ba-4ee8-8af9-0ee3bc67b4a6,1635697402692,13.3903068,52.4725948,5.799368,-0.57916623,4.4441824,-2.3016496,on bike mount,cyclo cross,True,concrete plates,good
aa460e9e-5072-4184-b5d4-d40d99b4c733,62af9f97-e0a8-44a7-9476-e99355771b86,69629323-50b3-4c10-a9dc-621c261dc367,1635697402752,13.3902868,52.4726475,5.969618,-1.001198,-0.09675169,0.30327415,on bike mount,cyclo cross,True,concrete plates,good
aa460e9e-5072-4184-b5d4-d40d99b4c733,62af9f97-e0a8-44a7-9476-e99355771b86,a452ca47-b822-4588-8daf-a25f0b2c2a75,1635697402804,13.3902868,52.4726475,5.969618,-0.52579796,-0.10651469,-1.088614,on bike mount,cyclo cross,True,concrete plates,good
aa460e9e-5072-4184-b5d4-d40d99b4c733,62af9f97-e0a8-44a7-9476-e99355771b86,d4efde5b-ffb1-4bcb-89fb-759f3f8a1936,1635697402854,13.3902868,52.4726475,5.969618,0.30938333,1.8092737,-2.8774948,on bike mount,cyclo cross,True,concrete plates,good
aa460e9e-5072-4184-b5d4-d40d99b4c733,62af9f97-e0a8-44a7-9476-e99355771b86,bf68be50-60bf-4f68-91fe-a4f81808e3dd,1635697402920,13.3902868,52.4726475,5.969618,-0.21925089,-1.7395073,1.4419451,on bike mount,cyclo cross,True,concrete plates,good
aa460e9e-5072-4184-b5d4-d40d99b4c733,62af9f97-e0a8-44a7-9476-e99355771b86,ea8c65c1-4b2f-46ac-9e57-89b3e2abff14,1635697402972,13.3902868,52.4726475,5.969618,-0.15878491,-2.3852963,2.5796041,on bike mount,cyclo cross,True,concrete plates,good
aa460e9e-5072-4184-b5d4-d40d99b4c733,62af9f97-e0a8-44a7-9476-e99355771b86,8607a2c3-c9fa-48f7-824d-eb84abf83ce8,1635697403021,13.3902868,52.4726475,5.969618,0.42413807,0.94924045,0.10562229,on bike mount,cyclo cross,True,concrete plates,good
aa460e9e-5072-4184-b5d4-d40d99b4c733,62af9f97-e0a8-44a7-9476-e99355771b86,7bb0a262-2076-4901-b32f-7a5037ed7568,1635697403071,13.3902868,52.4726475,5.969618,-0.96703184,3.2328038,0.3809061,on bike mount,cyclo cross,True,concrete plates,good
aa460e9e-5072-4184-b5d4-d40d99b4c733,62af9f97-e0a8-44a7-9476-e99355771b86,c4ca4960-240a-46d8-9e37-f174b4fe0e28,1635697403121,13.3902868,52.4726475,5.969618,0.1790872,1.555882,3.9024458,on bike mount,cyclo cross,True,concrete plates,good
aa460e9e-5072-4184-b5d4-d40d99b4c733,62af9f97-e0a8-44a7-9476-e99355771b86,6a96f378-ab2d-49ad-9adc-8f346318a9c0,1635697403172,13.3902868,52.4726475,5.969618,1.040707,2.1894212,-1.573441,on bike mount,cyclo cross,True,concrete plates,good
aa460e9e-5072-4184-b5d4-d40d99b4c733,62af9f97-e0a8-44a7-9476-e99355771b86,8f953f1e-e065-4f3f-a3d8-f0e10ef75fc7,1635697403237,13.3902868,52.4726475,5.969618,-0.20937154,-2.6834393,5.4534082,on bike mount,cyclo cross,True,concrete plates,good
aa460e9e-5072-4184-b5d4-d40d99b4c733,62af9f97-e0a8-44a7-9476-e99355771b86,f69ea3c0-1d9a-48b0-8f42-4c60fb7531ca,1635697403288,13.3902868,52.4726475,5.969618,1.1949698,-2.8090005,-2.7297897,on bike mount,cyclo cross,True,concrete plates,good
aa460e9e-5072-4184-b5d4-d40d99b4c733,62af9f97-e0a8-44a7-9476-e99355771b86,d2b2d912-427c-4728-8531-0f2f23e66bf6,1635697403339,13.3902868,52.4726475,5.969618,-0.34247527,1.0994167,-3.5970297,on bike mount,cyclo cross,True,concrete plates,good
aa460e9e-5072-4184-b5d4-d40d99b4c733,62af9f97-e0a8-44a7-9476-e99355771b86,30440927-d5f1-4ad8-b6cf-c436e7cbd212,1635697403404,13.3902868,52.4726475,5.969618,1.6999495,2.4199529,1.5337839,on bike mount,cyclo cross,True,concrete plates,good
aa460e9e-5072-4184-b5d4-d40d99b4c733,62af9f97-e0a8-44a7-9476-e99355771b86,16d90718-ffa1-4e15-8796-db33eb967db6,1635697403455,13.3902868,52.4726475,5.969618,-0.07637614,-2.4819217,0.8672123,on bike mount,cyclo cross,True,concrete plates,good
aa460e9e-5072-4184-b5d4-d40d99b4c733,62af9f97-e0a8-44a7-9476-e99355771b86,f888189e-53e4-4346-8138-87311cce2d5e,1635697403504,13.3902868,52.4726475,5.969618,1.710937,-1.8496925,0.1596241,on bike mount,cyclo cross,True,concrete plates,good
aa460e9e-5072-4184-b5d4-d40d99b4c733,62af9f97-e0a8-44a7-9476-e99355771b86,1e4d1243-e881-4cda-bf5d-0565acb389f0,1635697403555,13.3902868,52.4726475,5.969618,-1.8710313,0.06464195,-0.3464613,on bike mount,cyclo cross,True,concrete plates,good
aa460e9e-5072-4184-b5d4-d40d99b4c733,62af9f97-e0a8-44a7-9476-e99355771b86,fbd188e5-2b3e-4bc5-8495-bd77b06753c0,1635697403606,13.3902868,52.4726475,5.969618,2.1260774,-2.7156746,-3.8868089,on bike mount,cyclo cross,True,concrete plates,good
aa460e9e-5072-4184-b5d4-d40d99b4c733,62af9f97-e0a8-44a7-9476-e99355771b86,a0626592-c113-480b-8c63-e1dc8521e2ab,1635697403656,13.3902868,52.4726475,5.969618,-0.45752168,0.055057287,2.3700342,on bike mount,cyclo cross,True,concrete plates,good
aa460e9e-5072-4184-b5d4-d40d99b4c733,62af9f97-e0a8-44a7-9476-e99355771b86,1193e3d7-3dae-475d-af2c-7edccfd2b4ad,1635697403707,13.3902698,52.472702,5.860166,-0.19966584,-0.35418248,1.5626698,on bike mount,cyclo cross,True,concrete plates,good
aa460e9e-5072-4184-b5d4-d40d99b4c733,62af9f97-e0a8-44a7-9476-e99355771b86,2f5bdfdb-756b-48cd-87e1-78fcd0dd9bf2,1635697403772,13.3902698,52.472702,5.860166,0.031005353,-2.2919195,0.25242615,on bike mount,cyclo cross,True,concrete plates,good
aa460e9e-5072-4184-b5d4-d40d99b4c733,62af9f97-e0a8-44a7-9476-e99355771b86,a30cf9c0-a712-4933-8a54-d952965039d6,1635697403823,13.3902698,52.472702,5.860166,0.14960515,0.15924048,0.80829144,on bike mount,cyclo cross,True,concrete plates,good
aa460e9e-5072-4184-b5d4-d40d99b4c733,62af9f97-e0a8-44a7-9476-e99355771b86,854dac6b-e7fe-45c6-b512-c8862a69126a,1635697403874,13.3902698,52.472702,5.860166,-0.44817019,0.12557912,-1.4512162,on bike mount,cyclo cross,True,concrete plates,good
aa460e9e-5072-4184-b5d4-d40d99b4c733,62af9f97-e0a8-44a7-9476-e99355771b86,e03e4f32-b645-4738-b858-c30499b5099f,1635697403923,13.3902698,52.472702,5.860166,0.3624106,-0.42148924,1.9352627,on bike mount,cyclo cross,True,concrete plates,good
aa460e9e-5072-4184-b5d4-d40d99b4c733,62af9f97-e0a8-44a7-9476-e99355771b86,536aa410-08c0-473b-9c29-1ee129a7d4ea,1635697403973,13.3902698,52.472702,5.860166,-0.57642204,0.3937831,-1.3844895,on bike mount,cyclo cross,True,concrete plates,good
aa460e9e-5072-4184-b5d4-d40d99b4c733,62af9f97-e0a8-44a7-9476-e99355771b86,48e2e5ed-91b2-40db-b1de-b44689bb45d3,1635697404023,13.3902698,52.472702,5.860166,0.25665495,-0.29825044,2.0081987,on bike mount,cyclo cross,True,concrete plates,good
aa460e9e-5072-4184-b5d4-d40d99b4c733,62af9f97-e0a8-44a7-9476-e99355771b86,4484c59a-e166-43aa-a3bc-148d5a3b91f3,1635697404073,13.3902698,52.472702,5.860166,-0.51782966,-0.100313425,-0.7461729,on bike mount,cyclo cross,True,concrete plates,good
aa460e9e-5072-4184-b5d4-d40d99b4c733,62af9f97-e0a8-44a7-9476-e99355771b86,3b8bc6cc-bdaf-46c5-b944-48aa2bd788d3,1635697404124,13.3902698,52.472702,5.860166,0.82731605,0.54876757,-7.8935547,on bike mount,cyclo cross,True,concrete plates,good
aa460e9e-5072-4184-b5d4-d40d99b4c733,62af9f97-e0a8-44a7-9476-e99355771b86,db87f656-4dc0-4d74-9923-b10e65d29c68,1635697404174,13.3902698,52.472702,5.860166,-1.0325366,0.25814128,1.4559956,on bike mount,cyclo cross,True,concrete plates,good
aa460e9e-5072-4184-b5d4-d40d99b4c733,62af9f97-e0a8-44a7-9476-e99355771b86,0d639d43-1ee5-4ff3-9c61-f319eecba4b2,1635697404243,13.3902698,52.472702,5.860166,-1.3313935,-0.20524502,4.7455893,on bike mount,cyclo cross,True,concrete plates,good
aa460e9e-5072-4184-b5d4-d40d99b4c733,62af9f97-e0a8-44a7-9476-e99355771b86,2c27b318-ab32-4b55-9472-885e2305988d,1635697404307,13.3902698,52.472702,5.860166,-0.69924206,-1.7673761,5.316599,on bike mount,cyclo cross,True,concrete plates,good
aa460e9e-5072-4184-b5d4-d40d99b4c733,62af9f97-e0a8-44a7-9476-e99355771b86,70e79e61-cff0-4081-8341-f45c8eaaee32,1635697404358,13.3902698,52.472702,5.860166,1.7160321,-5.4877415,0.21032906,on bike mount,cyclo cross,True,concrete plates,good
aa460e9e-5072-4184-b5d4-d40d99b4c733,62af9f97-e0a8-44a7-9476-e99355771b86,cbd08ec4-70cd-4139-8451-d762a3647a8d,1635697404409,13.3902698,52.472702,5.860166,-1.596182,3.837594,-3.9239912,on bike mount,cyclo cross,True,concrete plates,good
aa460e9e-5072-4184-b5d4-d40d99b4c733,62af9f97-e0a8-44a7-9476-e99355771b86,52b50f57-8807-46d5-8d67-83726c4e1d58,1635697404459,13.3902698,52.472702,5.860166,-0.8338503,1.3108063,0.9430847,on bike mount,cyclo cross,True,concrete plates,good
aa460e9e-5072-4184-b5d4-d40d99b4c733,62af9f97-e0a8-44a7-9476-e99355771b86,3b4bcfbd-cd73-43c0-a9da-85f89d0dc0f8,1635697404523,13.3902698,52.472702,5.860166,-0.36646044,-3.0212092,-2.7879462,on bike mount,cyclo cross,True,concrete plates,good
aa460e9e-5072-4184-b5d4-d40d99b4c733,62af9f97-e0a8-44a7-9476-e99355771b86,646cc0ea-b2bb-4084-a502-06fa3c7c03b1,1635697404575,13.3902698,52.472702,5.860166,0.24745838,-4.124379,3.2685795,on bike mount,cyclo cross,True,concrete plates,good
aa460e9e-5072-4184-b5d4-d40d99b4c733,62af9f97-e0a8-44a7-9476-e99355771b86,7453880c-a4a2-41c2-a164-2c9f43809e35,1635697404626,13.3902698,52.472702,5.860166,-0.35442847,3.5612507,-1.9941659,on bike mount,cyclo cross,True,concrete plates,good
aa460e9e-5072-4184-b5d4-d40d99b4c733,62af9f97-e0a8-44a7-9476-e99355771b86,7ae9059a-1c54-4e2c-9eae-761a1b0bddb1,1635697404677,13.3902698,52.472702,5.860166,-0.46238652,1.0504375,0.28325272,on bike mount,cyclo cross,True,concrete plates,good
aa460e9e-5072-4184-b5d4-d40d99b4c733,62af9f97-e0a8-44a7-9476-e99355771b86,a09be31b-5a42-4fb2-81fd-73c872b515da,1635697404741,13.3902529,52.4727539,6.121431,-1.3859675,1.0839927,-3.0370383,on bike mount,cyclo cross,True,concrete plates,good
aa460e9e-5072-4184-b5d4-d40d99b4c733,62af9f97-e0a8-44a7-9476-e99355771b86,8aabd8ab-9337-4f08-bd6f-bc9fd1c38580,1635697404793,13.3902529,52.4727539,6.121431,0.10239449,-0.2071867,-3.1266546,on bike mount,cyclo cross,True,concrete plates,good
aa460e9e-5072-4184-b5d4-d40d99b4c733,62af9f97-e0a8-44a7-9476-e99355771b86,0ace2892-9c3a-4b89-90c4-342af3b2f7a6,1635697404844,13.3902529,52.4727539,6.121431,0.23084062,2.1962829,0.28047943,on bike mount,cyclo cross,True,concrete plates,good
aa460e9e-5072-4184-b5d4-d40d99b4c733,62af9f97-e0a8-44a7-9476-e99355771b86,0bd371dc-22b1-4864-a7b9-e971c400b18f,1635697404909,13.3902529,52.4727539,6.121431,-1.7373343,-1.5124972,-1.6275783,on bike mount,cyclo cross,True,concrete plates,good
aa460e9e-5072-4184-b5d4-d40d99b4c733,62af9f97-e0a8-44a7-9476-e99355771b86,f445655d-2e61-4836-9324-9815a4c37cfa,1635697404963,13.3902529,52.4727539,6.121431,0.6758775,-1.8896289,-2.5077267,on bike mount,cyclo cross,True,concrete plates,good
aa460e9e-5072-4184-b5d4-d40d99b4c733,62af9f97-e0a8-44a7-9476-e99355771b86,75ca4238-ea0a-44c7-b3c6-248c69e2a8c1,1635697405028,13.3902529,52.4727539,6.121431,1.6835384,-1.9106901,1.9072905,on bike mount,cyclo cross,True,concrete plates,good
aa460e9e-5072-4184-b5d4-d40d99b4c733,62af9f97-e0a8-44a7-9476-e99355771b86,3b5b11c8-b4f4-439a-9390-07358b47ab0b,1635697405093,13.3902529,52.4727539,6.121431,0.477512,1.5890064,-0.09525013,on bike mount,cyclo cross,True,concrete plates,good
aa460e9e-5072-4184-b5d4-d40d99b4c733,62af9f97-e0a8-44a7-9476-e99355771b86,60c1457b-d39d-4448-94d8-472162d917c0,1635697405143,13.3902529,52.4727539,6.121431,-0.012579739,0.98528624,3.7018414,on bike mount,cyclo cross,True,concrete plates,good
aa460e9e-5072-4184-b5d4-d40d99b4c733,62af9f97-e0a8-44a7-9476-e99355771b86,330bc35c-112a-4881-bfa1-084c564184bd,1635697405193,13.3902529,52.4727539,6.121431,1.5730413,-3.4193516,0.19798279,on bike mount,cyclo cross,True,concrete plates,good
aa460e9e-5072-4184-b5d4-d40d99b4c733,62af9f97-e0a8-44a7-9476-e99355771b86,85011297-c33b-46ac-8281-1c2ef9fce75e,1635697405243,13.3902529,52.4727539,6.121431,-1.2485216,-3.0569115,3.2692165,on bike mount,cyclo cross,True,concrete plates,good
aa460e9e-5072-4184-b5d4-d40d99b4c733,62af9f97-e0a8-44a7-9476-e99355771b86,4b4befe2-0030-47de-ad88-ada1977dd8eb,1635697405293,13.3902529,52.4727539,6.121431,1.678321,-0.97142506,2.525693,on bike mount,cyclo cross,True,concrete plates,good
aa460e9e-5072-4184-b5d4-d40d99b4c733,62af9f97-e0a8-44a7-9476-e99355771b86,7de32604-a661-43f0-aef7-dae1d8a601dc,1635697405344,13.3902529,52.4727539,6.121431,-0.5784026,-0.65751886,-0.8771448,on bike mount,cyclo cross,True,concrete plates,good
aa460e9e-5072-4184-b5d4-d40d99b4c733,62af9f97-e0a8-44a7-9476-e99355771b86,6ad9678d-a93a-4a8a-a713-825179454cd5,1635697405394,13.3902529,52.4727539,6.121431,-0.2443305,-2.6768446,-0.56957054,on bike mount,cyclo cross,True,concrete plates,good
aa460e9e-5072-4184-b5d4-d40d99b4c733,62af9f97-e0a8-44a7-9476-e99355771b86,61eaf2c7-cb72-4706-943e-d2c529dda224,1635697405444,13.3902529,52.4727539,6.121431,-0.56702244,0.5601747,-0.16133404,on bike mount,cyclo cross,True,concrete plates,good
aa460e9e-5072-4184-b5d4-d40d99b4c733,62af9f97-e0a8-44a7-9476-e99355771b86,fcc36f70-a777-450a-898f-d0bc46835e3b,1635697405495,13.3902529,52.4727539,6.121431,1.4325655,-0.44499183,-2.0388355,on bike mount,cyclo cross,True,concrete plates,good
aa460e9e-5072-4184-b5d4-d40d99b4c733,62af9f97-e0a8-44a7-9476-e99355771b86,6852aed3-cb00-4eec-aa5d-82ec50d2bf3f,1635697405545,13.3902529,52.4727539,6.121431,0.38612613,0.4747548,1.9396048,on bike mount,cyclo cross,True,concrete plates,good
aa460e9e-5072-4184-b5d4-d40d99b4c733,62af9f97-e0a8-44a7-9476-e99355771b86,9cc325e4-fe40-409a-b99e-c2cda3428f1b,1635697405595,13.3902529,52.4727539,6.121431,-0.64089847,-0.92184114,0.6957531,on bike mount,cyclo cross,True,concrete plates,good
aa460e9e-5072-4184-b5d4-d40d99b4c733,b0a08525-45c2-49e5-9a02-bcbd98135f8d,143183e3-3f28-47c1-b1f8-d066b3891ca3,1635697401285,13.3903316,52.4725456,5.549917,-1.1141112,-1.4072244,-3.9793181,on bike mount,cyclo cross,True,concrete plates,good
aa460e9e-5072-4184-b5d4-d40d99b4c733,b0a08525-45c2-49e5-9a02-bcbd98135f8d,edae81cb-e29f-42ad-b16e-55a9c7ee438e,1635697401350,13.3903316,52.4725456,5.549917,-0.49100295,3.6884398,-0.42010117,on bike mount,cyclo cross,True,concrete plates,good
aa460e9e-5072-4184-b5d4-d40d99b4c733,b0a08525-45c2-49e5-9a02-bcbd98135f8d,23470999-967a-47d1-b890-257ffed5d4e5,1635697401400,13.3903316,52.4725456,5.549917,-0.4613369,1.9498429,3.081808,on bike mount,cyclo cross,True,concrete plates,good
aa460e9e-5072-4184-b5d4-d40d99b4c733,b0a08525-45c2-49e5-9a02-bcbd98135f8d,b89cb38e-bbbc-43c3-8798-315a80038413,1635697401450,13.3903316,52.4725456,5.549917,-0.03590256,-1.4398777,4.1908894,on bike mount,cyclo cross,True,concrete plates,good
aa460e9e-5072-4184-b5d4-d40d99b4c733,b0a08525-45c2-49e5-9a02-bcbd98135f8d,da6ed4b5-2aea-4f33-adb3-f931213a0d8a,1635697401501,13.3903316,52.4725456,5.549917,-0.3719705,-2.426706,0.88788414,on bike mount,cyclo cross,True,concrete plates,good
aa460e9e-5072-4184-b5d4-d40d99b4c733,b0a08525-45c2-49e5-9a02-bcbd98135f8d,d3a87bcc-148c-4adf-9a47-968fb122bd67,1635697401550,13.3903316,52.4725456,5.549917,0.12411773,-1.0026062,-0.80284786,on bike mount,cyclo cross,True,concrete plates,good
aa460e9e-5072-4184-b5d4-d40d99b4c733,b0a08525-45c2-49e5-9a02-bcbd98135f8d,d316d674-ea85-4476-a814-547dcf9b2c48,1635697401600,13.3903316,52.4725456,5.549917,0.2430445,1.7414961,-2.6646252,on bike mount,cyclo cross,True,concrete plates,good
aa460e9e-5072-4184-b5d4-d40d99b4c733,b0a08525-45c2-49e5-9a02-bcbd98135f8d,d2bed4a6-d4f3-41d9-9e3c-8d42a3c171ce,1635697401651,13.3903316,52.4725456,5.549917,0.1528208,0.84357977,3.829214,on bike mount,cyclo cross,True,concrete plates,good
aa460e9e-5072-4184-b5d4-d40d99b4c733,b0a08525-45c2-49e5-9a02-bcbd98135f8d,f470f3f5-667a-456d-b12c-aeb7c5bcb449,1635697401703,13.3903068,52.4725948,5.799368,0.90612745,1.4651282,2.2163286,on bike mount,cyclo cross,True,concrete plates,good
aa460e9e-5072-4184-b5d4-d40d99b4c733,b0a08525-45c2-49e5-9a02-bcbd98135f8d,fb8dfc1a-12dc-43cf-b82e-93f5afffbae1,1635697401767,13.3903068,52.4725948,5.799368,0.34326315,0.67328906,-0.3211174,on bike mount,cyclo cross,True,concrete plates,good
aa460e9e-5072-4184-b5d4-d40d99b4c733,b0a08525-45c2-49e5-9a02-bcbd98135f8d,825c214a-c4be-445a-b1bb-0cde05a846f1,1635697401818,13.3903068,52.4725948,5.799368,0.2614116,1.1194777,0.7975035,on bike mount,cyclo cross,True,concrete plates,good
aa460e9e-5072-4184-b5d4-d40d99b4c733,b0a08525-45c2-49e5-9a02-bcbd98135f8d,a7731713-1b0b-44d0-b0e7-f3b327542788,1635697401868,13.3903068,52.4725948,5.799368,0.84482,1.2072966,1.5598526,on bike mount,cyclo cross,True,concrete plates,good
aa460e9e-5072-4184-b5d4-d40d99b4c733,b0a08525-45c2-49e5-9a02-bcbd98135f8d,c880fac4-2b0a-4fb4-bbd8-3a9adf65d61e,1635697401918,13.3903068,52.4725948,5.799368,0.26856986,-2.591905,0.56236744,on bike mount,cyclo cross,True,concrete plates,good
aa460e9e-5072-4184-b5d4-d40d99b4c733,b0a08525-45c2-49e5-9a02-bcbd98135f8d,11a87f2a-bd7a-4764-bed5-cebf722cbab0,1635697401967,13.3903068,52.4725948,5.799368,-0.80809414,1.8614669,0.9044752,on bike mount,cyclo cross,True,concrete plates,good
aa460e9e-5072-4184-b5d4-d40d99b4c733,b0a08525-45c2-49e5-9a02-bcbd98135f8d,036cf56a-ebfc-45c5-92c2-fdc767294f97,1635697402017,13.3903068,52.4725948,5.799368,1.5545142,-1.7514743,2.0710268,on bike mount,cyclo cross,True,concrete plates,good
aa460e9e-5072-4184-b5d4-d40d99b4c733,b0a08525-45c2-49e5-9a02-bcbd98135f8d,5f6ad6d2-8d30-4416-a02d-9e20b66c2c80,1635697402069,13.3903068,52.4725948,5.799368,0.5477103,-2.4358342,-1.4590158,on bike mount,cyclo cross,True,concrete plates,good
aa460e9e-5072-4184-b5d4-d40d99b4c733,b0a08525-45c2-49e5-9a02-bcbd98135f8d,955e4768-e485-44e5-a991-192d0fb41ae3,1635697402119,13.3903068,52.4725948,5.799368,-1.1201857,1.4278274,3.4472933,on bike mount,cyclo cross,True,concrete plates,good
aa460e9e-5072-4184-b5d4-d40d99b4c733,b0a08525-45c2-49e5-9a02-bcbd98135f8d,c10d25b5-3635-48ca-b6ee-d54f98d91156,1635697402169,13.3903068,52.4725948,5.799368,-0.90571177,0.9489255,-2.0758286,on bike mount,cyclo cross,True,concrete plates,good
aa460e9e-5072-4184-b5d4-d40d99b4c733,b0a08525-45c2-49e5-9a02-bcbd98135f8d,5a7c94b8-886e-48c7-88bd-abfbdf84fc71,1635697402219,13.3903068,52.4725948,5.799368,0.8303559,-1.860312,-1.2689099,on bike mount,cyclo cross,True,concrete plates,good
aa460e9e-5072-4184-b5d4-d40d99b4c733,b0a08525-45c2-49e5-9a02-bcbd98135f8d,20f9b779-4537-4c6d-8874-135499b290f4,1635697402270,13.3903068,52.4725948,5.799368,1.2875967,0.1903112,-0.46988964,on bike mount,cyclo cross,True,concrete plates,good
aa460e9e-5072-4184-b5d4-d40d99b4c733,b0a08525-45c2-49e5-9a02-bcbd98135f8d,1da724ec-6b40-4733-a256-263d15b214f2,1635697402335,13.3903068,52.4725948,5.799368,-1.1380376,-1.0676899,-1.4576511,on bike mount,cyclo cross,True,concrete plates,good
aa460e9e-5072-4184-b5d4-d40d99b4c733,b0a08525-45c2-49e5-9a02-bcbd98135f8d,08d3f594-5777-4980-9abf-03820813e6ae,1635697402385,13.3903068,52.4725948,5.799368,1.4210258,-1.6036546,2.212717,on bike mount,cyclo cross,True,concrete plates,good
aa460e9e-5072-4184-b5d4-d40d99b4c733,b0a08525-45c2-49e5-9a02-bcbd98135f8d,8bf270ca-4ac4-46c8-b13d-b4a2eb6d3833,1635697402437,13.3903068,52.4725948,5.799368,-2.1624804,0.9018607,1.6235847,on bike mount,cyclo cross,True,concrete plates,good
aa460e9e-5072-4184-b5d4-d40d99b4c733,b0a08525-45c2-49e5-9a02-bcbd98135f8d,926c8ad5-59ff-4f27-b3b8-2405f0b831ee,1635697402489,13.3903068,52.4725948,5.799368,0.5540995,0.90697145,0.09823704,on bike mount,cyclo cross,True,concrete plates,good
aa460e9e-5072-4184-b5d4-d40d99b4c733,b0a08525-45c2-49e5-9a02-bcbd98135f8d,5dbe2e49-0509-403c-8b67-7a245d294982,1635697402555,13.3903068,52.4725948,5.799368,0.18675883,-1.9413612,-1.553359,on bike mount,cyclo cross,True,concrete plates,good
aa460e9e-5072-4184-b5d4-d40d99b4c733,b0a08525-45c2-49e5-9a02-bcbd98135f8d,6e3404b5-16b9-4464-b7f3-1c07d4dd136a,1635697402622,13.3903068,52.4725948,5.799368,0.2210441,-2.7180963,-1.5265274,on bike mount,cyclo cross,True,concrete plates,good
aa460e9e-5072-4184-b5d4-d40d99b4c733,b0a08525-45c2-49e5-9a02-bcbd98135f8d,e8086119-3ef3-493e-b6d2-319cdc5c503e,1635697402693,13.3903068,52.4725948,5.799368,-0.57916623,4.4441824,-2.3016496,on bike mount,cyclo cross,True,concrete plates,good
aa460e9e-5072-4184-b5d4-d40d99b4c733,b0a08525-45c2-49e5-9a02-bcbd98135f8d,c705e061-f751-44cf-9100-db4a7b5e3199,1635697402753,13.3902868,52.4726475,5.969618,-1.001198,-0.09675169,0.30327415,on bike mount,cyclo cross,True,concrete plates,good
aa460e9e-5072-4184-b5d4-d40d99b4c733,b0a08525-45c2-49e5-9a02-bcbd98135f8d,0e235cf1-947f-4ee9-97c2-2c3eeb30429f,1635697402804,13.3902868,52.4726475,5.969618,-0.52579796,-0.10651469,-1.088614,on bike mount,cyclo cross,True,concrete plates,good
aa460e9e-5072-4184-b5d4-d40d99b4c733,b0a08525-45c2-49e5-9a02-bcbd98135f8d,32599a38-726d-470b-9c12-badb371d8f90,1635697402870,13.3902868,52.4726475,5.969618,-0.88224417,-1.2668244,-0.29676628,on bike mount,cyclo cross,True,concrete plates,good
aa460e9e-5072-4184-b5d4-d40d99b4c733,b0a08525-45c2-49e5-9a02-bcbd98135f8d,d3d6d767-ecde-4a84-bcc2-98977c48de80,1635697402921,13.3902868,52.4726475,5.969618,-0.0048426315,-2.1092913,1.782608,on bike mount,cyclo cross,True,concrete plates,good
aa460e9e-5072-4184-b5d4-d40d99b4c733,b0a08525-45c2-49e5-9a02-bcbd98135f8d,80cf303c-92c8-4844-85a1-aa112b6fe228,1635697402972,13.3902868,52.4726475,5.969618,-0.15878491,-2.3852963,2.5796041,on bike mount,cyclo cross,True,concrete plates,good
aa460e9e-5072-4184-b5d4-d40d99b4c733,b0a08525-45c2-49e5-9a02-bcbd98135f8d,09dd3387-b76b-456c-b07b-e1270fd13c22,1635697403037,13.3902868,52.4726475,5.969618,-1.2941306,-1.7422513,-6.11455,on bike mount,cyclo cross,True,concrete plates,good
aa460e9e-5072-4184-b5d4-d40d99b4c733,b0a08525-45c2-49e5-9a02-bcbd98135f8d,0a789941-c363-47dd-8ac3-9d4a08c23f8b,1635697403088,13.3902868,52.4726475,5.969618,0.6010651,-2.4045522,-0.95243263,on bike mount,cyclo cross,True,concrete plates,good
aa460e9e-5072-4184-b5d4-d40d99b4c733,b0a08525-45c2-49e5-9a02-bcbd98135f8d,2ca81040-6e08-43e3-98d8-23e55de15ac2,1635697403137,13.3902868,52.4726475,5.969618,0.6301136,0.41904902,-0.36841393,on bike mount,cyclo cross,True,concrete plates,good
aa460e9e-5072-4184-b5d4-d40d99b4c733,b0a08525-45c2-49e5-9a02-bcbd98135f8d,004ea78a-22a9-4f5a-9508-95f8721f6f36,1635697403187,13.3902868,52.4726475,5.969618,-1.3909111,0.7687843,-5.154037,on bike mount,cyclo cross,True,concrete plates,good
aa460e9e-5072-4184-b5d4-d40d99b4c733,b0a08525-45c2-49e5-9a02-bcbd98135f8d,ae31b186-7a8e-452f-8381-43693da0efdc,1635697403239,13.3902868,52.4726475,5.969618,-0.17712748,-3.1380005,7.311857,on bike mount,cyclo cross,True,concrete plates,good
aa460e9e-5072-4184-b5d4-d40d99b4c733,b0a08525-45c2-49e5-9a02-bcbd98135f8d,b0212c1e-5ad1-4dd0-8fff-31c9bc5bccd4,1635697403305,13.3902868,52.4726475,5.969618,0.00069386885,-0.3517505,0.506258,on bike mount,cyclo cross,True,concrete plates,good
aa460e9e-5072-4184-b5d4-d40d99b4c733,b0a08525-45c2-49e5-9a02-bcbd98135f8d,385fe1af-db71-4fe4-86ee-20baa0898e5e,1635697403355,13.3902868,52.4726475,5.969618,0.21301228,-0.62123275,1.1261606,on bike mount,cyclo cross,True,concrete plates,good
aa460e9e-5072-4184-b5d4-d40d99b4c733,b0a08525-45c2-49e5-9a02-bcbd98135f8d,f7c4d3ed-cc43-4164-9874-550c5d124ff6,1635697403406,13.3902868,52.4726475,5.969618,1.7068604,3.192655,1.2639027,on bike mount,cyclo cross,True,concrete plates,good
