bike_activity_uid,bike_activity_sample_uid,bike_activity_measurement,bike_activity_measurement_timestamp,bike_activity_measurement_lon,bike_activity_measurement_lat,bike_activity_measurement_speed,bike_activity_measurement_accelerometer_x,bike_activity_measurement_accelerometer_y,bike_activity_measurement_accelerometer_z,bike_activity_phone_position,bike_activity_bike_type,bike_activity_flagged_lab_conditions,bike_activity_surface_type,bike_activity_smoothness_type
b8aa6b37-45de-464c-8851-02dfbbf9ea4d,8d3f903b-1edd-4c1b-b9bb-649778a8ee38,6fba1ba6-e90a-4eff-9625-5dc41638fe83,1644232528518,13.3596107,52.5099909,4.149003,-0.063024506,1.1915112,-1.7201257,on bike mount,cyclo cross,True,fine gravel,good
b8aa6b37-45de-464c-8851-02dfbbf9ea4d,8d3f903b-1edd-4c1b-b9bb-649778a8ee38,b8db75c5-4336-4a0c-884c-223e8f24b39b,1644232528569,13.3595353,52.5099932,4.1379914,0.6887326,-2.945278,3.784893,on bike mount,cyclo cross,True,fine gravel,good
b8aa6b37-45de-464c-8851-02dfbbf9ea4d,8d3f903b-1edd-4c1b-b9bb-649778a8ee38,bfc56c14-c6d9-468d-9c1c-4463948c2dd1,1644232528649,13.3595353,52.5099932,4.1379914,-1.5116351,-1.9257922,1.405509,on bike mount,cyclo cross,True,fine gravel,good
b8aa6b37-45de-464c-8851-02dfbbf9ea4d,8d3f903b-1edd-4c1b-b9bb-649778a8ee38,59f197f3-42c4-4807-b59d-049c30436064,1644232528699,13.3595353,52.5099932,4.1379914,-2.1301756,1.6522315,0.220685,on bike mount,cyclo cross,True,fine gravel,good
b8aa6b37-45de-464c-8851-02dfbbf9ea4d,8d3f903b-1edd-4c1b-b9bb-649778a8ee38,f9445faa-fcfb-4326-995d-a506307058d8,1644232528760,13.3595353,52.5099932,4.1379914,-0.87211967,-0.5039203,-2.1350613,on bike mount,cyclo cross,True,fine gravel,good
b8aa6b37-45de-464c-8851-02dfbbf9ea4d,8d3f903b-1edd-4c1b-b9bb-649778a8ee38,6a8f9953-8972-4a92-9b05-46dfefb999f5,1644232528810,13.3595353,52.5099932,4.1379914,-1.9580318,-0.9043114,2.2990685,on bike mount,cyclo cross,True,fine gravel,good
b8aa6b37-45de-464c-8851-02dfbbf9ea4d,8d3f903b-1edd-4c1b-b9bb-649778a8ee38,7d13d187-cf91-425e-b9e7-722b856f8272,1644232528864,13.3595353,52.5099932,4.1379914,-2.0968194,-1.0281694,2.2449589,on bike mount,cyclo cross,True,fine gravel,good
b8aa6b37-45de-464c-8851-02dfbbf9ea4d,8d3f903b-1edd-4c1b-b9bb-649778a8ee38,d7f79551-cb1b-4e5a-9525-71620f867301,1644232528914,13.3595353,52.5099932,4.1379914,-0.5181707,-2.3605747,5.0015726,on bike mount,cyclo cross,True,fine gravel,good
b8aa6b37-45de-464c-8851-02dfbbf9ea4d,8d3f903b-1edd-4c1b-b9bb-649778a8ee38,8b478edc-b058-44c8-a872-c5d1a48c6f93,1644232528981,13.3595353,52.5099932,4.1379914,0.23447788,-6.1046343,17.610146,on bike mount,cyclo cross,True,fine gravel,good
b8aa6b37-45de-464c-8851-02dfbbf9ea4d,8d3f903b-1edd-4c1b-b9bb-649778a8ee38,9dacf133-7e3c-4b4c-a622-ea24658af41f,1644232529030,13.3595353,52.5099932,4.1379914,3.3851626,-1.1501614,-1.8850627,on bike mount,cyclo cross,True,fine gravel,good
b8aa6b37-45de-464c-8851-02dfbbf9ea4d,8d3f903b-1edd-4c1b-b9bb-649778a8ee38,c55eb50f-191b-41c4-93e6-e26df423db6b,1644232529085,13.3595353,52.5099932,4.1379914,0.6743026,0.40886664,-0.62052727,on bike mount,cyclo cross,True,fine gravel,good
b8aa6b37-45de-464c-8851-02dfbbf9ea4d,8d3f903b-1edd-4c1b-b9bb-649778a8ee38,c3a7498b-01b4-41a5-a894-a6d9b7253a31,1644232529136,13.3595353,52.5099932,4.1379914,1.6514497,2.23719,0.6798897,on bike mount,cyclo cross,True,fine gravel,good
b8aa6b37-45de-464c-8851-02dfbbf9ea4d,8d3f903b-1edd-4c1b-b9bb-649778a8ee38,574f2f0b-b50d-4fe9-9ef7-38073d32ae27,1644232529202,13.3595353,52.5099932,4.1379914,0.08497894,-0.37834215,1.6617851,on bike mount,cyclo cross,True,fine gravel,good
b8aa6b37-45de-464c-8851-02dfbbf9ea4d,8d3f903b-1edd-4c1b-b9bb-649778a8ee38,e6c9703e-9bae-4e99-b45a-52671589a7f8,1644232529252,13.3595353,52.5099932,4.1379914,-0.8772787,-0.7218232,0.72017574,on bike mount,cyclo cross,True,fine gravel,good
b8aa6b37-45de-464c-8851-02dfbbf9ea4d,8d3f903b-1edd-4c1b-b9bb-649778a8ee38,f61103f0-cc32-4a5d-979e-396ead286d2e,1644232529312,13.3595353,52.5099932,4.1379914,-1.0138975,-2.062753,0.29188633,on bike mount,cyclo cross,True,fine gravel,good
b8aa6b37-45de-464c-8851-02dfbbf9ea4d,8d3f903b-1edd-4c1b-b9bb-649778a8ee38,6fafb14e-fbbc-4893-ae3e-07b0a78ea216,1644232529361,13.3595353,52.5099932,4.1379914,-2.0548947,-0.5745666,5.557143,on bike mount,cyclo cross,True,fine gravel,good
b8aa6b37-45de-464c-8851-02dfbbf9ea4d,8d3f903b-1edd-4c1b-b9bb-649778a8ee38,9ea911dc-b718-4b35-8502-9fe3fa619f5d,1644232529411,13.3595353,52.5099932,4.1379914,-0.82756567,-0.034230947,0.74930286,on bike mount,cyclo cross,True,fine gravel,good
b8aa6b37-45de-464c-8851-02dfbbf9ea4d,8d3f903b-1edd-4c1b-b9bb-649778a8ee38,315cc2b2-5609-432a-844d-875c712aef4b,1644232529461,13.3595353,52.5099932,4.1379914,-2.2982476,3.9279695,6.955593,on bike mount,cyclo cross,True,fine gravel,good
b8aa6b37-45de-464c-8851-02dfbbf9ea4d,8d3f903b-1edd-4c1b-b9bb-649778a8ee38,0a9210b5-0ed4-4159-81bb-6bc446156896,1644232529524,13.3595353,52.5099932,4.1379914,-1.2645273,3.9544535,2.73145,on bike mount,cyclo cross,True,fine gravel,good
b8aa6b37-45de-464c-8851-02dfbbf9ea4d,8d3f903b-1edd-4c1b-b9bb-649778a8ee38,bf48cc62-b23a-4c4c-bf4b-81063358ad1b,1644232529574,13.3594513,52.5099972,4.371055,0.37887114,0.45642352,6.3361464,on bike mount,cyclo cross,True,fine gravel,good
b8aa6b37-45de-464c-8851-02dfbbf9ea4d,8d3f903b-1edd-4c1b-b9bb-649778a8ee38,a3695d77-d14b-4e30-b7b8-830cabc394bd,1644232529640,13.3594513,52.5099972,4.371055,0.61123884,-2.0241332,3.0656586,on bike mount,cyclo cross,True,fine gravel,good
b8aa6b37-45de-464c-8851-02dfbbf9ea4d,8d3f903b-1edd-4c1b-b9bb-649778a8ee38,74cc78e6-5ae3-4326-b52f-00382ab80442,1644232529689,13.3594513,52.5099972,4.371055,0.56096715,-1.3317537,0.20030308,on bike mount,cyclo cross,True,fine gravel,good
b8aa6b37-45de-464c-8851-02dfbbf9ea4d,8d3f903b-1edd-4c1b-b9bb-649778a8ee38,290c1715-6d77-4691-a90e-b8e5f1c7585b,1644232529769,13.3594513,52.5099972,4.371055,-0.13372259,-0.94699776,0.2724867,on bike mount,cyclo cross,True,fine gravel,good
b8aa6b37-45de-464c-8851-02dfbbf9ea4d,8d3f903b-1edd-4c1b-b9bb-649778a8ee38,0c7e7914-5cbb-455f-9e24-fb1198b0983b,1644232529819,13.3594513,52.5099972,4.371055,-1.2060108,0.42826843,-0.9906063,on bike mount,cyclo cross,True,fine gravel,good
b8aa6b37-45de-464c-8851-02dfbbf9ea4d,8d3f903b-1edd-4c1b-b9bb-649778a8ee38,9e0dc028-51e6-473f-97ff-a0e4f9b2ae90,1644232529886,13.3594513,52.5099972,4.371055,-0.4080369,-0.07827258,0.5197077,on bike mount,cyclo cross,True,fine gravel,good
b8aa6b37-45de-464c-8851-02dfbbf9ea4d,8d3f903b-1edd-4c1b-b9bb-649778a8ee38,004f6d16-6541-42c3-a0ad-d405a40763c7,1644232529936,13.3594513,52.5099972,4.371055,-0.009254307,4.8684716,-1.469552,on bike mount,cyclo cross,True,fine gravel,good
b8aa6b37-45de-464c-8851-02dfbbf9ea4d,8d3f903b-1edd-4c1b-b9bb-649778a8ee38,7d584441-bf1c-4e54-ae3a-51c7e28b6d03,1644232529987,13.3594513,52.5099972,4.371055,-0.20585749,-2.374792,0.46346188,on bike mount,cyclo cross,True,fine gravel,good
b8aa6b37-45de-464c-8851-02dfbbf9ea4d,8d3f903b-1edd-4c1b-b9bb-649778a8ee38,8ae9093b-7013-4e4d-8478-1815e3cad5f8,1644232530037,13.3594513,52.5099972,4.371055,-0.65048176,0.29557657,-1.344389,on bike mount,cyclo cross,True,fine gravel,good
b8aa6b37-45de-464c-8851-02dfbbf9ea4d,8d3f903b-1edd-4c1b-b9bb-649778a8ee38,7730f2d2-2bab-4aea-b937-d0e5b3635772,1644232530090,13.3594513,52.5099972,4.371055,-1.2182009,3.2015767,1.402823,on bike mount,cyclo cross,True,fine gravel,good
b8aa6b37-45de-464c-8851-02dfbbf9ea4d,8d3f903b-1edd-4c1b-b9bb-649778a8ee38,baa2ff0d-8d31-43f3-9fe3-2ca198646c33,1644232530140,13.3594513,52.5099972,4.371055,-0.95620966,-0.2450993,-4.6644444,on bike mount,cyclo cross,True,fine gravel,good
b8aa6b37-45de-464c-8851-02dfbbf9ea4d,8d3f903b-1edd-4c1b-b9bb-649778a8ee38,983adf4c-cbaf-48c3-b4ff-633f3dd9cb19,1644232530190,13.3594513,52.5099972,4.371055,0.09887257,-0.9053118,-2.8649998,on bike mount,cyclo cross,True,fine gravel,good
b8aa6b37-45de-464c-8851-02dfbbf9ea4d,8d3f903b-1edd-4c1b-b9bb-649778a8ee38,d5e280de-ed59-4dc6-9764-e1f8300ab431,1644232530240,13.3594513,52.5099972,4.371055,0.19160575,1.5484822,2.350976,on bike mount,cyclo cross,True,fine gravel,good
b8aa6b37-45de-464c-8851-02dfbbf9ea4d,8d3f903b-1edd-4c1b-b9bb-649778a8ee38,0235f870-570c-4167-84ef-1fca3e6d1971,1644232530290,13.3594513,52.5099972,4.371055,-0.44866562,-0.38239384,-0.5807705,on bike mount,cyclo cross,True,fine gravel,good
b8aa6b37-45de-464c-8851-02dfbbf9ea4d,8d3f903b-1edd-4c1b-b9bb-649778a8ee38,54bc9122-fb84-4a98-b488-b05b57dd586e,1644232530340,13.3594513,52.5099972,4.371055,-0.6086427,2.7838888,3.1207123,on bike mount,cyclo cross,True,fine gravel,good
b8aa6b37-45de-464c-8851-02dfbbf9ea4d,8d3f903b-1edd-4c1b-b9bb-649778a8ee38,988247be-656d-4d00-ba9e-44fd25294bbd,1644232530390,13.3594513,52.5099972,4.371055,-1.7113733,2.6756558,3.4476995,on bike mount,cyclo cross,True,fine gravel,good
b8aa6b37-45de-464c-8851-02dfbbf9ea4d,8d3f903b-1edd-4c1b-b9bb-649778a8ee38,1aa2d757-c8de-4436-86e3-34232f549b61,1644232530440,13.3594513,52.5099972,4.371055,0.7010187,-3.3318448,-4.670768,on bike mount,cyclo cross,True,fine gravel,good
b8aa6b37-45de-464c-8851-02dfbbf9ea4d,8d3f903b-1edd-4c1b-b9bb-649778a8ee38,f829dc80-dec6-466f-a05b-c40d324b5102,1644232530490,13.3594513,52.5099972,4.371055,0.45531124,-0.4198438,-1.4791117,on bike mount,cyclo cross,True,fine gravel,good
b8aa6b37-45de-464c-8851-02dfbbf9ea4d,8d3f903b-1edd-4c1b-b9bb-649778a8ee38,a295c07a-a8c5-4dfd-8196-fff52ec12898,1644232530540,13.3594513,52.5099972,4.371055,0.4158501,3.86235,-1.3014154,on bike mount,cyclo cross,True,fine gravel,good
b8aa6b37-45de-464c-8851-02dfbbf9ea4d,8d3f903b-1edd-4c1b-b9bb-649778a8ee38,ad04c8dd-85b3-4c9a-b0ec-581c35aca8ea,1644232530610,13.3593666,52.5100051,4.6222086,-0.16317397,-0.96890354,1.1779623,on bike mount,cyclo cross,True,fine gravel,good
b8aa6b37-45de-464c-8851-02dfbbf9ea4d,8d3f903b-1edd-4c1b-b9bb-649778a8ee38,a7be2fab-f9e9-4c22-929a-1dccb66c181c,1644232530661,13.3593666,52.5100051,4.6222086,-0.08639751,1.6001611,-1.1044111,on bike mount,cyclo cross,True,fine gravel,good
b8aa6b37-45de-464c-8851-02dfbbf9ea4d,8d3f903b-1edd-4c1b-b9bb-649778a8ee38,ac03650b-58ae-4270-b72d-e51877ca6b78,1644232530732,13.3593666,52.5100051,4.6222086,2.260075,-2.4595683,-0.04598427,on bike mount,cyclo cross,True,fine gravel,good
b8aa6b37-45de-464c-8851-02dfbbf9ea4d,8d3f903b-1edd-4c1b-b9bb-649778a8ee38,c45ca2c5-2caf-4677-9f96-f7d98338d44a,1644232530782,13.3593666,52.5100051,4.6222086,-1.0317127,-1.5796186,2.9209423,on bike mount,cyclo cross,True,fine gravel,good
b8aa6b37-45de-464c-8851-02dfbbf9ea4d,8d3f903b-1edd-4c1b-b9bb-649778a8ee38,62883049-7f14-4aea-9f1a-f1c62367f996,1644232530847,13.3593666,52.5100051,4.6222086,-0.61750096,-1.5037636,6.5773983,on bike mount,cyclo cross,True,fine gravel,good
b8aa6b37-45de-464c-8851-02dfbbf9ea4d,8d3f903b-1edd-4c1b-b9bb-649778a8ee38,464f4615-d926-480d-83cc-8d5d0ec2aecb,1644232530897,13.3593666,52.5100051,4.6222086,1.0310336,-4.1702003,0.08481407,on bike mount,cyclo cross,True,fine gravel,good
b8aa6b37-45de-464c-8851-02dfbbf9ea4d,8d3f903b-1edd-4c1b-b9bb-649778a8ee38,c3f7dcd6-979f-469b-9726-763c8ca90345,1644232530947,13.3593666,52.5100051,4.6222086,1.6092154,-2.8366697,-1.1324601,on bike mount,cyclo cross,True,fine gravel,good
b8aa6b37-45de-464c-8851-02dfbbf9ea4d,8d3f903b-1edd-4c1b-b9bb-649778a8ee38,3f0b5bde-f8c4-4f06-8794-a08cc6049afd,1644232530996,13.3593666,52.5100051,4.6222086,-0.76866734,0.42231774,3.9784527,on bike mount,cyclo cross,True,fine gravel,good
b8aa6b37-45de-464c-8851-02dfbbf9ea4d,8d3f903b-1edd-4c1b-b9bb-649778a8ee38,ba9af23a-2732-4018-806f-58110f8c8faf,1644232531046,13.3593666,52.5100051,4.6222086,-0.9874103,-2.7572064,2.667324,on bike mount,cyclo cross,True,fine gravel,good
b8aa6b37-45de-464c-8851-02dfbbf9ea4d,8d3f903b-1edd-4c1b-b9bb-649778a8ee38,54ed8c06-17b2-45fd-861e-ebbcc5336897,1644232531096,13.3593666,52.5100051,4.6222086,-0.2680085,0.5712781,0.57906437,on bike mount,cyclo cross,True,fine gravel,good
b8aa6b37-45de-464c-8851-02dfbbf9ea4d,8d3f903b-1edd-4c1b-b9bb-649778a8ee38,144730dc-901b-4d4b-ab00-c7eabd3d00d1,1644232531146,13.3593666,52.5100051,4.6222086,-0.61768407,-2.3997478,-3.6873584,on bike mount,cyclo cross,True,fine gravel,good
b8aa6b37-45de-464c-8851-02dfbbf9ea4d,8d3f903b-1edd-4c1b-b9bb-649778a8ee38,72239799-7375-4a88-beb7-a701f677d21e,1644232531196,13.3593666,52.5100051,4.6222086,0.033811856,-0.46534562,-3.120987,on bike mount,cyclo cross,True,fine gravel,good
b8aa6b37-45de-464c-8851-02dfbbf9ea4d,8d3f903b-1edd-4c1b-b9bb-649778a8ee38,daa95f5b-eda9-4652-bf34-f4a1b038a9ee,1644232531248,13.3593666,52.5100051,4.6222086,-6.203887,3.7706604,-8.287125,on bike mount,cyclo cross,True,fine gravel,good
b8aa6b37-45de-464c-8851-02dfbbf9ea4d,8d3f903b-1edd-4c1b-b9bb-649778a8ee38,7257ce9c-0971-470c-99e2-69623a80fb55,1644232531298,13.3593666,52.5100051,4.6222086,1.8980663,-6.839897,1.1196556,on bike mount,cyclo cross,True,fine gravel,good
b8aa6b37-45de-464c-8851-02dfbbf9ea4d,8d3f903b-1edd-4c1b-b9bb-649778a8ee38,ad27078d-cf16-4674-a0fa-9a9c6ba715fc,1644232531352,13.3593666,52.5100051,4.6222086,-1.9300629,2.1126466,1.4660053,on bike mount,cyclo cross,True,fine gravel,good
b8aa6b37-45de-464c-8851-02dfbbf9ea4d,8d3f903b-1edd-4c1b-b9bb-649778a8ee38,aab79897-8ee6-4220-86b6-915b075b252c,1644232531402,13.3593666,52.5100051,4.6222086,-2.276972,0.17421556,1.4290304,on bike mount,cyclo cross,True,fine gravel,good
b8aa6b37-45de-464c-8851-02dfbbf9ea4d,8d3f903b-1edd-4c1b-b9bb-649778a8ee38,9626c245-5782-4795-a2de-c770e4eb103a,1644232531483,13.3593666,52.5100051,4.6222086,0.7372135,3.115244,0.018826485,on bike mount,cyclo cross,True,fine gravel,good
b8aa6b37-45de-464c-8851-02dfbbf9ea4d,8d3f903b-1edd-4c1b-b9bb-649778a8ee38,9daf2603-f961-49ff-8aeb-c3ab9c188a2c,1644232531532,13.3593666,52.5100051,4.6222086,0.5370402,-2.7089405,3.1448326,on bike mount,cyclo cross,True,fine gravel,good
b8aa6b37-45de-464c-8851-02dfbbf9ea4d,8d3f903b-1edd-4c1b-b9bb-649778a8ee38,623be2a1-df7c-4fb9-b2d3-c75da6942e1f,1644232531582,13.3592839,52.5100127,4.4513335,0.019937009,1.5757437,0.84467983,on bike mount,cyclo cross,True,fine gravel,good
b8aa6b37-45de-464c-8851-02dfbbf9ea4d,8d3f903b-1edd-4c1b-b9bb-649778a8ee38,b6f4ab35-a82d-42a9-ad3a-e3bdd3a95628,1644232531632,13.3592839,52.5100127,4.4513335,-0.20192733,-0.17880464,0.40635395,on bike mount,cyclo cross,True,fine gravel,good
b8aa6b37-45de-464c-8851-02dfbbf9ea4d,8d3f903b-1edd-4c1b-b9bb-649778a8ee38,eb1e10d1-0daf-4cdf-bac8-3dee274ec4a6,1644232531682,13.3592839,52.5100127,4.4513335,0.34133112,0.28368068,1.9805126,on bike mount,cyclo cross,True,fine gravel,good
b8aa6b37-45de-464c-8851-02dfbbf9ea4d,8d3f903b-1edd-4c1b-b9bb-649778a8ee38,d5e89d45-3947-4c8a-8960-22b6d3a77a84,1644232531732,13.3592839,52.5100127,4.4513335,1.7254643,2.0577383,-2.2278094,on bike mount,cyclo cross,True,fine gravel,good
b8aa6b37-45de-464c-8851-02dfbbf9ea4d,8d3f903b-1edd-4c1b-b9bb-649778a8ee38,b18a8d17-ffb1-4be6-aa80-7313460cce42,1644232531782,13.3592839,52.5100127,4.4513335,-0.3588465,-2.4495575,5.442791,on bike mount,cyclo cross,True,fine gravel,good
b8aa6b37-45de-464c-8851-02dfbbf9ea4d,8d3f903b-1edd-4c1b-b9bb-649778a8ee38,d9c58df2-b1ec-44cc-b4b8-9cce8c64fe1d,1644232531830,13.3592839,52.5100127,4.4513335,-0.48123202,-1.4150267,-4.559588,on bike mount,cyclo cross,True,fine gravel,good
b8aa6b37-45de-464c-8851-02dfbbf9ea4d,8d3f903b-1edd-4c1b-b9bb-649778a8ee38,3e7aa915-f192-4a44-8078-5f22bd347598,1644232531881,13.3592839,52.5100127,4.4513335,0.32332554,-3.8704946,6.9234753,on bike mount,cyclo cross,True,fine gravel,good
b8aa6b37-45de-464c-8851-02dfbbf9ea4d,8d3f903b-1edd-4c1b-b9bb-649778a8ee38,31f4272d-925c-42f8-8550-cb8cc20ca526,1644232531931,13.3592839,52.5100127,4.4513335,-0.90636146,0.14660072,-1.9952707,on bike mount,cyclo cross,True,fine gravel,good
b8aa6b37-45de-464c-8851-02dfbbf9ea4d,8d3f903b-1edd-4c1b-b9bb-649778a8ee38,873027be-bb8a-46b7-855f-184024a57402,1644232531992,13.3592839,52.5100127,4.4513335,0.45755494,1.3546219,-0.17968178,on bike mount,cyclo cross,True,fine gravel,good
b8aa6b37-45de-464c-8851-02dfbbf9ea4d,8d3f903b-1edd-4c1b-b9bb-649778a8ee38,e2e7d4c1-a006-4b69-aa26-e37cb30d3a84,1644232532043,13.3592839,52.5100127,4.4513335,-0.8605681,0.838387,-0.43875217,on bike mount,cyclo cross,True,fine gravel,good
b8aa6b37-45de-464c-8851-02dfbbf9ea4d,8d3f903b-1edd-4c1b-b9bb-649778a8ee38,538b729a-abf5-407c-9e54-863b6dc2ce86,1644232532114,13.3592839,52.5100127,4.4513335,0.12131383,1.067421,0.18798351,on bike mount,cyclo cross,True,fine gravel,good
b8aa6b37-45de-464c-8851-02dfbbf9ea4d,8d3f903b-1edd-4c1b-b9bb-649778a8ee38,89e3ad1b-59a1-4567-9e24-737c560813ef,1644232532165,13.3592839,52.5100127,4.4513335,-1.2841241,-0.5287976,-2.2015042,on bike mount,cyclo cross,True,fine gravel,good
b8aa6b37-45de-464c-8851-02dfbbf9ea4d,8d3f903b-1edd-4c1b-b9bb-649778a8ee38,f683573f-1861-40cf-afd4-4e0b4ebadc59,1644232532214,13.3592839,52.5100127,4.4513335,0.5085443,-1.0223463,0.23684216,on bike mount,cyclo cross,True,fine gravel,good
b8aa6b37-45de-464c-8851-02dfbbf9ea4d,8d3f903b-1edd-4c1b-b9bb-649778a8ee38,549f0ea4-3bac-439e-ba91-87916e9de901,1644232532264,13.3592839,52.5100127,4.4513335,-0.09031369,0.17593026,1.1617327,on bike mount,cyclo cross,True,fine gravel,good
b8aa6b37-45de-464c-8851-02dfbbf9ea4d,8d3f903b-1edd-4c1b-b9bb-649778a8ee38,629f9cac-2d4c-4462-a0ec-b26b5c0f52ee,1644232532314,13.3592839,52.5100127,4.4513335,0.16678748,-0.20791626,0.9724417,on bike mount,cyclo cross,True,fine gravel,good
b8aa6b37-45de-464c-8851-02dfbbf9ea4d,8d3f903b-1edd-4c1b-b9bb-649778a8ee38,35eb697a-61fd-4e77-abb7-0991fe57840b,1644232532364,13.3592839,52.5100127,4.4513335,0.7929734,-1.4703825,-1.4966364,on bike mount,cyclo cross,True,fine gravel,good
b8aa6b37-45de-464c-8851-02dfbbf9ea4d,8d3f903b-1edd-4c1b-b9bb-649778a8ee38,7d80cd57-551f-45bc-b4dc-b6772b55c709,1644232532436,13.3592839,52.5100127,4.4513335,2.5352974,4.4942427,-1.8628297,on bike mount,cyclo cross,True,fine gravel,good
b8aa6b37-45de-464c-8851-02dfbbf9ea4d,8d3f903b-1edd-4c1b-b9bb-649778a8ee38,66d27d07-25ed-4987-89a8-9b5eba8a6bcb,1644232532487,13.3592839,52.5100127,4.4513335,-0.5839015,-1.7855862,-3.6729999,on bike mount,cyclo cross,True,fine gravel,good
b8aa6b37-45de-464c-8851-02dfbbf9ea4d,8d3f903b-1edd-4c1b-b9bb-649778a8ee38,a46a4ed1-5170-4c40-9287-5d2099abdf69,1644232532537,13.3592839,52.5100127,4.4513335,0.332232,-1.3382114,5.8224907,on bike mount,cyclo cross,True,fine gravel,good
b8aa6b37-45de-464c-8851-02dfbbf9ea4d,8d3f903b-1edd-4c1b-b9bb-649778a8ee38,d7c1d15d-47c1-4b6e-8f7f-9e80a5aaf02c,1644232532586,13.3592043,52.5100198,4.413174,1.7409643,-0.26402855,-2.4376917,on bike mount,cyclo cross,True,fine gravel,good
b8aa6b37-45de-464c-8851-02dfbbf9ea4d,8d3f903b-1edd-4c1b-b9bb-649778a8ee38,1aee350b-302b-46b5-bf21-f732e4bdb8d1,1644232532671,13.3592043,52.5100198,4.413174,-0.27423072,3.91816,-4.5219517,on bike mount,cyclo cross,True,fine gravel,good
b8aa6b37-45de-464c-8851-02dfbbf9ea4d,8d3f903b-1edd-4c1b-b9bb-649778a8ee38,900c49b5-3b7c-47f0-8226-5bcecb39e790,1644232532721,13.3592043,52.5100198,4.413174,-0.01109159,1.4480038,-2.062954,on bike mount,cyclo cross,True,fine gravel,good
b8aa6b37-45de-464c-8851-02dfbbf9ea4d,8d3f903b-1edd-4c1b-b9bb-649778a8ee38,05f8908e-9132-4a32-9dc9-990bc311de49,1644232532771,13.3592043,52.5100198,4.413174,-0.316431,1.0910435,-1.9212298,on bike mount,cyclo cross,True,fine gravel,good
b8aa6b37-45de-464c-8851-02dfbbf9ea4d,8d3f903b-1edd-4c1b-b9bb-649778a8ee38,bfa20d71-6410-463d-a98d-2e2d1fe65b9e,1644232532820,13.3592043,52.5100198,4.413174,0.47111583,0.9213722,0.030488014,on bike mount,cyclo cross,True,fine gravel,good
b8aa6b37-45de-464c-8851-02dfbbf9ea4d,8d3f903b-1edd-4c1b-b9bb-649778a8ee38,bd5a0e1a-dbae-42ab-bdd0-c7ea37cb31ca,1644232532870,13.3592043,52.5100198,4.413174,0.07246187,-1.323026,-0.5194149,on bike mount,cyclo cross,True,fine gravel,good
b8aa6b37-45de-464c-8851-02dfbbf9ea4d,8d3f903b-1edd-4c1b-b9bb-649778a8ee38,75016e80-15ec-4de6-857a-05abff20a2bb,1644232532920,13.3592043,52.5100198,4.413174,0.3410609,-0.03116846,1.5799885,on bike mount,cyclo cross,True,fine gravel,good
b8aa6b37-45de-464c-8851-02dfbbf9ea4d,8d3f903b-1edd-4c1b-b9bb-649778a8ee38,e8c13151-9759-42e8-9143-95d29934a490,1644232532971,13.3592043,52.5100198,4.413174,-1.323465,1.4862466,1.2058182,on bike mount,cyclo cross,True,fine gravel,good
b8aa6b37-45de-464c-8851-02dfbbf9ea4d,8d3f903b-1edd-4c1b-b9bb-649778a8ee38,f7a5c0a6-0eb1-4016-8976-9a6950d33f0e,1644232533021,13.3592043,52.5100198,4.413174,-1.2824068,-2.4585807,5.8982115,on bike mount,cyclo cross,True,fine gravel,good
b8aa6b37-45de-464c-8851-02dfbbf9ea4d,8d3f903b-1edd-4c1b-b9bb-649778a8ee38,5c848f36-f992-4750-9a02-1e2a968476fe,1644232533087,13.3592043,52.5100198,4.413174,-1.5386283,-0.44930458,-2.381682,on bike mount,cyclo cross,True,fine gravel,good
b8aa6b37-45de-464c-8851-02dfbbf9ea4d,8d3f903b-1edd-4c1b-b9bb-649778a8ee38,0656c97b-799a-413e-bc57-f7e9789deb53,1644232533137,13.3592043,52.5100198,4.413174,-0.60750365,0.6072538,2.8935366,on bike mount,cyclo cross,True,fine gravel,good
b8aa6b37-45de-464c-8851-02dfbbf9ea4d,8d3f903b-1edd-4c1b-b9bb-649778a8ee38,924d7702-f190-4222-a463-953245c2a379,1644232533187,13.3592043,52.5100198,4.413174,0.31013703,0.9721103,-0.38432693,on bike mount,cyclo cross,True,fine gravel,good
b8aa6b37-45de-464c-8851-02dfbbf9ea4d,8d3f903b-1edd-4c1b-b9bb-649778a8ee38,0139bd0d-671d-4228-8fcd-0e23ca6d1363,1644232533236,13.3592043,52.5100198,4.413174,0.027019195,-1.1745045,-3.1664367,on bike mount,cyclo cross,True,fine gravel,good
b8aa6b37-45de-464c-8851-02dfbbf9ea4d,8d3f903b-1edd-4c1b-b9bb-649778a8ee38,e384f492-06da-4f82-84a3-109294306230,1644232533290,13.3592043,52.5100198,4.413174,0.79952157,0.7713411,-2.3866763,on bike mount,cyclo cross,True,fine gravel,good
b8aa6b37-45de-464c-8851-02dfbbf9ea4d,8d3f903b-1edd-4c1b-b9bb-649778a8ee38,aa66d4b6-eb8e-47ef-9eb2-5eb4e7a66275,1644232533340,13.3592043,52.5100198,4.413174,0.14499974,0.058421135,8.174631,on bike mount,cyclo cross,True,fine gravel,good
b8aa6b37-45de-464c-8851-02dfbbf9ea4d,8d3f903b-1edd-4c1b-b9bb-649778a8ee38,6123fa24-6330-4aae-ae5a-caa2462ba57c,1644232533402,13.3592043,52.5100198,4.413174,-1.6258864,-1.2070775,3.0457687,on bike mount,cyclo cross,True,fine gravel,good
b8aa6b37-45de-464c-8851-02dfbbf9ea4d,8d3f903b-1edd-4c1b-b9bb-649778a8ee38,0cb72e66-0ec0-44f8-8661-3d8753d08135,1644232533452,13.3592043,52.5100198,4.413174,1.1964281,-0.94118714,0.072086334,on bike mount,cyclo cross,True,fine gravel,good
b8aa6b37-45de-464c-8851-02dfbbf9ea4d,8d3f903b-1edd-4c1b-b9bb-649778a8ee38,00a461a7-44a7-48c2-bea7-83cba0a5f57b,1644232533505,13.3592043,52.5100198,4.413174,-2.539118,1.114157,4.767149,on bike mount,cyclo cross,True,fine gravel,good
b8aa6b37-45de-464c-8851-02dfbbf9ea4d,8d3f903b-1edd-4c1b-b9bb-649778a8ee38,d14bb3c2-616d-40d3-a566-6b683d5b4743,1644232533555,13.3591227,52.5100251,4.3244977,-0.25245562,-0.8483696,0.9241867,on bike mount,cyclo cross,True,fine gravel,good
b8aa6b37-45de-464c-8851-02dfbbf9ea4d,8d3f903b-1edd-4c1b-b9bb-649778a8ee38,ff634f25-1dc5-4dc6-850d-dc110d99c34a,1644232533627,13.3591227,52.5100251,4.3244977,-1.6376879,0.35704207,1.4905748,on bike mount,cyclo cross,True,fine gravel,good
b8aa6b37-45de-464c-8851-02dfbbf9ea4d,8d3f903b-1edd-4c1b-b9bb-649778a8ee38,a65eeaf7-68e0-48dd-8e71-434d88df7b68,1644232533676,13.3591227,52.5100251,4.3244977,-0.66000926,-0.694011,0.40002346,on bike mount,cyclo cross,True,fine gravel,good
b8aa6b37-45de-464c-8851-02dfbbf9ea4d,8d3f903b-1edd-4c1b-b9bb-649778a8ee38,0dbc4fe5-3cbb-4350-a485-3536f168fb53,1644232533736,13.3591227,52.5100251,4.3244977,-0.09702107,-0.74045515,0.11654472,on bike mount,cyclo cross,True,fine gravel,good
b8aa6b37-45de-464c-8851-02dfbbf9ea4d,8d3f903b-1edd-4c1b-b9bb-649778a8ee38,7fec47dd-2c65-406d-8bf3-05d25aae87c7,1644232533785,13.3591227,52.5100251,4.3244977,-0.13764858,0.5784979,-0.14201832,on bike mount,cyclo cross,True,fine gravel,good
b8aa6b37-45de-464c-8851-02dfbbf9ea4d,8d3f903b-1edd-4c1b-b9bb-649778a8ee38,f72e1626-43db-446c-b15f-82f571f37f72,1644232533846,13.3591227,52.5100251,4.3244977,-0.12966643,0.571784,0.06751156,on bike mount,cyclo cross,True,fine gravel,good
b8aa6b37-45de-464c-8851-02dfbbf9ea4d,8d3f903b-1edd-4c1b-b9bb-649778a8ee38,fb37bcbc-203e-482a-8640-4986ae10b4ba,1644232533897,13.3591227,52.5100251,4.3244977,0.18984914,-1.7741339,4.1470623,on bike mount,cyclo cross,True,fine gravel,good
