bike_activity_uid,bike_activity_sample_uid,bike_activity_measurement,bike_activity_measurement_timestamp,bike_activity_measurement_lon,bike_activity_measurement_lat,bike_activity_measurement_speed,bike_activity_measurement_accelerometer_x,bike_activity_measurement_accelerometer_y,bike_activity_measurement_accelerometer_z,bike_activity_phone_position,bike_activity_bike_type,bike_activity_flagged_lab_conditions,bike_activity_surface_type,bike_activity_smoothness_type
b8aa6b37-45de-464c-8851-02dfbbf9ea4d,fa737d87-8f03-4718-9c69-38b0cb333aee,78a3429a-c812-4fbd-8818-3287446a28c7,1644232685495,13.3581224,52.5116106,4.084056,-0.23459595,2.581057,1.4980488,on bike mount,cyclo cross,True,fine gravel,good
b8aa6b37-45de-464c-8851-02dfbbf9ea4d,fa737d87-8f03-4718-9c69-38b0cb333aee,55be0356-ec5a-4275-8546-12964df1413a,1644232685546,13.3581224,52.5116106,4.084056,-1.9253778,0.2878151,0.22391605,on bike mount,cyclo cross,True,fine gravel,good
b8aa6b37-45de-464c-8851-02dfbbf9ea4d,fa737d87-8f03-4718-9c69-38b0cb333aee,377d8ac3-715a-49ec-8b8a-9e3db82a390f,1644232685600,13.3581224,52.5116106,4.084056,2.9827166,-0.7186974,8.185615,on bike mount,cyclo cross,True,fine gravel,good
b8aa6b37-45de-464c-8851-02dfbbf9ea4d,fa737d87-8f03-4718-9c69-38b0cb333aee,4f56a9c3-a155-4c53-a8b4-3ac7c7ec1376,1644232685649,13.3581224,52.5116106,4.084056,-0.12914813,-4.9678173,-4.604232,on bike mount,cyclo cross,True,fine gravel,good
b8aa6b37-45de-464c-8851-02dfbbf9ea4d,fa737d87-8f03-4718-9c69-38b0cb333aee,654661c6-a1dc-4365-909f-996e21ea64ec,1644232685699,13.3581224,52.5116106,4.084056,0.116272256,-2.5002906,-4.7151375,on bike mount,cyclo cross,True,fine gravel,good
b8aa6b37-45de-464c-8851-02dfbbf9ea4d,fa737d87-8f03-4718-9c69-38b0cb333aee,78960133-e3fd-4787-9e38-97e96e169e5f,1644232685764,13.3581224,52.5116106,4.084056,3.4136724,-2.7449098,10.815538,on bike mount,cyclo cross,True,fine gravel,good
b8aa6b37-45de-464c-8851-02dfbbf9ea4d,fa737d87-8f03-4718-9c69-38b0cb333aee,f67edbdf-20b2-4142-91e2-9a2669a58aa0,1644232685814,13.3581224,52.5116106,4.084056,5.222949,-1.4321704,-2.2840075,on bike mount,cyclo cross,True,fine gravel,good
b8aa6b37-45de-464c-8851-02dfbbf9ea4d,fa737d87-8f03-4718-9c69-38b0cb333aee,f2e6366c-50bc-40f0-9175-a121b229f158,1644232685864,13.3581224,52.5116106,4.084056,0.7362565,1.6479578,0.8651657,on bike mount,cyclo cross,True,fine gravel,good
b8aa6b37-45de-464c-8851-02dfbbf9ea4d,fa737d87-8f03-4718-9c69-38b0cb333aee,84114076-d518-44e3-b1b0-77abf41c43a2,1644232685913,13.3581224,52.5116106,4.084056,0.26026058,-5.5499983,-5.5851183,on bike mount,cyclo cross,True,fine gravel,good
b8aa6b37-45de-464c-8851-02dfbbf9ea4d,fa737d87-8f03-4718-9c69-38b0cb333aee,f8e1b945-15c3-4aea-8086-5f3422757b00,1644232685964,13.3581224,52.5116106,4.084056,1.6287749,0.17259932,3.2984304,on bike mount,cyclo cross,True,fine gravel,good
b8aa6b37-45de-464c-8851-02dfbbf9ea4d,fa737d87-8f03-4718-9c69-38b0cb333aee,fa46bf84-c37b-48b7-9c81-dc2a3014553c,1644232686013,13.3581812,52.5116179,3.9909067,-0.835046,3.717002,-4.798882,on bike mount,cyclo cross,True,fine gravel,good
b8aa6b37-45de-464c-8851-02dfbbf9ea4d,fa737d87-8f03-4718-9c69-38b0cb333aee,a8f0f868-52c8-4daf-9f76-5fd7f7f58969,1644232686062,13.3581812,52.5116179,3.9909067,-2.9478922,-3.2811508,-2.5479312,on bike mount,cyclo cross,True,fine gravel,good
b8aa6b37-45de-464c-8851-02dfbbf9ea4d,fa737d87-8f03-4718-9c69-38b0cb333aee,e44c201f-5118-4dbe-9e72-93a8ed402349,1644232686115,13.3581812,52.5116179,3.9909067,0.04217273,-3.2269325,4.5977726,on bike mount,cyclo cross,True,fine gravel,good
b8aa6b37-45de-464c-8851-02dfbbf9ea4d,fa737d87-8f03-4718-9c69-38b0cb333aee,c456b757-d981-4bc5-8131-752b5fefeb46,1644232686165,13.3581812,52.5116179,3.9909067,1.4745249,6.879151,-3.9141035,on bike mount,cyclo cross,True,fine gravel,good
b8aa6b37-45de-464c-8851-02dfbbf9ea4d,fa737d87-8f03-4718-9c69-38b0cb333aee,79f31000-e9e7-4fc7-8c89-e81252e68f36,1644232686215,13.3581812,52.5116179,3.9909067,-1.7496105,1.1992466,2.690671,on bike mount,cyclo cross,True,fine gravel,good
b8aa6b37-45de-464c-8851-02dfbbf9ea4d,fa737d87-8f03-4718-9c69-38b0cb333aee,6246cbd3-dd2d-46c2-91a0-8484ae0950a2,1644232686282,13.3581812,52.5116179,3.9909067,1.1243649,-2.3438895,-2.5869136,on bike mount,cyclo cross,True,fine gravel,good
b8aa6b37-45de-464c-8851-02dfbbf9ea4d,fa737d87-8f03-4718-9c69-38b0cb333aee,39cc1306-d1e1-44c0-bc7e-e3d4f41291c9,1644232686332,13.3581812,52.5116179,3.9909067,-0.569391,-0.20527029,2.8469439,on bike mount,cyclo cross,True,fine gravel,good
b8aa6b37-45de-464c-8851-02dfbbf9ea4d,fa737d87-8f03-4718-9c69-38b0cb333aee,7d21fde3-79b1-4ea2-b336-af527b8ecc5d,1644232686382,13.3581812,52.5116179,3.9909067,-0.6130944,4.1822343,5.3809853,on bike mount,cyclo cross,True,fine gravel,good
b8aa6b37-45de-464c-8851-02dfbbf9ea4d,fa737d87-8f03-4718-9c69-38b0cb333aee,3a1a3192-11b1-4c8c-afc3-62f741fb64c7,1644232686449,13.3581812,52.5116179,3.9909067,1.4165417,1.682364,4.635,on bike mount,cyclo cross,True,fine gravel,good
b8aa6b37-45de-464c-8851-02dfbbf9ea4d,fa737d87-8f03-4718-9c69-38b0cb333aee,853a534e-c494-4def-b1ac-e577abc5119b,1644232686499,13.3581812,52.5116179,3.9909067,-0.0233908,-6.632663,-6.655729,on bike mount,cyclo cross,True,fine gravel,good
b8aa6b37-45de-464c-8851-02dfbbf9ea4d,fa737d87-8f03-4718-9c69-38b0cb333aee,951b5b3c-14e4-42dc-b22e-3c96377b455d,1644232686549,13.3582114,52.5116209,3.9624176,-0.5774907,-3.8270862,-0.23620796,on bike mount,cyclo cross,True,fine gravel,good
b8aa6b37-45de-464c-8851-02dfbbf9ea4d,fa737d87-8f03-4718-9c69-38b0cb333aee,8d10d085-9770-461f-b7c6-ed4ee8302150,1644232686600,13.3582114,52.5116209,3.9624176,-3.5663676,-11.654324,2.289421,on bike mount,cyclo cross,True,fine gravel,good
b8aa6b37-45de-464c-8851-02dfbbf9ea4d,fa737d87-8f03-4718-9c69-38b0cb333aee,7588f419-27d2-425b-8f7a-fd1090819ac3,1644232686651,13.3582114,52.5116209,3.9624176,-3.0340247,14.04788,2.1919107,on bike mount,cyclo cross,True,fine gravel,good
b8aa6b37-45de-464c-8851-02dfbbf9ea4d,fa737d87-8f03-4718-9c69-38b0cb333aee,7c3068be-26f8-4f12-81f2-bbb537457440,1644232686701,13.3582114,52.5116209,3.9624176,-2.9336042,-2.513293,1.03269,on bike mount,cyclo cross,True,fine gravel,good
b8aa6b37-45de-464c-8851-02dfbbf9ea4d,fa737d87-8f03-4718-9c69-38b0cb333aee,538ac446-2d53-492f-9e5a-a81ad0e1720c,1644232686750,13.3582114,52.5116209,3.9624176,-1.7493237,-0.17280006,-3.5447192,on bike mount,cyclo cross,True,fine gravel,good
b8aa6b37-45de-464c-8851-02dfbbf9ea4d,fa737d87-8f03-4718-9c69-38b0cb333aee,4122f278-17f9-4b2a-b1db-14b1731a5d73,1644232686805,13.3582114,52.5116209,3.9624176,0.085422814,3.9414983,-2.904945,on bike mount,cyclo cross,True,fine gravel,good
b8aa6b37-45de-464c-8851-02dfbbf9ea4d,fa737d87-8f03-4718-9c69-38b0cb333aee,3e7861ee-e5e4-4761-9179-e56c971be598,1644232686855,13.3582114,52.5116209,3.9624176,-0.4287574,5.1370397,-3.7025268,on bike mount,cyclo cross,True,fine gravel,good
b8aa6b37-45de-464c-8851-02dfbbf9ea4d,fa737d87-8f03-4718-9c69-38b0cb333aee,6c0ed2f5-e82a-4a5b-a4cf-c5c648ef223b,1644232686906,13.3582114,52.5116209,3.9624176,-2.11727,-2.8934023,-3.2735443,on bike mount,cyclo cross,True,fine gravel,good
b8aa6b37-45de-464c-8851-02dfbbf9ea4d,fa737d87-8f03-4718-9c69-38b0cb333aee,26c79cea-f5e8-4ff0-bb47-6db1f6bb952f,1644232686955,13.3582114,52.5116209,3.9624176,-1.5563422,-5.203289,1.5787745,on bike mount,cyclo cross,True,fine gravel,good
b8aa6b37-45de-464c-8851-02dfbbf9ea4d,fa737d87-8f03-4718-9c69-38b0cb333aee,5974ad95-32a9-4e2d-ae61-d2a1e5bee606,1644232687005,13.35825,52.5116242,3.9655654,3.469869,-12.355579,-5.212947,on bike mount,cyclo cross,True,fine gravel,good
b8aa6b37-45de-464c-8851-02dfbbf9ea4d,fa737d87-8f03-4718-9c69-38b0cb333aee,81bdb6b5-e914-41fb-944e-ef08a53e8380,1644232687056,13.35825,52.5116242,3.9655654,4.5141835,2.7649417,9.639843,on bike mount,cyclo cross,True,fine gravel,good
b8aa6b37-45de-464c-8851-02dfbbf9ea4d,fa737d87-8f03-4718-9c69-38b0cb333aee,b4068a5f-7803-4932-98eb-fc3660fc783b,1644232687106,13.35825,52.5116242,3.9655654,2.146509,0.1726489,-3.8503928,on bike mount,cyclo cross,True,fine gravel,good
b8aa6b37-45de-464c-8851-02dfbbf9ea4d,fa737d87-8f03-4718-9c69-38b0cb333aee,0ef22991-1dfc-4077-9619-0959ca44755c,1644232687155,13.35825,52.5116242,3.9655654,-1.3271046,-0.18385732,1.2833481,on bike mount,cyclo cross,True,fine gravel,good
b8aa6b37-45de-464c-8851-02dfbbf9ea4d,fa737d87-8f03-4718-9c69-38b0cb333aee,b7a7fd84-2518-4c47-aa25-4c3056e429be,1644232687204,13.35825,52.5116242,3.9655654,0.7746604,1.040534,0.6991606,on bike mount,cyclo cross,True,fine gravel,good
b8aa6b37-45de-464c-8851-02dfbbf9ea4d,fa737d87-8f03-4718-9c69-38b0cb333aee,f340dbcc-8d19-4a2a-aa3e-2c705d09ac03,1644232687255,13.35825,52.5116242,3.9655654,-0.7136557,4.063175,-1.642879,on bike mount,cyclo cross,True,fine gravel,good
b8aa6b37-45de-464c-8851-02dfbbf9ea4d,fa737d87-8f03-4718-9c69-38b0cb333aee,3a5aee7a-7e1f-4db1-bb7e-9f42b7943e47,1644232687316,13.35825,52.5116242,3.9655654,-1.3836912,3.450272,-4.492344,on bike mount,cyclo cross,True,fine gravel,good
b8aa6b37-45de-464c-8851-02dfbbf9ea4d,fa737d87-8f03-4718-9c69-38b0cb333aee,17e29996-78f6-41be-aa84-074aca2f3716,1644232687366,13.35825,52.5116242,3.9655654,0.3929705,2.9485765,5.0222397,on bike mount,cyclo cross,True,fine gravel,good
b8aa6b37-45de-464c-8851-02dfbbf9ea4d,fa737d87-8f03-4718-9c69-38b0cb333aee,430e507c-3c7a-49a4-85e5-f7f25578fdc8,1644232687416,13.3582797,52.5116263,3.9644003,-1.0666219,-5.546998,-2.86305,on bike mount,cyclo cross,True,fine gravel,good
b8aa6b37-45de-464c-8851-02dfbbf9ea4d,fa737d87-8f03-4718-9c69-38b0cb333aee,2c0f680e-0b03-4955-a0a0-890f04c57659,1644232687489,13.3582797,52.5116263,3.9644003,-0.1795867,4.930038,-2.3421297,on bike mount,cyclo cross,True,fine gravel,good
b8aa6b37-45de-464c-8851-02dfbbf9ea4d,fa737d87-8f03-4718-9c69-38b0cb333aee,edf1f9e4-1908-425e-a825-9f98591cac4d,1644232687539,13.3582797,52.5116263,3.9644003,-0.03803101,-3.3332517,-4.8013315,on bike mount,cyclo cross,True,fine gravel,good
b8aa6b37-45de-464c-8851-02dfbbf9ea4d,fa737d87-8f03-4718-9c69-38b0cb333aee,a24dfe49-7dbb-47c3-b6d4-9bc24830105f,1644232687589,13.3582797,52.5116263,3.9644003,-2.2566519,2.1449647,-6.7611327,on bike mount,cyclo cross,True,fine gravel,good
b8aa6b37-45de-464c-8851-02dfbbf9ea4d,fa737d87-8f03-4718-9c69-38b0cb333aee,3597fdbf-bfa7-4fa6-a07d-68d67dc81517,1644232687639,13.3582797,52.5116263,3.9644003,-2.046709,0.9955044,-1.5917234,on bike mount,cyclo cross,True,fine gravel,good
b8aa6b37-45de-464c-8851-02dfbbf9ea4d,fa737d87-8f03-4718-9c69-38b0cb333aee,fa6212a3-b623-4d57-8af8-0666983f4354,1644232687700,13.3582797,52.5116263,3.9644003,-0.2518499,-2.35957,14.279566,on bike mount,cyclo cross,True,fine gravel,good
b8aa6b37-45de-464c-8851-02dfbbf9ea4d,fa737d87-8f03-4718-9c69-38b0cb333aee,64b810e6-2542-4a75-8a5b-898c1e912afc,1644232687749,13.3582797,52.5116263,3.9644003,2.483424,2.136026,-6.3289986,on bike mount,cyclo cross,True,fine gravel,good
b8aa6b37-45de-464c-8851-02dfbbf9ea4d,fa737d87-8f03-4718-9c69-38b0cb333aee,7846fb80-ff85-4c3b-9e26-9f3a61df916a,1644232687799,13.3582797,52.5116263,3.9644003,0.46970636,8.704861,-2.294321,on bike mount,cyclo cross,True,fine gravel,good
b8aa6b37-45de-464c-8851-02dfbbf9ea4d,fa737d87-8f03-4718-9c69-38b0cb333aee,787d828e-217a-4684-9aae-4f14573d8945,1644232687859,13.3582797,52.5116263,3.9644003,-1.6064595,-7.9952865,-4.2638607,on bike mount,cyclo cross,True,fine gravel,good
b8aa6b37-45de-464c-8851-02dfbbf9ea4d,fa737d87-8f03-4718-9c69-38b0cb333aee,8982e184-9304-4193-a74f-0be5385340ee,1644232687909,13.3582797,52.5116263,3.9644003,-2.1137338,-6.838183,2.4138584,on bike mount,cyclo cross,True,fine gravel,good
b8aa6b37-45de-464c-8851-02dfbbf9ea4d,fa737d87-8f03-4718-9c69-38b0cb333aee,e9d02112-cef9-449e-90a9-9fd505235018,1644232687959,13.3583199,52.5116295,3.925847,-5.4769254,-9.680635,-6.926987,on bike mount,cyclo cross,True,fine gravel,good
b8aa6b37-45de-464c-8851-02dfbbf9ea4d,fa737d87-8f03-4718-9c69-38b0cb333aee,6a8cfe8b-5940-4c98-a9ef-066706dc5e16,1644232688010,13.3583199,52.5116295,3.925847,-4.015165,2.4528818,1.4273949,on bike mount,cyclo cross,True,fine gravel,good
b8aa6b37-45de-464c-8851-02dfbbf9ea4d,fa737d87-8f03-4718-9c69-38b0cb333aee,35b37e55-a2d5-46c9-aba8-e3e275b4e61a,1644232688068,13.3583199,52.5116295,3.925847,-0.498839,5.4260106,8.761294,on bike mount,cyclo cross,True,fine gravel,good
b8aa6b37-45de-464c-8851-02dfbbf9ea4d,fa737d87-8f03-4718-9c69-38b0cb333aee,34415e4e-f845-4753-a948-1a2586298d49,1644232688118,13.3583199,52.5116295,3.925847,0.64148265,3.8424969,7.2614717,on bike mount,cyclo cross,True,fine gravel,good
b8aa6b37-45de-464c-8851-02dfbbf9ea4d,fa737d87-8f03-4718-9c69-38b0cb333aee,a9b1e901-9bb7-44d4-9873-f85befb08961,1644232688168,13.3583199,52.5116295,3.925847,-0.29762053,-3.7202015,-0.9640188,on bike mount,cyclo cross,True,fine gravel,good
b8aa6b37-45de-464c-8851-02dfbbf9ea4d,fa737d87-8f03-4718-9c69-38b0cb333aee,091f7e0f-1b67-4276-9c85-ce05fad05bea,1644232688219,13.3583199,52.5116295,3.925847,1.0497239,-1.6510966,6.74255,on bike mount,cyclo cross,True,fine gravel,good
b8aa6b37-45de-464c-8851-02dfbbf9ea4d,fa737d87-8f03-4718-9c69-38b0cb333aee,4e8aef9a-027a-45fc-974f-a8172542c220,1644232688269,13.3583199,52.5116295,3.925847,-6.609554,4.1894884,0.018756866,on bike mount,cyclo cross,True,fine gravel,good
b8aa6b37-45de-464c-8851-02dfbbf9ea4d,fa737d87-8f03-4718-9c69-38b0cb333aee,f8972095-f765-4c52-9e83-67028ca5296f,1644232688319,13.3583199,52.5116295,3.925847,1.9710141,6.171974,12.934227,on bike mount,cyclo cross,True,fine gravel,good
b8aa6b37-45de-464c-8851-02dfbbf9ea4d,fa737d87-8f03-4718-9c69-38b0cb333aee,ccdf1e43-5ac8-458e-8bd9-417dfb8e8125,1644232688369,13.3583199,52.5116295,3.925847,-2.2849436,7.9192324,-10.820257,on bike mount,cyclo cross,True,fine gravel,good
b8aa6b37-45de-464c-8851-02dfbbf9ea4d,fa737d87-8f03-4718-9c69-38b0cb333aee,1132aa56-67cc-4103-99ae-887b6a5d25f9,1644232688419,13.3583199,52.5116295,3.925847,0.38243747,-3.0121024,-6.361784,on bike mount,cyclo cross,True,fine gravel,good
b8aa6b37-45de-464c-8851-02dfbbf9ea4d,fa737d87-8f03-4718-9c69-38b0cb333aee,1d0df181-045f-4869-8bff-cebc38b33094,1644232688469,13.358356,52.511633,3.924835,1.131748,-2.5799859,-2.2060933,on bike mount,cyclo cross,True,fine gravel,good
b8aa6b37-45de-464c-8851-02dfbbf9ea4d,fa737d87-8f03-4718-9c69-38b0cb333aee,f6eb93ef-6809-4457-a522-abf7a33fe436,1644232688520,13.358356,52.511633,3.924835,-3.4829748,3.8800807,-1.8085756,on bike mount,cyclo cross,True,fine gravel,good
b8aa6b37-45de-464c-8851-02dfbbf9ea4d,fa737d87-8f03-4718-9c69-38b0cb333aee,e7b382f3-902b-4371-a203-6c9a54a45c91,1644232688570,13.358356,52.511633,3.924835,0.8850434,-0.8110728,-11.608433,on bike mount,cyclo cross,True,fine gravel,good
b8aa6b37-45de-464c-8851-02dfbbf9ea4d,fa737d87-8f03-4718-9c69-38b0cb333aee,8f230751-6ff0-418d-a466-274734459341,1644232688618,13.358356,52.511633,3.924835,2.12221,5.004574,-13.201567,on bike mount,cyclo cross,True,fine gravel,good
b8aa6b37-45de-464c-8851-02dfbbf9ea4d,fa737d87-8f03-4718-9c69-38b0cb333aee,5c7c22f7-c42e-4080-a0cf-c7eb196730a9,1644232688668,13.358356,52.511633,3.924835,1.4888029,8.594221,-0.77645206,on bike mount,cyclo cross,True,fine gravel,good
b8aa6b37-45de-464c-8851-02dfbbf9ea4d,fa737d87-8f03-4718-9c69-38b0cb333aee,795429d2-ef9b-4c4f-af6d-055cf0d44047,1644232688718,13.358356,52.511633,3.924835,-1.817366,-3.0835378,-6.362334,on bike mount,cyclo cross,True,fine gravel,good
b8aa6b37-45de-464c-8851-02dfbbf9ea4d,fa737d87-8f03-4718-9c69-38b0cb333aee,48ff35e2-f668-4d2d-9bd1-82d828c449da,1644232688767,13.358356,52.511633,3.924835,4.164068,3.250557,2.078641,on bike mount,cyclo cross,True,fine gravel,good
b8aa6b37-45de-464c-8851-02dfbbf9ea4d,fa737d87-8f03-4718-9c69-38b0cb333aee,5be781f4-26ac-4ec2-ac18-b7aee0a75e71,1644232688826,13.358356,52.511633,3.924835,0.81068397,-3.3506808,4.8118362,on bike mount,cyclo cross,True,fine gravel,good
b8aa6b37-45de-464c-8851-02dfbbf9ea4d,fa737d87-8f03-4718-9c69-38b0cb333aee,f6253ddb-59d6-4b66-91ec-c013bfed4193,1644232688876,13.358356,52.511633,3.924835,2.8226714,-1.1374983,-1.9349127,on bike mount,cyclo cross,True,fine gravel,good
b8aa6b37-45de-464c-8851-02dfbbf9ea4d,fa737d87-8f03-4718-9c69-38b0cb333aee,1e39eddc-8318-4f95-a4df-82ef537f07c9,1644232688926,13.358356,52.511633,3.924835,1.3003442,1.3444505,7.2065067,on bike mount,cyclo cross,True,fine gravel,good
b8aa6b37-45de-464c-8851-02dfbbf9ea4d,fa737d87-8f03-4718-9c69-38b0cb333aee,379c7260-30ac-460d-ae4b-bf6ab4152f27,1644232688989,13.358356,52.511633,3.924835,-1.1330082,1.1426206,8.209573,on bike mount,cyclo cross,True,fine gravel,good
b8aa6b37-45de-464c-8851-02dfbbf9ea4d,fa737d87-8f03-4718-9c69-38b0cb333aee,114f63c5-03c5-4d7c-b5fd-fdc2d85137eb,1644232689039,13.358356,52.511633,3.924835,1.4391568,-12.441257,4.100174,on bike mount,cyclo cross,True,fine gravel,good
b8aa6b37-45de-464c-8851-02dfbbf9ea4d,fa737d87-8f03-4718-9c69-38b0cb333aee,f68e295a-95e4-45c2-8d12-a724d7153bc5,1644232689088,13.358406,52.511639,4.01474,1.4143169,-4.9205184,9.753862,on bike mount,cyclo cross,True,fine gravel,good
b8aa6b37-45de-464c-8851-02dfbbf9ea4d,fa737d87-8f03-4718-9c69-38b0cb333aee,6a43a150-81a1-492f-aaf3-ee03cc36a03c,1644232689138,13.358406,52.511639,4.01474,0.7582211,-1.6583091,4.169835,on bike mount,cyclo cross,True,fine gravel,good
b8aa6b37-45de-464c-8851-02dfbbf9ea4d,fa737d87-8f03-4718-9c69-38b0cb333aee,65db1004-cff2-472a-bf36-919a2af08f87,1644232689191,13.358406,52.511639,4.01474,-1.8370917,0.5495739,-1.101449,on bike mount,cyclo cross,True,fine gravel,good
b8aa6b37-45de-464c-8851-02dfbbf9ea4d,fa737d87-8f03-4718-9c69-38b0cb333aee,40060162-ffa5-4a75-9eb2-1aaaf22327aa,1644232689242,13.358406,52.511639,4.01474,2.7214718,-0.07518673,0.21698093,on bike mount,cyclo cross,True,fine gravel,good
b8aa6b37-45de-464c-8851-02dfbbf9ea4d,fa737d87-8f03-4718-9c69-38b0cb333aee,fd3254a2-412d-4ab6-98c1-71f429c8d253,1644232689292,13.358406,52.511639,4.01474,-0.39222062,0.25080967,-7.9503465,on bike mount,cyclo cross,True,fine gravel,good
b8aa6b37-45de-464c-8851-02dfbbf9ea4d,fa737d87-8f03-4718-9c69-38b0cb333aee,c1deb382-eda4-48c5-a4f5-9cd8efc4c04c,1644232689354,13.358406,52.511639,4.01474,0.629557,-5.729287,5.67115,on bike mount,cyclo cross,True,fine gravel,good
b8aa6b37-45de-464c-8851-02dfbbf9ea4d,fa737d87-8f03-4718-9c69-38b0cb333aee,42d73084-53ad-41d3-8d21-b32555c153be,1644232689405,13.358406,52.511639,4.01474,-0.79997253,-1.9338915,-1.4234872,on bike mount,cyclo cross,True,fine gravel,good
b8aa6b37-45de-464c-8851-02dfbbf9ea4d,fa737d87-8f03-4718-9c69-38b0cb333aee,8f6e8b55-e3bf-48cf-96ed-cc1be7c3889e,1644232689456,13.358406,52.511639,4.01474,0.37614784,-1.9554514,-5.564823,on bike mount,cyclo cross,True,fine gravel,good
b8aa6b37-45de-464c-8851-02dfbbf9ea4d,fa737d87-8f03-4718-9c69-38b0cb333aee,85814673-2036-405b-9e7b-e46a2786425d,1644232689527,13.358406,52.511639,4.01474,-2.9120617,-0.427279,-5.8047066,on bike mount,cyclo cross,True,fine gravel,good
b8aa6b37-45de-464c-8851-02dfbbf9ea4d,fa737d87-8f03-4718-9c69-38b0cb333aee,387b1086-c39f-410b-afae-46dd25851556,1644232689576,13.358406,52.511639,4.01474,-1.8565685,0.88054657,12.811245,on bike mount,cyclo cross,True,fine gravel,good
b8aa6b37-45de-464c-8851-02dfbbf9ea4d,fa737d87-8f03-4718-9c69-38b0cb333aee,1bc020b9-8c3b-4d8c-860e-e68a457450fc,1644232689626,13.358406,52.511639,4.01474,1.4139887,13.045531,2.0087814,on bike mount,cyclo cross,True,fine gravel,good
b8aa6b37-45de-464c-8851-02dfbbf9ea4d,fa737d87-8f03-4718-9c69-38b0cb333aee,f7ad5dd9-363d-4caf-8c9d-832d513d8f28,1644232689676,13.358406,52.511639,4.01474,-0.26388246,2.38792,-2.580968,on bike mount,cyclo cross,True,fine gravel,good
b8aa6b37-45de-464c-8851-02dfbbf9ea4d,fa737d87-8f03-4718-9c69-38b0cb333aee,d9bb08e9-876b-492e-bd57-4d239963dc1a,1644232689726,13.358406,52.511639,4.01474,0.18796526,0.10719752,-1.1332312,on bike mount,cyclo cross,True,fine gravel,good
b8aa6b37-45de-464c-8851-02dfbbf9ea4d,fa737d87-8f03-4718-9c69-38b0cb333aee,0e5c0f3b-d2f9-4a4e-856b-50dc332c8b83,1644232689777,13.358406,52.511639,4.01474,-0.28974837,4.446948,-0.093585014,on bike mount,cyclo cross,True,fine gravel,good
b8aa6b37-45de-464c-8851-02dfbbf9ea4d,fa737d87-8f03-4718-9c69-38b0cb333aee,1702ea6f-f1f5-495a-baeb-b8e15720cdcd,1644232689828,13.358406,52.511639,4.01474,1.0186881,2.5556684,-6.2057033,on bike mount,cyclo cross,True,fine gravel,good
b8aa6b37-45de-464c-8851-02dfbbf9ea4d,fa737d87-8f03-4718-9c69-38b0cb333aee,cab0fa1d-ea7c-4d81-9450-d99b43b49626,1644232689878,13.358406,52.511639,4.01474,-1.4903321,-1.2930282,3.2390099,on bike mount,cyclo cross,True,fine gravel,good
b8aa6b37-45de-464c-8851-02dfbbf9ea4d,fa737d87-8f03-4718-9c69-38b0cb333aee,c992bbf7-ad4b-46a3-bac6-d0ac8673891d,1644232689950,13.358406,52.511639,4.01474,2.8667934,0.86171913,5.474455,on bike mount,cyclo cross,True,fine gravel,good
b8aa6b37-45de-464c-8851-02dfbbf9ea4d,fa737d87-8f03-4718-9c69-38b0cb333aee,f74f36df-faff-4c34-9efe-6aeec2b3dbd2,1644232690000,13.358406,52.511639,4.01474,1.9913714,4.286298,-0.90370226,on bike mount,cyclo cross,True,fine gravel,good
b8aa6b37-45de-464c-8851-02dfbbf9ea4d,fa737d87-8f03-4718-9c69-38b0cb333aee,db4f3935-c9b8-45c0-90e3-def2083f19b4,1644232690050,13.358406,52.511639,4.01474,-1.4237709,-0.07174063,-0.038383484,on bike mount,cyclo cross,True,fine gravel,good
b8aa6b37-45de-464c-8851-02dfbbf9ea4d,fa737d87-8f03-4718-9c69-38b0cb333aee,c8f5eaa9-2910-4608-9196-5a619d1e8ded,1644232690100,13.358406,52.511639,4.01474,0.4284539,-13.798866,6.1635857,on bike mount,cyclo cross,True,fine gravel,good
b8aa6b37-45de-464c-8851-02dfbbf9ea4d,fa737d87-8f03-4718-9c69-38b0cb333aee,6a59a3b9-2152-40f3-81db-24f8d2f794ff,1644232690164,13.3584896,52.5116536,4.1113443,-2.1680322,8.837098,-3.6212368,on bike mount,cyclo cross,True,fine gravel,good
b8aa6b37-45de-464c-8851-02dfbbf9ea4d,fa737d87-8f03-4718-9c69-38b0cb333aee,d876cedf-35d1-4d5b-a76a-37e582c11cd4,1644232690214,13.3584896,52.5116536,4.1113443,-1.6103666,5.540784,-3.1915536,on bike mount,cyclo cross,True,fine gravel,good
b8aa6b37-45de-464c-8851-02dfbbf9ea4d,fa737d87-8f03-4718-9c69-38b0cb333aee,a7a828bb-a98c-4efe-ba82-87177469d357,1644232690263,13.3584896,52.5116536,4.1113443,0.67822945,3.8964348,2.2784119,on bike mount,cyclo cross,True,fine gravel,good
b8aa6b37-45de-464c-8851-02dfbbf9ea4d,fa737d87-8f03-4718-9c69-38b0cb333aee,1563f5c8-651f-4323-9b58-c544b22b48ea,1644232690313,13.3584896,52.5116536,4.1113443,0.60235155,-3.5579271,6.4255114,on bike mount,cyclo cross,True,fine gravel,good
b8aa6b37-45de-464c-8851-02dfbbf9ea4d,fa737d87-8f03-4718-9c69-38b0cb333aee,7a9c2474-01b6-4640-87f7-105ceccce679,1644232690363,13.3584896,52.5116536,4.1113443,0.3276945,2.5373964,8.9547825,on bike mount,cyclo cross,True,fine gravel,good
b8aa6b37-45de-464c-8851-02dfbbf9ea4d,fa737d87-8f03-4718-9c69-38b0cb333aee,6c5bdaa8-6754-4371-aa2e-ad68f191c0eb,1644232690414,13.3584896,52.5116536,4.1113443,0.26664183,-5.958978,1.5729952,on bike mount,cyclo cross,True,fine gravel,good
b8aa6b37-45de-464c-8851-02dfbbf9ea4d,fa737d87-8f03-4718-9c69-38b0cb333aee,005aa0bd-2429-4961-9a41-c8d8f95cf834,1644232690463,13.3584896,52.5116536,4.1113443,1.1587032,0.689538,1.2517843,on bike mount,cyclo cross,True,fine gravel,good
b8aa6b37-45de-464c-8851-02dfbbf9ea4d,fa737d87-8f03-4718-9c69-38b0cb333aee,6ccdd4e6-c215-4256-b683-619cc525b723,1644232690514,13.3584896,52.5116536,4.1113443,2.6926544,-1.5591795,2.9054165,on bike mount,cyclo cross,True,fine gravel,good
b8aa6b37-45de-464c-8851-02dfbbf9ea4d,fa737d87-8f03-4718-9c69-38b0cb333aee,8b17ecba-2126-4c71-97ec-a2a17d050be5,1644232690565,13.3584896,52.5116536,4.1113443,-3.8849788,1.764482,-1.3355465,on bike mount,cyclo cross,True,fine gravel,good
b8aa6b37-45de-464c-8851-02dfbbf9ea4d,fa737d87-8f03-4718-9c69-38b0cb333aee,9ee881b9-1275-404a-ae7d-054b953ed903,1644232690615,13.3584896,52.5116536,4.1113443,-0.015662253,-1.7568944,-6.564675,on bike mount,cyclo cross,True,fine gravel,good
b8aa6b37-45de-464c-8851-02dfbbf9ea4d,fa737d87-8f03-4718-9c69-38b0cb333aee,871af550-e4f5-4b76-b27a-e6996104a622,1644232690665,13.3584896,52.5116536,4.1113443,0.7138246,12.279345,-0.597167,on bike mount,cyclo cross,True,fine gravel,good
