bike_activity_uid,bike_activity_sample_uid,bike_activity_measurement,bike_activity_measurement_timestamp,bike_activity_measurement_lon,bike_activity_measurement_lat,bike_activity_measurement_speed,bike_activity_measurement_accelerometer_x,bike_activity_measurement_accelerometer_y,bike_activity_measurement_accelerometer_z,bike_activity_phone_position,bike_activity_bike_type,bike_activity_flagged_lab_conditions,bike_activity_surface_type,bike_activity_smoothness_type
d9114489-29fa-4677-a225-b74f9b14aa61,c541ccc1-4b68-41c0-9a89-1673c15196e1,c373208d-07e1-4c8f-8296-f3d49c29df38,1636131074475,13.4141675,52.4881314,2.525229,0.055099577,-6.762909,-4.1172523,on bike mount,cyclo cross,False,mixed,mixed
d9114489-29fa-4677-a225-b74f9b14aa61,c541ccc1-4b68-41c0-9a89-1673c15196e1,8176513b-7015-406b-979a-210920cd1a17,1636131074541,13.4141709,52.4881621,2.8647077,-2.5653126,4.206381,-1.3199215,on bike mount,cyclo cross,False,mixed,mixed
d9114489-29fa-4677-a225-b74f9b14aa61,c541ccc1-4b68-41c0-9a89-1673c15196e1,77070637-aa2d-4bca-9a64-a6885d340c14,1636131074590,13.4141709,52.4881621,2.8647077,-0.0007738173,-1.9397104,-0.73675346,on bike mount,cyclo cross,False,mixed,mixed
d9114489-29fa-4677-a225-b74f9b14aa61,c541ccc1-4b68-41c0-9a89-1673c15196e1,8d3d4d2d-7b2c-4bdf-a4b1-ca979efee79b,1636131074641,13.4141709,52.4881621,2.8647077,0.023706704,-1.5874646,-0.7332783,on bike mount,cyclo cross,False,mixed,mixed
d9114489-29fa-4677-a225-b74f9b14aa61,c541ccc1-4b68-41c0-9a89-1673c15196e1,c666d323-f3cb-4c15-96bb-2b40bf90e34c,1636131074692,13.4141709,52.4881621,2.8647077,-0.08662161,-0.09615421,-0.55182934,on bike mount,cyclo cross,False,mixed,mixed
d9114489-29fa-4677-a225-b74f9b14aa61,c541ccc1-4b68-41c0-9a89-1673c15196e1,e89aa05a-273f-4d68-bef7-2d55c59da83a,1636131074758,13.4141709,52.4881621,2.8647077,0.30928,-2.306972,0.9125738,on bike mount,cyclo cross,False,mixed,mixed
d9114489-29fa-4677-a225-b74f9b14aa61,c541ccc1-4b68-41c0-9a89-1673c15196e1,158b6ae5-b986-4e41-98ea-4753a6422429,1636131074809,13.4141709,52.4881621,2.8647077,1.223805,-0.83604836,-0.16546345,on bike mount,cyclo cross,False,mixed,mixed
d9114489-29fa-4677-a225-b74f9b14aa61,c541ccc1-4b68-41c0-9a89-1673c15196e1,2db8fc57-48a2-4fce-ae32-de337bd9f9cc,1636131074860,13.4141709,52.4881621,2.8647077,-0.09637436,-1.2703714,2.6086493,on bike mount,cyclo cross,False,mixed,mixed
d9114489-29fa-4677-a225-b74f9b14aa61,c541ccc1-4b68-41c0-9a89-1673c15196e1,bcf81a0d-da54-46cd-86db-e5ad9f96a986,1636131074909,13.4141709,52.4881621,2.8647077,1.1991494,-1.4070013,-1.4153757,on bike mount,cyclo cross,False,mixed,mixed
d9114489-29fa-4677-a225-b74f9b14aa61,c541ccc1-4b68-41c0-9a89-1673c15196e1,e401096b-ab1e-4fa0-80c3-f21afc73d4a2,1636131074959,13.4141709,52.4881621,2.8647077,-0.73862994,-0.926528,-0.22357655,on bike mount,cyclo cross,False,mixed,mixed
d9114489-29fa-4677-a225-b74f9b14aa61,c541ccc1-4b68-41c0-9a89-1673c15196e1,c2f92b69-50db-4aa7-94c3-f10207dd88b0,1636131075009,13.4141709,52.4881621,2.8647077,1.8668574,0.7548046,-1.3657737,on bike mount,cyclo cross,False,mixed,mixed
d9114489-29fa-4677-a225-b74f9b14aa61,c541ccc1-4b68-41c0-9a89-1673c15196e1,6bbccca2-a59e-438f-bb39-1c7ffaea6949,1636131075059,13.4141709,52.4881621,2.8647077,-3.53005,-1.2789509,0.013308525,on bike mount,cyclo cross,False,mixed,mixed
d9114489-29fa-4677-a225-b74f9b14aa61,c541ccc1-4b68-41c0-9a89-1673c15196e1,aacf27aa-7ef2-418b-a0a4-b10d72dc3ec8,1636131075110,13.4141709,52.4881621,2.8647077,2.6636996,-1.6068114,-0.30618,on bike mount,cyclo cross,False,mixed,mixed
d9114489-29fa-4677-a225-b74f9b14aa61,c541ccc1-4b68-41c0-9a89-1673c15196e1,6e58246f-e5ca-4b72-9d58-71af504fb4e8,1636131075176,13.4141709,52.4881621,2.8647077,1.9893484,0.08071184,0.10241604,on bike mount,cyclo cross,False,mixed,mixed
d9114489-29fa-4677-a225-b74f9b14aa61,c541ccc1-4b68-41c0-9a89-1673c15196e1,e9b1a7bb-7a07-4b68-bcbe-60ab1400f056,1636131075226,13.4141709,52.4881621,2.8647077,1.0317585,2.4420886,-0.08778095,on bike mount,cyclo cross,False,mixed,mixed
d9114489-29fa-4677-a225-b74f9b14aa61,c541ccc1-4b68-41c0-9a89-1673c15196e1,a52560ec-ba7f-4972-9764-644a4cd7d13e,1636131075277,13.4141709,52.4881621,2.8647077,-0.063005954,-1.3718528,-0.5316591,on bike mount,cyclo cross,False,mixed,mixed
d9114489-29fa-4677-a225-b74f9b14aa61,c541ccc1-4b68-41c0-9a89-1673c15196e1,4bbefeb6-d04d-4d7b-a745-4e764f95733d,1636131075342,13.4141709,52.4881621,2.8647077,0.121701956,-2.4747362,-0.07123852,on bike mount,cyclo cross,False,mixed,mixed
d9114489-29fa-4677-a225-b74f9b14aa61,c541ccc1-4b68-41c0-9a89-1673c15196e1,740bfa0f-f66c-40b4-a83a-67ae899a858e,1636131075394,13.4141709,52.4881621,2.8647077,1.7116442,0.46184945,-1.022871,on bike mount,cyclo cross,False,mixed,mixed
d9114489-29fa-4677-a225-b74f9b14aa61,c541ccc1-4b68-41c0-9a89-1673c15196e1,4ac2ddc7-847e-4422-9b1c-7d681bff0a27,1636131075443,13.4141709,52.4881621,2.8647077,0.3989856,0.8743415,0.2635336,on bike mount,cyclo cross,False,mixed,mixed
d9114489-29fa-4677-a225-b74f9b14aa61,c541ccc1-4b68-41c0-9a89-1673c15196e1,74e3fa67-55f1-4c8b-9e5a-2698fef7119a,1636131075494,13.4141709,52.4881621,2.8647077,0.37158796,0.4635942,0.51799965,on bike mount,cyclo cross,False,mixed,mixed
d9114489-29fa-4677-a225-b74f9b14aa61,c541ccc1-4b68-41c0-9a89-1673c15196e1,5d0c5d32-7696-4410-b1f0-b33d77fb1285,1636131075544,13.4141708,52.4881884,2.8911724,0.6984785,0.482903,-0.49637508,on bike mount,cyclo cross,False,mixed,mixed
d9114489-29fa-4677-a225-b74f9b14aa61,c541ccc1-4b68-41c0-9a89-1673c15196e1,f2f712a6-62b4-4579-b418-27f4d0dddd03,1636131075595,13.4141708,52.4881884,2.8911724,1.5489316,-0.17056632,-0.75807667,on bike mount,cyclo cross,False,mixed,mixed
d9114489-29fa-4677-a225-b74f9b14aa61,c541ccc1-4b68-41c0-9a89-1673c15196e1,67596b65-25c5-4343-a712-32d766b20811,1636131075660,13.4141708,52.4881884,2.8911724,0.8011033,0.56241846,-0.86465454,on bike mount,cyclo cross,False,mixed,mixed
d9114489-29fa-4677-a225-b74f9b14aa61,c541ccc1-4b68-41c0-9a89-1673c15196e1,e14a8309-f126-468e-ab11-3335f9b7f2ff,1636131075710,13.4141708,52.4881884,2.8911724,0.9822133,-2.2912884,-1.3340988,on bike mount,cyclo cross,False,mixed,mixed
d9114489-29fa-4677-a225-b74f9b14aa61,c541ccc1-4b68-41c0-9a89-1673c15196e1,9cfb6fbe-a037-4a91-b9dc-8bb1a3ae95b3,1636131075762,13.4141708,52.4881884,2.8911724,1.2723169,-0.023746252,-2.2188315,on bike mount,cyclo cross,False,mixed,mixed
d9114489-29fa-4677-a225-b74f9b14aa61,c541ccc1-4b68-41c0-9a89-1673c15196e1,3e14ad15-3af0-4502-978c-a1d0fc7abe4e,1636131075811,13.4141708,52.4881884,2.8911724,1.0235429,0.4969213,-0.14697933,on bike mount,cyclo cross,False,mixed,mixed
d9114489-29fa-4677-a225-b74f9b14aa61,c541ccc1-4b68-41c0-9a89-1673c15196e1,57d58f1b-5c38-4ae5-8ead-f4517592757d,1636131075862,13.4141708,52.4881884,2.8911724,0.4143368,-0.10393262,0.38087654,on bike mount,cyclo cross,False,mixed,mixed
d9114489-29fa-4677-a225-b74f9b14aa61,c541ccc1-4b68-41c0-9a89-1673c15196e1,0c74514d-c585-4884-bdc0-9167fc4638e6,1636131075913,13.4141708,52.4881884,2.8911724,0.31772077,-1.2263498,-0.91921043,on bike mount,cyclo cross,False,mixed,mixed
d9114489-29fa-4677-a225-b74f9b14aa61,c541ccc1-4b68-41c0-9a89-1673c15196e1,aff9bd3d-64db-4986-9677-14a1df89b3c5,1636131075979,13.4141708,52.4881884,2.8911724,1.0168438,0.5632212,-0.59657955,on bike mount,cyclo cross,False,mixed,mixed
d9114489-29fa-4677-a225-b74f9b14aa61,c541ccc1-4b68-41c0-9a89-1673c15196e1,260d8bc4-bee8-4819-bba8-fb40dc9522da,1636131076045,13.4141708,52.4881884,2.8911724,1.2710063,0.4461484,1.6253462,on bike mount,cyclo cross,False,mixed,mixed
d9114489-29fa-4677-a225-b74f9b14aa61,c541ccc1-4b68-41c0-9a89-1673c15196e1,8726f728-9169-4668-8698-957a99447936,1636131076096,13.4141708,52.4881884,2.8911724,-0.6699538,-0.17349982,-0.3757944,on bike mount,cyclo cross,False,mixed,mixed
d9114489-29fa-4677-a225-b74f9b14aa61,c541ccc1-4b68-41c0-9a89-1673c15196e1,224ac3fa-c498-4fc1-9201-7186fdc218ad,1636131076146,13.4141708,52.4881884,2.8911724,0.7653053,0.12545776,1.0421495,on bike mount,cyclo cross,False,mixed,mixed
d9114489-29fa-4677-a225-b74f9b14aa61,c541ccc1-4b68-41c0-9a89-1673c15196e1,6e1dee75-57f6-485a-b084-e67e6012e551,1636131076195,13.4141708,52.4881884,2.8911724,0.57276267,0.9021616,-0.4426527,on bike mount,cyclo cross,False,mixed,mixed
d9114489-29fa-4677-a225-b74f9b14aa61,c541ccc1-4b68-41c0-9a89-1673c15196e1,3e9eedda-0b78-40fc-ae27-932815d4f5ef,1636131076245,13.4141708,52.4881884,2.8911724,0.82335305,1.1897824,0.0463171,on bike mount,cyclo cross,False,mixed,mixed
d9114489-29fa-4677-a225-b74f9b14aa61,c541ccc1-4b68-41c0-9a89-1673c15196e1,ff6f6013-fb58-4773-b3e8-43fde5651221,1636131076296,13.4141708,52.4881884,2.8911724,0.97636086,0.26855874,0.2872944,on bike mount,cyclo cross,False,mixed,mixed
d9114489-29fa-4677-a225-b74f9b14aa61,c541ccc1-4b68-41c0-9a89-1673c15196e1,eefa8213-76b9-427b-8f4a-23052a0ca6b4,1636131076347,13.4141708,52.4881884,2.8911724,0.5393376,1.5508022,1.3722639,on bike mount,cyclo cross,False,mixed,mixed
d9114489-29fa-4677-a225-b74f9b14aa61,c541ccc1-4b68-41c0-9a89-1673c15196e1,ef88a6bd-bd09-49b1-afc8-dc1e8ce6b429,1636131076397,13.4141708,52.4881884,2.8911724,0.6328504,0.4189191,0.079398155,on bike mount,cyclo cross,False,mixed,mixed
d9114489-29fa-4677-a225-b74f9b14aa61,c541ccc1-4b68-41c0-9a89-1673c15196e1,e8a0a578-8430-472b-886a-ee4b98c80f28,1636131076447,13.4141708,52.4881884,2.8911724,-0.73396945,0.3406148,0.66697025,on bike mount,cyclo cross,False,mixed,mixed
d9114489-29fa-4677-a225-b74f9b14aa61,c541ccc1-4b68-41c0-9a89-1673c15196e1,761fce2e-bbbe-4902-ad65-f9a1677080c6,1636131076498,13.4141708,52.4881884,2.8911724,0.90624577,-0.63077056,0.020497322,on bike mount,cyclo cross,False,mixed,mixed
d9114489-29fa-4677-a225-b74f9b14aa61,c541ccc1-4b68-41c0-9a89-1673c15196e1,4c6a1680-f137-4000-8f18-fa9645f54f5d,1636131076563,13.4141699,52.4882165,2.4819415,1.8033154,-0.08713889,0.18969917,on bike mount,cyclo cross,False,mixed,mixed
d9114489-29fa-4677-a225-b74f9b14aa61,c541ccc1-4b68-41c0-9a89-1673c15196e1,2cc6730b-9cb4-42b6-9116-21358f178631,1636131076614,13.4141699,52.4882165,2.4819415,0.4640444,2.612358,-0.71400356,on bike mount,cyclo cross,False,mixed,mixed
d9114489-29fa-4677-a225-b74f9b14aa61,c541ccc1-4b68-41c0-9a89-1673c15196e1,32a22780-0f7c-401f-a421-094c726d150b,1636131076665,13.4141699,52.4882165,2.4819415,-2.4806316,0.7947898,1.1977148,on bike mount,cyclo cross,False,mixed,mixed
d9114489-29fa-4677-a225-b74f9b14aa61,c541ccc1-4b68-41c0-9a89-1673c15196e1,e8ddebb5-0846-49b1-98ca-7b36bd2bc464,1636131076714,13.4141699,52.4882165,2.4819415,0.2261526,-2.9166393,-0.8701601,on bike mount,cyclo cross,False,mixed,mixed
d9114489-29fa-4677-a225-b74f9b14aa61,c541ccc1-4b68-41c0-9a89-1673c15196e1,a24be681-5f26-4448-b7a0-be8fc56d348d,1636131076764,13.4141699,52.4882165,2.4819415,1.2948517,-1.2887236,-0.7407236,on bike mount,cyclo cross,False,mixed,mixed
d9114489-29fa-4677-a225-b74f9b14aa61,c541ccc1-4b68-41c0-9a89-1673c15196e1,ef43c8f5-0691-4c18-93e1-e4e43068ebce,1636131076814,13.4141699,52.4882165,2.4819415,-0.6369828,1.4544683,1.7516851,on bike mount,cyclo cross,False,mixed,mixed
d9114489-29fa-4677-a225-b74f9b14aa61,c541ccc1-4b68-41c0-9a89-1673c15196e1,33b67216-2acb-4564-a05e-77944c269ded,1636131076864,13.4141699,52.4882165,2.4819415,-0.95690465,0.6226127,-1.3237114,on bike mount,cyclo cross,False,mixed,mixed
d9114489-29fa-4677-a225-b74f9b14aa61,c541ccc1-4b68-41c0-9a89-1673c15196e1,6a195d6b-d6b6-4e9f-b27f-a9f8afb9403c,1636131076914,13.4141699,52.4882165,2.4819415,0.011953108,-2.0696237,0.98833466,on bike mount,cyclo cross,False,mixed,mixed
d9114489-29fa-4677-a225-b74f9b14aa61,c541ccc1-4b68-41c0-9a89-1673c15196e1,f1fb3bf6-5cd7-408b-ba62-93ef06669a4d,1636131076966,13.4141699,52.4882165,2.4819415,0.33882678,0.07521844,0.39047718,on bike mount,cyclo cross,False,mixed,mixed
d9114489-29fa-4677-a225-b74f9b14aa61,c541ccc1-4b68-41c0-9a89-1673c15196e1,38cf56da-cae8-48f6-9479-fefb9c56c68c,1636131077032,13.4141699,52.4882165,2.4819415,-0.07883529,1.0028293,-0.12875938,on bike mount,cyclo cross,False,mixed,mixed
d9114489-29fa-4677-a225-b74f9b14aa61,c541ccc1-4b68-41c0-9a89-1673c15196e1,75f8e137-c55b-4934-8ee2-0890312b446f,1636131077083,13.4141699,52.4882165,2.4819415,-0.11398865,2.069169,-0.54596806,on bike mount,cyclo cross,False,mixed,mixed
d9114489-29fa-4677-a225-b74f9b14aa61,c541ccc1-4b68-41c0-9a89-1673c15196e1,519b72fd-84c0-40ba-9b43-51a66f0736a0,1636131077131,13.4141699,52.4882165,2.4819415,-0.4529763,-0.99455905,-0.4874382,on bike mount,cyclo cross,False,mixed,mixed
d9114489-29fa-4677-a225-b74f9b14aa61,c541ccc1-4b68-41c0-9a89-1673c15196e1,09f44d42-d294-43d2-8ecc-1c0f908a9934,1636131077182,13.4141699,52.4882165,2.4819415,0.18328118,0.42189503,0.14146423,on bike mount,cyclo cross,False,mixed,mixed
d9114489-29fa-4677-a225-b74f9b14aa61,c541ccc1-4b68-41c0-9a89-1673c15196e1,bdc137b4-2898-426d-8274-2be1eca58844,1636131077231,13.4141699,52.4882165,2.4819415,0.40821886,-2.339627,-1.0806065,on bike mount,cyclo cross,False,mixed,mixed
d9114489-29fa-4677-a225-b74f9b14aa61,c541ccc1-4b68-41c0-9a89-1673c15196e1,c670e8a6-1701-4e28-ba8c-2a9eb5fe7cca,1636131077282,13.4141699,52.4882165,2.4819415,0.17217267,-0.6743798,1.1762791,on bike mount,cyclo cross,False,mixed,mixed
d9114489-29fa-4677-a225-b74f9b14aa61,c541ccc1-4b68-41c0-9a89-1673c15196e1,f19fc624-3ebf-42fb-b5fd-670d96742984,1636131077333,13.4141699,52.4882165,2.4819415,-1.4370031,1.2219105,2.096733,on bike mount,cyclo cross,False,mixed,mixed
d9114489-29fa-4677-a225-b74f9b14aa61,c541ccc1-4b68-41c0-9a89-1673c15196e1,1679b59f-a320-4876-9e4d-e6cb988bba46,1636131077399,13.4141699,52.4882165,2.4819415,0.60402066,-0.2911594,1.2131481,on bike mount,cyclo cross,False,mixed,mixed
d9114489-29fa-4677-a225-b74f9b14aa61,c541ccc1-4b68-41c0-9a89-1673c15196e1,29a38c0f-1963-474e-98bb-79d09389e2d7,1636131077451,13.4141699,52.4882165,2.4819415,-0.07215487,1.1460519,-0.09017563,on bike mount,cyclo cross,False,mixed,mixed
d9114489-29fa-4677-a225-b74f9b14aa61,c541ccc1-4b68-41c0-9a89-1673c15196e1,fce2d7f4-92f1-455a-869d-5385812be27f,1636131077499,13.4141699,52.4882165,2.4819415,-0.7214047,-1.3957121,-3.1942053,on bike mount,cyclo cross,False,mixed,mixed
d9114489-29fa-4677-a225-b74f9b14aa61,c541ccc1-4b68-41c0-9a89-1673c15196e1,41d95b8a-9bb8-41dd-8018-bac6d2d6f5b6,1636131077549,13.4141735,52.4882439,4.127904,1.7279857,0.8479054,1.1807928,on bike mount,cyclo cross,False,mixed,mixed
d9114489-29fa-4677-a225-b74f9b14aa61,c541ccc1-4b68-41c0-9a89-1673c15196e1,b20e7e76-615c-46c6-a39a-419db30ca4af,1636131077600,13.4141735,52.4882439,4.127904,-0.49569282,0.7304387,-2.7071276,on bike mount,cyclo cross,False,mixed,mixed
d9114489-29fa-4677-a225-b74f9b14aa61,c541ccc1-4b68-41c0-9a89-1673c15196e1,327f8e8c-f1da-47a6-b589-816f113b414d,1636131077651,13.4141735,52.4882439,4.127904,-0.8131437,-0.748683,1.3819971,on bike mount,cyclo cross,False,mixed,mixed
d9114489-29fa-4677-a225-b74f9b14aa61,c541ccc1-4b68-41c0-9a89-1673c15196e1,53622b81-247c-42f3-90a1-f6f0183ef6ab,1636131077700,13.4141735,52.4882439,4.127904,-0.5473307,-1.2220436,0.7841978,on bike mount,cyclo cross,False,mixed,mixed
d9114489-29fa-4677-a225-b74f9b14aa61,c541ccc1-4b68-41c0-9a89-1673c15196e1,87df250a-d8a9-4999-9626-a61b8bca3b6d,1636131077750,13.4141735,52.4882439,4.127904,-0.34378165,-0.14248013,1.3215075,on bike mount,cyclo cross,False,mixed,mixed
d9114489-29fa-4677-a225-b74f9b14aa61,c541ccc1-4b68-41c0-9a89-1673c15196e1,de414701-bf2e-4d71-b584-843b51b420a8,1636131077801,13.4141735,52.4882439,4.127904,-0.5837047,-0.03916073,-0.17709255,on bike mount,cyclo cross,False,mixed,mixed
d9114489-29fa-4677-a225-b74f9b14aa61,c541ccc1-4b68-41c0-9a89-1673c15196e1,e84de418-4697-4d65-bf66-b0527d423d11,1636131077851,13.4141735,52.4882439,4.127904,0.49017918,-0.37416387,-0.6622515,on bike mount,cyclo cross,False,mixed,mixed
d9114489-29fa-4677-a225-b74f9b14aa61,c541ccc1-4b68-41c0-9a89-1673c15196e1,dc4aef01-0350-42b2-9390-fb1aa414f896,1636131077900,13.4141735,52.4882439,4.127904,-0.69061744,-0.48662972,0.5229273,on bike mount,cyclo cross,False,mixed,mixed
d9114489-29fa-4677-a225-b74f9b14aa61,c541ccc1-4b68-41c0-9a89-1673c15196e1,aad894bf-8b42-41ec-8db7-9a608fd5c375,1636131077951,13.4141735,52.4882439,4.127904,0.5828507,-0.07800603,-0.9212527,on bike mount,cyclo cross,False,mixed,mixed
d9114489-29fa-4677-a225-b74f9b14aa61,c541ccc1-4b68-41c0-9a89-1673c15196e1,3e342abd-f973-4d3d-8768-e27b6f18174b,1636131078000,13.4141735,52.4882439,4.127904,1.5499786,1.3687086,-0.32011986,on bike mount,cyclo cross,False,mixed,mixed
d9114489-29fa-4677-a225-b74f9b14aa61,c541ccc1-4b68-41c0-9a89-1673c15196e1,6995cf7c-c9e0-4b3b-aea5-cd5a9e22648a,1636131078051,13.4141735,52.4882439,4.127904,-0.9036094,-1.9044904,1.0537586,on bike mount,cyclo cross,False,mixed,mixed
d9114489-29fa-4677-a225-b74f9b14aa61,c541ccc1-4b68-41c0-9a89-1673c15196e1,4aa1efe4-0df3-4edb-a845-73c69d70a431,1636131078102,13.4141735,52.4882439,4.127904,2.010757,-0.90971744,0.36705017,on bike mount,cyclo cross,False,mixed,mixed
d9114489-29fa-4677-a225-b74f9b14aa61,c541ccc1-4b68-41c0-9a89-1673c15196e1,29a7e47b-b98f-4c21-a3ef-60033e0304c1,1636131078153,13.4141735,52.4882439,4.127904,0.23023918,-0.37340426,0.746151,on bike mount,cyclo cross,False,mixed,mixed
d9114489-29fa-4677-a225-b74f9b14aa61,c541ccc1-4b68-41c0-9a89-1673c15196e1,ebd621f3-f260-420e-a216-3ae153945598,1636131078218,13.4141735,52.4882439,4.127904,-0.80780786,-0.11923814,-0.97671795,on bike mount,cyclo cross,False,mixed,mixed
d9114489-29fa-4677-a225-b74f9b14aa61,c541ccc1-4b68-41c0-9a89-1673c15196e1,e9c2a6f3-662a-4206-808a-01d65ca65469,1636131078268,13.4141735,52.4882439,4.127904,-0.8670279,-1.2471055,2.2500324,on bike mount,cyclo cross,False,mixed,mixed
d9114489-29fa-4677-a225-b74f9b14aa61,c541ccc1-4b68-41c0-9a89-1673c15196e1,99260d69-5c81-4867-a31a-45350b5e967a,1636131078318,13.4141735,52.4882439,4.127904,0.01539892,1.1811454,-1.1835613,on bike mount,cyclo cross,False,mixed,mixed
d9114489-29fa-4677-a225-b74f9b14aa61,c541ccc1-4b68-41c0-9a89-1673c15196e1,6c2cf620-3f7a-490b-ad8b-34e27f665f92,1636131078368,13.4141735,52.4882439,4.127904,-0.8383272,1.8659,0.5212965,on bike mount,cyclo cross,False,mixed,mixed
d9114489-29fa-4677-a225-b74f9b14aa61,c541ccc1-4b68-41c0-9a89-1673c15196e1,3067d707-965a-4d6a-aedd-2867ae9042e8,1636131078418,13.4141735,52.4882439,4.127904,-0.14016059,0.25561428,0.93986034,on bike mount,cyclo cross,False,mixed,mixed
d9114489-29fa-4677-a225-b74f9b14aa61,c541ccc1-4b68-41c0-9a89-1673c15196e1,644090ed-fd5f-489b-ac7e-7bd671c4506d,1636131078468,13.4141735,52.4882439,4.127904,1.3613567,-1.8171086,0.85163975,on bike mount,cyclo cross,False,mixed,mixed
d9114489-29fa-4677-a225-b74f9b14aa61,c541ccc1-4b68-41c0-9a89-1673c15196e1,fd31199d-f594-4589-b37b-2a237581317c,1636131078519,13.4141905,52.488282,4.0934067,0.36893538,0.9440992,-0.029616356,on bike mount,cyclo cross,False,mixed,mixed
d9114489-29fa-4677-a225-b74f9b14aa61,c541ccc1-4b68-41c0-9a89-1673c15196e1,c6b185f2-4d68-415c-b764-2f53b0bf4c57,1636131078569,13.4141905,52.488282,4.0934067,-0.69952613,-1.0110916,0.30766964,on bike mount,cyclo cross,False,mixed,mixed
d9114489-29fa-4677-a225-b74f9b14aa61,c541ccc1-4b68-41c0-9a89-1673c15196e1,523b60ff-19b9-4e6a-87c3-c1094bdcfce0,1636131078619,13.4141905,52.488282,4.0934067,-1.2739258,1.2448328,-0.31530476,on bike mount,cyclo cross,False,mixed,mixed
d9114489-29fa-4677-a225-b74f9b14aa61,c541ccc1-4b68-41c0-9a89-1673c15196e1,bb5a9cba-f9b6-4aca-b1a5-b33f7a34adaf,1636131078669,13.4141905,52.488282,4.0934067,-1.0963062,-0.11319685,2.66319,on bike mount,cyclo cross,False,mixed,mixed
d9114489-29fa-4677-a225-b74f9b14aa61,c541ccc1-4b68-41c0-9a89-1673c15196e1,2e967bcf-da2d-4496-bbaa-faf01c1d4d6f,1636131078719,13.4141905,52.488282,4.0934067,-0.23807177,-0.9604268,-0.06665802,on bike mount,cyclo cross,False,mixed,mixed
d9114489-29fa-4677-a225-b74f9b14aa61,c541ccc1-4b68-41c0-9a89-1673c15196e1,e46a8b3f-440d-4566-9bd0-e7e485b9b31c,1636131078770,13.4141905,52.488282,4.0934067,0.6415559,-0.1218524,-0.3388176,on bike mount,cyclo cross,False,mixed,mixed
d9114489-29fa-4677-a225-b74f9b14aa61,c541ccc1-4b68-41c0-9a89-1673c15196e1,fd87c6a1-6645-4126-9ce7-a5e875b48fde,1636131078820,13.4141905,52.488282,4.0934067,-0.018298104,0.20322943,-1.4718733,on bike mount,cyclo cross,False,mixed,mixed
d9114489-29fa-4677-a225-b74f9b14aa61,c541ccc1-4b68-41c0-9a89-1673c15196e1,10357aec-dc77-40c8-93a0-084927b2b4f6,1636131078871,13.4141905,52.488282,4.0934067,0.38546956,-0.7531228,0.24917221,on bike mount,cyclo cross,False,mixed,mixed
d9114489-29fa-4677-a225-b74f9b14aa61,c541ccc1-4b68-41c0-9a89-1673c15196e1,93f22f40-5b27-4d3f-9a77-697904cca8a4,1636131078921,13.4141905,52.488282,4.0934067,0.08186191,0.10524821,-0.8837385,on bike mount,cyclo cross,False,mixed,mixed
d9114489-29fa-4677-a225-b74f9b14aa61,c541ccc1-4b68-41c0-9a89-1673c15196e1,8590bc71-17ef-428d-b632-adcec42e60a3,1636131078970,13.4141905,52.488282,4.0934067,0.7392382,-1.203821,0.32148266,on bike mount,cyclo cross,False,mixed,mixed
d9114489-29fa-4677-a225-b74f9b14aa61,c541ccc1-4b68-41c0-9a89-1673c15196e1,35bf5a3c-e5ce-4fc0-8967-4e6cfb2eb4b1,1636131079021,13.4141905,52.488282,4.0934067,0.3443225,0.29821348,-0.3419037,on bike mount,cyclo cross,False,mixed,mixed
d9114489-29fa-4677-a225-b74f9b14aa61,c541ccc1-4b68-41c0-9a89-1673c15196e1,88fa728f-29dc-49ae-9a8d-dd2a1ca9de8e,1636131079071,13.4141905,52.488282,4.0934067,-0.28788978,-1.1013949,2.0591154,on bike mount,cyclo cross,False,mixed,mixed
d9114489-29fa-4677-a225-b74f9b14aa61,c541ccc1-4b68-41c0-9a89-1673c15196e1,9314b753-49d4-46bd-8031-b6de2bae5821,1636131079121,13.4141905,52.488282,4.0934067,0.36213857,-0.09398842,-0.55595875,on bike mount,cyclo cross,False,mixed,mixed
d9114489-29fa-4677-a225-b74f9b14aa61,c541ccc1-4b68-41c0-9a89-1673c15196e1,500b93e6-2c2d-453f-ac36-17b4ed16dcd2,1636131079172,13.4141905,52.488282,4.0934067,-0.1712817,-2.1894212,-0.09610653,on bike mount,cyclo cross,False,mixed,mixed
d9114489-29fa-4677-a225-b74f9b14aa61,c541ccc1-4b68-41c0-9a89-1673c15196e1,59364539-3f77-4b22-b458-26a1641d4c50,1636131079222,13.4141905,52.488282,4.0934067,0.39567888,0.47079802,-0.4116001,on bike mount,cyclo cross,False,mixed,mixed
d9114489-29fa-4677-a225-b74f9b14aa61,c541ccc1-4b68-41c0-9a89-1673c15196e1,7e39f60e-ae33-4f55-971d-b60ef3ef41cb,1636131079272,13.4141905,52.488282,4.0934067,2.9073536,-1.2247022,-0.43297958,on bike mount,cyclo cross,False,mixed,mixed
d9114489-29fa-4677-a225-b74f9b14aa61,c541ccc1-4b68-41c0-9a89-1673c15196e1,1ef69b29-a02d-48f5-bac3-e8e7ba654592,1636131079323,13.4141905,52.488282,4.0934067,-0.17380124,0.2394855,0.63374996,on bike mount,cyclo cross,False,mixed,mixed
d9114489-29fa-4677-a225-b74f9b14aa61,c541ccc1-4b68-41c0-9a89-1673c15196e1,24ae432d-12a4-447b-9508-abb738ad33c2,1636131079372,13.4141905,52.488282,4.0934067,0.5245959,-2.3743527,0.21910572,on bike mount,cyclo cross,False,mixed,mixed
d9114489-29fa-4677-a225-b74f9b14aa61,c541ccc1-4b68-41c0-9a89-1673c15196e1,4b3d960a-5881-4ad7-9fa8-ba0d188ed5a7,1636131079438,13.4141905,52.488282,4.0934067,0.9835936,3.152017,-0.67770195,on bike mount,cyclo cross,False,mixed,mixed
d9114489-29fa-4677-a225-b74f9b14aa61,c541ccc1-4b68-41c0-9a89-1673c15196e1,4bd0e57a-7290-4d13-99b1-c6717dbc5967,1636131079490,13.4141905,52.488282,4.0934067,-0.5308497,0.31509662,2.0289478,on bike mount,cyclo cross,False,mixed,mixed
d9114489-29fa-4677-a225-b74f9b14aa61,c541ccc1-4b68-41c0-9a89-1673c15196e1,e3768b9d-3e89-4ef8-8770-fb590b86153e,1636131079539,13.4142126,52.4883184,4.251072,0.4358413,-0.4074371,-2.4454565,on bike mount,cyclo cross,False,mixed,mixed
d9114489-29fa-4677-a225-b74f9b14aa61,c541ccc1-4b68-41c0-9a89-1673c15196e1,b01215ed-8349-43d7-8751-aa5ea6c36d7c,1636131079589,13.4142126,52.4883184,4.251072,0.2645336,0.22871041,-1.5797515,on bike mount,cyclo cross,False,mixed,mixed
d9114489-29fa-4677-a225-b74f9b14aa61,c541ccc1-4b68-41c0-9a89-1673c15196e1,bf5f7d61-707f-4194-86a2-b51292724645,1636131079639,13.4142126,52.4883184,4.251072,0.4979779,-0.7309332,-0.08840847,on bike mount,cyclo cross,False,mixed,mixed
