bike_activity_uid,bike_activity_sample_uid,bike_activity_measurement,bike_activity_measurement_timestamp,bike_activity_measurement_lon,bike_activity_measurement_lat,bike_activity_measurement_speed,bike_activity_measurement_accelerometer_x,bike_activity_measurement_accelerometer_y,bike_activity_measurement_accelerometer_z,bike_activity_phone_position,bike_activity_bike_type,bike_activity_flagged_lab_conditions,bike_activity_surface_type,bike_activity_smoothness_type
ec6461f0-3771-4a48-b184-e422cc7a5c11,06c9745a-279b-48f2-95b1-32fa5318759d,b36db7fe-9196-436f-a2a2-85c423a1de85,1635688517287,13.4075444,52.4791289,5.8813133,0.6473675,0.37116432,-0.019018173,on bike mount,cyclo cross,True,concrete plates,good
ec6461f0-3771-4a48-b184-e422cc7a5c11,06c9745a-279b-48f2-95b1-32fa5318759d,14180b20-4e34-44ea-bff2-938eaf9dbd63,1635688517339,13.4075444,52.4791289,5.8813133,2.905961,-1.8445477,1.3733664,on bike mount,cyclo cross,True,concrete plates,good
ec6461f0-3771-4a48-b184-e422cc7a5c11,06c9745a-279b-48f2-95b1-32fa5318759d,ccb70fa1-bc05-4b75-926f-f338f6df3fea,1635688517404,13.4075444,52.4791289,5.8813133,1.0335699,-3.141577,0.79651546,on bike mount,cyclo cross,True,concrete plates,good
ec6461f0-3771-4a48-b184-e422cc7a5c11,06c9745a-279b-48f2-95b1-32fa5318759d,b957eadf-740d-413a-ab7b-6d7be32073f3,1635688517461,13.4075444,52.4791289,5.8813133,2.0338874,-0.10488081,0.10635567,on bike mount,cyclo cross,True,concrete plates,good
ec6461f0-3771-4a48-b184-e422cc7a5c11,06c9745a-279b-48f2-95b1-32fa5318759d,caba5985-19e4-46cd-96f2-e6e4d2b5895c,1635688517519,13.4075444,52.4791289,5.8813133,2.205824,0.23961091,0.5730486,on bike mount,cyclo cross,True,concrete plates,good
ec6461f0-3771-4a48-b184-e422cc7a5c11,06c9745a-279b-48f2-95b1-32fa5318759d,876df1be-7ddb-4c08-877c-5fb9b8cb35d0,1635688517571,13.4075444,52.4791289,5.8813133,0.45450068,-4.137186,1.6254587,on bike mount,cyclo cross,True,concrete plates,good
ec6461f0-3771-4a48-b184-e422cc7a5c11,06c9745a-279b-48f2-95b1-32fa5318759d,f7065618-adff-4014-8d96-ad9a25bc8487,1635688517622,13.4075444,52.4791289,5.8813133,0.7502545,-0.33166456,-1.7094431,on bike mount,cyclo cross,True,concrete plates,good
ec6461f0-3771-4a48-b184-e422cc7a5c11,06c9745a-279b-48f2-95b1-32fa5318759d,c148793a-e334-4fa0-a058-9d18d264cdd4,1635688517671,13.4075444,52.4791289,5.8813133,2.150885,-1.5789433,1.0546141,on bike mount,cyclo cross,True,concrete plates,good
ec6461f0-3771-4a48-b184-e422cc7a5c11,06c9745a-279b-48f2-95b1-32fa5318759d,7e5ef110-0164-4993-bfe8-0e9de7d07ee9,1635688517722,13.4076141,52.4790921,5.8964424,1.553443,-0.2885294,0.51560974,on bike mount,cyclo cross,True,concrete plates,good
ec6461f0-3771-4a48-b184-e422cc7a5c11,06c9745a-279b-48f2-95b1-32fa5318759d,1d9190d1-3061-419d-b78d-55106a51add2,1635688517771,13.4076141,52.4790921,5.8964424,0.28577173,0.7537613,-2.1771178,on bike mount,cyclo cross,True,concrete plates,good
ec6461f0-3771-4a48-b184-e422cc7a5c11,06c9745a-279b-48f2-95b1-32fa5318759d,e6442517-f0eb-41f5-b2b8-2be0277c535d,1635688517821,13.4076141,52.4790921,5.8964424,0.36570978,1.2150018,0.243536,on bike mount,cyclo cross,True,concrete plates,good
ec6461f0-3771-4a48-b184-e422cc7a5c11,06c9745a-279b-48f2-95b1-32fa5318759d,d5987e56-d8b5-413e-8f38-f9501fe45f30,1635688517871,13.4076141,52.4790921,5.8964424,0.6550464,2.530224,-4.197729,on bike mount,cyclo cross,True,concrete plates,good
ec6461f0-3771-4a48-b184-e422cc7a5c11,06c9745a-279b-48f2-95b1-32fa5318759d,1f98bea8-2eaf-4d9a-879f-f08491b35ed0,1635688517921,13.4076141,52.4790921,5.8964424,1.722687,-5.0203323,3.2782097,on bike mount,cyclo cross,True,concrete plates,good
ec6461f0-3771-4a48-b184-e422cc7a5c11,06c9745a-279b-48f2-95b1-32fa5318759d,7d742c8d-e1dc-456b-b7b8-b08827e4fe83,1635688517972,13.4076141,52.4790921,5.8964424,1.4759674,-3.8067396,3.1082916,on bike mount,cyclo cross,True,concrete plates,good
ec6461f0-3771-4a48-b184-e422cc7a5c11,06c9745a-279b-48f2-95b1-32fa5318759d,6d14b3a8-45e1-4a1b-9720-aa93474d12be,1635688518037,13.4076141,52.4790921,5.8964424,0.34829825,0.9006417,0.5503073,on bike mount,cyclo cross,True,concrete plates,good
ec6461f0-3771-4a48-b184-e422cc7a5c11,06c9745a-279b-48f2-95b1-32fa5318759d,f18a6888-c6f4-4199-9629-533118c4ae1a,1635688518090,13.4076141,52.4790921,5.8964424,1.2503179,2.819831,1.3952789,on bike mount,cyclo cross,True,concrete plates,good
ec6461f0-3771-4a48-b184-e422cc7a5c11,06c9745a-279b-48f2-95b1-32fa5318759d,24c3cb45-f1ed-48a3-9413-0fa59b0804c4,1635688518158,13.4076141,52.4790921,5.8964424,0.5645284,-1.3055745,4.7633085,on bike mount,cyclo cross,True,concrete plates,good
ec6461f0-3771-4a48-b184-e422cc7a5c11,06c9745a-279b-48f2-95b1-32fa5318759d,f45643d2-158b-4368-adad-a921c9bc5cc8,1635688518221,13.4076141,52.4790921,5.8964424,0.77526116,-0.85825014,4.0888014,on bike mount,cyclo cross,True,concrete plates,good
ec6461f0-3771-4a48-b184-e422cc7a5c11,06c9745a-279b-48f2-95b1-32fa5318759d,56176bac-93d5-477d-9f65-eeb58800c8ef,1635688518271,13.4076141,52.4790921,5.8964424,-0.16737568,-0.93722737,-1.0769982,on bike mount,cyclo cross,True,concrete plates,good
ec6461f0-3771-4a48-b184-e422cc7a5c11,06c9745a-279b-48f2-95b1-32fa5318759d,fbf19814-4b4c-4af8-be2e-0236d3e24bf1,1635688518321,13.4076141,52.4790921,5.8964424,-1.7615312,0.1538086,0.6347246,on bike mount,cyclo cross,True,concrete plates,good
ec6461f0-3771-4a48-b184-e422cc7a5c11,06c9745a-279b-48f2-95b1-32fa5318759d,b5b45df9-de91-4500-bcca-fd6d6dee1b8c,1635688518374,13.4076141,52.4790921,5.8964424,0.582977,-0.41007018,-1.3871894,on bike mount,cyclo cross,True,concrete plates,good
ec6461f0-3771-4a48-b184-e422cc7a5c11,06c9745a-279b-48f2-95b1-32fa5318759d,48257124-7bfb-4f03-aeca-1a72cb170caa,1635688518439,13.4076141,52.4790921,5.8964424,-3.6958246,0.9320502,7.4307423,on bike mount,cyclo cross,True,concrete plates,good
ec6461f0-3771-4a48-b184-e422cc7a5c11,06c9745a-279b-48f2-95b1-32fa5318759d,44861fe9-e651-42ab-8681-ffca48d8afb3,1635688518493,13.4076141,52.4790921,5.8964424,0.9667129,0.09007144,-1.9156895,on bike mount,cyclo cross,True,concrete plates,good
ec6461f0-3771-4a48-b184-e422cc7a5c11,06c9745a-279b-48f2-95b1-32fa5318759d,af6b3b8a-060b-4e30-9dbd-0f66a0a33329,1635688518557,13.4076141,52.4790921,5.8964424,-1.5569146,-2.242616,1.8693266,on bike mount,cyclo cross,True,concrete plates,good
ec6461f0-3771-4a48-b184-e422cc7a5c11,06c9745a-279b-48f2-95b1-32fa5318759d,e8b241f9-9ad7-446d-bfe6-0609ba83c49c,1635688518610,13.4076141,52.4790921,5.8964424,-0.13452244,5.098168,-2.4256806,on bike mount,cyclo cross,True,concrete plates,good
ec6461f0-3771-4a48-b184-e422cc7a5c11,06c9745a-279b-48f2-95b1-32fa5318759d,f13f467c-4519-4b51-b3b5-f165ef7baa47,1635688518671,13.4076141,52.4790921,5.8964424,0.3346964,-0.5043354,-3.1530714,on bike mount,cyclo cross,True,concrete plates,good
ec6461f0-3771-4a48-b184-e422cc7a5c11,06c9745a-279b-48f2-95b1-32fa5318759d,e2dc6a0e-2eaa-4220-b39a-87e047ea625d,1635688518722,13.4076697,52.4790492,5.641523,-0.94608355,-0.88227403,-0.4349804,on bike mount,cyclo cross,True,concrete plates,good
ec6461f0-3771-4a48-b184-e422cc7a5c11,06c9745a-279b-48f2-95b1-32fa5318759d,5073c19f-b47b-44da-8cc0-a4d8020dafa5,1635688518774,13.4076697,52.4790492,5.641523,1.2152262,-1.2419491,0.6097317,on bike mount,cyclo cross,True,concrete plates,good
ec6461f0-3771-4a48-b184-e422cc7a5c11,06c9745a-279b-48f2-95b1-32fa5318759d,f2c5358b-cdce-4e00-bb5a-eeda1c0de32e,1635688518823,13.4076697,52.4790492,5.641523,-0.59027743,1.8176246,-0.4342699,on bike mount,cyclo cross,True,concrete plates,good
ec6461f0-3771-4a48-b184-e422cc7a5c11,06c9745a-279b-48f2-95b1-32fa5318759d,4b5945a1-2ed7-4db5-bdc4-5affc58d0646,1635688518875,13.4076697,52.4790492,5.641523,-3.9556255,-2.4880552,5.4801226,on bike mount,cyclo cross,True,concrete plates,good
ec6461f0-3771-4a48-b184-e422cc7a5c11,06c9745a-279b-48f2-95b1-32fa5318759d,4617d30a-c1dc-4ff0-803c-e30316d03196,1635688518928,13.4076697,52.4790492,5.641523,-0.52765965,-1.2498465,1.26828,on bike mount,cyclo cross,True,concrete plates,good
ec6461f0-3771-4a48-b184-e422cc7a5c11,06c9745a-279b-48f2-95b1-32fa5318759d,f904082a-1a00-4ff1-a530-79158efc10e1,1635688518991,13.4076697,52.4790492,5.641523,-0.71000695,0.7430327,-1.2192497,on bike mount,cyclo cross,True,concrete plates,good
ec6461f0-3771-4a48-b184-e422cc7a5c11,06c9745a-279b-48f2-95b1-32fa5318759d,fd3f88cd-d249-4e89-893b-88935170d0eb,1635688519040,13.4076697,52.4790492,5.641523,-1.7757281,-1.6520786,0.68448925,on bike mount,cyclo cross,True,concrete plates,good
ec6461f0-3771-4a48-b184-e422cc7a5c11,06c9745a-279b-48f2-95b1-32fa5318759d,7658a5f3-dd0f-4a80-8b3a-5f4c660069c7,1635688519090,13.4076697,52.4790492,5.641523,0.22825587,-2.0218759,-2.542799,on bike mount,cyclo cross,True,concrete plates,good
ec6461f0-3771-4a48-b184-e422cc7a5c11,06c9745a-279b-48f2-95b1-32fa5318759d,4f89964a-6989-419b-b69a-39945ba5cb80,1635688519140,13.4076697,52.4790492,5.641523,-1.2587132,-2.2968857,1.4647579,on bike mount,cyclo cross,True,concrete plates,good
ec6461f0-3771-4a48-b184-e422cc7a5c11,06c9745a-279b-48f2-95b1-32fa5318759d,4d18ebac-0c35-4031-a7ae-6dbe0d77f2bd,1635688519190,13.4076697,52.4790492,5.641523,-2.041739,0.9250245,1.0386915,on bike mount,cyclo cross,True,concrete plates,good
ec6461f0-3771-4a48-b184-e422cc7a5c11,06c9745a-279b-48f2-95b1-32fa5318759d,175d95c2-f67b-43bd-9515-c6c567dbd2f2,1635688519244,13.4076697,52.4790492,5.641523,-1.2603476,1.7658842,-0.9607878,on bike mount,cyclo cross,True,concrete plates,good
ec6461f0-3771-4a48-b184-e422cc7a5c11,06c9745a-279b-48f2-95b1-32fa5318759d,ca456a29-0d10-4337-9624-57e07c8bfc94,1635688519298,13.4076697,52.4790492,5.641523,-0.90758926,-2.1191745,1.2803373,on bike mount,cyclo cross,True,concrete plates,good
ec6461f0-3771-4a48-b184-e422cc7a5c11,06c9745a-279b-48f2-95b1-32fa5318759d,f0bfeb8e-2a62-47a4-b4da-b0c940a1b638,1635688519357,13.4076697,52.4790492,5.641523,0.5202272,1.1196032,1.1888428,on bike mount,cyclo cross,True,concrete plates,good
ec6461f0-3771-4a48-b184-e422cc7a5c11,06c9745a-279b-48f2-95b1-32fa5318759d,344d0bee-cce6-4c4f-84d3-a864912bd538,1635688519409,13.4076697,52.4790492,5.641523,-2.6848688,-0.24414062,-0.20714855,on bike mount,cyclo cross,True,concrete plates,good
ec6461f0-3771-4a48-b184-e422cc7a5c11,06c9745a-279b-48f2-95b1-32fa5318759d,65420c29-c3b4-4be0-90e7-9e7ec3f7571c,1635688519479,13.4076697,52.4790492,5.641523,-0.55809695,-0.7312422,0.17412663,on bike mount,cyclo cross,True,concrete plates,good
ec6461f0-3771-4a48-b184-e422cc7a5c11,06c9745a-279b-48f2-95b1-32fa5318759d,2d498b39-1a8c-4143-8535-961ece1cd8f7,1635688519541,13.4076697,52.4790492,5.641523,-0.65645677,-0.9372301,-0.4616413,on bike mount,cyclo cross,True,concrete plates,good
ec6461f0-3771-4a48-b184-e422cc7a5c11,06c9745a-279b-48f2-95b1-32fa5318759d,b057a69d-cddb-4503-b476-8787b6c5a138,1635688519595,13.4076697,52.4790492,5.641523,-1.4199613,4.337298,-1.8793283,on bike mount,cyclo cross,True,concrete plates,good
ec6461f0-3771-4a48-b184-e422cc7a5c11,06c9745a-279b-48f2-95b1-32fa5318759d,75e8e704-7954-418d-b06b-fd5d6a7f4231,1635688519663,13.4076697,52.4790492,5.641523,-1.132275,-1.3713486,4.867958,on bike mount,cyclo cross,True,concrete plates,good
ec6461f0-3771-4a48-b184-e422cc7a5c11,06c9745a-279b-48f2-95b1-32fa5318759d,80276d75-b2da-4b8c-96f8-0d0615692d34,1635688519723,13.4077271,52.4790066,5.801761,-0.37937397,-0.16328025,3.7548628,on bike mount,cyclo cross,True,concrete plates,good
ec6461f0-3771-4a48-b184-e422cc7a5c11,06c9745a-279b-48f2-95b1-32fa5318759d,fb37072a-e117-4f0e-8051-9c9a8568351f,1635688519776,13.4077271,52.4790066,5.801761,-1.9052149,-1.8222052,-2.4018383,on bike mount,cyclo cross,True,concrete plates,good
ec6461f0-3771-4a48-b184-e422cc7a5c11,06c9745a-279b-48f2-95b1-32fa5318759d,4c838505-0fdd-4d4a-a814-7a9af0028940,1635688519829,13.4077271,52.4790066,5.801761,-1.5832953,-0.7637265,-0.83249044,on bike mount,cyclo cross,True,concrete plates,good
ec6461f0-3771-4a48-b184-e422cc7a5c11,06c9745a-279b-48f2-95b1-32fa5318759d,24b1ce2f-5871-421e-88f6-3ef478512b15,1635688519894,13.4077271,52.4790066,5.801761,-0.27757376,1.5412905,-3.2091508,on bike mount,cyclo cross,True,concrete plates,good
ec6461f0-3771-4a48-b184-e422cc7a5c11,06c9745a-279b-48f2-95b1-32fa5318759d,e344a575-d713-4491-b414-c5cca199b011,1635688519959,13.4077271,52.4790066,5.801761,-0.66776824,-2.3311481,1.8428602,on bike mount,cyclo cross,True,concrete plates,good
ec6461f0-3771-4a48-b184-e422cc7a5c11,06c9745a-279b-48f2-95b1-32fa5318759d,0fbedfe6-cda0-4ffd-be20-d8fcb4b2fb7d,1635688520025,13.4077271,52.4790066,5.801761,-0.008070946,3.2335339,5.4332047,on bike mount,cyclo cross,True,concrete plates,good
ec6461f0-3771-4a48-b184-e422cc7a5c11,06c9745a-279b-48f2-95b1-32fa5318759d,a149de85-ad3c-4c67-a8c8-3c791afd2269,1635688520076,13.4077271,52.4790066,5.801761,-0.79654396,-2.5532365,-1.7895565,on bike mount,cyclo cross,True,concrete plates,good
ec6461f0-3771-4a48-b184-e422cc7a5c11,06c9745a-279b-48f2-95b1-32fa5318759d,e0164323-5242-4093-9789-0bd68c5d2fa6,1635688520125,13.4077271,52.4790066,5.801761,-0.09906793,3.707385,1.4546957,on bike mount,cyclo cross,True,concrete plates,good
ec6461f0-3771-4a48-b184-e422cc7a5c11,06c9745a-279b-48f2-95b1-32fa5318759d,a7957b8b-a654-4c5b-965f-65bc438abfe0,1635688520179,13.4077271,52.4790066,5.801761,-2.8411286,0.079399586,-2.9420466,on bike mount,cyclo cross,True,concrete plates,good
ec6461f0-3771-4a48-b184-e422cc7a5c11,06c9745a-279b-48f2-95b1-32fa5318759d,b5ee3c48-395d-4322-9646-ce4435969721,1635688520242,13.4077271,52.4790066,5.801761,0.92698586,-2.9345996,1.135273,on bike mount,cyclo cross,True,concrete plates,good
ec6461f0-3771-4a48-b184-e422cc7a5c11,06c9745a-279b-48f2-95b1-32fa5318759d,b58c8bcb-7c5e-4459-841e-1b71317c7ed6,1635688520294,13.4077271,52.4790066,5.801761,-1.3045069,-0.37874484,-2.0384116,on bike mount,cyclo cross,True,concrete plates,good
ec6461f0-3771-4a48-b184-e422cc7a5c11,06c9745a-279b-48f2-95b1-32fa5318759d,410e07fe-2fa9-4283-a3fb-357e4c0951e0,1635688520344,13.4077271,52.4790066,5.801761,2.2234178,2.3061194,3.7256556,on bike mount,cyclo cross,True,concrete plates,good
ec6461f0-3771-4a48-b184-e422cc7a5c11,06c9745a-279b-48f2-95b1-32fa5318759d,b75bb249-9dc8-4dab-9ec3-eb58b11e84e6,1635688520399,13.4077271,52.4790066,5.801761,-1.6226919,1.2964692,-0.089632034,on bike mount,cyclo cross,True,concrete plates,good
ec6461f0-3771-4a48-b184-e422cc7a5c11,06c9745a-279b-48f2-95b1-32fa5318759d,e283efc2-0ced-4793-9609-0a1eda06dfd4,1635688520458,13.4077271,52.4790066,5.801761,-0.67375124,-0.91005635,2.624364,on bike mount,cyclo cross,True,concrete plates,good
ec6461f0-3771-4a48-b184-e422cc7a5c11,06c9745a-279b-48f2-95b1-32fa5318759d,f7f7f90e-d63c-441b-9a83-eb03da881fac,1635688520511,13.4077271,52.4790066,5.801761,0.2893541,1.1093335,-0.6098876,on bike mount,cyclo cross,True,concrete plates,good
ec6461f0-3771-4a48-b184-e422cc7a5c11,06c9745a-279b-48f2-95b1-32fa5318759d,109fffe0-952d-427a-91a1-a2a2719600d1,1635688520562,13.4077271,52.4790066,5.801761,0.24437386,-1.5079106,-0.087405205,on bike mount,cyclo cross,True,concrete plates,good
ec6461f0-3771-4a48-b184-e422cc7a5c11,06c9745a-279b-48f2-95b1-32fa5318759d,43962a62-2418-493a-a7d4-b193aa8b3b4e,1635688520628,13.4077271,52.4790066,5.801761,-0.5267818,2.06302,-0.627965,on bike mount,cyclo cross,True,concrete plates,good
ec6461f0-3771-4a48-b184-e422cc7a5c11,06c9745a-279b-48f2-95b1-32fa5318759d,889b93ce-a158-4c0c-a437-6bad4a93c88c,1635688520694,13.4077271,52.4790066,5.801761,-1.0380325,-2.16573,3.9252853,on bike mount,cyclo cross,True,concrete plates,good
ec6461f0-3771-4a48-b184-e422cc7a5c11,06c9745a-279b-48f2-95b1-32fa5318759d,8b379e6d-a964-47f3-94b9-c509c66f515d,1635688520743,13.4077906,52.4789757,5.757603,0.13038492,0.31288385,2.6532345,on bike mount,cyclo cross,True,concrete plates,good
ec6461f0-3771-4a48-b184-e422cc7a5c11,06c9745a-279b-48f2-95b1-32fa5318759d,d2facbaf-7612-4676-bcdb-a9526fb9ac32,1635688520792,13.4077906,52.4789757,5.757603,-0.79533863,-0.2531495,-1.3207631,on bike mount,cyclo cross,True,concrete plates,good
ec6461f0-3771-4a48-b184-e422cc7a5c11,06c9745a-279b-48f2-95b1-32fa5318759d,346d3899-9149-44e7-9f10-042b0a502849,1635688520842,13.4077906,52.4789757,5.757603,-0.8438005,-0.6335759,-2.3962255,on bike mount,cyclo cross,True,concrete plates,good
ec6461f0-3771-4a48-b184-e422cc7a5c11,06c9745a-279b-48f2-95b1-32fa5318759d,e775ee8d-fcb1-498c-8c9c-35579a98ccd0,1635688520894,13.4077906,52.4789757,5.757603,-1.6985227,-1.9867623,2.6994133,on bike mount,cyclo cross,True,concrete plates,good
ec6461f0-3771-4a48-b184-e422cc7a5c11,06c9745a-279b-48f2-95b1-32fa5318759d,489ab18b-4d83-4316-8819-578c65ebf085,1635688520944,13.4077906,52.4789757,5.757603,-1.0690589,-3.0763452,0.11478615,on bike mount,cyclo cross,True,concrete plates,good
ec6461f0-3771-4a48-b184-e422cc7a5c11,06c9745a-279b-48f2-95b1-32fa5318759d,06b2f1e4-2708-42f7-abab-35a34dbdcb5b,1635688520994,13.4077906,52.4789757,5.757603,-0.7416917,2.4872384,0.7495651,on bike mount,cyclo cross,True,concrete plates,good
ec6461f0-3771-4a48-b184-e422cc7a5c11,06c9745a-279b-48f2-95b1-32fa5318759d,08818980-073d-4d66-9eff-abc932a8b1b0,1635688521046,13.4077906,52.4789757,5.757603,-1.2861707,-0.8460574,0.75565624,on bike mount,cyclo cross,True,concrete plates,good
ec6461f0-3771-4a48-b184-e422cc7a5c11,06c9745a-279b-48f2-95b1-32fa5318759d,b9f21939-2293-4a3a-be44-91ae6ed9c3a6,1635688521112,13.4077906,52.4789757,5.757603,-0.7088775,-0.5718558,2.0984192,on bike mount,cyclo cross,True,concrete plates,good
ec6461f0-3771-4a48-b184-e422cc7a5c11,06c9745a-279b-48f2-95b1-32fa5318759d,366fa8b6-c085-469c-87cd-143e9179c905,1635688521162,13.4077906,52.4789757,5.757603,-0.1455572,-1.5170032,-1.6840248,on bike mount,cyclo cross,True,concrete plates,good
ec6461f0-3771-4a48-b184-e422cc7a5c11,06c9745a-279b-48f2-95b1-32fa5318759d,b5b2292d-67a7-495a-965f-e5127c965512,1635688521227,13.4077906,52.4789757,5.757603,-0.341819,0.42404962,-0.877584,on bike mount,cyclo cross,True,concrete plates,good
ec6461f0-3771-4a48-b184-e422cc7a5c11,06c9745a-279b-48f2-95b1-32fa5318759d,8b13c294-0c9b-4889-8007-c46316e82779,1635688521278,13.4077906,52.4789757,5.757603,-1.1282746,-0.9075191,-1.5189791,on bike mount,cyclo cross,True,concrete plates,good
ec6461f0-3771-4a48-b184-e422cc7a5c11,06c9745a-279b-48f2-95b1-32fa5318759d,3bf369bd-5c8d-41fe-af4b-d1d6ab02e952,1635688521328,13.4077906,52.4789757,5.757603,-0.30858463,-0.8319645,0.5184183,on bike mount,cyclo cross,True,concrete plates,good
ec6461f0-3771-4a48-b184-e422cc7a5c11,06c9745a-279b-48f2-95b1-32fa5318759d,e38a6725-8b95-48f8-82ad-d2b2952cd42f,1635688521378,13.4077906,52.4789757,5.757603,-0.32772487,-2.8292406,1.0354929,on bike mount,cyclo cross,True,concrete plates,good
ec6461f0-3771-4a48-b184-e422cc7a5c11,06c9745a-279b-48f2-95b1-32fa5318759d,155c479a-3ff6-435c-9491-91ffdc40c04d,1635688521429,13.4077906,52.4789757,5.757603,-0.39855754,-1.3090731,4.3774996,on bike mount,cyclo cross,True,concrete plates,good
ec6461f0-3771-4a48-b184-e422cc7a5c11,06c9745a-279b-48f2-95b1-32fa5318759d,342912a6-6c81-4076-be3d-e5165821df63,1635688521496,13.4077906,52.4789757,5.757603,-1.6417416,0.61711526,1.5699358,on bike mount,cyclo cross,True,concrete plates,good
ec6461f0-3771-4a48-b184-e422cc7a5c11,06c9745a-279b-48f2-95b1-32fa5318759d,a8a92c15-f954-4601-b4be-ab060642de3c,1635688521548,13.4077906,52.4789757,5.757603,-0.12887621,-1.0714346,1.0578089,on bike mount,cyclo cross,True,concrete plates,good
ec6461f0-3771-4a48-b184-e422cc7a5c11,06c9745a-279b-48f2-95b1-32fa5318759d,5d5b018b-8b7e-43e0-af90-7687b589355b,1635688521598,13.4077906,52.4789757,5.757603,0.07327604,-2.1791224,3.5581121,on bike mount,cyclo cross,True,concrete plates,good
ec6461f0-3771-4a48-b184-e422cc7a5c11,06c9745a-279b-48f2-95b1-32fa5318759d,425df477-7c2a-47a0-ae7c-d47d44bbf5c5,1635688521649,13.4077906,52.4789757,5.757603,-3.0699322,-0.723418,-0.20055962,on bike mount,cyclo cross,True,concrete plates,good
ec6461f0-3771-4a48-b184-e422cc7a5c11,06c9745a-279b-48f2-95b1-32fa5318759d,859f53b1-9744-4644-837b-5c4794d8f801,1635688521712,13.4078582,52.4789468,5.750158,0.72969604,-2.1705256,3.444025,on bike mount,cyclo cross,True,concrete plates,good
ec6461f0-3771-4a48-b184-e422cc7a5c11,06c9745a-279b-48f2-95b1-32fa5318759d,a5ff6510-1ac6-40a9-bfc7-3f6da39a23aa,1635688521762,13.4078582,52.4789468,5.750158,0.38789618,-5.650849,-1.79428,on bike mount,cyclo cross,True,concrete plates,good
ec6461f0-3771-4a48-b184-e422cc7a5c11,06c9745a-279b-48f2-95b1-32fa5318759d,d1bacd52-254d-40a9-8770-b01be7b7184e,1635688521813,13.4078582,52.4789468,5.750158,-1.8312261,-3.1309805,1.0587959,on bike mount,cyclo cross,True,concrete plates,good
ec6461f0-3771-4a48-b184-e422cc7a5c11,06c9745a-279b-48f2-95b1-32fa5318759d,aead8ab9-d701-4571-880e-9575226b0300,1635688521878,13.4078582,52.4789468,5.750158,-1.231757,-0.5728924,-2.6120806,on bike mount,cyclo cross,True,concrete plates,good
ec6461f0-3771-4a48-b184-e422cc7a5c11,06c9745a-279b-48f2-95b1-32fa5318759d,c0bd3371-b0b9-431f-a5fb-2655b2a7f054,1635688521928,13.4078582,52.4789468,5.750158,-0.35962152,-6.5293665,0.74673176,on bike mount,cyclo cross,True,concrete plates,good
ec6461f0-3771-4a48-b184-e422cc7a5c11,06c9745a-279b-48f2-95b1-32fa5318759d,a94ab0fc-301c-4255-8332-6244113c9173,1635688521980,13.4078582,52.4789468,5.750158,0.08604133,2.9998484,-1.0535326,on bike mount,cyclo cross,True,concrete plates,good
ec6461f0-3771-4a48-b184-e422cc7a5c11,06c9745a-279b-48f2-95b1-32fa5318759d,a58f6791-8ba3-4801-9e8f-59f625f070b8,1635688522029,13.4078582,52.4789468,5.750158,-0.021108605,2.1273813,-0.90605545,on bike mount,cyclo cross,True,concrete plates,good
ec6461f0-3771-4a48-b184-e422cc7a5c11,06c9745a-279b-48f2-95b1-32fa5318759d,1ea501d8-1bf2-4477-a8f2-a772f8337d32,1635688522078,13.4078582,52.4789468,5.750158,-0.9171231,-0.20581722,3.2298136,on bike mount,cyclo cross,True,concrete plates,good
ec6461f0-3771-4a48-b184-e422cc7a5c11,06c9745a-279b-48f2-95b1-32fa5318759d,0dcda660-0f10-4537-a14e-782b2fbbfd51,1635688522131,13.4078582,52.4789468,5.750158,-0.9022847,-6.1421833,2.0048761,on bike mount,cyclo cross,True,concrete plates,good
ec6461f0-3771-4a48-b184-e422cc7a5c11,06c9745a-279b-48f2-95b1-32fa5318759d,421cd5dd-e39a-41ea-9cee-d8581b9c3615,1635688522197,13.4078582,52.4789468,5.750158,-0.8001759,4.004601,-3.2103987,on bike mount,cyclo cross,True,concrete plates,good
ec6461f0-3771-4a48-b184-e422cc7a5c11,06c9745a-279b-48f2-95b1-32fa5318759d,d665e11f-a742-4663-9ff8-2d1a5fbf80ba,1635688522248,13.4078582,52.4789468,5.750158,-0.053699374,-0.08176422,-0.66247845,on bike mount,cyclo cross,True,concrete plates,good
ec6461f0-3771-4a48-b184-e422cc7a5c11,06c9745a-279b-48f2-95b1-32fa5318759d,4c0356f6-8bac-4987-a2d5-fcca0888e8c5,1635688522312,13.4078582,52.4789468,5.750158,-0.7249556,7.5363526,-6.764871,on bike mount,cyclo cross,True,concrete plates,good
ec6461f0-3771-4a48-b184-e422cc7a5c11,06c9745a-279b-48f2-95b1-32fa5318759d,79adaf65-b78d-4471-9309-1940cb467357,1635688522363,13.4078582,52.4789468,5.750158,-2.1812167,1.0161102,4.214715,on bike mount,cyclo cross,True,concrete plates,good
ec6461f0-3771-4a48-b184-e422cc7a5c11,06c9745a-279b-48f2-95b1-32fa5318759d,a748db9b-543e-4604-a5dd-66541bba93ba,1635688522416,13.4078582,52.4789468,5.750158,-0.33900747,-1.9309397,0.25641918,on bike mount,cyclo cross,True,concrete plates,good
ec6461f0-3771-4a48-b184-e422cc7a5c11,06c9745a-279b-48f2-95b1-32fa5318759d,79ff9e70-3dd5-402e-bacf-80b3b78eb999,1635688522466,13.4078582,52.4789468,5.750158,2.259832,1.0841169,-2.8081684,on bike mount,cyclo cross,True,concrete plates,good
ec6461f0-3771-4a48-b184-e422cc7a5c11,06c9745a-279b-48f2-95b1-32fa5318759d,1ebfae95-6813-4cb6-b500-c29e66db2891,1635688522515,13.4078582,52.4789468,5.750158,0.11710581,2.475686,1.049406,on bike mount,cyclo cross,True,concrete plates,good
ec6461f0-3771-4a48-b184-e422cc7a5c11,06c9745a-279b-48f2-95b1-32fa5318759d,10ba3e8e-2dc3-46ee-874c-e70081a4fe85,1635688522565,13.4078582,52.4789468,5.750158,-0.6307449,-1.0958151,0.5294676,on bike mount,cyclo cross,True,concrete plates,good
ec6461f0-3771-4a48-b184-e422cc7a5c11,06c9745a-279b-48f2-95b1-32fa5318759d,c69f5fea-4c0a-466b-b49c-7dd6bdb21035,1635688522615,13.4078582,52.4789468,5.750158,2.0618954,-5.1892266,1.6876411,on bike mount,cyclo cross,True,concrete plates,good
ec6461f0-3771-4a48-b184-e422cc7a5c11,06c9745a-279b-48f2-95b1-32fa5318759d,fcbb2925-03a9-43a4-b263-b0a19653b735,1635688522666,13.4078582,52.4789468,5.750158,-2.266616,4.8748856,-1.0531831,on bike mount,cyclo cross,True,concrete plates,good
ec6461f0-3771-4a48-b184-e422cc7a5c11,06c9745a-279b-48f2-95b1-32fa5318759d,c5976aae-00ed-4e09-893c-46041d4ba149,1635688522730,13.4079286,52.4789206,5.727584,-0.24185774,-5.8294563,-1.4617987,on bike mount,cyclo cross,True,concrete plates,good
