bike_activity_uid,bike_activity_sample_uid,bike_activity_measurement,bike_activity_measurement_timestamp,bike_activity_measurement_lon,bike_activity_measurement_lat,bike_activity_measurement_speed,bike_activity_measurement_accelerometer_x,bike_activity_measurement_accelerometer_y,bike_activity_measurement_accelerometer_z,bike_activity_phone_position,bike_activity_bike_type,bike_activity_flagged_lab_conditions,bike_activity_surface_type,bike_activity_smoothness_type
ec6461f0-3771-4a48-b184-e422cc7a5c11,1c28cf03-47fb-4131-8ccb-7eb254390caa,ede0cad1-dcd2-4415-9535-35fd30805555,1635689258380,13.4007913,52.4799822,6.1537833,-1.3198252,-2.2562122,1.5738344,on bike mount,cyclo cross,True,concrete plates,good
ec6461f0-3771-4a48-b184-e422cc7a5c11,1c28cf03-47fb-4131-8ccb-7eb254390caa,b1018e37-ab7c-4b96-8955-ed18a00e3abc,1635689258430,13.4007913,52.4799822,6.1537833,-0.08688359,-1.7271883,-1.0726457,on bike mount,cyclo cross,True,concrete plates,good
ec6461f0-3771-4a48-b184-e422cc7a5c11,1c28cf03-47fb-4131-8ccb-7eb254390caa,ba81e915-a1c4-4d37-a128-e345edf0e5c3,1635689258480,13.4007913,52.4799822,6.1537833,-0.71874726,6.251146,-0.78058004,on bike mount,cyclo cross,True,concrete plates,good
ec6461f0-3771-4a48-b184-e422cc7a5c11,1c28cf03-47fb-4131-8ccb-7eb254390caa,649c656b-4175-4169-8994-417d850d1aa2,1635689258532,13.4007913,52.4799822,6.1537833,-0.82071507,-3.3370764,1.8772202,on bike mount,cyclo cross,True,concrete plates,good
ec6461f0-3771-4a48-b184-e422cc7a5c11,1c28cf03-47fb-4131-8ccb-7eb254390caa,b157178e-5d3f-4264-b853-17e65db16ed5,1635689258581,13.4007913,52.4799822,6.1537833,0.11098252,0.9666765,-2.3196106,on bike mount,cyclo cross,True,concrete plates,good
ec6461f0-3771-4a48-b184-e422cc7a5c11,1c28cf03-47fb-4131-8ccb-7eb254390caa,3186e9cd-3247-419a-a004-874f292a13cc,1635689258632,13.4007913,52.4799822,6.1537833,0.5822011,2.0948176,5.9179783,on bike mount,cyclo cross,True,concrete plates,good
ec6461f0-3771-4a48-b184-e422cc7a5c11,1c28cf03-47fb-4131-8ccb-7eb254390caa,e0063827-7e0b-45ce-ad98-8c8b91f11a9b,1635689258696,13.4008845,52.4799731,6.165987,1.9130237,7.5291767,0.3912859,on bike mount,cyclo cross,True,concrete plates,good
ec6461f0-3771-4a48-b184-e422cc7a5c11,1c28cf03-47fb-4131-8ccb-7eb254390caa,8d657499-9cec-4fc8-805a-a4c6b25adec2,1635689258747,13.4008845,52.4799731,6.165987,-1.1645014,1.8911581,1.6645088,on bike mount,cyclo cross,True,concrete plates,good
ec6461f0-3771-4a48-b184-e422cc7a5c11,1c28cf03-47fb-4131-8ccb-7eb254390caa,d3a60659-8de0-4d08-aa03-7e64186307c2,1635689258797,13.4008845,52.4799731,6.165987,0.87829536,-0.11100674,-0.29184055,on bike mount,cyclo cross,True,concrete plates,good
ec6461f0-3771-4a48-b184-e422cc7a5c11,1c28cf03-47fb-4131-8ccb-7eb254390caa,86640f32-6efc-472a-874e-130de5fce2fb,1635689258850,13.4008845,52.4799731,6.165987,-0.28531164,-1.3014352,-3.0247808,on bike mount,cyclo cross,True,concrete plates,good
ec6461f0-3771-4a48-b184-e422cc7a5c11,1c28cf03-47fb-4131-8ccb-7eb254390caa,475d5884-9ef5-4847-bab6-9c53e0f8dc2b,1635689258915,13.4008845,52.4799731,6.165987,0.5858076,0.17397475,0.81050587,on bike mount,cyclo cross,True,concrete plates,good
ec6461f0-3771-4a48-b184-e422cc7a5c11,1c28cf03-47fb-4131-8ccb-7eb254390caa,55c43cdd-9d98-4567-ae47-b3c4d6cb2802,1635689258965,13.4008845,52.4799731,6.165987,-0.00398764,-0.16424727,2.5382004,on bike mount,cyclo cross,True,concrete plates,good
ec6461f0-3771-4a48-b184-e422cc7a5c11,1c28cf03-47fb-4131-8ccb-7eb254390caa,3b9ee703-820f-4633-9809-32f818c0d6fa,1635689259015,13.4008845,52.4799731,6.165987,-0.97811365,2.838571,0.8163891,on bike mount,cyclo cross,True,concrete plates,good
ec6461f0-3771-4a48-b184-e422cc7a5c11,1c28cf03-47fb-4131-8ccb-7eb254390caa,8c86145f-0430-4b36-85eb-e4deec6773c7,1635689259065,13.4008845,52.4799731,6.165987,-0.068418026,2.5641966,1.4084187,on bike mount,cyclo cross,True,concrete plates,good
ec6461f0-3771-4a48-b184-e422cc7a5c11,1c28cf03-47fb-4131-8ccb-7eb254390caa,7f4a9070-e00e-4288-83d8-3fbdf39d3d53,1635689259115,13.4008845,52.4799731,6.165987,0.20864725,-2.3462603,3.6012144,on bike mount,cyclo cross,True,concrete plates,good
ec6461f0-3771-4a48-b184-e422cc7a5c11,1c28cf03-47fb-4131-8ccb-7eb254390caa,040f7c6f-d170-4cdd-bf67-e3985c59633e,1635689259164,13.4008845,52.4799731,6.165987,0.83488065,-1.2894331,0.87865543,on bike mount,cyclo cross,True,concrete plates,good
ec6461f0-3771-4a48-b184-e422cc7a5c11,1c28cf03-47fb-4131-8ccb-7eb254390caa,fddd4363-d0de-4785-afb9-6b929d61ce4d,1635689259216,13.4008845,52.4799731,6.165987,0.6343055,1.4973235,1.6312485,on bike mount,cyclo cross,True,concrete plates,good
ec6461f0-3771-4a48-b184-e422cc7a5c11,1c28cf03-47fb-4131-8ccb-7eb254390caa,e72dda50-42c5-40a4-8b1e-b9609b859d69,1635689259266,13.4008845,52.4799731,6.165987,0.65117127,-1.9268935,-1.5818634,on bike mount,cyclo cross,True,concrete plates,good
ec6461f0-3771-4a48-b184-e422cc7a5c11,1c28cf03-47fb-4131-8ccb-7eb254390caa,54dad6d7-6e27-4729-8fbd-18600ef23e7d,1635689259317,13.4008845,52.4799731,6.165987,-0.41584644,-2.5852032,1.6757345,on bike mount,cyclo cross,True,concrete plates,good
ec6461f0-3771-4a48-b184-e422cc7a5c11,1c28cf03-47fb-4131-8ccb-7eb254390caa,0919f267-5e94-4aa7-bec6-271bda6a93eb,1635689259366,13.4008845,52.4799731,6.165987,0.5277076,0.19328785,-1.2932334,on bike mount,cyclo cross,True,concrete plates,good
ec6461f0-3771-4a48-b184-e422cc7a5c11,1c28cf03-47fb-4131-8ccb-7eb254390caa,15a27399-b0cd-4960-aea1-8171a74cb655,1635689259416,13.4008845,52.4799731,6.165987,0.47271758,-1.5743757,1.566,on bike mount,cyclo cross,True,concrete plates,good
ec6461f0-3771-4a48-b184-e422cc7a5c11,1c28cf03-47fb-4131-8ccb-7eb254390caa,fe96565e-8dff-4e6c-bd36-acd89f506470,1635689259466,13.4008845,52.4799731,6.165987,-0.92445034,1.2495728,0.04143238,on bike mount,cyclo cross,True,concrete plates,good
ec6461f0-3771-4a48-b184-e422cc7a5c11,1c28cf03-47fb-4131-8ccb-7eb254390caa,860a3992-749f-426b-8c2e-abc7d90c3ad5,1635689259516,13.4008845,52.4799731,6.165987,-2.6686604,-1.7946556,0.6911831,on bike mount,cyclo cross,True,concrete plates,good
ec6461f0-3771-4a48-b184-e422cc7a5c11,1c28cf03-47fb-4131-8ccb-7eb254390caa,09ab09ab-a0fa-4c2e-a4cf-5bfc3e5428f7,1635689259569,13.4008845,52.4799731,6.165987,-0.29246014,-2.4660804,1.4099178,on bike mount,cyclo cross,True,concrete plates,good
ec6461f0-3771-4a48-b184-e422cc7a5c11,1c28cf03-47fb-4131-8ccb-7eb254390caa,b33d2514-1baf-4e99-9769-ebb9bc6b2cf1,1635689259632,13.4008845,52.4799731,6.165987,0.65130246,-2.077922,-2.1526866,on bike mount,cyclo cross,True,concrete plates,good
ec6461f0-3771-4a48-b184-e422cc7a5c11,1c28cf03-47fb-4131-8ccb-7eb254390caa,7c7492a2-5689-4dee-98b5-19ee112fbf6f,1635689259684,13.4009735,52.4799677,6.100732,1.433898,1.3634357,-0.6895361,on bike mount,cyclo cross,True,concrete plates,good
ec6461f0-3771-4a48-b184-e422cc7a5c11,1c28cf03-47fb-4131-8ccb-7eb254390caa,1b857b63-e798-43c0-a70c-f4f89f4f4c82,1635689259734,13.4009735,52.4799677,6.100732,-0.11019012,1.0321188,1.8112621,on bike mount,cyclo cross,True,concrete plates,good
ec6461f0-3771-4a48-b184-e422cc7a5c11,1c28cf03-47fb-4131-8ccb-7eb254390caa,47408267-2e3b-4768-9489-4b46c009dc7a,1635689259799,13.4009735,52.4799677,6.100732,0.10373399,-2.1681616,-0.21290684,on bike mount,cyclo cross,True,concrete plates,good
ec6461f0-3771-4a48-b184-e422cc7a5c11,1c28cf03-47fb-4131-8ccb-7eb254390caa,bcba9143-9681-4167-8bae-6062538c8356,1635689259849,13.4009735,52.4799677,6.100732,-0.52894646,-2.9487538,1.3397322,on bike mount,cyclo cross,True,concrete plates,good
ec6461f0-3771-4a48-b184-e422cc7a5c11,1c28cf03-47fb-4131-8ccb-7eb254390caa,f62ae2bd-a58a-4e6c-90da-2b4b0ae159c9,1635689259900,13.4009735,52.4799677,6.100732,0.23020965,-1.6757987,3.517952,on bike mount,cyclo cross,True,concrete plates,good
ec6461f0-3771-4a48-b184-e422cc7a5c11,1c28cf03-47fb-4131-8ccb-7eb254390caa,5840ae91-2d30-42b9-809a-85652a1e905a,1635689259949,13.4009735,52.4799677,6.100732,-1.4970537,-4.2157993,1.4235821,on bike mount,cyclo cross,True,concrete plates,good
ec6461f0-3771-4a48-b184-e422cc7a5c11,1c28cf03-47fb-4131-8ccb-7eb254390caa,23293ddb-b3e9-40f8-9cfc-f77abd99807d,1635689260000,13.4009735,52.4799677,6.100732,-0.36909765,-1.8312731,0.124056816,on bike mount,cyclo cross,True,concrete plates,good
ec6461f0-3771-4a48-b184-e422cc7a5c11,1c28cf03-47fb-4131-8ccb-7eb254390caa,836801a8-761a-4af5-96cd-f99e509ce78a,1635689260050,13.4009735,52.4799677,6.100732,-0.46835017,3.6898112,-0.0014133453,on bike mount,cyclo cross,True,concrete plates,good
ec6461f0-3771-4a48-b184-e422cc7a5c11,1c28cf03-47fb-4131-8ccb-7eb254390caa,84d1d047-e21f-4274-a7cc-062545420fa5,1635689260101,13.4009735,52.4799677,6.100732,0.57715523,-3.5888429,3.5463676,on bike mount,cyclo cross,True,concrete plates,good
ec6461f0-3771-4a48-b184-e422cc7a5c11,1c28cf03-47fb-4131-8ccb-7eb254390caa,d520640e-390d-4d3a-a220-c5e5bb759a05,1635689260168,13.4009735,52.4799677,6.100732,-0.85035866,-0.048084736,-1.1714082,on bike mount,cyclo cross,True,concrete plates,good
ec6461f0-3771-4a48-b184-e422cc7a5c11,1c28cf03-47fb-4131-8ccb-7eb254390caa,e7962223-b1ca-4ef5-b568-ccf95e5ff0e9,1635689260217,13.4009735,52.4799677,6.100732,-0.202105,1.176389,2.2186413,on bike mount,cyclo cross,True,concrete plates,good
ec6461f0-3771-4a48-b184-e422cc7a5c11,1c28cf03-47fb-4131-8ccb-7eb254390caa,b2fb4864-ef2e-4179-91ff-a73d4162cdba,1635689260266,13.4009735,52.4799677,6.100732,-0.72508585,2.0386758,-1.3163042,on bike mount,cyclo cross,True,concrete plates,good
ec6461f0-3771-4a48-b184-e422cc7a5c11,1c28cf03-47fb-4131-8ccb-7eb254390caa,d3402306-8010-4110-a09f-f8bf43d58c8f,1635689260317,13.4009735,52.4799677,6.100732,-0.004314214,-1.5124556,-0.7563076,on bike mount,cyclo cross,True,concrete plates,good
ec6461f0-3771-4a48-b184-e422cc7a5c11,1c28cf03-47fb-4131-8ccb-7eb254390caa,2db17a7b-f465-444e-b583-d1ea77748c9e,1635689260366,13.4009735,52.4799677,6.100732,0.29161406,-1.6306039,0.53000546,on bike mount,cyclo cross,True,concrete plates,good
ec6461f0-3771-4a48-b184-e422cc7a5c11,1c28cf03-47fb-4131-8ccb-7eb254390caa,ea267eab-469c-44e3-b345-6165da9bd36f,1635689260416,13.4009735,52.4799677,6.100732,-1.8932147,-1.549689,3.1711645,on bike mount,cyclo cross,True,concrete plates,good
ec6461f0-3771-4a48-b184-e422cc7a5c11,1c28cf03-47fb-4131-8ccb-7eb254390caa,7da7a523-1380-49b8-9e62-bc015aba443c,1635689260467,13.4009735,52.4799677,6.100732,0.52240926,0.84284353,-3.609858,on bike mount,cyclo cross,True,concrete plates,good
ec6461f0-3771-4a48-b184-e422cc7a5c11,1c28cf03-47fb-4131-8ccb-7eb254390caa,d95afd0f-3491-4e62-8098-98aaca4f43b9,1635689260518,13.4009735,52.4799677,6.100732,-0.62145984,-3.016533,0.2644291,on bike mount,cyclo cross,True,concrete plates,good
ec6461f0-3771-4a48-b184-e422cc7a5c11,1c28cf03-47fb-4131-8ccb-7eb254390caa,8cc17f62-3585-4609-885a-50f57780deeb,1635689260569,13.4009735,52.4799677,6.100732,0.59759116,1.0756679,0.29675007,on bike mount,cyclo cross,True,concrete plates,good
ec6461f0-3771-4a48-b184-e422cc7a5c11,1c28cf03-47fb-4131-8ccb-7eb254390caa,44961e00-2f55-4ab9-97b0-54e3d6006c99,1635689260634,13.4009735,52.4799677,6.100732,-0.34854746,1.2024267,-0.48087502,on bike mount,cyclo cross,True,concrete plates,good
ec6461f0-3771-4a48-b184-e422cc7a5c11,1c28cf03-47fb-4131-8ccb-7eb254390caa,3e978010-3373-4ddf-9767-9b01ce8890e7,1635689260688,13.4010624,52.479962,6.0815887,0.20602402,1.4889057,-1.4356861,on bike mount,cyclo cross,True,concrete plates,good
ec6461f0-3771-4a48-b184-e422cc7a5c11,1c28cf03-47fb-4131-8ccb-7eb254390caa,efa74dce-ad5e-46c5-9910-a75568f31d5d,1635689260752,13.4010624,52.479962,6.0815887,-0.9144676,1.3442764,2.204298,on bike mount,cyclo cross,True,concrete plates,good
ec6461f0-3771-4a48-b184-e422cc7a5c11,1c28cf03-47fb-4131-8ccb-7eb254390caa,bc5cfecd-33c4-4b4c-ad8d-70260a33d024,1635689260802,13.4010624,52.479962,6.0815887,-0.21483487,-0.59109807,0.06884861,on bike mount,cyclo cross,True,concrete plates,good
ec6461f0-3771-4a48-b184-e422cc7a5c11,1c28cf03-47fb-4131-8ccb-7eb254390caa,f4734694-b170-44ad-b26a-7f9e9d2a2f15,1635689260853,13.4010624,52.479962,6.0815887,-0.3834441,-3.0397005,0.27961254,on bike mount,cyclo cross,True,concrete plates,good
ec6461f0-3771-4a48-b184-e422cc7a5c11,1c28cf03-47fb-4131-8ccb-7eb254390caa,c3b87c38-6eb2-470a-9eaa-13d6ee6aa005,1635689260904,13.4010624,52.479962,6.0815887,0.30967617,1.1329513,-0.39666843,on bike mount,cyclo cross,True,concrete plates,good
ec6461f0-3771-4a48-b184-e422cc7a5c11,1c28cf03-47fb-4131-8ccb-7eb254390caa,2d1d3a1c-ddc1-40ba-8c07-adb08f2e797c,1635689260956,13.4010624,52.479962,6.0815887,-0.649879,0.6873927,0.3344822,on bike mount,cyclo cross,True,concrete plates,good
ec6461f0-3771-4a48-b184-e422cc7a5c11,1c28cf03-47fb-4131-8ccb-7eb254390caa,d88f56c6-a402-4147-979f-8cb946d4dc39,1635689261021,13.4010624,52.479962,6.0815887,-1.2464752,0.89652014,-0.9727764,on bike mount,cyclo cross,True,concrete plates,good
ec6461f0-3771-4a48-b184-e422cc7a5c11,1c28cf03-47fb-4131-8ccb-7eb254390caa,c8063dc7-52ab-4d69-b79c-66fcf30d71b7,1635689261085,13.4010624,52.479962,6.0815887,-0.7312803,-1.4193459,-1.3293471,on bike mount,cyclo cross,True,concrete plates,good
ec6461f0-3771-4a48-b184-e422cc7a5c11,1c28cf03-47fb-4131-8ccb-7eb254390caa,96f110f1-3406-43ff-bf0c-c55f3ec53a5b,1635689261136,13.4010624,52.479962,6.0815887,1.5801458,-2.052615,3.7362957,on bike mount,cyclo cross,True,concrete plates,good
ec6461f0-3771-4a48-b184-e422cc7a5c11,1c28cf03-47fb-4131-8ccb-7eb254390caa,41a52384-3e9d-4481-ab51-36fbd4b396bd,1635689261187,13.4010624,52.479962,6.0815887,-0.37155378,-0.33134866,-1.7724361,on bike mount,cyclo cross,True,concrete plates,good
ec6461f0-3771-4a48-b184-e422cc7a5c11,1c28cf03-47fb-4131-8ccb-7eb254390caa,5f433bb1-7fc3-4bf8-845e-877cadc8fb59,1635689261238,13.4010624,52.479962,6.0815887,-0.18445316,-1.153235,0.6753073,on bike mount,cyclo cross,True,concrete plates,good
ec6461f0-3771-4a48-b184-e422cc7a5c11,1c28cf03-47fb-4131-8ccb-7eb254390caa,67470240-a57d-4eec-a079-349981acd61b,1635689261290,13.4010624,52.479962,6.0815887,-0.023507014,0.00997901,-0.54506874,on bike mount,cyclo cross,True,concrete plates,good
ec6461f0-3771-4a48-b184-e422cc7a5c11,1c28cf03-47fb-4131-8ccb-7eb254390caa,173e1a57-c1e0-4e14-89b2-0f93c5e744db,1635689261354,13.4010624,52.479962,6.0815887,-0.16240877,1.3915844,-0.18565178,on bike mount,cyclo cross,True,concrete plates,good
ec6461f0-3771-4a48-b184-e422cc7a5c11,1c28cf03-47fb-4131-8ccb-7eb254390caa,2472624c-6036-4549-9486-9c92f8841f8c,1635689261405,13.4010624,52.479962,6.0815887,-1.869707,-1.6595562,0.39260578,on bike mount,cyclo cross,True,concrete plates,good
ec6461f0-3771-4a48-b184-e422cc7a5c11,1c28cf03-47fb-4131-8ccb-7eb254390caa,5a568be5-e882-4594-b6ca-008225f9e033,1635689261469,13.4010624,52.479962,6.0815887,1.2460694,-3.059276,-0.8142376,on bike mount,cyclo cross,True,concrete plates,good
ec6461f0-3771-4a48-b184-e422cc7a5c11,1c28cf03-47fb-4131-8ccb-7eb254390caa,35156fd9-1662-46b8-89f3-33e12926a20a,1635689261520,13.4010624,52.479962,6.0815887,0.46233785,0.36457205,-0.16576004,on bike mount,cyclo cross,True,concrete plates,good
ec6461f0-3771-4a48-b184-e422cc7a5c11,1c28cf03-47fb-4131-8ccb-7eb254390caa,e22239e5-2735-4cee-86e9-c37be197525b,1635689261575,13.4010624,52.479962,6.0815887,-0.22579816,-0.37625217,-0.20678711,on bike mount,cyclo cross,True,concrete plates,good
ec6461f0-3771-4a48-b184-e422cc7a5c11,1c28cf03-47fb-4131-8ccb-7eb254390caa,71bb98b9-6066-4728-9345-6373dbc73069,1635689261636,13.4010624,52.479962,6.0815887,-0.03738162,1.2728639,-1.2953558,on bike mount,cyclo cross,True,concrete plates,good
ec6461f0-3771-4a48-b184-e422cc7a5c11,1c28cf03-47fb-4131-8ccb-7eb254390caa,e35cb769-3a89-44f9-9458-75df4b174160,1635689261692,13.4011496,52.4799593,6.050582,0.5349251,-1.3496472,3.8222017,on bike mount,cyclo cross,True,concrete plates,good
ec6461f0-3771-4a48-b184-e422cc7a5c11,1c28cf03-47fb-4131-8ccb-7eb254390caa,701a855a-97b8-400e-a3fd-2f5c4d54bc20,1635689261754,13.4011496,52.4799593,6.050582,1.4684618,-2.2175338,-1.2177253,on bike mount,cyclo cross,True,concrete plates,good
ec6461f0-3771-4a48-b184-e422cc7a5c11,1c28cf03-47fb-4131-8ccb-7eb254390caa,c4476b96-5bcf-49d1-9f49-c850dfab3f6c,1635689261821,13.4011496,52.4799593,6.050582,-0.52786535,-5.2989483,-1.3723373,on bike mount,cyclo cross,True,concrete plates,good
ec6461f0-3771-4a48-b184-e422cc7a5c11,1c28cf03-47fb-4131-8ccb-7eb254390caa,b43f0183-3ed1-40e8-b84d-058c7bfdfa52,1635689261871,13.4011496,52.4799593,6.050582,0.2698993,3.796144,-5.4555016,on bike mount,cyclo cross,True,concrete plates,good
ec6461f0-3771-4a48-b184-e422cc7a5c11,1c28cf03-47fb-4131-8ccb-7eb254390caa,ce8cbda1-1ca6-4151-af22-299aa294600f,1635689261938,13.4011496,52.4799593,6.050582,0.054063924,-0.91754496,2.7219296,on bike mount,cyclo cross,True,concrete plates,good
ec6461f0-3771-4a48-b184-e422cc7a5c11,1c28cf03-47fb-4131-8ccb-7eb254390caa,fa95853b-0fbb-4b46-be12-3a2713caa5e7,1635689261988,13.4011496,52.4799593,6.050582,0.4359968,0.089597225,-0.9495897,on bike mount,cyclo cross,True,concrete plates,good
ec6461f0-3771-4a48-b184-e422cc7a5c11,1c28cf03-47fb-4131-8ccb-7eb254390caa,c8ee7a53-17a7-47b7-b96f-34d76389f97b,1635689262056,13.4011496,52.4799593,6.050582,1.153169,-1.4092631,-0.77438927,on bike mount,cyclo cross,True,concrete plates,good
ec6461f0-3771-4a48-b184-e422cc7a5c11,1c28cf03-47fb-4131-8ccb-7eb254390caa,34869fe8-bdaf-4c1a-b951-bc51b07849d0,1635689262121,13.4011496,52.4799593,6.050582,0.3202443,0.5602479,0.06746864,on bike mount,cyclo cross,True,concrete plates,good
ec6461f0-3771-4a48-b184-e422cc7a5c11,1c28cf03-47fb-4131-8ccb-7eb254390caa,2e16b18f-9062-42f3-b71f-2501afa40379,1635689262172,13.4011496,52.4799593,6.050582,0.22846259,3.243579,0.6663866,on bike mount,cyclo cross,True,concrete plates,good
ec6461f0-3771-4a48-b184-e422cc7a5c11,1c28cf03-47fb-4131-8ccb-7eb254390caa,a41b93c1-76af-49ec-b7aa-faaa09c812ab,1635689262223,13.4011496,52.4799593,6.050582,-0.4573365,-1.1137011,1.8067617,on bike mount,cyclo cross,True,concrete plates,good
ec6461f0-3771-4a48-b184-e422cc7a5c11,1c28cf03-47fb-4131-8ccb-7eb254390caa,ce2c2f7b-6795-43ac-8b6c-4e7b1ac899a2,1635689262274,13.4011496,52.4799593,6.050582,1.5773536,-0.47269845,-0.6021509,on bike mount,cyclo cross,True,concrete plates,good
ec6461f0-3771-4a48-b184-e422cc7a5c11,1c28cf03-47fb-4131-8ccb-7eb254390caa,e2e173f2-5afa-45df-9f7a-89fc16012cba,1635689262325,13.4011496,52.4799593,6.050582,0.35963178,0.72889423,-0.6777401,on bike mount,cyclo cross,True,concrete plates,good
ec6461f0-3771-4a48-b184-e422cc7a5c11,1c28cf03-47fb-4131-8ccb-7eb254390caa,f9496b48-415d-4a08-8578-1d544c806276,1635689262388,13.4011496,52.4799593,6.050582,-1.9262097,0.5180621,0.98161316,on bike mount,cyclo cross,True,concrete plates,good
ec6461f0-3771-4a48-b184-e422cc7a5c11,1c28cf03-47fb-4131-8ccb-7eb254390caa,d6e4e4d6-ffb9-473f-945c-6038be0ace7c,1635689262439,13.4011496,52.4799593,6.050582,0.18882301,-0.020839453,1.4176216,on bike mount,cyclo cross,True,concrete plates,good
ec6461f0-3771-4a48-b184-e422cc7a5c11,1c28cf03-47fb-4131-8ccb-7eb254390caa,0a2a8e03-c311-445c-9ed0-04421c361402,1635689262491,13.4011496,52.4799593,6.050582,-0.1431401,0.9520354,-3.3194294,on bike mount,cyclo cross,True,concrete plates,good
ec6461f0-3771-4a48-b184-e422cc7a5c11,1c28cf03-47fb-4131-8ccb-7eb254390caa,5031601e-3ccb-4fba-831d-fdbc63dd7abd,1635689262541,13.4011496,52.4799593,6.050582,1.4875842,-0.21272445,0.5588255,on bike mount,cyclo cross,True,concrete plates,good
ec6461f0-3771-4a48-b184-e422cc7a5c11,1c28cf03-47fb-4131-8ccb-7eb254390caa,c019ca60-4000-4085-8461-b65bc0c00bac,1635689262595,13.4011496,52.4799593,6.050582,0.02514027,0.24816227,-2.3246675,on bike mount,cyclo cross,True,concrete plates,good
ec6461f0-3771-4a48-b184-e422cc7a5c11,1c28cf03-47fb-4131-8ccb-7eb254390caa,0b7a7864-4318-4056-a597-986c0d77be15,1635689262657,13.4011496,52.4799593,6.050582,-1.6031218,0.33888698,1.9960375,on bike mount,cyclo cross,True,concrete plates,good
ec6461f0-3771-4a48-b184-e422cc7a5c11,06fc4546-cc03-4fa6-bb5d-109f86e19f89,9939a90f-0794-44fe-8bc1-efab5c4de3d5,1635689260018,13.4009735,52.4799677,6.100732,-0.8869394,4.3998485,-1.7359438,on bike mount,cyclo cross,True,concrete plates,good
ec6461f0-3771-4a48-b184-e422cc7a5c11,06fc4546-cc03-4fa6-bb5d-109f86e19f89,697adc65-8276-4917-8e27-e71c9b1f51aa,1635689260069,13.4009735,52.4799677,6.100732,-1.2618229,-2.3245,0.008140564,on bike mount,cyclo cross,True,concrete plates,good
ec6461f0-3771-4a48-b184-e422cc7a5c11,06fc4546-cc03-4fa6-bb5d-109f86e19f89,f0e6acb8-c889-425c-9480-5a8ec24cf9d5,1635689260136,13.4009735,52.4799677,6.100732,-0.9922566,0.26432872,0.68767834,on bike mount,cyclo cross,True,concrete plates,good
ec6461f0-3771-4a48-b184-e422cc7a5c11,06fc4546-cc03-4fa6-bb5d-109f86e19f89,cd6b330f-95c6-4e66-8807-a50e9c66096f,1635689260200,13.4009735,52.4799677,6.100732,0.4452647,0.8729265,0.53536797,on bike mount,cyclo cross,True,concrete plates,good
ec6461f0-3771-4a48-b184-e422cc7a5c11,06fc4546-cc03-4fa6-bb5d-109f86e19f89,87f1b0f6-15d4-4118-acd1-d13d9ab0ab49,1635689260250,13.4009735,52.4799677,6.100732,-0.0700686,0.49803734,0.16498756,on bike mount,cyclo cross,True,concrete plates,good
ec6461f0-3771-4a48-b184-e422cc7a5c11,06fc4546-cc03-4fa6-bb5d-109f86e19f89,7e76cc78-a3eb-4cb3-866d-62f197f6f103,1635689260301,13.4009735,52.4799677,6.100732,0.35283834,-0.8660693,-0.88740253,on bike mount,cyclo cross,True,concrete plates,good
ec6461f0-3771-4a48-b184-e422cc7a5c11,06fc4546-cc03-4fa6-bb5d-109f86e19f89,81653796-939c-4e4d-808b-45d1ccaa1c1a,1635689260351,13.4009735,52.4799677,6.100732,-0.13800254,-2.161628,-2.9723983,on bike mount,cyclo cross,True,concrete plates,good
ec6461f0-3771-4a48-b184-e422cc7a5c11,06fc4546-cc03-4fa6-bb5d-109f86e19f89,661772b4-5bdc-476c-9e94-c8d554f83adc,1635689260401,13.4009735,52.4799677,6.100732,-0.5171499,-0.8995526,-0.09166241,on bike mount,cyclo cross,True,concrete plates,good
ec6461f0-3771-4a48-b184-e422cc7a5c11,06fc4546-cc03-4fa6-bb5d-109f86e19f89,c76bb79a-890f-44d6-b4bf-8d74f0dddc35,1635689260450,13.4009735,52.4799677,6.100732,-0.25770068,-0.3360138,1.5712891,on bike mount,cyclo cross,True,concrete plates,good
ec6461f0-3771-4a48-b184-e422cc7a5c11,06fc4546-cc03-4fa6-bb5d-109f86e19f89,ae8ea75c-aa08-4351-a707-493f1534df3c,1635689260501,13.4009735,52.4799677,6.100732,-0.6791054,0.10368991,-1.7455578,on bike mount,cyclo cross,True,concrete plates,good
ec6461f0-3771-4a48-b184-e422cc7a5c11,06fc4546-cc03-4fa6-bb5d-109f86e19f89,0449f5d7-6333-47d4-82d7-f078047478bc,1635689260551,13.4009735,52.4799677,6.100732,0.5419898,0.11837053,-1.7558422,on bike mount,cyclo cross,True,concrete plates,good
ec6461f0-3771-4a48-b184-e422cc7a5c11,06fc4546-cc03-4fa6-bb5d-109f86e19f89,3d4efe14-eba5-403e-8254-57f8fdc71a46,1635689260617,13.4009735,52.4799677,6.100732,-1.3516935,-2.07444,2.4406576,on bike mount,cyclo cross,True,concrete plates,good
ec6461f0-3771-4a48-b184-e422cc7a5c11,06fc4546-cc03-4fa6-bb5d-109f86e19f89,4afa449c-1816-4563-91b2-3ffee17c5feb,1635689260668,13.4009735,52.4799677,6.100732,0.031395376,0.43255472,-0.31325626,on bike mount,cyclo cross,True,concrete plates,good
ec6461f0-3771-4a48-b184-e422cc7a5c11,06fc4546-cc03-4fa6-bb5d-109f86e19f89,d82f924e-5632-4f9d-89b9-f112098a9adf,1635689260719,13.4010624,52.479962,6.0815887,-0.22639191,0.21973038,0.28637123,on bike mount,cyclo cross,True,concrete plates,good
ec6461f0-3771-4a48-b184-e422cc7a5c11,06fc4546-cc03-4fa6-bb5d-109f86e19f89,f1c698e4-88ea-41be-b195-9ac409bf433f,1635689260770,13.4010624,52.479962,6.0815887,-0.025327772,-1.8751317,1.4119358,on bike mount,cyclo cross,True,concrete plates,good
ec6461f0-3771-4a48-b184-e422cc7a5c11,06fc4546-cc03-4fa6-bb5d-109f86e19f89,a891d7c0-9a7f-4580-9c08-307e65e75912,1635689260834,13.4010624,52.479962,6.0815887,-0.40638632,-0.0053510666,-1.2218018,on bike mount,cyclo cross,True,concrete plates,good
ec6461f0-3771-4a48-b184-e422cc7a5c11,06fc4546-cc03-4fa6-bb5d-109f86e19f89,55d94795-68db-4830-8b94-6181b8ca8c87,1635689260885,13.4010624,52.479962,6.0815887,-1.5249906,-0.5714245,1.2884693,on bike mount,cyclo cross,True,concrete plates,good
ec6461f0-3771-4a48-b184-e422cc7a5c11,06fc4546-cc03-4fa6-bb5d-109f86e19f89,060073b1-3bb6-46a5-89ac-96680789f23d,1635689260936,13.4010624,52.479962,6.0815887,-1.2246957,-4.472998,0.29221153,on bike mount,cyclo cross,True,concrete plates,good
ec6461f0-3771-4a48-b184-e422cc7a5c11,06fc4546-cc03-4fa6-bb5d-109f86e19f89,dad35fd6-850f-4a16-a1db-f8dbdf8f531b,1635689260987,13.4010624,52.479962,6.0815887,-0.42654756,-1.4048166,1.7450094,on bike mount,cyclo cross,True,concrete plates,good
ec6461f0-3771-4a48-b184-e422cc7a5c11,06fc4546-cc03-4fa6-bb5d-109f86e19f89,f4ddb422-be7b-4c22-a199-6a2f30f83026,1635689261054,13.4010624,52.479962,6.0815887,-0.25965902,-1.5753324,-0.054060936,on bike mount,cyclo cross,True,concrete plates,good
